YYYY;MM;DD;P_A;P_B;T_A;T_B;PET_A;PET_B;ETA_A;ETA_B;BW0_A;BW0_B;BW3_A;BW3_B;SWW_A;SWW_B;Qsim_A;Qsim_B;Qobs
1981;1;1;3.14;3.03;-13.8;-13.8;0;0;0;0;386.3;411.24;111.46;33.33;14.74;16.16;3.97;3.48;0.54
1981;1;2;8.3;8.13;-16.1;-16.1;0;0;0;0;386.3;411.24;109.35;31.19;23.04;24.3;2.9;2.42;0.54
1981;1;3;11.4;11.17;-9.2;-9.2;0;0;0;0;386.3;411.24;107.38;29.19;34.43;35.47;2.45;2.05;0.54
1981;1;4;16.38;16.08;-10.5;-10.5;0;0;0;0;386.3;411.24;105.51;27.31;50.82;51.55;2.27;1.9;0.54
1981;1;5;11.54;11.4;-18.5;-18.5;0;0;0;0;386.3;411.24;103.75;25.56;62.36;62.95;2.14;1.78;0.54
1981;1;6;12.32;12.16;-18.7;-18.7;0;0;0;0;386.3;411.24;102.09;23.92;74.67;75.11;2.02;1.66;0.54
1981;1;7;5.06;4.93;-21.5;-21.5;0;0;0;0;386.3;411.24;100.53;22.38;79.73;80.03;1.91;1.56;0.54
1981;1;8;0.65;0.63;-24;-24;0;0;0;0;386.3;411.24;99.06;20.94;80.38;80.67;1.81;1.46;0.54
1981;1;9;0;0;-18.3;-18.2;0;0;0;0;386.3;411.24;97.66;19.6;80.38;80.67;1.71;1.36;0.54
1981;1;10;0.49;0.49;-19.1;-19.1;0;0;0;0;386.3;411.24;96.34;18.34;80.87;81.15;1.61;1.28;0.54
1981;1;11;0.17;0.17;-19.2;-19.2;0;0;0;0;386.3;411.24;95.1;17.16;81.04;81.32;1.53;1.19;0.54
1981;1;12;0.01;0.01;-20.5;-20.5;0;0;0;0;386.3;411.24;93.92;16.06;81.05;81.33;1.44;1.12;0.54
1981;1;13;1.23;1.18;-18.4;-18.4;0;0;0;0;386.3;411.24;92.81;15.03;82.28;82.51;1.37;1.05;0.54
1981;1;14;0.2;0.19;-18.4;-18.4;0;0;0;0;386.3;411.24;91.75;14.07;82.48;82.7;1.29;0.98;0.54
1981;1;15;10.11;9.89;-16.3;-16.3;0;0;0;0;386.3;411.24;90.75;13.16;92.59;92.59;1.23;0.92;0.54
1981;1;16;4.01;3.93;-20.4;-20.4;0;0;0;0;386.3;411.24;89.81;12.32;96.6;96.52;1.16;0.86;0.54
1981;1;17;4.57;4.45;-16.2;-16.2;0;0;0;0;386.3;411.24;88.91;11.53;101.17;100.97;1.1;0.8;0.54
1981;1;18;2.44;2.31;-16.3;-16.3;0;0;0;0;386.3;411.24;88.05;10.79;103.61;103.28;1.05;0.75;0.54
1981;1;19;10.73;10.62;-16.3;-16.3;0;0;0;0;386.3;411.24;87.24;10.1;114.34;113.9;1;0.7;0.54
1981;1;20;9.06;8.91;-16.8;-16.8;0;0;0;0;386.3;411.24;86.47;9.45;123.41;122.81;0.95;0.66;0.53
1981;1;21;1.49;1.43;-19.3;-19.3;0;0;0;0;386.3;411.24;85.73;8.85;124.89;124.24;0.9;0.62;0.51
1981;1;22;0;0;-20.2;-20.2;0;0;0;0;386.3;411.24;85.03;8.28;124.89;124.24;0.86;0.58;0.51
1981;1;23;0;0;-17.6;-17.6;0;0;0;0;386.3;411.24;84.37;7.75;124.89;124.24;0.82;0.54;0.51
1981;1;24;0;0;-14.1;-14.1;0;0;0;0;386.3;411.24;83.73;7.25;124.89;124.24;0.78;0.5;0.51
1981;1;25;0.16;0.15;-13.7;-13.7;0;0;0;0;386.3;411.24;83.12;6.79;125.05;124.39;0.75;0.47;0.51
1981;1;26;2.68;2.57;-15.4;-15.4;0;0;0;0;386.3;411.24;82.54;6.36;127.74;126.96;0.71;0.44;0.51
1981;1;27;0.01;0.01;-16.6;-16.6;0;0;0;0;386.3;411.24;81.99;5.95;127.75;126.97;0.68;0.41;0.51
1981;1;28;0;0;-14.2;-14.2;0;0;0;0;386.3;411.24;81.45;5.57;127.75;126.97;0.65;0.39;0.51
1981;1;29;0;0;-18.2;-18.2;0;0;0;0;386.3;411.24;80.94;5.21;127.75;126.97;0.63;0.36;0.51
1981;1;30;0;0;-15.5;-15.5;0;0;0;0;386.3;411.24;80.45;4.88;127.75;126.97;0.6;0.34;0.51
1981;1;31;0;0;-13.4;-13.4;0;0;0;0;386.3;411.24;79.98;4.57;127.75;126.97;0.58;0.32;0.51
1981;2;1;0;0;-10.6;-10.6;0;0;0;0;386.3;411.24;79.53;4.28;127.75;126.97;0.55;0.3;0.51
1981;2;2;0;0;-11.1;-11.1;0;0;0;0;386.3;411.24;79.1;4.01;127.75;126.97;0.53;0.28;0.51
1981;2;3;0.29;0.28;-11.6;-11.6;0;0;0;0;386.3;411.24;78.68;3.75;128.04;127.25;0.51;0.26;0.51
1981;2;4;6.42;6.32;-12;-11.9;0;0;0;0;386.3;411.24;78.28;3.51;134.47;133.57;0.49;0.24;0.51
1981;2;5;4.68;4.53;-17.8;-17.8;0;0;0;0;386.3;411.24;77.89;3.29;139.15;138.1;0.48;0.23;0.51
1981;2;6;6.3;6.17;-15;-15;0;0;0;0;386.3;411.24;77.51;3.08;145.45;144.27;0.46;0.21;0.51
1981;2;7;2.02;1.95;-7.6;-7.6;0;0;0;0;386.3;411.24;77.15;2.88;147.47;146.22;0.44;0.2;0.51
1981;2;8;0.16;0.16;-6.2;-6.2;0;0;0;0;386.3;411.24;76.79;2.7;147.63;146.38;0.43;0.19;0.51
1981;2;9;0;0;-6.9;-6.9;0;0;0;0;386.3;411.24;76.45;2.53;147.63;146.38;0.42;0.18;0.51
1981;2;10;2.9;2.87;-11.4;-11.4;0;0;0;0;386.3;411.24;76.12;2.37;150.53;149.25;0.4;0.16;0.51
1981;2;11;0.35;0.32;-16.7;-16.7;0;0;0;0;386.3;411.24;75.8;2.22;150.88;149.57;0.39;0.15;0.51
1981;2;12;0.09;0.08;-19.7;-19.7;0;0;0;0;386.3;411.24;75.49;2.08;150.97;149.65;0.38;0.14;0.51
1981;2;13;0;0;-19.4;-19.4;0;0;0;0;386.3;411.24;75.18;1.95;150.97;149.65;0.37;0.14;0.51
1981;2;14;0;0;-16.7;-16.7;0;0;0;0;386.3;411.24;74.89;1.83;150.97;149.65;0.36;0.13;0.51
1981;2;15;0;0;-14.6;-14.6;0;0;0;0;386.3;411.24;74.6;1.71;150.97;149.65;0.35;0.12;0.51
1981;2;16;0;0;-13.9;-13.9;0;0;0;0;386.3;411.24;74.31;1.6;150.97;149.65;0.34;0.11;0.51
1981;2;17;0.08;0.09;-14.3;-14.3;0;0;0;0;386.3;411.24;74.04;1.5;151.05;149.74;0.33;0.1;0.51
1981;2;18;0.28;0.28;-17.2;-17.2;0;0;0;0;386.3;411.24;73.77;1.41;151.33;150.02;0.32;0.1;0.51
1981;2;19;0.2;0.21;-17.1;-17.1;0;0;0;0;386.3;411.24;73.51;1.32;151.53;150.23;0.32;0.09;0.51
1981;2;20;0.04;0.05;-16;-16;0;0;0;0;386.3;411.24;73.25;1.24;151.58;150.28;0.31;0.09;0.51
1981;2;21;2.3;2.34;-15.7;-15.7;0;0;0;0;386.3;411.24;73;1.16;153.88;152.62;0.3;0.08;0.51
1981;2;22;0.7;0.74;-14.8;-14.8;0;0;0;0;386.3;411.24;72.75;1.09;154.58;153.36;0.3;0.08;0.51
1981;2;23;0.14;0.14;-14.8;-14.8;0;0;0;0;386.3;411.24;72.5;1.02;154.72;153.5;0.29;0.07;0.51
1981;2;24;0.06;0.05;-15.7;-15.7;0;0;0;0;386.3;411.24;72.27;0.96;154.77;153.55;0.29;0.07;0.51
1981;2;25;0.1;0.1;-14.9;-14.9;0;0;0;0;386.3;411.24;72.03;0.9;154.87;153.65;0.28;0.06;0.51
1981;2;26;0;0;-14;-14;0;0;0;0;386.3;411.24;71.8;0.84;154.87;153.65;0.28;0.06;0.51
1981;2;27;0.16;0.17;-14.1;-14.1;0;0;0;0;386.3;411.24;71.57;0.79;155.03;153.82;0.27;0.06;0.51
1981;2;28;0.33;0.34;-13.2;-13.2;0;0;0;0;386.3;411.24;71.35;0.74;155.37;154.16;0.27;0.05;0.51
1981;3;1;4.5;4.45;-10.2;-10.2;0;0;0;0;386.3;411.24;71.13;0.7;159.87;158.61;0.26;0.05;0.51
1981;3;2;0.04;0.04;-11.5;-11.5;0;0;0;0;386.3;411.24;70.91;0.66;159.91;158.65;0.26;0.05;0.51
1981;3;3;5.21;5.22;-11.3;-11.3;0;0;0;0;386.3;411.24;70.69;0.62;165.11;163.87;0.26;0.04;0.51
1981;3;4;5.41;5.23;-11.8;-11.8;0;0;0;0;386.3;411.24;70.48;0.58;170.52;169.1;0.25;0.04;0.51
1981;3;5;0.01;0.01;-12.3;-12.3;0;0;0;0;386.3;411.24;70.27;0.55;170.53;169.11;0.25;0.04;0.51
1981;3;6;0.56;0.56;-10.4;-10.4;0;0;0;0;386.3;411.24;70.06;0.51;171.09;169.67;0.25;0.04;0.51
1981;3;7;0.07;0.07;-7.6;-7.6;0;0;0;0;386.3;411.24;69.86;0.48;171.16;169.74;0.24;0.03;0.51
1981;3;8;2.34;2.3;-5.5;-5.5;0;0;0;0;386.3;411.24;69.66;0.46;173.5;172.04;0.24;0.03;0.51
1981;3;9;0.12;0.11;-4.6;-4.6;0;0;0;0;386.3;411.24;69.45;0.43;173.62;172.15;0.24;0.03;0.51
1981;3;10;1.51;1.43;-2.2;-2.2;0;0;0;0;386.3;411.24;69.26;0.4;175.14;173.58;0.23;0.03;0.51
1981;3;11;4.33;4.14;-0.3;-0.3;0;0;0;0;386.3;411.24;69.06;0.38;179.46;177.72;0.23;0.03;0.51
1981;3;12;8.81;8.71;-3.1;-3.1;0;0;0;0;386.3;411.24;68.86;0.36;188.28;186.43;0.23;0.02;0.51
1981;3;13;3.9;3.78;-7.5;-7.5;0;0;0;0;386.3;411.24;68.67;0.34;192.18;190.21;0.23;0.02;0.51
1981;3;14;0.45;0.47;-8.7;-8.7;0;0;0;0;386.3;411.24;68.48;0.32;192.62;190.68;0.23;0.02;0.51
1981;3;15;4.37;4.45;-9.6;-9.6;0;0;0;0;386.3;411.24;68.29;0.3;196.99;195.13;0.22;0.02;0.51
1981;3;16;10.13;10.1;-9.8;-9.8;0;0;0;0;386.3;411.24;68.1;0.28;207.12;205.23;0.22;0.02;0.51
1981;3;17;6.95;6.97;-12.6;-12.6;0;0;0;0;386.3;411.24;67.91;0.27;214.07;212.2;0.22;0.02;0.51
1981;3;18;5.58;5.47;-13.7;-13.7;0;0;0;0;386.3;411.24;67.73;0.25;219.65;217.67;0.22;0.02;0.51
1981;3;19;0.01;0.01;-11.2;-11.2;0;0;0;0;386.3;411.24;67.54;0.24;219.66;217.68;0.22;0.02;0.51
1981;3;20;0;0;-8.4;-8.4;0;0;0;0;386.3;411.24;67.36;0.23;219.66;217.68;0.21;0.02;0.51
1981;3;21;0;0;-7.8;-7.8;0;0;0;0;386.3;411.24;67.17;0.22;219.66;217.68;0.21;0.01;0.51
1981;3;22;0;0;-8.2;-8.2;0;0;0;0;386.3;411.24;66.99;0.2;219.66;217.68;0.21;0.01;0.51
1981;3;23;1.57;1.52;-7.7;-7.7;0;0;0;0;386.3;411.24;66.81;0.19;221.23;219.2;0.21;0.01;0.51
1981;3;24;2.48;2.42;-4;-4;0;0;0;0;386.3;411.24;66.63;0.18;223.71;221.62;0.21;0.01;0.51
1981;3;25;1.98;1.9;-0.1;-0.1;0;0;0;0;386.3;411.24;66.46;0.18;225.69;223.52;0.21;0.01;0.51
1981;3;26;3.3;3.24;-2.2;-2.2;0;0;0;0;386.3;411.24;66.28;0.17;228.99;226.76;0.21;0.01;0.51
1981;3;27;0.1;0.09;-3.2;-3.2;0;0;0;0;386.3;411.24;66.1;0.16;229.09;226.85;0.21;0.01;0.54
1981;3;28;0.3;0.31;-2;-2;0;0;0;0;386.3;411.24;65.93;0.15;229.39;227.16;0.2;0.01;0.56
1981;3;29;3.82;3.97;-2.6;-2.6;0;0;0;0;386.3;411.24;65.75;0.14;233.21;231.13;0.2;0.01;0.69
1981;3;30;17.61;17.94;-1.9;-1.9;0;0;0;0;386.3;411.24;65.58;0.14;250.82;249.07;0.2;0.01;0.86
1981;3;31;14.28;14.47;-1.2;-1.2;0;0;0;0;386.3;411.24;65.41;0.13;265.1;263.54;0.2;0.01;1.4
1981;4;1;2.06;2.12;-1.5;-1.5;0;0;0;0;386.3;411.24;65.23;0.12;267.15;265.66;0.2;0.01;1.76
1981;4;2;0;0;-1;-1;0;0;0;0;386.3;411.24;65.06;0.12;267.15;265.66;0.2;0.01;1.54
1981;4;3;0;0;-0.5;-0.5;0;0;0;0;386.3;411.24;64.89;0.11;267.15;265.66;0.2;0.01;1.38
1981;4;4;0.04;0.04;-1.3;-1.3;0;0;0;0;386.3;411.24;64.72;0.11;267.2;265.7;0.2;0.01;1.27
1981;4;5;4.29;4.24;-3;-3;0;0;0;0;386.3;411.24;64.55;0.1;271.48;269.94;0.2;0.01;1.2
1981;4;6;1.37;1.36;-3;-3;0;0;0;0;386.3;411.24;64.38;0.1;272.85;271.3;0.2;0.01;1.19
1981;4;7;0;0;-1.8;-1.8;0;0;0;0;386.3;411.24;64.22;0.1;272.85;271.3;0.19;0.01;1.17
1981;4;8;0.85;0.88;-1.6;-1.6;0;0;0;0;386.3;411.24;64.05;0.09;273.7;272.18;0.19;0.01;1.32
1981;4;9;0.24;0.25;-2.3;-2.3;0;0;0;0;386.3;411.24;63.88;0.09;273.95;272.43;0.19;0.01;1.33
1981;4;10;0;0;-1.7;-1.7;0;0;0;0;386.3;411.24;63.71;0.09;273.95;272.43;0.19;0.01;1.52
1981;4;11;0.02;0.02;-0.2;-0.2;0;0;0;0;386.3;411.24;63.55;0.08;273.96;272.45;0.19;0.01;1.71
1981;4;12;0.06;0.07;-0.6;-0.6;0;0;0;0;386.3;411.24;63.38;0.08;274.03;272.52;0.19;0.01;1.94
1981;4;13;0;0;-1;-1;0;0;0;0;386.3;411.24;63.22;0.08;274.03;272.52;0.19;0.01;2.17
1981;4;14;0.09;0.07;-0.8;-0.8;0;0;0;0;386.3;411.24;63.06;0.08;274.11;272.59;0.19;0.01;2.21
1981;4;15;3.6;3.61;-1.7;-1.7;0;0;0;0;386.3;411.24;62.89;0.07;277.71;276.2;0.19;0.01;2.16
1981;4;16;0.09;0.09;-3.3;-3.3;0;0;0;0;386.3;411.24;62.73;0.07;277.81;276.29;0.19;0;2.21
1981;4;17;0.07;0.06;-6.4;-6.4;0;0;0;0;386.3;411.24;62.57;0.07;277.87;276.35;0.19;0;1.96
1981;4;18;0.64;0.62;-11.1;-11.1;0;0;0;0;386.3;411.24;62.41;0.07;278.51;276.97;0.19;0;1.57
1981;4;19;1.56;1.59;-11.3;-11.2;0;0;0;0;386.3;411.24;62.24;0.07;280.07;278.56;0.19;0;1.26
1981;4;20;5.61;5.75;-9.4;-9.4;0;0;0;0;386.3;411.24;62.08;0.06;285.68;284.31;0.19;0;1.01
1981;4;21;1.02;1;-8;-8;0;0;0;0;386.3;411.24;61.92;0.06;286.7;285.31;0.19;0;0.91
1981;4;22;0;0;-6.4;-6.4;0;0;0;0;386.3;411.24;61.76;0.06;286.7;285.31;0.18;0;0.92
1981;4;23;0.21;0.21;-5.8;-5.8;0;0;0;0;386.3;411.24;61.6;0.06;286.91;285.52;0.18;0;0.94
1981;4;24;2.26;2.36;-4.4;-4.4;0;0;0;0;386.3;411.24;61.45;0.06;289.17;287.88;0.18;0;0.96
1981;4;25;4.34;4.41;-3.6;-3.6;0;0;0;0;386.3;411.24;61.29;0.06;293.51;292.29;0.18;0;0.96
1981;4;26;4.85;4.95;-4.2;-4.2;0;0;0;0;386.3;411.24;61.13;0.06;298.36;297.24;0.18;0;0.94
1981;4;27;17.5;17.67;-7.5;-7.5;0;0;0;0;386.3;411.24;60.97;0.06;315.86;314.91;0.18;0;0.85
1981;4;28;1.61;1.54;-9.6;-9.6;0;0;0;0;386.3;411.24;60.82;0.06;317.46;316.45;0.18;0;0.84
1981;4;29;1.06;1.01;-8.6;-8.6;0;0;0;0;386.3;411.24;60.66;0.05;318.52;317.46;0.18;0;0.77
1981;4;30;0.27;0.26;-5.1;-5.1;0;0;0;0;386.3;411.24;60.5;0.05;318.79;317.72;0.18;0;0.77
1981;5;1;2.06;1.93;-3.5;-3.5;0;0;0;0;386.3;411.24;60.35;0.05;320.86;319.65;0.18;0;0.76
1981;5;2;2.78;2.69;-4.8;-4.8;0;0;0;0;386.3;411.24;60.19;0.05;323.64;322.34;0.18;0;0.76
1981;5;3;4.4;4.44;-5.1;-5.1;0;0;0;0;386.3;411.24;60.04;0.05;328.04;326.78;0.18;0;0.77
1981;5;4;11.72;11.79;-7.2;-7.2;0;0;0;0;386.3;411.24;59.88;0.05;339.76;338.57;0.18;0;0.76
1981;5;5;4.83;4.73;-9.5;-9.5;0;0;0;0;386.3;411.24;59.73;0.05;344.58;343.3;0.18;0;0.66
1981;5;6;1.33;1.28;-6.8;-6.8;0;0;0;0;386.3;411.24;59.58;0.05;345.91;344.58;0.18;0;0.69
1981;5;7;0;0;-1.5;-1.5;0;0;0;0;386.3;411.24;59.42;0.05;345.91;344.58;0.18;0;0.69
1981;5;8;1.25;1.25;-0.8;-0.8;0;0;0;0;386.3;411.24;59.27;0.05;347.17;345.83;0.18;0;0.86
1981;5;9;0;0;0;0;0;0;0;0;386.3;411.24;59.12;0.05;347.17;345.83;0.18;0;1.05
1981;5;10;0.4;0.41;0.4;0.4;0.88;0.88;0.14;0.13;386.3;411.24;58.97;0.05;347.42;346.09;0.18;0;1.47
1981;5;11;5.96;6.11;-2.7;-2.7;0;0;0;0;386.3;411.24;58.82;0.05;353.39;352.2;0.17;0;1.87
1981;5;12;4.33;4.23;-3;-3;0;0;0;0;386.3;411.24;58.67;0.05;357.72;356.43;0.17;0;1.19
1981;5;13;7.9;7.89;-2;-2;0;0;0;0;386.3;411.24;58.52;0.05;365.62;364.32;0.17;0;1.07
1981;5;14;2.76;2.74;-1.7;-1.7;0;0;0;0;386.3;411.24;58.37;0.05;368.38;367.06;0.17;0;1.07
1981;5;15;2.68;2.73;-2;-2;0;0;0;0;386.3;411.24;58.22;0.04;371.06;369.79;0.17;0;1.21
1981;5;16;0.12;0.13;-1.4;-1.4;0;0;0;0;386.3;411.24;58.07;0.04;371.17;369.92;0.17;0;1.17
1981;5;17;5.18;5.22;-2.6;-2.6;0;0;0;0;386.3;411.24;57.92;0.04;376.35;375.14;0.17;0;1.27
1981;5;18;0.08;0.09;-1.3;-1.3;0;0;0;0;386.3;411.24;57.77;0.04;376.43;375.23;0.17;0;1.12
1981;5;19;0.08;0.09;0.9;1;1.32;1.36;0.21;0.21;386.43;411.39;57.62;0.04;375.84;374.59;0.17;0;1.42
1981;5;20;0.03;0.03;2.6;2.7;2.15;2.18;0.34;0.34;386.67;411.66;59.72;2.59;369.7;367.68;1.21;1.04;2.21
1981;5;21;0.31;0.34;3.4;3.5;2.43;2.47;0.38;0.37;388.77;413.87;61.68;4.96;356.92;354.18;4;3.81;3.15
1981;5;22;13.9;13.85;1.2;1.3;1.49;1.54;0.04;0.04;388.49;413.71;63.65;7.32;365.77;362.73;4.66;4.39;4.68
1981;5;23;0.9;0.9;0.5;0.6;1;1.06;0.15;0.16;387.22;412.69;65.54;9.58;364.64;361.33;3.54;3.2;4.23
1981;5;24;5.07;5.23;-0.1;0;0;0;0;0;385.45;411.09;67.24;11.58;369.71;366.56;2.46;2.12;3.55
1981;5;25;4.58;4.76;0.4;0.4;0.88;0.88;0.1;0.1;384.14;409.92;68.69;13.29;372.76;369.74;2.18;1.84;3.01
1981;5;26;30.55;31.14;-0.2;-0.2;0;0;0;0;382.38;408.33;69.92;14.74;403.31;400.88;2.11;1.76;3.06
1981;5;27;41.7;41.72;-2.7;-2.7;0;0;0;0;382.38;408.33;68.94;13.79;445.01;442.6;1.56;1.23;3.25
1981;5;28;2.4;2.41;-2.1;-2.1;0;0;0;0;382.38;408.33;68.01;12.91;447.41;445;1.2;0.93;2.8
1981;5;29;3.31;3.33;-0.4;-0.3;0;0;0;0;382.38;408.33;67.14;12.08;450.73;448.33;1.08;0.84;2.82
1981;5;30;0.42;0.47;0.6;0.7;1.07;1.15;0.16;0.17;382.54;408.5;66.31;11.3;450.46;448.03;1.01;0.79;3.07
1981;5;31;0;0;1.9;2;1.85;1.89;0.24;0.23;382.58;408.55;67.64;12.97;445.29;442.22;1.88;1.66;3.53
1981;6;1;0.14;0.15;3.5;3.6;2.51;2.54;0.32;0.31;384.86;410.49;68.98;14.52;433.09;430.04;4.32;4.06;5.48
1981;6;2;0.27;0.29;4.6;4.7;2.86;2.89;0.37;0.35;390.33;415.19;70.51;16.26;410.96;408.03;7.75;7.33;7.77
1981;6;3;1.28;1.3;4.8;4.9;2.92;2.95;0.35;0.33;396.53;420.48;72.47;18.43;386.26;383.51;10.96;10.33;10.29
1981;6;4;14.79;14.74;0.9;1;1.34;1.38;0.02;0.02;395.86;419.96;74.75;20.94;396.81;393.79;9.21;8.48;11.85
1981;6;5;0.14;0.12;1;1.1;1.4;1.44;0.18;0.18;394.99;419.29;77;23.37;393.22;389.96;6.02;5.35;6.57
1981;6;6;0.01;0.01;2.8;2.9;2.28;2.29;0.23;0.21;396.4;420.27;79.06;25.57;382.42;379.56;5.91;5.29;6.38
1981;6;7;1.86;1.76;2.8;2.8;2.25;2.26;0.21;0.19;397.74;421.05;80.99;27.61;373.86;371.58;6.79;6.12;7.53
1981;6;8;0.63;0.62;3.2;3.2;2.39;2.4;0.24;0.21;399.25;421.97;82.87;29.57;363.29;361.78;7.33;6.58;7.61
1981;6;9;2.82;2.87;5.1;5.1;3;3;0.26;0.23;403.76;425.25;84.82;31.55;344.62;344.49;9.41;8.54;12.01
1981;6;10;7.13;7.21;4;4;2.67;2.67;0.16;0.14;408.25;428.68;87;33.76;328.93;329.98;11.95;10.9;13.67
1981;6;11;0;0;6.4;6.4;3.35;3.35;0.35;0.31;413.41;432.3;89.52;36.27;302.85;305.95;13.88;12.61;11.48
1981;6;12;0.04;0.04;7.2;7.3;3.55;3.57;0.27;0.22;417.75;435.1;92.38;39.06;278.78;284.44;14.84;13.33;11.59
1981;6;13;0.42;0.39;6.1;6.2;3.27;3.3;0.24;0.2;420.54;436.75;95.44;41.99;259.96;267.9;14.43;12.72;13.82
1981;6;14;0;0;8.1;8.2;3.75;3.77;0.28;0.23;424.69;439.33;98.62;44.95;234.37;245.61;14.99;13.09;15.55
1981;6;15;0.01;0.01;8.4;8.5;3.82;3.84;0.29;0.24;428.81;441.92;101.96;47.97;207.22;222.1;16.55;14.38;15.67
1981;6;16;2.22;2.17;4.4;4.4;2.79;2.8;0.18;0.15;430.19;442.73;105.41;50.99;192.89;209.69;15.99;13.65;15.12
1981;6;17;1.59;1.55;0.4;0.4;0.84;0.89;0.05;0.05;428.28;441.23;108.61;53.68;193.19;209.86;12.02;9.91;11.77
1981;6;18;9.41;9.22;-3.9;-3.8;0;0;0;0;426.16;439.52;111.21;55.72;202.6;219.08;8.19;6.57;7.2
1981;6;19;2.9;2.9;-3.1;-3;0;0;0;0;424.65;437.81;112.21;57.03;205.5;221.98;6.37;5.18;6.09
1981;6;20;0.11;0.12;-2;-2;0;0;0;0;424.65;437.81;108.82;53.36;205.61;222.1;5.19;4.29;6.78
1981;6;21;5.54;5.48;-2.3;-2.2;0;0;0;0;424.65;437.81;105.63;49.93;211.15;227.58;4.51;3.77;5.1
1981;6;22;6.13;6;-3.6;-3.6;0;0;0;0;424.65;437.81;102.64;46.73;217.28;233.58;4.17;3.52;4.44
1981;6;23;1.44;1.47;-0.8;-0.7;0;0;0;0;424.65;437.81;99.83;43.73;218.72;235.05;3.91;3.3;4.07
1981;6;24;4.44;4.51;1;1.1;1.4;1.44;0.13;0.13;425.16;438.38;97.2;40.92;220.37;236.45;3.82;3.23;4.09
1981;6;25;5.3;5.42;1.5;1.6;1.7;1.73;0.12;0.11;424.52;437.51;98.72;42.81;221.27;237.33;4.86;4.29;4.06
1981;6;26;2.8;2.69;1.9;1.9;1.87;1.87;0.12;0.1;423.56;436.69;100.51;44.22;218.86;235.28;5.86;5.23;4
1981;6;27;0.1;0.1;3.7;3.7;2.58;2.58;0.2;0.16;423.61;436.47;101.99;45.32;209.72;227.64;6.96;6.11;4.64
1981;6;28;2.03;2.1;5;5;2.98;2.98;0.19;0.16;424.99;437.36;103.36;46.32;196.49;216.29;9.02;7.84;9.03
1981;6;29;4.76;4.75;3.7;3.7;2.57;2.58;0.12;0.11;425.82;438.02;104.81;47.37;187.8;208.6;10.52;9.09;14.2
1981;6;30;0.23;0.25;3.2;3.3;2.41;2.44;0.09;0.07;425.12;437.51;106.29;48.42;181.32;202.52;9.83;8.37;11.53
1981;7;1;0.15;0.16;5.3;5.4;3.1;3.11;0.1;0.1;424.63;437.01;107.68;49.37;174.19;196.26;8.7;7.33;10.76
1981;7;2;0.73;0.76;6.9;7;3.51;3.52;0.09;0.1;424.41;437.1;108.94;50.18;165.78;187.69;8.78;7.5;13.38
1981;7;3;23.5;23.67;4.6;4.7;2.9;2.91;0;0;428.31;441.15;110.33;51.15;160.3;181.49;13.71;11.73;19.68
1981;7;4;1.12;1.11;2.1;2.2;1.99;2.02;0.09;0.06;426.7;440.01;111.94;52.37;158.37;179.31;13.35;11.38;13.27
1981;7;5;0.69;0.73;3.7;3.7;2.59;2.6;0.12;0.08;425.37;439.22;113.45;53.51;154.51;174.94;9.75;8.01;10.16
1981;7;6;1.68;1.59;4.1;4.2;2.73;2.76;0.16;0.08;424.38;438.76;114.69;54.39;149.85;169.66;9.38;7.3;9.87
1981;7;7;2.13;2.21;4.5;4.5;2.84;2.85;0.18;0.08;423.57;438.55;115.7;55.06;144.67;163.79;9.79;7.61;10.39
1981;7;8;3.23;3.4;5.2;5.2;3.05;3.06;0.18;0.08;423.17;438.77;116.58;55.63;138.51;156.82;10.75;8.33;11.79
1981;7;9;2.79;2.88;6.1;6.1;3.3;3.3;0.2;0.08;422.92;439.15;117.41;56.18;131.14;148.48;11.81;9.06;13.43
1981;7;10;10.03;10.24;6.2;6.2;3.33;3.32;0.1;0.04;424.28;440.94;118.31;56.85;123.46;139.78;13.94;10.93;14.33
1981;7;11;11.27;10.98;5.9;5.9;3.25;3.25;0.06;0.04;425.89;442.68;119.43;57.77;116.04;131.38;15.9;12.81;16.58
1981;7;12;13.82;13.72;6;6;3.27;3.27;0.03;0.02;427.91;444.81;120.85;59.02;108.4;122.72;17.42;14.27;16.54
1981;7;13;13.71;13.59;5.5;5.5;3.13;3.14;0.03;0.02;429.65;446.62;122.56;60.6;101.33;114.73;18.36;15.21;16.99
1981;7;14;3.11;3.11;4.8;4.8;2.93;2.94;0.16;0.07;429;446.46;124.41;62.31;95.19;107.77;16.34;13.41;16.82
1981;7;15;1.46;1.41;3.6;3.6;2.55;2.56;0.16;0.07;427.81;445.73;126.07;63.83;90.75;102.75;13.05;10.58;14.51
1981;7;16;1.06;1.16;5.6;5.6;3.16;3.17;0.2;0.09;426.94;445.46;127.42;65.01;83.65;94.7;11.97;9.51;14.48
1981;7;17;8.83;8.83;6.4;6.4;3.37;3.38;0.11;0.05;427.86;446.66;128.57;65.99;75.41;85.38;14.22;11.33;16.7
1981;7;18;65.83;66;2.2;2.2;2.01;2.02;0;0;430.06;449;129.82;67.1;116.87;125.48;17.04;15;24.14
1981;7;19;45.95;45.43;-3.3;-3.2;0;0;0;0;427.99;447.25;131.13;68.28;162.82;170.91;13.29;12.3;14.44
1981;7;20;9.15;8.9;-1.9;-1.9;0;0;0;0;425.94;445.51;132.08;69.07;171.97;179.81;8.6;7.8;10.45
1981;7;21;3.38;3.27;0.8;0.8;1.22;1.25;0.15;0.15;424.12;444.04;132.52;69.3;173.8;181.35;7.03;6.33;8.67
1981;7;22;0.81;0.86;0.7;0.8;1.2;1.25;0.15;0.14;422.5;442.76;132.53;69.08;172.08;179.37;6.93;6.29;8.07
1981;7;23;1.05;1.09;2.4;2.4;2.11;2.11;0.26;0.24;422.16;442.36;132.29;68.59;165.02;172.54;7.97;7.31;7.83
1981;7;24;22.59;22.89;1.2;1.2;1.49;1.52;0;0;421.2;441.58;131.94;67.99;182.35;190.03;8.59;7.88;8.09
1981;7;25;5.28;5.21;-1.5;-1.5;0;0;0;0;419.68;439.86;131.11;67.26;187.63;195.24;7.42;6.75;6.71
1981;7;26;1.48;1.41;-3;-3;0;0;0;0;419.68;439.86;127.11;62.94;189.11;196.65;5.64;5.08;4.86
1981;7;27;4.47;4.35;-1.6;-1.6;0;0;0;0;419.68;439.86;123.35;58.89;193.59;201;4.62;4.17;4.52
1981;7;28;0.27;0.26;0.3;0.3;0.69;0.78;0.08;0.09;419.76;439.95;119.83;55.11;193.33;200.66;4.24;3.83;4.84
1981;7;29;0.21;0.2;3.2;3.3;2.44;2.46;0.25;0.22;419.49;439.75;120.12;55.25;185.17;192.37;5.7;5.26;5.34
1981;7;30;0;0;5;5.1;2.99;3.03;0.31;0.28;421.49;441.14;120.36;55.35;167.27;175.13;9.41;8.79;6.45
1981;7;31;1.1;1.21;8.3;8.3;3.82;3.82;0.28;0.22;425.51;443.31;120.92;55.76;143.25;154.32;13.13;12.12;7.54
1981;8;1;2.26;2.26;8.7;8.7;3.58;3.59;0.13;0.1;429.25;445.18;121.99;56.64;120.59;135.32;15.46;13.94;10.94
1981;8;2;1.78;1.79;9.1;9.1;3.66;3.66;0.09;0.1;429.59;445.64;123.47;57.86;109.12;123.54;14.98;13.22;13.1
1981;8;3;1.24;1.19;9.3;9.3;3.7;3.7;0.16;0.11;429.42;446.07;125.09;59.2;98.21;111.19;14.82;11.81;16.99
1981;8;4;2.12;2.27;7.7;7.7;3.38;3.38;0.21;0.09;429.02;446.36;126.69;60.52;88.97;100.72;15.42;11.48;19.18
1981;8;5;0.39;0.41;8.2;8.2;3.49;3.49;0.24;0.1;428.44;446.46;128.19;61.75;78.98;89.43;14.86;11.09;17.69
1981;8;6;8.24;8.31;7.3;7.3;3.3;3.3;0.12;0.05;429.27;447.66;129.62;62.95;69.89;79.13;15.89;12.23;18.21
1981;8;7;6.85;6.86;5.9;5.9;2.98;2.98;0.12;0.05;429.53;448.25;131.06;64.2;62.48;70.73;16.37;13.05;18.61
1981;8;8;2.99;3.1;6.2;6.2;3.05;3.05;0.17;0.08;429.06;448.31;132.49;65.45;54.66;61.88;15.42;12.31;18.14
1981;8;9;12.33;12.11;5.5;5.5;2.88;2.88;0.04;0.02;430.39;449.6;133.88;66.69;47.6;53.9;16.24;13.23;17.34
1981;8;10;6.58;6.6;4.6;4.6;2.64;2.64;0.11;0.05;430.3;449.79;135.3;67.96;41.71;47.22;16.21;13.45;14.25
1981;8;11;5.14;5.02;4;4;2.47;2.47;0.11;0.05;429.88;449.61;136.63;69.15;36.57;41.41;14.7;12.22;12.53
1981;8;12;3.98;3.92;5;5;2.75;2.75;0.14;0.06;429.41;449.49;137.8;70.17;30.14;34.13;13.94;11.44;12.95
1981;8;13;0.8;0.8;5.4;5.4;2.86;2.86;0.18;0.08;428.41;449;138.76;70.97;23.21;26.28;13.46;10.78;13.62
1981;8;14;0;0;7;7;3.23;3.23;0.21;0.1;427.57;448.75;139.51;71.55;14.23;16.12;13.46;10.46;14.19
1981;8;15;0.04;0.04;8.4;8.4;3.53;3.53;0.23;0.11;427.01;448.82;140.1;71.98;3.46;3.92;14.43;10.95;14.83
1981;8;16;1.51;1.59;8.3;8.3;3.5;3.51;0.12;0;425.65;447.9;140.54;72.26;0;0;13.89;10.18;18.12
1981;8;17;1.47;1.41;4.6;4.6;2.64;2.64;0.49;0.46;423.44;445.91;140.71;72.28;0;0;15.6;12.51;20.68
1981;8;18;0;0;4.8;4.8;2.7;2.7;1.01;1.04;420.44;443.14;140.53;71.91;0;0;14.14;11.68;14.88
1981;8;19;0.01;0.01;6.5;6.5;3.12;3.12;1.16;1.2;417.3;440.23;139.99;71.16;0;0;14.94;12.31;14.37
1981;8;20;5.99;6;5.8;5.8;2.96;2.96;0.71;0.73;415.96;438.87;139.21;70.14;0;0;15.78;12.94;14.43
1981;8;21;7.5;7.44;1.4;1.4;1.5;1.5;0.2;0.19;414.99;437.81;138.32;69.01;2.9;3.17;10.04;8.23;12.06
1981;8;22;0;0;2.2;2.2;1.84;1.86;0.05;0.06;413.53;436.6;137.38;67.82;0.46;0.52;7.65;6.88;9.35
1981;8;23;8.7;8.28;0.5;0.5;0.92;0.92;0.06;0.06;412.12;435.32;136.35;66.54;6.92;6.59;6.99;6.34;7.87
1981;8;24;3.71;3.62;-1.5;-1.5;0;0;0;0;410.19;433.63;135.22;65.16;10.63;10.21;6.26;5.66;6.86
1981;8;25;0;0;0.1;0.1;0.38;0.42;0.05;0.05;408.32;432;133.97;63.64;10.36;9.91;5.71;5.13;6.82
1981;8;26;0.56;0.52;1.1;1.1;1.34;1.34;0.1;0.08;407.33;430.98;132.64;62.05;7.46;7.21;5.99;5.42;6.78
1981;8;27;1.24;1.17;2.4;2.4;1.95;1.94;0.05;0.06;406.95;430.22;131.32;60.47;3.6;4.08;6.64;6.02;6.78
1981;8;28;0.09;0.08;2.8;2.8;2.1;2.09;0.09;0.06;405.58;429.17;130.07;58.96;1.09;1.24;7.13;5.99;7.41
1981;8;29;0;0;4;4;2.46;2.47;0.08;0;403.86;427.77;128.84;57.49;0;0;7.16;5.51;7.67
1981;8;30;0.08;0.09;4.5;4.5;2.61;2.62;0.52;0.5;401.48;425.63;127.61;56.01;0;0;10.3;8.5;7.72
1981;8;31;1.3;1.38;5;5;2.75;2.75;0.94;0.97;399.01;423.33;126.34;54.5;0;0;11.22;9.22;8.17
1981;9;1;4.14;4.11;3.4;3.4;1.95;1.95;0.27;0.26;398.07;422.42;125.09;53.02;0;0;7.71;5.82;7.09
1981;9;2;5.24;5.28;3.1;3.1;1.87;1.87;0.04;0;397.67;422.07;123.93;51.65;0;0;7.45;5.79;7.39
1981;9;3;12.56;12.66;1.2;1.2;1.18;1.19;0.04;0.03;397.15;421.55;122.9;50.43;7.95;8.1;7.16;6.03;6.77
1981;9;4;3.08;3.13;1.4;1.4;1.29;1.28;0.08;0.06;396.57;420.76;121.99;49.33;7.08;7.75;6.34;5.68;6.77
1981;9;5;0.97;0.98;3.5;3.5;1.98;1.98;0.05;0.06;396.12;420.47;121.17;48.34;2.92;3.3;6.33;5.71;6.62
1981;9;6;0;0;5.4;5.4;2.44;2.44;0.03;0;394.99;419.67;120.43;47.44;0;0;6.8;5.45;6.8
1981;9;7;0.01;0.01;5.6;5.6;2.48;2.48;0.46;0.44;392.71;417.6;119.72;46.57;0;0;10.96;8.81;7.55
1981;9;8;1.82;1.79;5.3;5.3;2.41;2.42;0.74;0.77;390.73;415.67;118.97;45.67;0;0;11.28;9.03;7.83
1981;9;9;6.38;6.34;4.7;4.7;2.28;2.28;0.48;0.51;390.42;415.25;118.23;44.79;0;0;11.62;9.47;7.74
1981;9;10;2.23;2.35;3.4;3.4;1.96;1.95;0.31;0.3;388.97;413.98;117.56;43.99;0;0;7.68;5.75;8.16
1981;9;11;3.22;3.28;3.6;3.6;2.01;2.01;0.04;0;388.13;413.27;116.94;43.24;0;0;6.57;4.8;8.54
1981;9;12;0.54;0.54;3.7;3.7;2.03;2.04;0.05;0;386.47;411.81;116.33;42.51;0;0;6.05;4.28;8.02
1981;9;13;11.76;11.85;3.7;3.7;2.03;2.04;0.02;0;388.44;413.56;115.78;41.85;0;0;7.4;5.61;8.95
1981;9;14;3.24;3.12;-0.8;-0.8;0;0;0;0;386.65;411.95;115.35;41.32;3.24;3.12;6.72;5.5;6.89
1981;9;15;0.56;0.54;-1.4;-1.4;0;0;0;0;384.88;410.35;114.92;40.8;3.8;3.66;4.63;4.01;5.62
1981;9;16;2.56;2.49;1.5;1.5;1.31;1.32;0.05;0.04;384.61;409.91;114.44;40.22;2;2.08;4.59;4.06;5.19
1981;9;17;0.04;0.04;3.4;3.4;1.95;1.95;0;0;383.5;408.93;113.96;39.65;0;0;4.79;4.25;5.69
1981;9;18;0.5;0.53;4.2;4.2;2.16;2.16;0.36;0.38;381.55;407.12;113.46;39.05;0;0;7.87;6.77;5.82
1981;9;19;8.27;8.3;3.5;3.5;1.98;1.98;0.18;0.18;382.41;407.84;112.99;38.49;0;0;6.79;5.18;5.32
1981;9;20;0.55;0.59;5.7;5.7;2.51;2.5;0.44;0.43;380.38;406;112.58;38.01;0;0;10.46;8.47;7.59
1981;9;21;0.42;0.45;6.8;6.8;2.73;2.72;0.91;0.95;377.88;403.6;112.17;37.52;0;0;11.82;9.24;8.92
1981;9;22;2.13;2.23;5.9;5.9;2.56;2.54;0.76;0.79;376.12;401.94;111.72;36.99;0;0;11.73;8.97;10.84
1981;9;23;13;13.09;4.7;4.7;2.28;2.28;0.17;0.18;378.83;404.33;111.35;36.55;0;0;12.46;10;13.02
1981;9;24;3.01;3.05;3.1;3.1;1.88;1.87;0.28;0.27;377.84;403.42;111.13;36.29;0;0;8.38;6.33;8.77
1981;9;25;2.55;2.58;2.9;2.9;1.81;1.81;0.04;0;376.97;402.66;111;36.11;0;0;6.35;4.62;7.58
1981;9;26;2.33;2.43;2.3;2.2;1.62;1.59;0.04;0;376;401.86;110.84;35.91;0;0;5.69;4.07;6.32
1981;9;27;13.9;14.12;2.1;2;1.54;1.52;0.02;0.02;377.56;402.93;110.71;35.74;5.08;5.76;6.02;4.89;8.06
1981;9;28;21.19;21.25;-0.7;-0.7;0;0;0;0;375.83;401.37;110.61;35.6;26.27;27.01;5.07;4.44;5.93
1981;9;29;9.4;8.95;-3.5;-3.4;0;0;0;0;375.83;401.37;108.39;33.31;35.67;35.96;3.51;2.98;4.87
1981;9;30;0.06;0.05;-1.9;-1.9;0;0;0;0;375.83;401.37;106.3;31.17;35.73;36.01;2.67;2.24;4.04
1981;10;1;0.01;0.01;-1.6;-1.5;0;0;0;0;375.83;401.37;104.33;29.17;1.79;1.8;2.4;2.03;3.8
1981;10;2;4.14;4.14;-1.8;-1.8;0;0;0;0;375.83;401.37;102.47;27.29;5.92;5.94;2.25;1.9;3.75
1981;10;3;1.29;1.32;-1;-1;0;0;0;0;375.83;401.37;100.72;25.54;7.22;7.26;2.12;1.78;3.69
1981;10;4;0.38;0.41;1.2;1.2;1.04;1.05;0.08;0.06;377.2;402.5;99.07;23.9;3.81;4.04;2.11;1.77;3.69
1981;10;5;0.12;0.14;1.4;1.4;1.12;1.13;0.03;0.03;376.53;401.57;99.69;24.82;1.89;2.13;2.71;2.37;3.66
1981;10;6;0.2;0.21;3.4;3.5;1.74;1.75;0.02;0;375.45;400.75;100.33;25.54;0;0;3.56;2.79;3.95
1981;10;7;5.74;5.83;1.2;1.2;1.04;1.05;0.06;0.04;375.03;400.29;100.85;26.13;2.15;2.36;4.09;3.27;3.99
1981;10;8;0;0;1.1;1.1;1.01;1.01;0.03;0.03;373.72;399.14;101.26;26.6;0.96;1.08;3.65;3.16;3.59
1981;10;9;1.07;1.1;2.2;2.2;1.4;1.41;0;0;372.71;398.29;101.57;26.97;0;0;3.5;3.04;3.32
1981;10;10;4.91;4.85;1.3;1.3;1.09;1.09;0.02;0.02;372.38;397.83;101.81;27.25;1.34;1.52;3.74;3.27;3.25
1981;10;11;10.05;9.87;-1.5;-1.5;0;0;0;0;370.69;396.28;101.99;27.46;11.39;11.39;3.47;2.99;3.58
1981;10;12;13.55;13.29;-4;-4;0;0;0;0;370.69;396.28;100.23;25.7;24.94;24.68;2.6;2.15;3.16
1981;10;13;3.55;3.46;-8.6;-8.5;0;0;0;0;370.69;396.28;98.58;24.05;28.49;28.14;2.09;1.71;2.96
1981;10;14;3.72;3.61;-7.6;-7.6;0;0;0;0;370.69;396.28;97.01;22.5;32.22;31.75;1.9;1.57;2.75
1981;10;15;5.64;5.49;-0.5;-0.5;0;0;0;0;370.69;396.28;95.54;21.06;37.85;37.24;1.79;1.46;3.21
1981;10;16;0.09;0.09;-2.6;-2.6;0;0;0;0;370.69;396.28;94.15;19.7;37.95;37.33;1.69;1.37;2.7
1981;10;17;0.02;0.02;-2.1;-2;0;0;0;0;370.69;396.28;92.83;18.44;37.96;37.35;1.6;1.28;2.33
1981;10;18;0.46;0.41;-1.8;-1.7;0;0;0;0;370.69;396.28;91.59;17.25;38.43;37.76;1.51;1.2;2.37
1981;10;19;0.78;0.73;-1.3;-1.3;0;0;0;0;370.69;396.28;90.42;16.15;39.2;38.49;1.43;1.12;2.3
1981;10;20;0.32;0.34;-0.7;-0.7;0;0;0;0;370.69;396.28;89.31;15.11;39.52;38.83;1.35;1.05;2.14
1981;10;21;8.6;8.66;-2.6;-2.6;0;0;0;0;370.69;396.28;88.26;14.14;48.12;47.49;1.28;0.98;2.05
1981;10;22;29.04;29.21;-7.4;-7.4;0;0;0;0;370.69;396.28;87.26;13.23;77.16;76.7;1.22;0.92;1.89
1981;10;23;0.5;0.47;-12.8;-12.8;0;0;0;0;370.69;396.28;86.32;12.38;77.65;77.17;1.15;0.86;1.86
1981;10;24;0.45;0.41;-15.6;-15.6;0;0;0;0;370.69;396.28;85.42;11.59;78.1;77.58;1.09;0.81;1.84
1981;10;25;0.86;0.9;-15;-15;0;0;0;0;370.69;396.28;84.58;10.85;78.96;78.48;1.04;0.75;1.69
1981;10;26;28.31;28.71;-8.8;-8.8;0;0;0;0;370.69;396.28;83.77;10.15;107.27;107.19;0.99;0.71;1.64
1981;10;27;24.14;24.13;-8.1;-8.1;0;0;0;0;370.69;396.28;83;9.5;131.42;131.32;0.94;0.66;1.63
1981;10;28;0.59;0.56;-10.3;-10.3;0;0;0;0;370.69;396.28;82.28;8.89;132.01;131.88;0.89;0.62;1.61
1981;10;29;0;0;-10.1;-10.1;0;0;0;0;370.69;396.28;81.58;8.32;132.01;131.88;0.85;0.58;1.51
1981;10;30;1.87;1.81;-9.2;-9.2;0;0;0;0;370.69;396.28;80.92;7.79;133.89;133.69;0.81;0.54;1.49
1981;10;31;2.05;1.97;-2.6;-2.6;0;0;0;0;370.69;396.28;80.29;7.29;135.93;135.66;0.77;0.51;1.63
1981;11;1;0.08;0.08;-1.1;-1.1;0;0;0;0;370.69;396.28;79.69;6.82;136.01;135.74;0.73;0.47;1.76
1981;11;2;0;0;0.1;0.1;0.24;0.27;0.04;0.04;370.69;396.28;79.11;6.39;135.97;135.7;0.7;0.44;1.76
1981;11;3;0;0;-0.3;-0.3;0;0;0;0;370.69;396.28;78.57;5.98;135.97;135.7;0.67;0.42;1.75
1981;11;4;0;0;-1.8;-1.8;0;0;0;0;370.69;396.28;78.04;5.59;135.97;135.7;0.64;0.39;1.73
1981;11;5;0.56;0.53;-3.4;-3.4;0;0;0;0;370.69;396.28;77.54;5.24;136.54;136.23;0.61;0.36;1.59
1981;11;6;0.37;0.36;-7.7;-7.7;0;0;0;0;370.69;396.28;77.06;4.9;136.91;136.59;0.59;0.34;1.53
1981;11;7;1.13;1.08;-15.6;-15.6;0;0;0;0;370.69;396.28;76.59;4.59;138.03;137.67;0.56;0.32;1.42
1981;11;8;0;0;-17;-17;0;0;0;0;370.69;396.28;76.15;4.3;138.03;137.67;0.54;0.3;1.41
1981;11;9;0.34;0.32;-19.8;-19.8;0;0;0;0;370.69;396.28;75.72;4.02;138.38;137.99;0.52;0.28;1.4
1981;11;10;0.15;0.13;-20.2;-20.2;0;0;0;0;370.69;396.28;75.31;3.77;138.52;138.12;0.5;0.26;1.38
1981;11;11;1.82;1.76;-14.4;-14.4;0;0;0;0;370.69;396.28;74.91;3.53;140.34;139.88;0.48;0.25;1.28
1981;11;12;1.68;1.61;-9.7;-9.7;0;0;0;0;370.69;396.28;74.53;3.3;142.02;141.49;0.46;0.23;1.26
1981;11;13;0.65;0.62;-10;-10;0;0;0;0;370.69;396.28;74.16;3.09;142.67;142.11;0.45;0.21;1.26
1981;11;14;15.46;15.28;-14.4;-14.4;0;0;0;0;370.69;396.28;73.81;2.89;158.12;157.39;0.43;0.2;1.26
1981;11;15;3.25;3.21;-16.8;-16.8;0;0;0;0;370.69;396.28;73.46;2.71;161.38;160.6;0.42;0.19;1.24
1981;11;16;0;0;-19.3;-19.3;0;0;0;0;370.69;396.28;73.13;2.54;161.38;160.6;0.4;0.18;1.15
1981;11;17;0;0;-14.6;-14.6;0;0;0;0;370.69;396.28;72.8;2.38;161.38;160.6;0.39;0.17;1.13
1981;11;18;0.08;0.07;-12;-12;0;0;0;0;370.69;396.28;72.49;2.23;161.46;160.67;0.38;0.15;1.13
1981;11;19;0.26;0.24;-10.8;-10.8;0;0;0;0;370.69;396.28;72.18;2.08;161.72;160.91;0.37;0.14;1.11
1981;11;20;0;0;-9.5;-9.5;0;0;0;0;370.69;396.28;71.89;1.95;161.72;160.91;0.36;0.14;1.03
1981;11;21;0;0;-7.5;-7.5;0;0;0;0;370.69;396.28;71.6;1.83;161.72;160.91;0.35;0.13;1.02
1981;11;22;0;0;-5.6;-5.6;0;0;0;0;370.69;396.28;71.32;1.71;161.72;160.91;0.34;0.12;1.02
1981;11;23;0;0;-8.3;-8.3;0;0;0;0;370.69;396.28;71.04;1.61;161.72;160.91;0.33;0.11;1.01
1981;11;24;0.7;0.65;-8.1;-8.1;0;0;0;0;370.69;396.28;70.78;1.5;162.41;161.56;0.32;0.1;1.01
1981;11;25;0.71;0.68;-11.6;-11.6;0;0;0;0;370.69;396.28;70.52;1.41;163.12;162.24;0.31;0.1;1
1981;11;26;2.25;2.2;-16;-16;0;0;0;0;370.69;396.28;70.26;1.32;165.37;164.44;0.31;0.09;0.93
1981;11;27;3.5;3.38;-12.4;-12.4;0;0;0;0;370.69;396.28;70.01;1.24;168.88;167.82;0.3;0.09;0.92
1981;11;28;7.07;6.97;-13.1;-13.1;0;0;0;0;370.69;396.28;69.76;1.16;175.95;174.79;0.29;0.08;0.91
1981;11;29;7.29;7.07;-16.2;-16.2;0;0;0;0;370.69;396.28;69.52;1.09;183.25;181.86;0.29;0.08;0.91
1981;11;30;14.09;13.87;-14.1;-14.1;0;0;0;0;370.69;396.28;69.29;1.02;197.34;195.73;0.28;0.07;0.89
1981;12;1;11;10.78;-15.1;-15.1;0;0;0;0;370.69;396.28;69.06;0.96;208.34;206.51;0.28;0.07;0.84
1981;12;2;1.94;1.81;-17.2;-17.2;0;0;0;0;370.69;396.28;68.83;0.9;210.28;208.32;0.27;0.06;0.83
1981;12;3;0.34;0.3;-18.9;-18.9;0;0;0;0;370.69;396.28;68.61;0.84;210.61;208.62;0.27;0.06;0.83
1981;12;4;10.57;10.34;-13.9;-13.9;0;0;0;0;370.69;396.28;68.39;0.79;221.18;218.96;0.26;0.05;0.83
1981;12;5;2.35;2.26;-15.3;-15.3;0;0;0;0;370.69;396.28;68.17;0.74;223.53;221.22;0.26;0.05;0.83
1981;12;6;0.24;0.23;-18.1;-18.1;0;0;0;0;370.69;396.28;67.96;0.7;223.77;221.45;0.25;0.05;0.82
1981;12;7;2.51;2.4;-16.7;-16.7;0;0;0;0;370.69;396.28;67.75;0.65;226.28;223.85;0.25;0.05;0.82
1981;12;8;6.1;5.96;-14.9;-14.9;0;0;0;0;370.69;396.28;67.54;0.61;232.38;229.81;0.24;0.04;0.82
1981;12;9;2.42;2.37;-15;-15;0;0;0;0;370.69;396.28;67.34;0.58;234.8;232.18;0.24;0.04;0.82
1981;12;10;2.72;2.57;-17.1;-17.1;0;0;0;0;370.69;396.28;67.14;0.54;237.52;234.75;0.24;0.04;0.82
1981;12;11;1.17;1.18;-15.4;-15.4;0;0;0;0;370.69;396.28;66.94;0.51;238.69;235.93;0.24;0.04;0.82
1981;12;12;2.83;2.77;-14.6;-14.6;0;0;0;0;370.69;396.28;66.74;0.48;241.52;238.7;0.23;0.03;0.82
1981;12;13;4;3.97;-19;-19;0;0;0;0;370.69;396.28;66.54;0.45;245.52;242.67;0.23;0.03;0.82
1981;12;14;10.29;10.22;-15.4;-15.4;0;0;0;0;370.69;396.28;66.35;0.42;255.81;252.89;0.23;0.03;0.81
1981;12;15;5.99;5.9;-16.4;-16.4;0;0;0;0;370.69;396.28;66.16;0.4;261.8;258.79;0.22;0.03;0.74
1981;12;16;17.51;17.2;-13;-13;0;0;0;0;370.69;396.28;65.97;0.38;279.31;275.99;0.22;0.03;0.74
1981;12;17;2.81;2.69;-15.4;-15.4;0;0;0;0;370.69;396.28;65.78;0.35;282.13;278.68;0.22;0.02;0.74
1981;12;18;11.97;12.12;-12;-12;0;0;0;0;370.69;396.28;65.6;0.33;294.1;290.8;0.22;0.02;0.74
1981;12;19;6.2;6.14;-15.9;-15.9;0;0;0;0;370.69;396.28;65.41;0.31;300.3;296.94;0.22;0.02;0.74
1981;12;20;0;0;-21.7;-21.7;0;0;0;0;370.69;396.28;65.23;0.3;300.3;296.94;0.21;0.02;0.74
1981;12;21;1.68;1.71;-16.4;-16.3;0;0;0;0;370.69;396.28;65.05;0.28;301.98;298.65;0.21;0.02;0.74
1981;12;22;3.28;3.35;-14.3;-14.3;0;0;0;0;370.69;396.28;64.87;0.26;305.26;302;0.21;0.02;0.74
1981;12;23;0.51;0.48;-15.8;-15.8;0;0;0;0;370.69;396.28;64.69;0.25;305.77;302.48;0.21;0.02;0.74
1981;12;24;0.86;0.85;-16;-16;0;0;0;0;370.69;396.28;64.51;0.23;306.63;303.33;0.21;0.02;0.74
1981;12;25;2.59;2.48;-17.3;-17.3;0;0;0;0;370.69;396.28;64.34;0.22;309.22;305.81;0.21;0.02;0.73
1981;12;26;0.32;0.29;-20;-20;0;0;0;0;370.69;396.28;64.16;0.21;309.54;306.1;0.2;0.01;0.68
1981;12;27;0.47;0.48;-19.6;-19.6;0;0;0;0;370.69;396.28;63.99;0.2;310.02;306.58;0.2;0.01;0.67
1981;12;28;0.57;0.59;-16.2;-16.1;0;0;0;0;370.69;396.28;63.82;0.19;310.58;307.17;0.2;0.01;0.67
1981;12;29;10.28;10.53;-11.6;-11.6;0;0;0;0;370.69;396.28;63.65;0.18;320.87;317.7;0.2;0.01;0.67
1981;12;30;2.76;2.82;-14.3;-14.3;0;0;0;0;370.69;396.28;63.47;0.17;323.62;320.52;0.2;0.01;0.67
1981;12;31;6.13;6.41;-8.1;-8.1;0;0;0;0;370.69;396.28;63.3;0.16;329.75;326.93;0.2;0.01;0.67
1982;1;1;9.5;9.39;-9.8;-9.8;0;0;0;0;370.69;396.28;63.14;0.15;339.26;336.32;0.2;0.01;0.67
1982;1;2;0.81;0.76;-10.9;-10.9;0;0;0;0;370.69;396.28;62.97;0.14;340.06;337.08;0.2;0.01;0.67
1982;1;3;0.26;0.25;-8.4;-8.4;0;0;0;0;370.69;396.28;62.8;0.14;340.32;337.33;0.19;0.01;0.67
1982;1;4;0.08;0.08;-10.4;-10.4;0;0;0;0;370.69;396.28;62.63;0.13;340.41;337.41;0.19;0.01;0.67
1982;1;5;2.6;2.53;-10.3;-10.3;0;0;0;0;370.69;396.28;62.47;0.12;343;339.94;0.19;0.01;0.67
1982;1;6;10.05;9.74;-10.9;-10.9;0;0;0;0;370.69;396.28;62.3;0.12;353.05;349.68;0.19;0.01;0.67
1982;1;7;0.27;0.26;-17.4;-17.4;0;0;0;0;370.69;396.28;62.14;0.11;353.32;349.94;0.19;0.01;0.67
1982;1;8;14.3;14.21;-16.7;-16.7;0;0;0;0;370.69;396.28;61.98;0.11;367.62;364.15;0.19;0.01;0.67
1982;1;9;11.04;10.78;-9.8;-9.8;0;0;0;0;370.69;396.28;61.81;0.1;378.66;374.93;0.19;0.01;0.67
1982;1;10;4.19;4;-8.1;-8.1;0;0;0;0;370.69;396.28;61.65;0.1;382.85;378.93;0.19;0.01;0.67
1982;1;11;0.8;0.82;-9.9;-9.9;0;0;0;0;370.69;396.28;61.49;0.09;383.65;379.75;0.19;0.01;0.67
1982;1;12;0.63;0.58;-11;-11;0;0;0;0;370.69;396.28;61.33;0.09;384.28;380.33;0.19;0.01;0.67
1982;1;13;0.05;0.06;-13.5;-13.5;0;0;0;0;370.69;396.28;61.17;0.09;384.33;380.39;0.19;0.01;0.67
1982;1;14;0;0;-13.7;-13.7;0;0;0;0;370.69;396.28;61.01;0.08;384.33;380.39;0.18;0.01;0.66
1982;1;15;0;0;-13.6;-13.6;0;0;0;0;370.69;396.28;60.85;0.08;384.33;380.39;0.18;0.01;0.59
1982;1;16;0;0;-12.8;-12.8;0;0;0;0;370.69;396.28;60.69;0.08;384.33;380.39;0.18;0.01;0.58
1982;1;17;0;0;-11.5;-11.5;0;0;0;0;370.69;396.28;60.54;0.07;384.33;380.39;0.18;0.01;0.58
1982;1;18;0;0;-12.3;-12.3;0;0;0;0;370.69;396.28;60.38;0.07;384.33;380.39;0.18;0;0.58
1982;1;19;0;0;-12.8;-12.8;0;0;0;0;370.69;396.28;60.22;0.07;384.33;380.39;0.18;0;0.58
1982;1;20;0;0;-13.2;-13.2;0;0;0;0;370.69;396.28;60.07;0.07;384.33;380.39;0.18;0;0.58
1982;1;21;0;0;-13.5;-13.5;0;0;0;0;370.69;396.28;59.91;0.06;384.33;380.39;0.18;0;0.58
1982;1;22;0.45;0.46;-14.2;-14.2;0;0;0;0;370.69;396.28;59.76;0.06;384.78;380.85;0.18;0;0.58
1982;1;23;2.27;2.24;-14.3;-14.3;0;0;0;0;370.69;396.28;59.6;0.06;387.05;383.09;0.18;0;0.58
1982;1;24;2.4;2.37;-14;-14;0;0;0;0;370.69;396.28;59.45;0.06;389.45;385.46;0.18;0;0.58
1982;1;25;0.15;0.14;-15.7;-15.7;0;0;0;0;370.69;396.28;59.29;0.06;389.6;385.6;0.18;0;0.58
1982;1;26;0.47;0.46;-14;-14;0;0;0;0;370.69;396.28;59.14;0.06;390.07;386.06;0.18;0;0.58
1982;1;27;6.3;6.19;-12.1;-12.1;0;0;0;0;370.69;396.28;58.99;0.06;396.37;392.25;0.18;0;0.58
1982;1;28;0.42;0.4;-12.4;-12.4;0;0;0;0;370.69;396.28;58.84;0.05;396.79;392.65;0.18;0;0.59
1982;1;29;23.23;23.04;-13.5;-13.5;0;0;0;0;370.69;396.28;58.69;0.05;420.02;415.69;0.17;0;0.6
1982;1;30;15.41;15.22;-9.2;-9.2;0;0;0;0;370.69;396.28;58.53;0.05;435.43;430.91;0.17;0;0.6
1982;1;31;6.18;5.98;-9.3;-9.3;0;0;0;0;370.69;396.28;58.38;0.05;441.61;436.89;0.17;0;0.6
1982;2;1;0.21;0.2;-10;-10;0;0;0;0;370.69;396.28;58.23;0.05;441.82;437.09;0.17;0;0.6
1982;2;2;0;0;-13.1;-13.1;0;0;0;0;370.69;396.28;58.08;0.05;441.82;437.09;0.17;0;0.6
1982;2;3;0;0;-13.9;-13.9;0;0;0;0;370.69;396.28;57.93;0.05;441.82;437.09;0.17;0;0.6
1982;2;4;0;0;-14.2;-14.2;0;0;0;0;370.69;396.28;57.78;0.05;441.82;437.09;0.17;0;0.6
1982;2;5;0;0;-14.2;-14.2;0;0;0;0;370.69;396.28;57.64;0.04;441.82;437.09;0.17;0;0.6
1982;2;6;0.53;0.5;-12.3;-12.3;0;0;0;0;370.69;396.28;57.49;0.04;442.35;437.59;0.17;0;0.6
1982;2;7;0.3;0.28;-10.8;-10.8;0;0;0;0;370.69;396.28;57.34;0.04;442.64;437.87;0.17;0;0.6
1982;2;8;3;2.95;-11.8;-11.8;0;0;0;0;370.69;396.28;57.19;0.04;445.64;440.82;0.17;0;0.59
1982;2;9;0.86;0.83;-10.3;-10.3;0;0;0;0;370.69;396.28;57.05;0.04;446.5;441.65;0.17;0;0.54
1982;2;10;0;0;-8.8;-8.8;0;0;0;0;370.69;396.28;56.9;0.04;446.5;441.65;0.17;0;0.53
1982;2;11;0;0;-7;-7;0;0;0;0;370.69;396.28;56.75;0.04;446.5;441.65;0.17;0;0.53
1982;2;12;0;0;-7.9;-7.9;0;0;0;0;370.69;396.28;56.61;0.04;446.5;441.64;0.17;0;0.53
1982;2;13;0;0;-8.7;-8.7;0;0;0;0;370.69;396.28;56.46;0.04;446.5;441.64;0.17;0;0.53
1982;2;14;0.05;0.05;-10.6;-10.6;0;0;0;0;370.69;396.28;56.32;0.04;446.55;441.69;0.17;0;0.53
1982;2;15;1;1.04;-11.8;-11.8;0;0;0;0;370.69;396.28;56.17;0.04;447.55;442.74;0.17;0;0.53
1982;2;16;0.52;0.56;-10.5;-10.5;0;0;0;0;370.69;396.28;56.03;0.04;448.07;443.3;0.17;0;0.54
1982;2;17;0.15;0.16;-9.7;-9.7;0;0;0;0;370.69;396.28;55.89;0.04;448.22;443.45;0.17;0;0.54
1982;2;18;0.46;0.43;-9.1;-9.1;0;0;0;0;370.69;396.28;55.74;0.04;448.68;443.88;0.17;0;0.54
1982;2;19;2.55;2.5;-9;-9;0;0;0;0;370.69;396.28;55.6;0.04;451.23;446.38;0.16;0;0.54
1982;2;20;0.31;0.31;-10.9;-10.9;0;0;0;0;370.69;396.28;55.46;0.04;451.53;446.69;0.16;0;0.54
1982;2;21;0.02;0.02;-13.4;-13.4;0;0;0;0;370.69;396.28;55.31;0.04;451.55;446.71;0.16;0;0.54
1982;2;22;1.67;1.7;-17.1;-17.1;0;0;0;0;370.69;396.28;55.17;0.04;453.22;448.42;0.16;0;0.54
1982;2;23;1.8;1.81;-17.7;-17.7;0;0;0;0;370.69;396.28;55.03;0.04;455.02;450.23;0.16;0;0.54
1982;2;24;2.29;2.27;-17.5;-17.5;0;0;0;0;370.69;396.28;54.89;0.04;457.31;452.5;0.16;0;0.54
1982;2;25;1.25;1.26;-17.9;-17.9;0;0;0;0;370.69;396.28;54.75;0.04;458.56;453.75;0.16;0;0.54
1982;2;26;0.25;0.24;-17.8;-17.8;0;0;0;0;370.69;396.28;54.61;0.04;458.81;454;0.16;0;0.54
1982;2;27;0;0;-15.5;-15.5;0;0;0;0;370.69;396.28;54.47;0.04;458.81;454;0.16;0;0.54
1982;2;28;0.22;0.22;-10.6;-10.6;0;0;0;0;370.69;396.28;54.33;0.04;459.03;454.21;0.16;0;0.54
1982;3;1;0.65;0.65;-7.2;-7.2;0;0;0;0;370.69;396.28;54.19;0.04;459.68;454.86;0.16;0;0.54
1982;3;2;7.12;7;-13.3;-13.3;0;0;0;0;370.69;396.28;54.05;0.04;466.8;461.86;0.16;0;0.54
1982;3;3;0.09;0.09;-10.8;-10.8;0;0;0;0;370.69;396.28;53.91;0.04;466.89;461.95;0.16;0;0.5
1982;3;4;4.58;4.49;-8.5;-8.5;0;0;0;0;370.69;396.28;53.78;0.04;471.47;466.44;0.16;0;0.5
1982;3;5;4.54;4.41;-12.6;-12.6;0;0;0;0;370.69;396.28;53.64;0.04;476.01;470.85;0.16;0;0.5
1982;3;6;0.48;0.45;-14.9;-14.9;0;0;0;0;370.69;396.28;53.5;0.04;476.49;471.3;0.16;0;0.5
1982;3;7;1.48;1.52;-12.3;-12.3;0;0;0;0;370.69;396.28;53.36;0.04;477.97;472.82;0.16;0;0.5
1982;3;8;0.91;0.94;-9.8;-9.8;0;0;0;0;370.69;396.28;53.23;0.04;478.88;473.76;0.16;0;0.5
1982;3;9;0.24;0.25;-10.6;-10.6;0;0;0;0;370.69;396.28;53.09;0.04;479.11;474.01;0.16;0;0.5
1982;3;10;1.33;1.35;-11.1;-11.1;0;0;0;0;370.69;396.28;52.95;0.04;480.45;475.36;0.16;0;0.5
1982;3;11;9.24;9.12;-13.2;-13.2;0;0;0;0;370.69;396.28;52.82;0.04;489.69;484.48;0.16;0;0.5
1982;3;12;2.67;2.61;-12.1;-12.1;0;0;0;0;370.69;396.28;52.68;0.04;492.35;487.09;0.16;0;0.5
1982;3;13;5.23;5.14;-13.5;-13.5;0;0;0;0;370.69;396.28;52.55;0.04;497.59;492.23;0.16;0;0.5
1982;3;14;0.94;0.9;-15.5;-15.5;0;0;0;0;370.69;396.28;52.41;0.04;498.52;493.13;0.16;0;0.5
1982;3;15;0;0;-11.9;-11.9;0;0;0;0;370.69;396.28;52.28;0.04;498.52;493.13;0.15;0;0.5
1982;3;16;0;0;-10.3;-10.3;0;0;0;0;370.69;396.28;52.15;0.03;498.52;493.13;0.15;0;0.5
1982;3;17;5.32;5.33;-10.3;-10.3;0;0;0;0;370.69;396.28;52.01;0.03;503.85;498.46;0.15;0;0.5
1982;3;18;17.13;17;-11.8;-11.8;0;0;0;0;370.69;396.28;51.88;0.03;520.98;515.46;0.15;0;0.5
1982;3;19;1.74;1.66;-13.5;-13.5;0;0;0;0;370.69;396.28;51.75;0.03;522.72;517.12;0.15;0;0.5
1982;3;20;4.07;4.02;-12.6;-12.6;0;0;0;0;370.69;396.28;51.62;0.03;526.78;521.14;0.15;0;0.5
1982;3;21;2.36;2.32;-11.2;-11.2;0;0;0;0;370.69;396.28;51.48;0.03;529.15;523.46;0.15;0;0.5
1982;3;22;1.37;1.31;-11.4;-11.4;0;0;0;0;370.69;396.28;51.35;0.03;530.52;524.77;0.15;0;0.5
1982;3;23;2.21;2.16;-12.9;-12.9;0;0;0;0;370.69;396.28;51.22;0.03;532.73;526.93;0.15;0;0.5
1982;3;24;0.03;0.03;-11;-11;0;0;0;0;370.69;396.28;51.09;0.03;532.76;526.96;0.15;0;0.5
1982;3;25;0;0;-9;-9;0;0;0;0;370.69;396.28;50.96;0.03;532.76;526.96;0.15;0;0.5
1982;3;26;0;0;-6.4;-6.4;0;0;0;0;370.69;396.28;50.83;0.03;532.76;526.96;0.15;0;0.54
1982;3;27;0;0;-5.4;-5.4;0;0;0;0;370.69;396.28;50.7;0.03;532.76;526.96;0.15;0;0.59
1982;3;28;1.28;1.32;-6.9;-6.9;0;0;0;0;370.69;396.28;50.57;0.03;534.04;528.28;0.15;0;0.6
1982;3;29;0.09;0.1;-7.7;-7.7;0;0;0;0;370.69;396.28;50.44;0.03;534.14;528.38;0.15;0;0.59
1982;3;30;0.49;0.5;-7.3;-7.3;0;0;0;0;370.69;396.28;50.31;0.03;534.63;528.88;0.15;0;0.54
1982;3;31;2.94;3.01;-7;-7;0;0;0;0;370.69;396.28;50.18;0.03;537.57;531.89;0.15;0;0.55
1982;4;1;0.04;0.04;-4.8;-4.8;0;0;0;0;370.69;396.28;50.05;0.03;537.61;531.93;0.15;0;0.6
1982;4;2;0.39;0.37;-4.8;-4.8;0;0;0;0;370.69;396.28;49.92;0.03;538;532.3;0.15;0;0.61
1982;4;3;2.45;2.42;-5;-5;0;0;0;0;370.69;396.28;49.8;0.03;540.45;534.72;0.15;0;0.67
1982;4;4;0;0;-3.6;-3.6;0;0;0;0;370.69;396.28;49.67;0.03;540.45;534.72;0.15;0;0.67
1982;4;5;0;0;-2.2;-2.2;0;0;0;0;370.69;396.28;49.54;0.03;540.45;534.72;0.15;0;0.84
1982;4;6;0.21;0.21;-2.3;-2.3;0;0;0;0;370.69;396.28;49.41;0.03;540.66;534.93;0.15;0;1.01
1982;4;7;0.21;0.2;-2.8;-2.8;0;0;0;0;370.69;396.28;49.29;0.03;540.87;535.13;0.15;0;0.91
1982;4;8;3.77;3.74;-2.8;-2.8;0;0;0;0;370.69;396.28;49.16;0.03;544.64;538.87;0.15;0;0.81
1982;4;9;1.11;1.05;-8.1;-8.1;0;0;0;0;370.69;396.28;49.04;0.03;545.75;539.92;0.15;0;0.81
1982;4;10;0.25;0.23;-9.5;-9.5;0;0;0;0;370.69;396.28;48.91;0.03;546;540.15;0.14;0;0.73
1982;4;11;0.33;0.3;-9.1;-9.1;0;0;0;0;370.69;396.28;48.79;0.03;546.33;540.45;0.14;0;0.73
1982;4;12;0.6;0.55;-9.5;-9.5;0;0;0;0;370.69;396.28;48.66;0.03;546.93;541;0.14;0;0.66
1982;4;13;3.67;3.63;-10.3;-10.3;0;0;0;0;370.69;396.28;48.54;0.03;550.6;544.63;0.14;0;0.66
1982;4;14;0.14;0.13;-9.6;-9.6;0;0;0;0;370.69;396.28;48.41;0.03;550.74;544.76;0.14;0;0.66
1982;4;15;0.07;0.07;-6.4;-6.4;0;0;0;0;370.69;396.28;48.29;0.03;550.81;544.83;0.14;0;0.67
1982;4;16;0.04;0.04;-3.7;-3.7;0;0;0;0;370.69;396.28;48.16;0.03;550.85;544.87;0.14;0;0.74
1982;4;17;0.5;0.49;-4.5;-4.5;0;0;0;0;370.69;396.28;48.04;0.03;551.35;545.36;0.14;0;0.82
1982;4;18;0.16;0.15;-6.5;-6.5;0;0;0;0;370.69;396.28;47.92;0.03;551.51;545.51;0.14;0;0.81
1982;4;19;0.01;0.01;-7.6;-7.6;0;0;0;0;370.69;396.28;47.8;0.03;551.52;545.52;0.14;0;0.81
1982;4;20;1.51;1.52;-9.5;-9.5;0;0;0;0;370.69;396.28;47.67;0.03;553.03;547.04;0.14;0;0.81
1982;4;21;0.28;0.26;-9.6;-9.6;0;0;0;0;370.69;396.28;47.55;0.03;553.31;547.3;0.14;0;0.73
1982;4;22;1.19;1.1;-9.2;-9.2;0;0;0;0;370.69;396.28;47.43;0.03;554.5;548.4;0.14;0;0.73
1982;4;23;0.06;0.06;-9.1;-9.1;0;0;0;0;370.69;396.28;47.31;0.03;554.56;548.46;0.14;0;0.66
1982;4;24;4.62;4.55;-9.4;-9.4;0;0;0;0;370.69;396.28;47.19;0.03;559.18;553.01;0.14;0;0.66
1982;4;25;0.72;0.72;-9.2;-9.2;0;0;0;0;370.69;396.28;47.07;0.03;559.9;553.73;0.14;0;0.66
1982;4;26;0.52;0.48;-7.5;-7.5;0;0;0;0;370.69;396.28;46.95;0.03;560.42;554.21;0.14;0;0.67
1982;4;27;1.66;1.54;-8.6;-8.6;0;0;0;0;370.69;396.28;46.83;0.03;562.08;555.75;0.14;0;0.74
1982;4;28;1.66;1.56;-8.3;-8.3;0;0;0;0;370.69;396.28;46.71;0.03;563.75;557.31;0.14;0;0.66
1982;4;29;4.56;4.41;-6.7;-6.7;0;0;0;0;370.69;396.28;46.59;0.03;568.3;561.72;0.14;0;0.66
1982;4;30;3.54;3.47;-10.1;-10;0;0;0;0;370.69;396.28;46.47;0.03;571.84;565.19;0.14;0;0.66
1982;5;1;1.48;1.43;-7.3;-7.3;0;0;0;0;370.69;396.28;46.35;0.03;573.32;566.62;0.14;0;0.64
1982;5;2;0.23;0.22;-6.3;-6.3;0;0;0;0;370.69;396.28;46.23;0.03;573.56;566.84;0.14;0;0.64
1982;5;3;0.12;0.13;-3.8;-3.8;0;0;0;0;370.69;396.28;46.11;0.03;573.67;566.97;0.14;0;0.7
1982;5;4;1.42;1.49;-3;-3;0;0;0;0;370.69;396.28;45.99;0.03;575.1;568.46;0.14;0;0.79
1982;5;5;11.8;11.97;-2.7;-2.7;0;0;0;0;370.69;396.28;45.88;0.03;586.9;580.43;0.14;0;0.8
1982;5;6;9.64;9.78;-3;-3;0;0;0;0;370.69;396.28;45.76;0.03;596.54;590.21;0.14;0;0.89
1982;5;7;6.63;6.65;-6.4;-6.3;0;0;0;0;370.69;396.28;45.64;0.03;603.17;596.86;0.14;0;0.79
1982;5;8;8.23;8.39;-5;-5;0;0;0;0;370.69;396.28;45.53;0.03;611.39;605.25;0.13;0;0.71
1982;5;9;10.23;10.4;-3;-3;0;0;0;0;370.69;396.28;45.41;0.03;621.62;615.65;0.13;0;0.72
1982;5;10;0.32;0.31;-3.3;-3.3;0;0;0;0;370.69;396.28;45.29;0.03;621.94;615.96;0.13;0;0.8
1982;5;11;0.01;0.01;-3.5;-3.5;0;0;0;0;370.69;396.28;45.18;0.03;621.95;615.97;0.13;0;0.9
1982;5;12;0;0;-2.6;-2.6;0;0;0;0;370.69;396.28;45.06;0.03;621.95;615.97;0.13;0;1.12
1982;5;13;0;0;-3.2;-3.2;0;0;0;0;370.69;396.28;44.95;0.03;621.95;615.97;0.13;0;1.25
1982;5;14;0;0;-1.3;-1.3;0;0;0;0;370.69;396.28;44.83;0.03;621.95;615.97;0.13;0;1.43
1982;5;15;0.06;0.07;0.5;0.5;0.94;0.98;0.15;0.15;370.69;396.28;44.72;0.03;621.87;615.89;0.13;0;1.94
1982;5;16;0.45;0.45;0.1;0.1;0.4;0.45;0.06;0.07;370.69;396.28;44.6;0.03;622.26;616.27;0.13;0;2.59
1982;5;17;3.37;3.45;-0.1;-0.1;0;0;0;0;370.69;396.28;44.49;0.03;625.63;619.72;0.13;0;2.95
1982;5;18;1.69;1.68;0.2;0.2;0.56;0.63;0.08;0.09;370.71;396.31;44.37;0.03;627.18;621.24;0.13;0;3.37
1982;5;19;3.71;3.68;-0.2;-0.2;0;0;0;0;370.71;396.31;44.26;0.03;630.89;624.92;0.13;0;3.14
1982;5;20;2.92;2.92;0.1;0.1;0.4;0.45;0.05;0.06;370.72;396.33;44.15;0.03;633.71;627.73;0.13;0;3.62
1982;5;21;3.13;3.18;0;0;0;0;0;0;370.72;396.33;44.03;0.03;636.84;630.91;0.13;0;4.27
1982;5;22;1.98;2.01;0.3;0.3;0.68;0.76;0.09;0.1;369.45;394.89;45.7;2.05;638.47;632.52;0.2;0.07;4.64
1982;5;23;11.34;11.46;0.6;0.6;1.03;1.06;0.05;0.05;368.28;393.56;47.09;3.75;649.22;643.32;0.63;0.51;5.23
1982;5;24;23.59;23.61;-3.2;-3.2;0;0;0;0;368.28;393.56;46.77;3.51;672.82;666.93;0.55;0.42;4.39
1982;5;25;0.04;0.04;-0.7;-0.7;0;0;0;0;368.28;393.56;46.46;3.29;672.86;666.97;0.38;0.25;2.82
1982;5;26;0;0;1.9;2;1.85;1.89;0.29;0.29;367.62;392.81;47.81;4.94;670.55;664.39;0.71;0.59;3.47
1982;5;27;0.06;0.06;3;3.1;2.31;2.33;0.36;0.36;368.63;394.32;49.04;6.46;662.5;655.33;2.43;2.3;4.62
1982;5;28;7.34;7.18;2.1;2.2;1.96;1.98;0.17;0.17;369.43;395.59;50.29;7.98;662.41;654.13;3.76;3.6;4.71
1982;5;29;1.42;1.39;2.1;2.1;1.93;1.94;0.28;0.27;370.34;396.97;51.63;9.58;655.9;646.6;4.33;4.12;5.07
1982;5;30;0.35;0.36;3;3;2.3;2.3;0.36;0.34;373.26;399.53;53.07;11.29;643.55;634.26;5.23;4.96;5.29
1982;5;31;0.1;0.11;3.5;3.5;2.47;2.47;0.32;0.3;377.08;402.43;54.68;13.14;628.84;620.33;6.34;5.95;5.95
1982;6;1;0.01;0.01;4.8;4.8;2.91;2.92;0.38;0.36;381.88;405.87;56.5;15.18;611.13;604.06;7.47;6.92;6.79
1982;6;2;0.02;0.02;5.1;5.1;3;3;0.39;0.37;388.22;410.89;58.61;17.48;587.81;581.9;9.31;8.57;7.33
1982;6;3;0.49;0.49;4.9;4.9;2.95;2.95;0.37;0.35;394.77;416.33;61.11;20.15;562.45;557.38;11.39;10.48;7.8
1982;6;4;6.85;6.74;4.2;4.2;2.73;2.74;0.21;0.2;401.8;422.31;64.07;23.25;539.98;535.43;13.59;12.52;8.68
1982;6;5;1.38;1.3;4.3;4.4;2.78;2.8;0.26;0.24;406.32;425.99;67.42;26.71;518.68;514.85;14.18;12.98;10.05
1982;6;6;7.82;7.81;4;4;2.67;2.67;0.15;0.13;411.33;429.95;71.03;30.39;501.03;498.37;14.45;13.15;10.4
1982;6;7;5;5.06;3.6;3.7;2.56;2.58;0.19;0.17;414.54;432.44;74.78;34.15;485.82;484.2;14.32;12.93;10.68
1982;6;8;7.6;7.66;4.5;4.5;2.83;2.83;0.16;0.14;419.35;436.18;78.61;37.94;465.99;465.89;15.26;13.77;9.99
1982;6;9;10.72;10.94;4.3;4.3;2.76;2.77;0.11;0.09;424.17;440.12;82.59;41.81;446.82;447.96;17.43;15.79;11.25
1982;6;10;2.65;2.73;4.1;4.2;2.73;2.74;0.24;0.21;426.69;442.07;86.71;45.77;428.07;430.33;17.47;15.72;10.96
1982;6;11;12.82;12.96;4.3;4.4;2.79;2.8;0.07;0.06;431.35;445.89;90.92;49.75;408.01;411.45;18.87;17.03;11.61
1982;6;12;21.97;22.04;0.9;1;1.34;1.38;0;0;429.98;444.89;95.03;53.57;425.63;428.9;15.93;14.15;11.05
1982;6;13;8.29;8.26;-2.8;-2.8;0;0;0;0;427.87;443.16;98.54;56.74;433.92;437.16;10.25;8.8;6.78
1982;6;14;5.46;5.21;-2.9;-2.8;0;0;0;0;427.87;443.16;95.2;53.1;439.38;442.37;6.78;5.71;5.55
1982;6;15;0.6;0.58;-1.9;-1.8;0;0;0;0;427.87;443.16;92.07;49.69;439.98;442.95;5.23;4.43;5.41
1982;6;16;13.15;12.89;0.1;0.1;0.4;0.46;0.01;0.02;427.89;443.18;89.13;46.5;453.02;455.71;4.69;4.05;4.58
1982;6;17;2.11;2.06;3.5;3.6;2.52;2.54;0.23;0.21;427.67;443.22;92.34;49.44;444.96;447.25;6.43;5.81;4.85
1982;6;18;6.69;6.67;4.6;4.7;2.87;2.89;0.13;0.11;430.25;445.18;95.03;51.84;428.78;432.16;11.22;10.36;5.58
1982;6;19;3.9;3.89;2.6;2.7;2.19;2.22;0.13;0.1;429.75;444.71;97.53;54.04;424.38;428.19;12.15;11.01;6.09
1982;6;20;1.59;1.72;4;4.1;2.69;2.71;0.19;0.15;430.12;444.76;99.8;55.97;413.84;418.97;11.24;9.98;6.56
1982;6;21;6.15;6.36;4.1;4.2;2.72;2.74;0.13;0.1;431.53;445.73;101.88;57.69;402.29;408.8;12.38;11.02;5.88
1982;6;22;3.43;3.49;5.3;5.3;3.06;3.06;0.19;0.15;433.23;446.69;103.96;59.35;386.77;395.42;13.91;12.36;8.15
1982;6;23;18.46;18.46;4.8;4.9;2.94;2.95;0;0;437.4;449.9;106.25;61.18;371.81;382.38;17.7;15.85;12.62
1982;6;24;0.69;0.69;5.3;5.4;3.08;3.09;0.22;0.18;438.4;450.33;108.85;63.27;355.18;367.92;18.22;16.11;11.1
1982;6;25;0.92;0.96;8.2;8.2;3.77;3.77;0.27;0.22;441.1;451.9;111.65;65.47;329.16;345.54;18.06;15.74;12.71
1982;6;26;11.48;11.31;7;7;3.49;3.5;0.08;0.07;444.65;454.4;114.71;67.85;306.31;325.86;20.98;18.32;16.9
1982;6;27;14.23;14.12;1.1;1.1;1.42;1.44;0.02;0.02;443.06;453.22;117.89;70.26;316.02;335.4;18.16;15.47;14.38
1982;6;28;1.17;1.14;1.8;1.8;1.81;1.83;0.13;0.1;441.52;451.99;120.67;72.22;312.7;332.42;12.94;10.74;9.23
1982;6;29;8.07;8.11;2.3;2.4;2.08;2.1;0.08;0.07;440.72;451.42;122.85;73.55;311.76;331.8;11.47;9.73;8.57
1982;6;30;0.36;0.32;0.9;0.9;1.29;1.31;0.09;0.08;438.81;449.91;124.47;74.33;310.2;330.35;10.24;8.75;7.66
1982;7;1;0.03;0.03;3.4;3.5;2.51;2.53;0.19;0.16;438.13;449.2;125.59;74.63;301.73;323.03;9.84;8.47;7.46
1982;7;2;2.61;2.79;6.4;6.4;3.37;3.38;0.22;0.17;439.49;449.99;126.48;74.71;284.59;308.51;12.49;10.95;10.17
1982;7;3;1.75;1.87;7.8;7.8;3.71;3.71;0.24;0.2;441.31;451.2;127.51;74.92;263.14;289.77;15.84;13.9;13.3
1982;7;4;9.73;9.68;4.8;4.9;2.96;2.97;0.08;0.08;442.82;452.54;128.87;75.44;249.68;277.3;18.08;15.85;16.17
1982;7;5;0;0;6.7;6.8;3.46;3.47;0.12;0.11;442.48;452.18;130.46;76.16;238;266.89;16.77;14.52;14.1
1982;7;6;8.1;8.3;7.1;7.1;3.54;3.55;0.06;0.06;443.04;452.86;132.09;76.93;227.93;257.31;16.03;13.92;17.14
1982;7;7;0.19;0.17;4.7;4.7;2.93;2.91;0.08;0.09;441.77;451.97;133.62;77.6;221.58;250.87;14.41;12.53;20.98
1982;7;8;0;0;7.8;7.8;3.7;3.71;0.19;0.11;440.75;451.68;134.91;78.06;212.03;240.05;13.99;11.18;19.7
1982;7;9;0.28;0.29;9.7;9.7;4.11;4.12;0.31;0.12;440.04;451.84;135.97;78.36;199.99;226.43;16.11;11.96;19.9
1982;7;10;0.16;0.15;8.5;8.5;3.86;3.87;0.29;0.12;439.14;451.75;136.89;78.6;189.34;214.36;16.8;12.48;21.58
1982;7;11;0.06;0.07;8.6;8.6;3.88;3.89;0.29;0.12;438.27;451.69;137.69;78.8;178.47;202.06;16.52;12.41;22.8
1982;7;12;0.13;0.13;7.1;7.1;3.55;3.55;0.26;0.11;437.2;451.36;138.35;78.93;169.42;191.82;15.85;12.01;22.4
1982;7;13;1.88;1.85;7.8;7.8;3.71;3.71;0.24;0.1;436.59;451.43;138.9;78.99;159.42;180.5;15.77;12.09;22.8
1982;7;14;3.03;3.07;7.7;7.7;3.68;3.69;0.22;0.09;436.18;451.66;139.38;79.06;149.49;169.25;16.44;12.75;24.99
1982;7;15;8.09;8.05;7.9;7.9;3.73;3.73;0.13;0.06;436.73;452.62;139.94;79.24;139.22;157.62;17.96;14.24;26
1982;7;16;7.42;7.13;8;8;3.75;3.75;0.13;0.07;437.2;453.41;140.65;79.64;128.8;145.82;19.25;15.42;24.55
1982;7;17;13.24;13.22;7;7;3.52;3.52;0.05;0.02;438.38;454.76;141.6;80.3;119.59;135.4;20.59;16.8;24.67
1982;7;18;5.61;5.61;5.8;5.8;3.21;3.22;0.15;0.07;437.99;454.79;142.72;81.17;112.02;126.82;19.63;16.17;22.81
1982;7;19;4.17;4.09;6;6;3.27;3.27;0.17;0.08;437.42;454.65;143.83;82.03;104.18;117.95;17.64;14.4;21.07
1982;7;20;13.27;13.12;6.7;6.7;3.44;3.45;0.04;0.02;438.54;455.83;144.91;82.86;95.34;107.95;18.94;15.62;21.31
1982;7;21;9.87;9.85;6.3;6.3;3.35;3.35;0.1;0.04;438.89;456.41;146.09;83.8;87.06;98.56;20.27;16.87;21.57
1982;7;22;10.67;10.61;5.6;5.6;3.16;3.17;0.08;0.04;439.25;456.92;147.35;84.85;79.68;90.21;20.13;16.85;21.14
1982;7;23;7.64;7.7;5.1;5.1;3.03;3.03;0.12;0.05;438.99;456.95;148.61;85.89;72.97;82.62;19.15;16.07;19.11
1982;7;24;10.39;10.28;4.6;4.6;2.88;2.88;0.07;0.03;439.14;457.21;149.81;86.85;66.91;75.75;18.6;15.71;18.57
1982;7;25;7.64;7.58;4.3;4.3;2.79;2.79;0.1;0.05;438.79;457.07;150.9;87.7;61.25;69.34;17.93;15.24;16.53
1982;7;26;7.73;7.6;3.5;3.5;2.53;2.53;0.09;0.04;438.23;456.64;151.82;88.37;57.8;65.44;16.65;14.17;13.69
1982;7;27;9.34;9.34;3.3;3.3;2.45;2.46;0.07;0.03;437.74;456.24;152.53;88.8;55.89;63.28;15.66;13.4;11.58
1982;7;28;7.71;7.71;3.2;3.2;2.42;2.42;0.09;0.04;436.96;455.62;153.02;88.98;54.26;61.43;14.87;12.7;9.43
1982;7;29;0.68;0.69;5.2;5.2;3.06;3.06;0.2;0.09;435.46;454.64;153.24;88.87;49.14;55.63;13.95;11.47;10.19
1982;7;30;1.21;1.24;7.3;7.3;3.6;3.59;0.23;0.1;434.39;454.13;153.2;88.5;41.42;46.9;14.33;11.22;13.23
1982;7;31;18.75;18.69;5.2;5.2;3.06;3.06;0;0;436.19;455.65;153.15;88.13;35.53;40.23;17.97;14.75;13.51
1982;8;1;0.15;0.15;7;7;3.23;3.23;0.22;0.1;434.97;455;153.25;87.94;27.54;31.18;18.19;14.91;15.45
1982;8;2;3.33;3.43;8.3;8.3;3.51;3.51;0.2;0.09;434.5;455.05;153.4;87.81;17.76;20.11;17.5;13.77;15.65
1982;8;3;7;7.21;6.3;6.3;3.08;3.07;0.13;0.05;434.39;455.26;153.55;87.7;10.14;11.48;17.99;14.34;18.18
1982;8;4;5.86;5.64;4.9;4.9;2.73;2.73;0.11;0.06;434.03;455.05;153.72;87.63;4.12;4.67;17.19;14.14;13.8
1982;8;5;6.28;6.02;5.1;5.1;2.78;2.78;0.05;0;433.54;454.62;153.84;87.52;0;0;15.91;13.17;13.98
1982;8;6;6.22;6.12;5.2;5.2;2.81;2.81;0.36;0.34;432.18;453.29;153.83;87.25;0;0;19.05;16.28;13.8
1982;8;7;8.17;7.88;3.9;3.9;2.45;2.44;0.26;0.25;431.36;452.32;153.62;86.77;0;0;14.13;11.52;12.56
1982;8;8;6.05;6.09;4.5;4.5;2.62;2.62;0.35;0.32;430;451.08;153.22;86.06;0;0;16.85;14.38;12.08
1982;8;9;2.92;2.87;5.4;5.4;2.85;2.86;0.89;0.91;427.61;448.82;152.62;85.13;0;0;17.28;14.65;12.51
1982;8;10;1.01;0.95;6.3;6.3;3.07;3.07;1.08;1.11;424.7;446.1;151.76;83.92;0;0;17.14;14.28;13.76
1982;8;11;0.58;0.59;7.9;7.9;3.42;3.43;1.24;1.27;421.56;443.2;150.63;82.43;0;0;18.2;14.92;16.9
1982;8;12;2.14;2.04;8.4;8.4;3.53;3.53;1.16;1.19;418.89;440.63;149.28;80.7;0;0;19.29;15.61;19.43
1982;8;13;2.73;2.8;7.5;7.5;3.34;3.34;1.05;1.07;416.43;438.35;147.78;78.82;0;0;18.93;15.25;21.81
1982;8;14;2.25;2.42;7.6;7.6;3.36;3.36;1.08;1.1;413.84;436;146.19;76.86;0;0;18.7;15.18;22.01
1982;8;15;3.97;3.97;7.5;7.5;3.34;3.34;0.95;0.98;411.87;434.11;144.56;74.88;0;0;18.72;15.24;23.06
1982;8;16;11.05;11.08;6.8;6.8;3.19;3.19;0.41;0.42;412.18;434.26;143.02;72.99;0;0;19.44;16.06;23.28
1982;8;17;8.42;8.39;3.7;3.7;2.38;2.38;0.24;0.23;412.03;434.05;141.69;71.34;0;0;13.22;10.44;19.69
1982;8;18;0.14;0.13;6.1;6.1;3.02;3.03;0.61;0.58;409.52;431.81;140.49;69.83;0;0;15.83;13.24;18.21
1982;8;19;6.08;5.96;5.7;5.7;2.93;2.93;0.7;0.72;408.45;430.67;139.29;68.33;0;0;15.95;13.13;16.99
1982;8;20;19.16;19.36;3.9;3.9;2.44;2.44;0;0;411.32;433.17;138.27;67.02;0;0;13.27;10.71;17.05
1982;8;21;0.86;0.8;0.4;0.4;0.81;0.82;0.01;0;409.59;431.66;137.49;65.98;0;0;10.92;9.3;11.42
1982;8;22;0.01;0.01;1.5;1.5;1.53;1.55;0;0;407.67;429.98;136.72;64.95;0;0;7.31;6.49;9.63
1982;8;23;0.83;0.81;3.6;3.6;2.35;2.35;0.04;0;405.94;428.49;135.81;63.76;0;0;6.58;5.32;9.43
1982;8;24;11.03;11.14;2.3;2.3;1.89;1.9;0.03;0.02;406.41;428.79;134.82;62.51;2.04;2.31;7.87;6.64;8.03
1982;8;25;1.04;1.06;2.5;2.5;1.97;1.98;0.05;0.06;405.17;427.81;133.87;61.3;0.2;0.22;7.68;6.95;7.45
1982;8;26;4.98;5.09;4.2;4.2;2.53;2.53;0.03;0;404.56;427.35;132.97;60.15;0;0;7.88;6.61;9.65
1982;8;27;5.37;5.3;5.3;5.3;2.84;2.83;0.39;0.37;403.73;426.53;132.1;59.05;0;0;13;10.94;9.6
1982;8;28;38.14;38.63;5.3;5.3;2.82;2.83;0;0;411.93;433.78;131.61;58.36;0;0;19.95;17.53;17.51
1982;8;29;5.63;5.73;3.7;3.7;2.38;2.38;0.32;0.3;411;432.97;131.72;58.32;0;0;16.09;13.7;15.19
1982;8;30;0.05;0.05;4.1;4.1;2.5;2.5;0.51;0.48;408.57;430.82;132.02;58.47;0;0;13.75;11.53;13.27
1982;8;31;19.84;19.8;2.4;2.4;1.93;1.94;0;0;410.39;432.12;132.26;58.55;5.56;5.97;10.14;8.6;9.41
1982;9;1;0.22;0.22;2.5;2.5;1.68;1.69;0.04;0.05;409.19;431.09;132.46;58.58;2.69;3.04;8.77;7.87;8.03
1982;9;2;0.02;0.02;4.5;4.5;2.23;2.23;0.04;0;407.81;430.07;132.55;58.49;0;0;7.87;6.47;7.72
1982;9;3;0.03;0.03;6.6;6.6;2.68;2.68;0.51;0.48;405.39;427.93;132.42;58.18;0;0;12.44;10.21;8.99
1982;9;4;0.43;0.46;8.3;8.3;2.99;2.99;1.01;1.04;402.59;425.33;132.06;57.61;0;0;14.71;11.89;11.87
1982;9;5;0.79;0.82;8.6;8.6;3.04;3.05;1;1.04;399.91;422.83;131.47;56.81;0;0;15.77;12.56;14.99
1982;9;6;7.13;7.32;5.4;5.4;2.45;2.44;0.48;0.49;399.5;422.48;130.77;55.91;0;0;14.57;11.58;20.83
1982;9;7;6.8;6.72;4;4;2.11;2.11;0.44;0.45;399.15;422.03;130.1;55.04;0;0;13.4;11.03;13.35
1982;9;8;0.9;0.87;4.4;4.4;2.2;2.21;0.72;0.75;396.82;419.86;129.46;54.22;0;0;12.37;10.3;9.83
1982;9;9;0.38;0.39;5.4;5.4;2.44;2.44;0.82;0.85;394.26;417.47;128.75;53.33;0;0;12.28;10.05;11.28
1982;9;10;0.51;0.51;6.3;6.3;2.63;2.62;0.88;0.91;391.7;415.07;127.94;52.32;0;0;13.1;10.53;12.34
1982;9;11;0.06;0.07;5.5;5.5;2.46;2.46;0.84;0.88;389.06;412.6;127.02;51.21;0;0;12.54;9.93;11.81
1982;9;12;0;0;5.5;5.5;2.46;2.46;0.85;0.88;386.41;410.12;126.01;50.01;0;0;12.08;9.6;12.33
1982;9;13;0.46;0.47;6;6;2.57;2.56;0.86;0.89;383.91;407.77;124.93;48.75;0;0;12.51;9.95;12.07
1982;9;14;0.39;0.4;6.5;6.5;2.67;2.66;0.89;0.93;381.37;405.37;123.82;47.45;0;0;13.19;10.44;12.56
1982;9;15;0.02;0.02;6.4;6.4;2.65;2.64;0.9;0.95;378.71;402.85;122.68;46.14;0;0;13.2;10.36;12.38
1982;9;16;0;0;6.4;6.4;2.65;2.64;0.9;0.95;376.06;400.34;121.52;44.81;0;0;13.05;10.2;12.02
1982;9;17;0;0;5.5;5.5;2.46;2.46;0.84;0.88;373.5;397.9;120.36;43.49;0;0;12.07;9.38;11.48
1982;9;18;0.05;0.05;5;5;2.35;2.35;0.8;0.84;371;395.54;119.19;42.18;0;0;11.1;8.69;11.02
1982;9;19;0.3;0.29;4.9;4.9;2.33;2.33;0.78;0.82;368.64;393.28;118.05;40.89;0;0;10.7;8.43;10.87
1982;9;20;0.44;0.45;5.3;5.3;2.42;2.42;0.8;0.84;366.32;391.06;116.93;39.64;0;0;10.99;8.7;11.27
1982;9;21;3.05;3.17;4.5;4.5;2.24;2.23;0.62;0.65;365.18;390.01;115.86;38.45;0;0;10.74;8.49;10.72
1982;9;22;2.2;2.28;3.4;3.4;1.95;1.95;0.31;0.3;364.05;389;114.89;37.37;0;0;6.5;4.55;10.7
1982;9;23;3.51;3.53;2.4;2.4;1.64;1.66;0.01;0;363.75;388.76;114.01;36.4;0;0;5.22;4.07;9.62
1982;9;24;2.8;2.86;1.1;1.1;1.15;1.14;0.03;0.03;363;388.06;113.23;35.54;0.5;0.56;4.48;3.92;6.05
1982;9;25;0.52;0.56;3.6;3.6;2.02;2.01;0.02;0;361.71;386.96;112.52;34.76;0;0;4.52;3.47;7.42
1982;9;26;7.07;7.19;5;4.9;2.35;2.33;0.25;0.24;362.62;387.84;111.89;34.07;0;0;9.39;7.56;8.66
1982;9;27;10.04;10.17;4;4;2.11;2.11;0.29;0.3;364.66;389.72;111.43;33.57;0;0;10.92;8.94;13.26
1982;9;28;0.16;0.16;2.8;2.8;1.77;1.78;0.3;0.32;362.76;387.95;111.13;33.24;0;0;6.48;5.25;8.28
1982;9;29;0;0;2;2;1.52;1.52;0.26;0.27;360.86;386.17;110.84;32.93;0;0;5.87;4.96;7.62
1982;9;30;10.33;10.31;1.9;1.9;1.48;1.48;0.12;0.12;362.09;386.99;110.55;32.61;3.3;3.72;4.9;4.06;6.7
1982;10;1;15.15;15.08;0;0;0;0;0;0;360.44;385.49;110.28;32.31;0.92;0.94;4.22;3.66;4.43
1982;10;2;0.94;0.96;0.1;0.1;0.28;0.32;0.04;0.05;358.83;384.02;109.98;31.98;1.75;1.77;3.49;2.98;5.09
1982;10;3;0.77;0.74;0.7;0.7;0.78;0.81;0.03;0.02;357.88;383.16;109.63;31.6;0.83;0.8;3.4;2.92;4.77
1982;10;4;1.84;1.91;0.7;0.7;0.82;0.81;0.02;0.02;356.95;382.23;109.26;31.19;1.06;1.2;3.51;3.04;5.2
1982;10;5;7.76;7.99;-1.7;-1.7;0;0;0;0;355.33;380.75;108.86;30.76;8.82;9.19;3.3;2.84;4.42
1982;10;6;24.1;24.25;-3.9;-3.9;0;0;0;0;355.33;380.75;106.9;28.78;32.92;33.44;2.68;2.24;3.84
1982;10;7;0.4;0.43;-6.5;-6.5;0;0;0;0;355.33;380.75;105.06;26.93;33.32;33.87;2.28;1.9;3.62
1982;10;8;2.37;2.36;-6.7;-6.7;0;0;0;0;355.33;380.75;103.32;25.2;35.69;36.23;2.1;1.75;3.35
1982;10;9;2.52;2.47;-6.3;-6.3;0;0;0;0;355.33;380.75;101.69;23.58;38.21;38.7;1.97;1.64;3.12
1982;10;10;0.71;0.75;-8;-8;0;0;0;0;355.33;380.75;100.14;22.07;38.92;39.45;1.86;1.53;2.97
1982;10;11;5.98;5.98;-5.3;-5.3;0;0;0;0;355.33;380.75;98.68;20.65;44.9;45.43;1.76;1.44;2.86
1982;10;12;2.34;2.35;-5;-5;0;0;0;0;355.33;380.75;97.31;19.32;47.24;47.78;1.66;1.34;2.77
1982;10;13;5.73;5.62;-1.8;-1.8;0;0;0;0;355.33;380.75;96;18.08;52.96;53.4;1.57;1.26;3.11
1982;10;14;11.86;11.83;-2.1;-2.1;0;0;0;0;355.33;380.75;94.77;16.92;64.83;65.23;1.49;1.18;3.72
1982;10;15;2.99;2.91;-8.9;-8.9;0;0;0;0;355.33;380.75;93.61;15.83;67.81;68.14;1.41;1.1;3.03
1982;10;16;0.04;0.04;-9.3;-9.3;0;0;0;0;355.33;380.75;92.51;14.82;67.86;68.18;1.33;1.03;2.68
1982;10;17;2.96;2.96;-8;-7.9;0;0;0;0;355.33;380.75;91.46;13.87;70.82;71.14;1.26;0.96;2.45
1982;10;18;0.39;0.41;-4.1;-4.1;0;0;0;0;355.33;380.75;90.47;12.97;71.21;71.55;1.2;0.9;2.29
1982;10;19;0.28;0.29;-1.3;-1.3;0;0;0;0;355.33;380.75;89.54;12.14;71.49;71.84;1.14;0.84;2.24
1982;10;20;0;0;-0.7;-0.7;0;0;0;0;355.33;380.75;88.65;11.36;71.49;71.84;1.08;0.79;2.14
1982;10;21;0;0;1;1;0.97;0.96;0.15;0.15;356.5;381.85;87.8;10.63;68.53;68.82;1.03;0.75;2.09
1982;10;22;1.84;1.89;-0.8;-0.8;0;0;0;0;356.5;381.85;87;9.95;70.37;70.71;0.98;0.7;1.98
1982;10;23;11.87;12.14;-1;-1;0;0;0;0;356.5;381.85;86.23;9.31;82.24;82.85;0.93;0.65;3.23
1982;10;24;2.25;2.24;-3.2;-3.2;0;0;0;0;356.5;381.85;85.51;8.72;84.49;85.09;0.88;0.61;2.63
1982;10;25;3.57;3.55;-3.8;-3.8;0;0;0;0;356.5;381.85;84.81;8.16;88.06;88.64;0.84;0.57;2.28
1982;10;26;0;0;-3.2;-3.2;0;0;0;0;356.5;381.85;84.16;7.63;88.06;88.64;0.8;0.53;1.99
1982;10;27;0;0;-4.2;-4.2;0;0;0;0;356.5;381.85;83.53;7.15;88.06;88.64;0.77;0.5;1.86
1982;10;28;0;0;-3.9;-3.9;0;0;0;0;356.5;381.85;82.92;6.69;88.06;88.64;0.73;0.46;1.73
1982;10;29;0;0;-2.4;-2.4;0;0;0;0;356.5;381.85;82.35;6.26;88.06;88.64;0.7;0.44;1.72
1982;10;30;0;0;-2.3;-2.3;0;0;0;0;356.5;381.85;81.8;5.86;88.06;88.64;0.67;0.41;1.7
1982;10;31;0;0;-2;-2;0;0;0;0;356.5;381.85;81.27;5.48;88.06;88.64;0.64;0.38;1.55
1982;11;1;0;0;-1.7;-1.7;0;0;0;0;356.5;381.85;80.77;5.13;88.06;88.64;0.61;0.36;1.57
1982;11;2;0;0;-0.8;-0.8;0;0;0;0;356.5;381.85;80.28;4.8;88.06;88.64;0.59;0.33;1.54
1982;11;3;0;0;-1.8;-1.8;0;0;0;0;356.5;381.85;79.81;4.5;88.06;88.64;0.57;0.31;1.51
1982;11;4;0;0;-3.2;-3.2;0;0;0;0;356.5;381.85;79.37;4.21;88.06;88.64;0.54;0.29;1.43
1982;11;5;0;0;-4.5;-4.5;0;0;0;0;356.5;381.85;78.94;3.94;88.06;88.64;0.52;0.27;1.36
1982;11;6;0.07;0.08;-5.6;-5.6;0;0;0;0;356.5;381.85;78.52;3.69;88.13;88.72;0.5;0.26;1.25
1982;11;7;0.07;0.08;-5.6;-5.6;0;0;0;0;356.5;381.85;78.12;3.46;88.2;88.8;0.49;0.24;1.22
1982;11;8;5.39;5.55;-5.2;-5.3;0;0;0;0;356.5;381.85;77.73;3.23;93.59;94.35;0.47;0.22;1.2
1982;11;9;14.64;14.94;-2.8;-2.8;0;0;0;0;356.5;381.85;77.36;3.03;108.23;109.29;0.45;0.21;1.22
1982;11;10;1.54;1.53;-1.9;-1.9;0;0;0;0;356.5;381.85;77;2.84;109.77;110.82;0.44;0.2;1.23
1982;11;11;0;0;-2.8;-2.8;0;0;0;0;356.5;381.85;76.65;2.66;109.77;110.82;0.42;0.18;1.24
1982;11;12;0.28;0.3;-3.2;-3.2;0;0;0;0;356.5;381.85;76.31;2.49;110.05;111.12;0.41;0.17;1.22
1982;11;13;16.62;16.79;-3.3;-3.3;0;0;0;0;356.5;381.85;75.98;2.33;126.67;127.91;0.4;0.16;1.17
1982;11;14;2.89;2.88;-9.8;-9.8;0;0;0;0;356.5;381.85;75.66;2.18;129.56;130.79;0.39;0.15;1.18
1982;11;15;0.93;0.93;-13.6;-13.6;0;0;0;0;356.5;381.85;75.35;2.04;130.49;131.72;0.37;0.14;1.17
1982;11;16;0.11;0.11;-11;-11;0;0;0;0;356.5;381.85;75.05;1.91;130.6;131.83;0.36;0.13;1.11
1982;11;17;9.77;9.62;-14;-14;0;0;0;0;356.5;381.85;74.75;1.79;140.38;141.45;0.35;0.12;1.08
1982;11;18;6.76;6.62;-9.2;-9.2;0;0;0;0;356.5;381.85;74.46;1.68;147.14;148.07;0.34;0.12;1.07
1982;11;19;0.08;0.08;-7;-7;0;0;0;0;356.5;381.85;74.18;1.57;147.22;148.15;0.34;0.11;1.03
1982;11;20;0;0;-12.3;-12.3;0;0;0;0;356.5;381.85;73.91;1.47;147.22;148.15;0.33;0.1;0.99
1982;11;21;0;0;-12.3;-12.2;0;0;0;0;356.5;381.85;73.64;1.38;147.22;148.15;0.32;0.1;0.98
1982;11;22;0;0;-10.3;-10.2;0;0;0;0;356.5;381.85;73.38;1.29;147.22;148.15;0.31;0.09;0.97
1982;11;23;0;0;-11.5;-11.5;0;0;0;0;356.5;381.85;73.12;1.21;147.22;148.15;0.31;0.08;0.98
1982;11;24;0.21;0.22;-8.5;-8.5;0;0;0;0;356.5;381.85;72.87;1.14;147.43;148.37;0.3;0.08;1
1982;11;25;0.94;1.02;-6.7;-6.6;0;0;0;0;356.5;381.85;72.62;1.07;148.37;149.39;0.29;0.07;0.97
1982;11;26;1.44;1.52;-6.5;-6.4;0;0;0;0;356.5;381.85;72.38;1;149.81;150.91;0.29;0.07;0.92
1982;11;27;3.61;3.74;-6.5;-6.5;0;0;0;0;356.5;381.85;72.14;0.94;153.42;154.65;0.28;0.07;0.91
1982;11;28;7.41;7.56;-4.9;-4.9;0;0;0;0;356.5;381.85;71.91;0.88;160.83;162.21;0.28;0.06;0.91
1982;11;29;1.35;1.38;-5.8;-5.8;0;0;0;0;356.5;381.85;71.68;0.82;162.18;163.59;0.27;0.06;0.93
1982;11;30;0.25;0.26;-8.6;-8.6;0;0;0;0;356.5;381.85;71.45;0.77;162.43;163.84;0.27;0.05;0.93
1982;12;1;0.14;0.15;-9.8;-9.8;0;0;0;0;356.5;381.85;71.23;0.73;162.57;164;0.26;0.05;0.92
1982;12;2;0.24;0.25;-8.6;-8.6;0;0;0;0;356.5;381.85;71.01;0.68;162.81;164.25;0.26;0.05;0.88
1982;12;3;0;0;-10.9;-10.9;0;0;0;0;356.5;381.85;70.79;0.64;162.81;164.25;0.26;0.04;0.8
1982;12;4;0;0;-11.7;-11.8;0;0;0;0;356.5;381.85;70.58;0.6;162.81;164.25;0.25;0.04;0.76
1982;12;5;0;0;-9.9;-9.9;0;0;0;0;356.5;381.85;70.37;0.56;162.81;164.25;0.25;0.04;0.78
1982;12;6;0.37;0.37;-9.2;-9.2;0;0;0;0;356.5;381.85;70.16;0.53;163.18;164.62;0.25;0.04;0.77
1982;12;7;0.6;0.59;-6.8;-6.8;0;0;0;0;356.5;381.85;69.95;0.5;163.78;165.21;0.24;0.03;0.79
1982;12;8;2.81;2.87;-5.5;-5.5;0;0;0;0;356.5;381.85;69.75;0.47;166.59;168.07;0.24;0.03;0.8
1982;12;9;8.46;8.6;-5.4;-5.4;0;0;0;0;356.5;381.85;69.55;0.44;175.05;176.68;0.24;0.03;0.81
1982;12;10;10.28;10.32;-8.6;-8.6;0;0;0;0;356.5;381.85;69.34;0.41;185.33;187;0.23;0.03;0.79
1982;12;11;1.65;1.55;-15.7;-15.7;0;0;0;0;356.5;381.85;69.15;0.39;186.99;188.54;0.23;0.03;0.74
1982;12;12;3.05;2.98;-19.6;-19.6;0;0;0;0;356.5;381.85;68.95;0.37;190.04;191.53;0.23;0.03;0.74
1982;12;13;0.98;0.98;-16.3;-16.3;0;0;0;0;356.5;381.85;68.76;0.34;191.01;192.5;0.23;0.02;0.74
1982;12;14;0.01;0.01;-18.9;-18.9;0;0;0;0;356.5;381.85;68.56;0.32;191.03;192.51;0.23;0.02;0.74
1982;12;15;2.21;2.17;-14.4;-14.4;0;0;0;0;356.5;381.85;68.37;0.3;193.24;194.69;0.22;0.02;0.74
1982;12;16;2.19;2.11;-4.4;-4.4;0;0;0;0;356.5;381.85;68.18;0.29;195.42;196.79;0.22;0.02;0.74
1982;12;17;5.17;5.19;-7.5;-7.5;0;0;0;0;356.5;381.85;67.99;0.27;200.59;201.98;0.22;0.02;0.74
1982;12;18;26.85;26.83;-11.3;-11.3;0;0;0;0;356.5;381.85;67.81;0.26;227.44;228.81;0.22;0.02;0.73
1982;12;19;1.11;1.07;-16;-16;0;0;0;0;356.5;381.85;67.62;0.24;228.56;229.88;0.22;0.02;0.7
1982;12;20;0.82;0.83;-12.1;-12.1;0;0;0;0;356.5;381.85;67.44;0.23;229.37;230.71;0.21;0.02;0.66
1982;12;21;11.07;11.04;-11.2;-11.2;0;0;0;0;356.5;381.85;67.25;0.22;240.44;241.75;0.21;0.01;0.65
1982;12;22;0.15;0.16;-19.4;-19.4;0;0;0;0;356.5;381.85;67.07;0.2;240.59;241.91;0.21;0.01;0.66
1982;12;23;0.69;0.63;-20;-20;0;0;0;0;356.5;381.85;66.89;0.19;241.28;242.54;0.21;0.01;0.65
1982;12;24;0.19;0.18;-16.9;-17;0;0;0;0;356.5;381.85;66.71;0.18;241.47;242.72;0.21;0.01;0.65
1982;12;25;1.58;1.51;-15.9;-15.9;0;0;0;0;356.5;381.85;66.53;0.17;243.05;244.23;0.21;0.01;0.65
1982;12;26;0.16;0.16;-12.5;-12.5;0;0;0;0;356.5;381.85;66.35;0.16;243.21;244.39;0.21;0.01;0.66
1982;12;27;0.31;0.3;-12.3;-12.3;0;0;0;0;356.5;381.85;66.18;0.16;243.52;244.69;0.21;0.01;0.66
1982;12;28;5.86;5.66;-12.2;-12.2;0;0;0;0;356.5;381.85;66;0.15;249.39;250.35;0.2;0.01;0.61
1982;12;29;4.06;3.97;-16.1;-16.1;0;0;0;0;356.5;381.85;65.82;0.14;253.44;254.32;0.2;0.01;0.6
1982;12;30;0;0;-15.3;-15.3;0;0;0;0;356.5;381.85;65.65;0.13;253.44;254.32;0.2;0.01;0.59
1982;12;31;0;0;-14.3;-14.3;0;0;0;0;356.5;381.85;65.48;0.13;253.44;254.32;0.2;0.01;0.6
1983;1;1;0;0;-15.5;-15.5;0;0;0;0;356.5;381.85;65.3;0.12;253.44;254.32;0.2;0.01;0.63
1983;1;2;1.61;1.54;-14.8;-14.8;0;0;0;0;356.5;381.85;65.13;0.11;255.05;255.86;0.2;0.01;0.63
1983;1;3;2.51;2.44;-11.3;-11.3;0;0;0;0;356.5;381.85;64.96;0.11;257.56;258.3;0.2;0.01;0.63
1983;1;4;1.99;1.9;-7.6;-7.6;0;0;0;0;356.5;381.85;64.79;0.1;259.54;260.2;0.2;0.01;0.63
1983;1;5;13.76;13.54;-6.1;-6.1;0;0;0;0;356.5;381.85;64.62;0.1;273.31;273.74;0.2;0.01;0.63
1983;1;6;0.04;0.04;-4.3;-4.3;0;0;0;0;356.5;381.85;64.45;0.1;273.35;273.78;0.2;0.01;0.63
1983;1;7;0.39;0.36;-7.4;-7.4;0;0;0;0;356.5;381.85;64.28;0.09;273.74;274.14;0.19;0.01;0.63
1983;1;8;0.48;0.48;-13;-13;0;0;0;0;356.5;381.85;64.11;0.09;274.22;274.62;0.19;0.01;0.63
1983;1;9;0.03;0.03;-14.4;-14.4;0;0;0;0;356.5;381.85;63.95;0.08;274.25;274.65;0.19;0.01;0.63
1983;1;10;0.02;0.02;-12.7;-12.7;0;0;0;0;356.5;381.85;63.78;0.08;274.27;274.67;0.19;0.01;0.63
1983;1;11;0;0;-11.9;-11.9;0;0;0;0;356.5;381.85;63.62;0.08;274.27;274.67;0.19;0.01;0.62
1983;1;12;0;0;-10.3;-10.2;0;0;0;0;356.5;381.85;63.45;0.07;274.27;274.67;0.19;0.01;0.62
1983;1;13;0;0;-10.7;-10.6;0;0;0;0;356.5;381.85;63.29;0.07;274.27;274.67;0.19;0;0.62
1983;1;14;4.42;4.35;-14.4;-14.4;0;0;0;0;356.5;381.85;63.12;0.07;278.7;279.02;0.19;0;0.62
1983;1;15;25.36;25.13;-15.3;-15.3;0;0;0;0;356.5;381.85;62.96;0.07;304.06;304.15;0.19;0;0.62
1983;1;16;30.96;30.83;-11.8;-11.9;0;0;0;0;356.5;381.85;62.8;0.06;335.02;334.98;0.19;0;0.62
1983;1;17;7.26;7.17;-8.3;-8.3;0;0;0;0;356.5;381.85;62.63;0.06;342.28;342.15;0.19;0;0.62
1983;1;18;0;0;-7.8;-7.8;0;0;0;0;356.5;381.85;62.47;0.06;342.28;342.15;0.19;0;0.62
1983;1;19;2.82;2.7;-17.2;-17.2;0;0;0;0;356.5;381.85;62.31;0.06;345.1;344.85;0.19;0;0.62
1983;1;20;7.45;7.29;-20.5;-20.5;0;0;0;0;356.5;381.85;62.15;0.06;352.55;352.14;0.19;0;0.62
1983;1;21;0.88;0.85;-15.8;-15.8;0;0;0;0;356.5;381.85;61.99;0.06;353.43;352.99;0.18;0;0.62
1983;1;22;0;0;-12;-12;0;0;0;0;356.5;381.85;61.83;0.05;353.43;352.99;0.18;0;0.62
1983;1;23;0;0;-12.3;-12.3;0;0;0;0;356.5;381.85;61.67;0.05;353.43;352.99;0.18;0;0.6
1983;1;24;0;0;-12.9;-12.9;0;0;0;0;356.5;381.85;61.51;0.05;353.43;352.99;0.18;0;0.54
1983;1;25;0.12;0.11;-11.2;-11.2;0;0;0;0;356.5;381.85;61.35;0.05;353.55;353.1;0.18;0;0.54
1983;1;26;5.03;4.89;-7.2;-7.2;0;0;0;0;356.5;381.85;61.19;0.05;358.58;357.99;0.18;0;0.54
1983;1;27;1.77;1.74;-6.5;-6.5;0;0;0;0;356.5;381.85;61.04;0.05;360.35;359.73;0.18;0;0.54
1983;1;28;0.81;0.8;-5.9;-5.9;0;0;0;0;356.5;381.85;60.88;0.05;361.17;360.53;0.18;0;0.54
1983;1;29;0.51;0.5;-6.8;-6.8;0;0;0;0;356.5;381.85;60.72;0.04;361.68;361.03;0.18;0;0.54
1983;1;30;7.93;7.9;-9.6;-9.6;0;0;0;0;356.5;381.85;60.57;0.04;369.61;368.93;0.18;0;0.54
1983;1;31;7.56;7.49;-16;-16;0;0;0;0;356.5;381.85;60.41;0.04;377.17;376.42;0.18;0;0.54
1983;2;1;9.77;9.66;-8.9;-8.9;0;0;0;0;356.5;381.85;60.26;0.04;386.94;386.08;0.18;0;0.54
1983;2;2;3.41;3.33;-16.1;-16.1;0;0;0;0;356.5;381.85;60.1;0.04;390.35;389.41;0.18;0;0.54
1983;2;3;3.7;3.6;-17.9;-17.9;0;0;0;0;356.5;381.85;59.95;0.04;394.05;393.01;0.18;0;0.54
1983;2;4;2.88;2.82;-19;-19;0;0;0;0;356.5;381.85;59.79;0.04;396.92;395.83;0.18;0;0.54
1983;2;5;4.47;4.39;-18.8;-18.8;0;0;0;0;356.5;381.85;59.64;0.04;401.39;400.22;0.18;0;0.54
1983;2;6;6.92;6.88;-15.3;-15.3;0;0;0;0;356.5;381.85;59.49;0.04;408.32;407.1;0.18;0;0.54
1983;2;7;0.88;0.87;-17.8;-17.8;0;0;0;0;356.5;381.85;59.33;0.04;409.19;407.97;0.18;0;0.54
1983;2;8;0.15;0.16;-18.3;-18.3;0;0;0;0;356.5;381.85;59.18;0.04;409.35;408.13;0.18;0;0.54
1983;2;9;0.19;0.2;-19.2;-19.2;0;0;0;0;356.5;381.85;59.03;0.04;409.54;408.33;0.17;0;0.54
1983;2;10;1.38;1.41;-19.9;-19.9;0;0;0;0;356.5;381.85;58.88;0.04;410.92;409.74;0.17;0;0.54
1983;2;11;1.54;1.5;-18.6;-18.6;0;0;0;0;356.5;381.85;58.73;0.04;412.46;411.24;0.17;0;0.54
1983;2;12;0.38;0.37;-17;-17;0;0;0;0;356.5;381.85;58.58;0.04;412.84;411.61;0.17;0;0.54
1983;2;13;0.36;0.37;-16.4;-16.4;0;0;0;0;356.5;381.85;58.43;0.04;413.2;411.98;0.17;0;0.54
1983;2;14;0.54;0.53;-13.8;-13.8;0;0;0;0;356.5;381.85;58.28;0.04;413.73;412.51;0.17;0;0.54
1983;2;15;0;0;-14.9;-14.9;0;0;0;0;356.5;381.85;58.13;0.04;413.73;412.51;0.17;0;0.54
1983;2;16;0;0;-17.4;-17.4;0;0;0;0;356.5;381.85;57.98;0.04;413.73;412.51;0.17;0;0.54
1983;2;17;0;0;-15.1;-15.1;0;0;0;0;356.5;381.85;57.83;0.04;413.73;412.51;0.17;0;0.54
1983;2;18;0;0;-14;-14;0;0;0;0;356.5;381.85;57.68;0.04;413.73;412.51;0.17;0;0.54
1983;2;19;0;0;-13.2;-13.2;0;0;0;0;356.5;381.85;57.53;0.04;413.73;412.51;0.17;0;0.54
1983;2;20;0;0;-14.1;-14.1;0;0;0;0;356.5;381.85;57.39;0.04;413.73;412.51;0.17;0;0.54
1983;2;21;0.1;0.09;-16;-16;0;0;0;0;356.5;381.85;57.24;0.04;413.83;412.6;0.17;0;0.54
1983;2;22;0;0;-17.9;-17.9;0;0;0;0;356.5;381.85;57.09;0.03;413.83;412.6;0.17;0;0.55
1983;2;23;0;0;-15;-15;0;0;0;0;356.5;381.85;56.95;0.03;413.83;412.6;0.17;0;0.55
1983;2;24;0;0;-12.7;-12.7;0;0;0;0;356.5;381.85;56.8;0.03;413.83;412.6;0.17;0;0.55
1983;2;25;1.64;1.63;-11.6;-11.6;0;0;0;0;356.5;381.85;56.66;0.03;415.47;414.23;0.17;0;0.55
1983;2;26;2.84;2.83;-9.4;-9.4;0;0;0;0;356.5;381.85;56.51;0.03;418.31;417.06;0.17;0;0.55
1983;2;27;4.8;4.67;-8.9;-8.9;0;0;0;0;356.5;381.85;56.37;0.03;423.11;421.73;0.17;0;0.55
1983;2;28;4.63;4.57;-10.8;-10.8;0;0;0;0;356.5;381.85;56.22;0.03;427.74;426.3;0.17;0;0.55
1983;3;1;6.33;6.32;-13.6;-13.6;0;0;0;0;356.5;381.85;56.08;0.03;434.06;432.62;0.17;0;0.5
1983;3;2;1.23;1.16;-12.2;-12.2;0;0;0;0;356.5;381.85;55.93;0.03;435.29;433.78;0.17;0;0.5
1983;3;3;0;0;-11.7;-11.7;0;0;0;0;356.5;381.85;55.79;0.03;435.29;433.78;0.16;0;0.49
1983;3;4;0;0;-10.4;-10.4;0;0;0;0;356.5;381.85;55.65;0.03;435.29;433.78;0.16;0;0.49
1983;3;5;0;0;-10.1;-10.1;0;0;0;0;356.5;381.85;55.5;0.03;435.29;433.78;0.16;0;0.5
1983;3;6;0;0;-8.6;-8.6;0;0;0;0;356.5;381.85;55.36;0.03;435.29;433.78;0.16;0;0.49
1983;3;7;0.05;0.05;-7.9;-7.9;0;0;0;0;356.5;381.85;55.22;0.03;435.34;433.83;0.16;0;0.49
1983;3;8;0;0;-5.9;-5.9;0;0;0;0;356.5;381.85;55.08;0.03;435.34;433.83;0.16;0;0.49
1983;3;9;0;0;-4.4;-4.4;0;0;0;0;356.5;381.85;54.94;0.03;435.34;433.83;0.16;0;0.49
1983;3;10;0;0;-5.3;-5.3;0;0;0;0;356.5;381.85;54.8;0.03;435.34;433.83;0.16;0;0.5
1983;3;11;0.13;0.12;-5.7;-5.7;0;0;0;0;356.5;381.85;54.66;0.03;435.47;433.95;0.16;0;0.52
1983;3;12;0.36;0.36;-6.2;-6.2;0;0;0;0;356.5;381.85;54.52;0.03;435.84;434.31;0.16;0;0.54
1983;3;13;0.04;0.04;-5.8;-5.8;0;0;0;0;356.5;381.85;54.38;0.03;435.87;434.35;0.16;0;0.58
1983;3;14;0.08;0.08;-5.2;-5.2;0;0;0;0;356.5;381.85;54.24;0.03;435.95;434.43;0.16;0;0.56
1983;3;15;4.46;4.61;-6.9;-6.9;0;0;0;0;356.5;381.85;54.1;0.03;440.41;439.04;0.16;0;0.53
1983;3;16;4.74;4.84;-5.7;-5.7;0;0;0;0;356.5;381.85;53.96;0.03;445.14;443.88;0.16;0;0.52
1983;3;17;0.15;0.14;-5;-5;0;0;0;0;356.5;381.85;53.82;0.03;445.3;444.02;0.16;0;0.51
1983;3;18;1.08;1.02;-4.5;-4.5;0;0;0;0;356.5;381.85;53.69;0.03;446.38;445.04;0.16;0;0.51
1983;3;19;6.67;6.52;-4.6;-4.6;0;0;0;0;356.5;381.85;53.55;0.03;453.05;451.56;0.16;0;0.51
1983;3;20;0.62;0.59;-5.1;-5.1;0;0;0;0;356.5;381.85;53.41;0.03;453.67;452.15;0.16;0;0.56
1983;3;21;0.02;0.02;-4.6;-4.6;0;0;0;0;356.5;381.85;53.27;0.03;453.68;452.17;0.16;0;0.59
1983;3;22;1.97;1.88;-7.4;-7.4;0;0;0;0;356.5;381.85;53.14;0.03;455.65;454.05;0.16;0;0.6
1983;3;23;0.8;0.76;-9.4;-9.4;0;0;0;0;356.5;381.85;53;0.03;456.45;454.81;0.16;0;0.57
1983;3;24;2.63;2.74;-6.7;-6.7;0;0;0;0;356.5;381.85;52.87;0.03;459.08;457.55;0.16;0;0.55
1983;3;25;11.27;11.19;-7.6;-7.6;0;0;0;0;356.5;381.85;52.73;0.03;470.34;468.74;0.16;0;0.54
1983;3;26;6.54;6.36;-13.4;-13.4;0;0;0;0;356.5;381.85;52.6;0.03;476.88;475.1;0.16;0;0.53
1983;3;27;0.58;0.56;-13.4;-13.4;0;0;0;0;356.5;381.85;52.46;0.03;477.46;475.66;0.15;0;0.52
1983;3;28;3.12;3.18;-10.3;-10.3;0;0;0;0;356.5;381.85;52.33;0.03;480.58;478.84;0.15;0;0.51
1983;3;29;5.87;5.92;-8.9;-8.9;0;0;0;0;356.5;381.85;52.19;0.03;486.45;484.76;0.15;0;0.53
1983;3;30;0.06;0.07;-8.1;-8.1;0;0;0;0;356.5;381.85;52.06;0.03;486.51;484.83;0.15;0;0.55
1983;3;31;0.14;0.15;-7.5;-7.5;0;0;0;0;356.5;381.85;51.93;0.03;486.66;484.98;0.15;0;0.56
1983;4;1;0.5;0.51;-7.1;-7.1;0;0;0;0;356.5;381.85;51.79;0.03;487.15;485.49;0.15;0;0.56
1983;4;2;11.32;11.3;-7.3;-7.3;0;0;0;0;356.5;381.85;51.66;0.03;498.48;496.79;0.15;0;0.54
1983;4;3;8.06;8.01;-8.6;-8.6;0;0;0;0;356.5;381.85;51.53;0.03;506.53;504.8;0.15;0;0.54
1983;4;4;4.93;4.92;-8.6;-8.6;0;0;0;0;356.5;381.85;51.4;0.03;511.46;509.72;0.15;0;0.56
1983;4;5;2.46;2.41;-11.3;-11.3;0;0;0;0;356.5;381.85;51.27;0.03;513.92;512.13;0.15;0;0.55
1983;4;6;6.1;5.99;-8.1;-8.1;0;0;0;0;356.5;381.85;51.13;0.03;520.02;518.12;0.15;0;0.58
1983;4;7;2.16;2.17;-7.2;-7.2;0;0;0;0;356.5;381.85;51;0.03;522.18;520.29;0.15;0;0.58
1983;4;8;1.66;1.72;-3.8;-3.8;0;0;0;0;356.5;381.85;50.87;0.03;523.84;522.01;0.15;0;0.63
1983;4;9;0.42;0.4;-2.3;-2.3;0;0;0;0;356.5;381.85;50.74;0.03;524.26;522.41;0.15;0;0.79
1983;4;10;0.03;0.03;-1.6;-1.6;0;0;0;0;356.5;381.85;50.61;0.03;524.29;522.44;0.15;0;1
1983;4;11;6.3;6.2;-2.2;-2.2;0;0;0;0;356.5;381.85;50.48;0.03;530.59;528.64;0.15;0;1.14
1983;4;12;14.35;14.38;-8.6;-8.6;0;0;0;0;356.5;381.85;50.35;0.03;544.94;543.02;0.15;0;0.96
1983;4;13;3.19;3.03;-12.4;-12.4;0;0;0;0;356.5;381.85;50.23;0.03;548.13;546.05;0.15;0;0.75
1983;4;14;2.15;2.04;-12.9;-12.9;0;0;0;0;356.5;381.85;50.1;0.03;550.28;548.09;0.15;0;0.68
1983;4;15;5.84;5.6;-10.4;-10.4;0;0;0;0;356.5;381.85;49.97;0.03;556.11;553.69;0.15;0;0.66
1983;4;16;0.09;0.08;-6.3;-6.3;0;0;0;0;356.5;381.85;49.84;0.03;556.2;553.77;0.15;0;0.69
1983;4;17;0;0;-3;-3;0;0;0;0;356.5;381.85;49.71;0.03;556.2;553.77;0.15;0;0.81
1983;4;18;0.41;0.43;-2.4;-2.4;0;0;0;0;356.5;381.85;49.59;0.03;556.61;554.2;0.15;0;0.99
1983;4;19;2.42;2.52;-2.2;-2.2;0;0;0;0;356.5;381.85;49.46;0.03;559.03;556.72;0.15;0;1.24
1983;4;20;0.41;0.45;-1.6;-1.6;0;0;0;0;356.5;381.85;49.33;0.03;559.44;557.17;0.15;0;1.23
1983;4;21;9.4;9.56;-1.8;-1.8;0;0;0;0;356.5;381.85;49.21;0.03;568.84;566.73;0.15;0;1.32
1983;4;22;6.66;6.57;-1.3;-1.2;0;0;0;0;356.5;381.85;49.08;0.03;575.51;573.3;0.15;0;1.65
1983;4;23;0.54;0.57;-1.5;-1.5;0;0;0;0;356.5;381.85;48.95;0.03;576.05;573.87;0.14;0;1.7
1983;4;24;5.69;5.79;-3.4;-3.4;0;0;0;0;356.5;381.85;48.83;0.03;581.74;579.66;0.14;0;1.41
1983;4;25;0.07;0.08;-3.5;-3.5;0;0;0;0;356.5;381.85;48.7;0.03;581.81;579.74;0.14;0;1.32
1983;4;26;5.66;5.82;-3.1;-3.1;0;0;0;0;356.5;381.85;48.58;0.03;587.48;585.56;0.14;0;1.09
1983;4;27;0.82;0.87;-3.3;-3.3;0;0;0;0;356.5;381.85;48.46;0.03;588.3;586.43;0.14;0;1.06
1983;4;28;0.37;0.38;-3.4;-3.4;0;0;0;0;356.5;381.85;48.33;0.03;588.67;586.81;0.14;0;1
1983;4;29;2.6;2.57;-2.2;-2.2;0;0;0;0;356.5;381.85;48.21;0.03;591.27;589.38;0.14;0;1.05
1983;4;30;0.63;0.67;-2.4;-2.4;0;0;0;0;356.5;381.85;48.09;0.03;591.9;590.05;0.14;0;1.14
1983;5;1;21.45;21.58;-1.9;-1.9;0;0;0;0;356.5;381.85;47.96;0.03;613.35;611.63;0.14;0;1.27
1983;5;2;0.24;0.23;-4.6;-4.6;0;0;0;0;356.5;381.85;47.84;0.03;613.59;611.86;0.14;0;1.13
1983;5;3;0.64;0.67;-4.7;-4.7;0;0;0;0;356.5;381.85;47.72;0.03;614.24;612.53;0.14;0;0.97
1983;5;4;4.53;4.49;-4.5;-4.5;0;0;0;0;356.5;381.85;47.59;0.03;618.76;617.02;0.14;0;0.95
1983;5;5;0;0;-3.3;-3.3;0;0;0;0;356.5;381.85;47.47;0.03;618.76;617.02;0.14;0;1
1983;5;6;0.23;0.21;-1.8;-1.8;0;0;0;0;356.5;381.85;47.35;0.03;618.99;617.23;0.14;0;1.09
1983;5;7;5.03;5.15;-1.1;-1.1;0;0;0;0;356.5;381.85;47.23;0.03;624.02;622.38;0.14;0;1.19
1983;5;8;23.23;23.32;-2.3;-2.3;0;0;0;0;356.5;381.85;47.11;0.03;647.25;645.7;0.14;0;1.31
1983;5;9;5.89;5.75;-4.4;-4.4;0;0;0;0;356.5;381.85;46.99;0.03;653.14;651.45;0.14;0;1.15
1983;5;10;7.88;7.91;-4.1;-4.1;0;0;0;0;356.5;381.85;46.87;0.03;661.02;659.36;0.14;0;1.05
1983;5;11;5.42;5.59;-2.9;-2.9;0;0;0;0;356.5;381.85;46.75;0.03;666.44;664.95;0.14;0;1.12
1983;5;12;0.49;0.52;-1.3;-1.3;0;0;0;0;356.5;381.85;46.63;0.03;666.93;665.47;0.14;0;1.07
1983;5;13;0.21;0.23;-0.2;-0.2;0;0;0;0;356.5;381.85;46.51;0.03;667.14;665.7;0.14;0;1.24
1983;5;14;2.54;2.62;0.2;0.2;0.67;0.63;0.09;0.08;356.5;381.85;46.39;0.03;669.58;668.23;0.14;0;1.86
1983;5;15;6.61;6.72;1.2;1.2;1.51;1.48;0.14;0.14;356.71;382.09;46.27;0.03;675.49;674.19;0.14;0;3.8
1983;5;16;7.76;7.98;-0.1;-0.1;0;0;0;0;356.71;382.09;46.15;0.03;683.25;682.17;0.14;0;4.7
1983;5;17;0.06;0.07;-0.5;-0.5;0;0;0;0;356.71;382.09;46.04;0.03;683.32;682.24;0.14;0;2.91
1983;5;18;0.38;0.39;-1.6;-1.5;0;0;0;0;356.71;382.09;45.92;0.03;683.7;682.63;0.14;0;2.53
1983;5;19;2.11;2.15;-2.6;-2.5;0;0;0;0;356.71;382.09;45.8;0.03;685.81;684.78;0.14;0;2.2
1983;5;20;1.35;1.35;-0.9;-0.9;0;0;0;0;356.71;382.09;45.68;0.03;687.16;686.13;0.14;0;2.3
1983;5;21;16.78;16.98;0.6;0.6;1.09;1.06;0;0;356.71;382.09;45.57;0.03;703.94;703.11;0.13;0;3.15
1983;5;22;38.96;39.33;-0.3;-0.3;0;0;0;0;356.71;382.09;45.45;0.03;742.9;742.44;0.13;0;5.44
1983;5;23;35.61;35.88;-1.2;-1.2;0;0;0;0;356.71;382.09;45.33;0.03;778.51;778.32;0.13;0;2.98
1983;5;24;10.68;10.72;-3.1;-3.1;0;0;0;0;356.71;382.09;45.22;0.03;789.19;789.04;0.13;0;3.5
1983;5;25;1.38;1.4;-3.9;-3.9;0;0;0;0;356.71;382.09;45.1;0.03;790.57;790.44;0.13;0;2.62
1983;5;26;9.6;9.68;-4.1;-4.1;0;0;0;0;356.71;382.09;44.99;0.03;800.16;800.12;0.13;0;1.82
1983;5;27;0.71;0.65;-4;-3.9;0;0;0;0;356.71;382.09;44.87;0.03;800.88;800.77;0.13;0;1.8
1983;5;28;1.21;1.28;-3.3;-3.3;0;0;0;0;356.71;382.09;44.76;0.03;802.09;802.05;0.13;0;1.83
1983;5;29;1.24;1.29;-2.6;-2.6;0;0;0;0;356.71;382.09;44.64;0.03;803.33;803.34;0.13;0;2.19
1983;5;30;0.2;0.22;-1.7;-1.7;0;0;0;0;356.71;382.09;44.53;0.03;803.53;803.56;0.13;0;2.62
1983;5;31;0.15;0.17;0.7;0.8;1.13;1.22;0.17;0.18;356.71;382.09;44.41;0.03;803.51;803.54;0.13;0;3.22
1983;6;1;0.46;0.46;2.7;2.8;2.23;2.26;0.34;0.34;357.91;383.45;44.3;0.03;800.47;800.1;0.19;0.06;3.97
1983;6;2;2.37;2.16;2.1;2.1;1.95;1.97;0.26;0.26;358.01;383.92;46.03;2.12;798;796.81;1.27;1.14;4.58
1983;6;3;0.19;0.21;2.9;2.9;2.29;2.29;0.36;0.35;359.35;385.77;47.66;4.07;789.96;787.75;2.8;2.64;4.75
1983;6;4;0.12;0.12;3.9;3.9;2.64;2.64;0.41;0.4;363.73;389.92;49.34;6.06;774.72;772.17;4.77;4.54;5.19
1983;6;5;1.53;1.44;4.2;4.2;2.73;2.74;0.39;0.38;370.29;395.45;51.23;8.26;755.45;753.41;6.98;6.61;7.33
1983;6;6;5.67;5.59;3.2;3.3;2.42;2.44;0.21;0.2;374.9;398.97;53.4;10.71;744.89;743.83;7.82;7.28;8.33
1983;6;7;0.07;0.07;5.5;5.5;3.12;3.12;0.41;0.38;381.31;403.72;55.81;13.38;723.4;724.18;8.56;7.85;8.22
1983;6;8;0.02;0.02;8.1;8.1;3.75;3.75;0.49;0.46;393.6;413.98;58.66;16.44;683.09;685.55;12.63;11.66;8.22
1983;6;9;7.33;7.27;6.2;6.2;3.29;3.3;0.24;0.23;404.03;422.91;62.18;20.16;650.74;654.24;17.12;15.83;8.95
1983;6;10;2.46;2.45;3.8;3.9;2.62;2.64;0.29;0.28;408.22;426.55;66.29;24.42;630.78;634.72;16.8;15.33;9.54
1983;6;11;3.6;3.61;2.6;2.7;2.2;2.22;0.18;0.16;409.68;427.83;70.52;28.75;621.21;625.44;13.41;12;9.98
1983;6;12;2.35;2.39;2.9;3;2.31;2.33;0.21;0.18;410.71;428.57;74.51;32.75;612.09;617.02;10.79;9.52;10.78
1983;6;13;15.5;15.28;2.1;2.1;1.96;1.97;0.01;0.02;411.48;429.24;78.1;36.29;616.87;621.83;9.71;8.55;9.84
1983;6;14;14.23;13.76;0.6;0.6;1.06;1.08;0.02;0.02;410;428.06;81.21;39.29;628.97;633.36;7.92;6.88;7.12
1983;6;15;4.04;3.92;-1.6;-1.6;0;0;0;0;408.03;426.39;83.72;41.65;633.01;637.28;5.79;4.92;4.55
1983;6;16;2.1;1.94;-4.6;-4.5;0;0;0;0;408.03;426.39;81.24;38.97;635.11;639.22;4.22;3.52;3.72
1983;6;17;0.66;0.65;-2.2;-2.1;0;0;0;0;408.03;426.39;78.91;36.47;635.77;639.87;3.42;2.88;5.22
1983;6;18;3.72;3.8;-1;-1;0;0;0;0;408.03;426.39;76.72;34.13;639.5;643.67;3.11;2.66;4.83
1983;6;19;2.86;2.85;0.7;0.8;1.19;1.24;0.13;0.13;408.25;426.65;74.67;31.94;641.26;645.29;2.91;2.51;5.31
1983;6;20;6.12;6;2.6;2.6;2.17;2.18;0.14;0.13;407.86;426.49;77.22;34.43;640.97;644.64;4.07;3.65;5.67
1983;6;21;2.14;1.98;2.7;2.7;2.21;2.22;0.2;0.18;408.63;426.95;79.32;36.44;633.04;637.29;6.16;5.61;7.27
1983;6;22;3.35;3.08;2.8;2.9;2.28;2.29;0.18;0.17;409.71;427.74;81.2;38.23;624.89;629.5;7.73;6.98;7.34
1983;6;23;5.84;5.74;3.8;3.8;2.6;2.61;0.17;0.16;412.58;429.97;83.06;39.96;612.38;617.91;9.79;8.85;8.79
1983;6;24;7.48;7.35;3.8;3.8;2.6;2.61;0.15;0.14;415.74;432.4;85.07;41.81;599.73;606.34;11.87;10.73;10.55
1983;6;25;3;2.64;4.7;4.8;2.9;2.92;0.24;0.23;418.82;434.65;87.29;43.84;582.18;590.01;13.13;11.78;12.49
1983;6;26;6.46;6.29;4.6;4.6;2.85;2.86;0.18;0.16;422.55;437.56;89.76;46.08;564.17;573.3;14.62;13.08;13.29
1983;6;27;12.21;12.07;4.6;4.6;2.86;2.86;0.08;0.07;427.42;441.51;92.57;48.62;545.19;555.69;17.31;15.56;12
1983;6;28;6.44;6.36;3.1;3.2;2.38;2.4;0.15;0.14;428.48;442.39;95.67;51.39;536.12;547.2;16.74;14.88;12.12
1983;6;29;0.06;0.07;4;4.1;2.69;2.71;0.28;0.25;429.42;443.09;98.75;54.1;521.05;533.03;14.53;12.75;11.13
1983;6;30;9.1;9.21;3.7;3.7;2.57;2.58;0.12;0.11;431.61;444.82;101.73;56.66;508.63;521.93;14.85;13.13;11.4
1983;7;1;11.9;11.85;1.3;1.3;1.56;1.57;0.05;0.04;430.41;443.91;104.51;58.97;515.49;528.76;13.06;11.41;9.55
1983;7;2;0;0;4.2;4.2;2.75;2.76;0.21;0.17;431.03;444.31;106.95;60.91;501.6;515.91;11.82;10.31;9.4
1983;7;3;0.93;1;6.3;6.3;3.35;3.35;0.24;0.19;432.71;445.23;109.15;62.58;483.99;500.77;13.11;11.53;12.62
1983;7;4;12.29;12.32;6.2;6.2;3.32;3.32;0.07;0.05;436.53;448.07;111.42;64.27;465.6;484.94;16.82;14.91;17.77
1983;7;5;1.42;1.43;6.7;6.7;3.45;3.45;0.24;0.19;438.43;449.17;113.94;66.16;445.2;467.49;18.41;16.13;21.2
1983;7;6;6.62;6.61;6.7;6.7;3.45;3.45;0.16;0.13;441.17;451.05;116.71;68.22;424.11;449.43;19.17;16.62;19.36
1983;7;7;11.32;11.25;6.5;6.5;3.39;3.4;0.08;0.07;444.31;453.41;119.77;70.48;403.26;431.44;21.42;18.61;20.85
1983;7;8;8.15;8.1;6.2;6.2;3.32;3.32;0.13;0.11;446.49;455;123.17;73.01;383.13;414.05;22.57;19.54;20.43
1983;7;9;7.49;7.49;7.2;7.2;3.57;3.57;0.15;0.12;448.91;456.73;126.84;75.72;359.34;393.62;23.26;20.06;23.66
1983;7;10;7.89;8.1;7;7;3.52;3.52;0.14;0.11;450.85;458.31;130.75;78.59;336.73;373.54;24.2;20.85;23.32
1983;7;11;3.34;3.48;6.8;6.9;3.49;3.5;0.19;0.17;451.68;459.15;134.79;81.52;315.7;353.69;23.76;20.47;23.1
1983;7;12;0.91;0.92;6.2;6.2;3.32;3.32;0.18;0.19;451.64;459.42;138.72;84.32;297.87;335.78;21.87;18.9;19.94
1983;7;13;2.61;2.53;6.3;6.3;3.34;3.35;0.09;0.09;451.61;459.86;142.37;86.85;280.98;317.81;20.68;18.15;20.91
1983;7;14;2.27;2.26;4.2;4.2;2.76;2.76;0.06;0.07;450.24;458.97;145.57;88.98;275.27;311.66;17.87;15.77;20.33
1983;7;15;0;0;6.7;6.7;3.45;3.45;0.18;0.11;448.81;458.26;148.13;90.53;266.63;301.88;16.15;13.34;18.03
1983;7;16;0.35;0.36;7.8;7.8;3.71;3.71;0.29;0.11;447.54;457.8;150.07;91.53;256.55;290.46;17.01;13.13;19.06
1983;7;17;0.15;0.17;9.1;9.1;4;3.99;0.31;0.12;446.44;457.57;151.53;92.12;244.78;277.13;18.04;13.7;21.09
1983;7;18;6.41;6.3;8.8;8.8;3.92;3.93;0.18;0.08;446.31;458.02;152.71;92.53;233.29;264.13;19.83;15.36;23
1983;7;19;1.53;1.61;10.1;10.1;4.2;4.2;0.3;0.12;445.56;458.11;153.78;92.91;220.17;249.28;20.76;16.15;24.64
1983;7;20;4.31;4.35;8.5;8.5;3.86;3.87;0.22;0.09;445.04;458.25;154.76;93.29;209.08;236.72;20.74;16.21;28.02
1983;7;21;0.13;0.12;8;8;3.75;3.75;0.28;0.11;443.85;457.81;155.6;93.6;198.68;224.94;19.37;15.21;33.2
1983;7;22;0.09;0.09;11;11;4.37;4.37;0.32;0.13;443.1;457.89;156.29;93.79;184.4;208.77;19.37;14.94;29.47
1983;7;23;1.38;1.43;10.6;10.6;4.29;4.29;0.29;0.12;442.49;458.06;156.87;93.93;170.6;193.15;20.51;15.68;29.01
1983;7;24;5.32;5.39;7.9;7.9;3.73;3.73;0.19;0.08;442.13;458.22;157.41;94.1;160.26;181.44;20.56;16.19;28.85
1983;7;25;1.07;1.08;9.2;9.2;4.01;4.01;0.27;0.12;441.3;458.09;157.92;94.26;148.28;167.88;19.84;15.77;29.48
1983;7;26;0.33;0.34;11.7;11.7;4.5;4.5;0.31;0.14;440.73;458.3;158.38;94.42;133.07;150.66;20.45;15.82;29.03
1983;7;27;0.43;0.45;12.6;12.6;4.66;4.66;0.32;0.14;440.29;458.66;158.84;94.61;116.71;132.13;21.83;16.6;28.91
1983;7;28;0.86;0.9;12.2;12.3;4.61;4.61;0.3;0.13;439.88;458.99;159.35;94.9;100.72;114.03;22.53;17.17;27.09
1983;7;29;2.57;2.51;8;8;3.76;3.75;0.22;0.1;439.17;458.78;159.87;95.22;90.28;102.21;21.21;16.53;28.05
1983;7;30;0;0;11.5;11.5;4.46;4.47;0.3;0.14;438.53;458.87;160.32;95.49;75.35;85.31;20.47;15.99;31.08
1983;7;31;0.13;0.14;12.6;12.6;4.66;4.66;0.31;0.14;438.07;459.14;160.74;95.76;59;66.8;21.64;16.56;29.7
1983;8;1;5.46;5.43;10.7;10.7;3.96;3.96;0.18;0.08;438.24;459.69;161.21;96.1;45.02;50.97;22.78;17.69;32.15
1983;8;2;22.51;22.44;6.7;6.7;3.16;3.17;0;0;440.51;461.43;161.93;96.71;36.05;40.82;25.14;20.92;28.28
1983;8;3;27.15;26.68;-1;-1;0;0;0;0;438.41;459.63;162.75;97.43;63.2;67.5;19.54;17.22;16.68
1983;8;4;3;2.77;-1.7;-1.6;0;0;0;0;436.32;457.85;163.15;97.66;66.2;70.27;11.96;10.98;11.5
1983;8;5;5.19;4.96;-0.5;-0.5;0;0;0;0;434.25;456.07;162.87;97.14;71.39;75.23;9.25;8.51;8.09
1983;8;6;4.09;3.94;0.2;0.2;0.52;0.59;0.06;0.07;432.21;454.33;162;95.97;75.19;78.84;8.37;7.72;6.26
1983;8;7;4.03;4;1.1;1.1;1.31;1.34;0.13;0.12;430.69;453.07;160.7;94.33;75.46;78.76;8.7;8.07;5.93
1983;8;8;0.02;0.02;4.4;4.4;2.58;2.59;0.2;0.16;431.65;453.23;159.27;92.56;59.88;64.19;11.35;10.65;6.16
1983;8;9;1.05;1.1;6.6;6.6;3.14;3.14;0.08;0.09;432.64;453.15;158.02;90.96;46.41;52.54;13.54;12.59;7.58
1983;8;10;7.37;7.23;5.3;5.3;2.83;2.83;0.07;0.05;432.62;453.23;157.04;89.61;40.52;45.88;15.06;13.13;9.59
1983;8;11;7.65;7.71;4.4;4.4;2.58;2.59;0.09;0.04;432.46;453.25;156.31;88.5;35.45;40.14;16.04;13.47;9.24
1983;8;12;4.95;4.99;4.5;4.5;2.61;2.62;0.12;0.06;431.86;452.94;155.74;87.58;30.15;34.13;15.4;12.97;9.24
1983;8;13;1.16;1.06;3;3;2.16;2.16;0.13;0.06;430.38;451.8;155.18;86.69;26.94;30.51;13.35;11.18;7.22
1983;8;14;0;0;5.3;5.3;2.83;2.83;0.18;0.09;429.07;450.99;154.51;85.68;20.77;23.51;12.17;9.96;8.47
1983;8;15;0;0;7.4;7.4;3.32;3.32;0.21;0.1;428.15;450.63;153.75;84.6;11.96;13.54;13.17;10.34;10.98
1983;8;16;2.25;2.18;6.9;6.9;3.21;3.21;0.17;0.09;427.65;450.53;153;83.56;3.58;4.06;14.43;11.28;12.83
1983;8;17;7.87;7.95;4.6;4.6;2.64;2.64;0.05;0;427.53;450.5;152.35;82.64;0;0;14.7;11.92;13.28
1983;8;18;4.24;4.33;5;5;2.75;2.75;0.42;0.39;425.85;448.97;151.74;81.77;0;0;17.35;14.87;14.2
1983;8;19;0.89;0.91;6.1;6.1;3.03;3.03;1.07;1.1;422.94;446.26;150.99;80.77;0;0;17.15;14.47;16.01
1983;8;20;2.61;2.33;5.8;5.8;2.95;2.96;0.93;0.98;420.64;443.92;150.03;79.52;0;0;16.24;13.43;15.7
1983;8;21;1.72;1.59;5.9;5.9;2.98;2.98;1;1.03;418.07;441.43;148.86;78.06;0;0;15.92;13.13;16.33
1983;8;22;4.64;4.36;5.8;5.8;2.95;2.96;0.8;0.84;416.41;439.64;147.56;76.45;0;0;16.13;13.35;16.37
1983;8;23;5.64;5.42;5.8;5.8;2.95;2.96;0.73;0.77;415.06;438.16;146.21;74.8;0;0;16.68;13.9;16.08
1983;8;24;8.58;8.73;4.6;4.6;2.65;2.64;0.48;0.49;414.55;437.62;144.93;73.22;0;0;16.44;13.77;13.45
1983;8;25;3.14;3;5.1;5.1;2.78;2.78;0.84;0.88;412.53;435.62;143.73;71.72;0;0;16.1;13.51;12.61
1983;8;26;0.59;0.59;6.1;6.1;3.03;3.03;1.09;1.12;409.65;432.92;142.52;70.21;0;0;15.81;13.04;14.07
1983;8;27;0.37;0.37;7;7;3.23;3.23;1.18;1.21;406.66;430.1;141.2;68.6;0;0;16.17;13.1;16.84
1983;8;28;0.39;0.4;7.8;7.8;3.4;3.4;1.23;1.27;403.63;427.24;139.76;66.86;0;0;16.95;13.6;19.06
1983;8;29;5.68;5.59;5.9;5.9;2.98;2.98;0.73;0.76;402.56;426.09;138.29;65.09;0;0;16.12;12.94;16.19
1983;8;30;6.07;6.24;6.1;6.1;3.03;3.03;0.71;0.73;401.57;425.16;136.88;63.41;0;0;16.53;13.59;16.47
1983;8;31;3.68;3.76;5.6;5.6;2.91;2.91;0.84;0.86;399.85;423.52;135.59;61.86;0;0;15.96;13.08;17.21
1983;9;1;4.46;4.56;6.3;6.3;2.63;2.62;0.66;0.68;398.54;422.3;134.38;60.41;0;0;16.01;13.1;19.88
1983;9;2;9.47;9.59;6.1;6.1;2.59;2.58;0.39;0.4;398.96;422.61;133.29;59.09;0;0;16.77;13.82;22.18
1983;9;3;16.78;16.78;2.1;2.1;1.54;1.55;0;0;399.94;423.43;132.41;57.99;6.74;6.72;11.2;9.33;13.92
1983;9;4;0.16;0.15;-0.1;-0.1;0;0;0;0;398.07;421.79;131.66;57.05;6.9;6.87;7.72;6.92;10.25
1983;9;5;0.84;0.77;3.6;3.6;2;2.01;0.05;0.06;397.93;421.42;130.92;56.12;2.15;2.44;6.68;6.01;11.85
1983;9;6;1.71;1.59;4.3;4.4;2.2;2.21;0.03;0;397.11;420.78;130.18;55.19;0;0;7.25;5.97;15.4
1983;9;7;2.1;2;1;1;1.07;1.09;0.04;0.03;395.85;419.61;129.43;54.25;0.14;0.15;6.92;5.66;11.64
1983;9;8;0;0;2.5;2.5;1.68;1.69;0.02;0;394.02;418.01;128.61;53.24;0;0;5.78;4.8;9.2
1983;9;9;0.23;0.23;5.3;5.3;2.42;2.42;0.44;0.43;391.82;416.02;127.71;52.14;0;0;9.95;8.33;10.4
1983;9;10;10.97;11.17;5.2;5.1;2.39;2.37;0.28;0.28;393.03;417.11;126.81;51.06;0;0;12.73;10.51;14.64
1983;9;11;40.28;40.67;1.5;1.5;1.3;1.32;0;0;393.15;417.26;126.06;50.16;33.73;33.96;9.33;7.76;20.94
1983;9;12;2.08;1.98;-3.6;-3.6;0;0;0;0;391.33;415.64;125.42;49.36;35.8;35.94;6.45;5.74;9.67
1983;9;13;0;0;-3.7;-3.7;0;0;0;0;391.33;415.64;122.41;46.19;35.8;35.94;4.52;3.96;6.49
1983;9;14;0.05;0.05;1.6;1.7;1.38;1.4;0.14;0.13;391.28;415.28;121.79;45.72;31.14;31.2;4.62;4.14;6.26
1983;9;15;0.1;0.1;3.3;3.3;1.92;1.93;0.15;0.12;392.9;416.14;121.43;45.23;20.92;22.03;6.28;5.77;7.14
1983;9;16;33.44;33.57;1.2;1.2;1.19;1.19;0;0;392.75;415.99;121.16;44.85;48.86;50.11;6.9;6.27;6.5
1983;9;17;2.8;2.69;-3.5;-3.5;0;0;0;0;392.75;415.99;118.4;41.97;51.66;52.8;5.28;4.65;4.95
1983;9;18;0.33;0.31;-1.1;-1.1;0;0;0;0;392.75;415.99;115.81;39.27;51.99;53.11;3.57;3.05;4.98
1983;9;19;0;0;3;3;1.83;1.84;0.19;0.17;393.73;416.58;116.2;39.61;43.03;44.68;4.63;4.13;5.08
1983;9;20;0.36;0.37;2.1;2.2;1.56;1.59;0.12;0.1;393.62;416.26;116.49;39.85;37.97;40.1;5.86;5.26;4.98
1983;9;21;0.33;0.27;4.2;4.2;2.16;2.16;0.13;0.13;395.44;417.23;116.8;40.09;27.18;30.52;6.83;6.1;4.88
1983;9;22;0;0;4.5;4.6;2.24;2.26;0.06;0.07;395.11;417.2;117.17;40.38;21.58;24.43;7.11;6.31;5.99
1983;9;23;0;0;5.3;5.3;2.42;2.42;0.1;0.07;394.74;417.29;117.56;40.7;15.77;17.86;7.5;5.95;5.74
1983;9;24;0;0;7.1;7.1;2.78;2.78;0.16;0.08;394.9;418.03;117.97;41.04;7.77;8.8;8.9;6.37;6.21
1983;9;25;2.25;2.18;3.4;3.4;1.96;1.95;0.1;0.05;394.6;417.98;118.39;41.41;4.32;4.89;8.82;6.45;7.43
1983;9;26;0;0;4.1;4.1;2.14;2.14;0.06;0;393.83;417.63;118.77;41.76;0;0;7.83;5.87;6.21
1983;9;27;0;0;6.8;6.8;2.72;2.72;0.51;0.49;391.49;415.52;119.05;42;0;0;12.46;10.11;7.03
1983;9;28;0;0;5.5;5.5;2.46;2.46;0.85;0.88;388.84;413.02;119.14;42.03;0;0;11.97;9.33;7.12
1983;9;29;0;0;4.6;4.6;2.26;2.26;0.78;0.81;386.26;410.61;119.01;41.85;0;0;10.56;8.16;6.99
1983;9;30;2.01;1.87;2.9;2.9;1.81;1.81;0.27;0.29;384.9;409.26;118.73;41.49;0;0;5.82;4.39;6.22
1983;10;1;0.19;0.18;3;3;1.62;1.63;0;0;383.2;407.73;118.33;41.01;0;0;4.25;3.64;6.28
1983;10;2;0.29;0.28;2.2;2.2;1.39;1.41;0;0;381.53;406.22;117.83;40.42;0;0;3.94;3.42;4.93
1983;10;3;0;0;2.4;2.4;1.46;1.47;0.23;0.24;379.55;404.4;117.24;39.74;0;0;6.13;5.25;5.65
1983;10;4;0;0;6.1;6.1;2.29;2.29;0.73;0.76;377.08;402.07;116.58;38.98;0;0;9.79;7.98;6.54
1983;10;5;0.01;0.01;4.4;4.4;1.96;1.96;0.62;0.65;374.73;399.86;115.86;38.17;0;0;9.67;7.49;6.41
1983;10;6;0.91;0.85;2.9;2.9;1.6;1.6;0.24;0.25;373.13;398.33;115.1;37.32;0;0;5.15;3.86;5.27
1983;10;7;0.14;0.15;2.7;2.7;1.55;1.55;0;0;371.47;396.83;114.33;36.47;0;0;3.69;3.14;5.34
1983;10;8;0.1;0.11;1.3;1.3;1.08;1.09;0;0;369.82;395.32;113.55;35.6;0;0;3.46;2.99;5.03
1983;10;9;6.64;6.46;-1.4;-1.4;0;0;0;0;368.14;393.79;112.76;34.73;6.64;6.46;3.33;2.87;4.24
1983;10;10;0.28;0.27;2.9;2.9;1.6;1.6;0.04;0.05;368.82;394.19;112.02;33.92;0.92;1.04;4.1;3.62;3.53
1983;10;11;10.62;10.64;-0.6;-0.6;0;0;0;0;367.15;392.66;111.35;33.19;11.54;11.68;4.1;3.6;3.59
1983;10;12;0.46;0.44;-5.4;-5.3;0;0;0;0;367.15;392.66;109.26;31.06;12.01;12.12;3.07;2.6;3.05
1983;10;13;0;0;-0.1;-0.1;0;0;0;0;367.15;392.66;107.28;29.06;12.01;12.12;2.47;2.07;2.78
1983;10;14;0.01;0.01;0;0;0;0;0;0;367.15;392.66;105.43;27.19;12.02;12.13;2.24;1.89;2.71
1983;10;15;1.64;1.71;-1.1;-1.1;0;0;0;0;367.15;392.66;103.67;25.44;13.65;13.84;2.11;1.77;2.51
1983;10;16;2.51;2.55;-1.1;-1.1;0;0;0;0;367.15;392.66;102.02;23.81;16.16;16.39;1.99;1.66;2.24
1983;10;17;18.36;18.33;-5.5;-5.4;0;0;0;0;367.15;392.66;100.47;22.28;34.52;34.72;1.88;1.55;2.16
1983;10;18;0.34;0.31;-6.2;-6.2;0;0;0;0;367.15;392.66;98.99;20.85;34.85;35.03;1.77;1.45;2.11
1983;10;19;0;0;-2.3;-2.3;0;0;0;0;367.15;392.66;97.61;19.51;34.85;35.03;1.68;1.36;2.12
1983;10;20;0.14;0.14;-2.2;-2.2;0;0;0;0;367.15;392.66;96.29;18.25;34.99;35.17;1.59;1.27;2.11
1983;10;21;0.95;0.9;-3.2;-3.2;0;0;0;0;367.15;392.66;95.05;17.08;35.94;36.07;1.5;1.19;1.82
1983;10;22;0.01;0.01;-7.2;-7.2;0;0;0;0;367.15;392.66;93.88;15.98;35.95;36.08;1.42;1.11;1.71
1983;10;23;0;0;-5.9;-5.9;0;0;0;0;367.15;392.66;92.77;14.96;35.95;36.08;1.34;1.04;1.91
1983;10;24;0;0;-4.9;-4.8;0;0;0;0;367.15;392.66;91.72;14;35.95;36.08;1.27;0.97;1.64
1983;10;25;0;0;-5.5;-5.5;0;0;0;0;367.15;392.66;90.72;13.1;35.95;36.08;1.21;0.91;1.65
1983;10;26;0;0;-2.1;-2.1;0;0;0;0;367.15;392.66;89.77;12.26;35.95;36.08;1.14;0.85;1.59
1983;10;27;0;0;0.3;0.3;0.48;0.54;0.07;0.08;367.36;392.9;88.88;11.47;35.26;35.29;1.09;0.8;1.69
1983;10;28;0.73;0.73;-1;-1;0;0;0;0;367.36;392.9;88.02;10.73;35.99;36.02;1.03;0.75;1.66
1983;10;29;3.78;3.88;-3.2;-3.2;0;0;0;0;367.36;392.9;87.22;10.05;39.77;39.9;0.98;0.7;1.55
1983;10;30;0.9;0.95;-2.6;-2.6;0;0;0;0;367.36;392.9;86.44;9.4;40.67;40.85;0.93;0.65;1.52
1983;10;31;0.25;0.24;-4.3;-4.3;0;0;0;0;367.36;392.9;85.71;8.8;40.92;41.09;0.89;0.61;1.46
1983;11;1;0.24;0.23;-3.8;-3.8;0;0;0;0;367.36;392.9;85.02;8.23;41.16;41.32;0.84;0.57;1.42
1983;11;2;0;0;-2.5;-2.5;0;0;0;0;367.36;392.9;84.35;7.71;41.16;41.32;0.81;0.54;1.57
1983;11;3;0.07;0.07;-1.9;-1.9;0;0;0;0;367.36;392.9;83.72;7.21;41.23;41.39;0.77;0.5;1.37
1983;11;4;0.04;0.04;-2.3;-2.3;0;0;0;0;367.36;392.9;83.11;6.75;41.27;41.43;0.73;0.47;1.37
1983;11;5;0.2;0.2;-4;-4;0;0;0;0;367.36;392.9;82.53;6.32;41.47;41.63;0.7;0.44;1.35
1983;11;6;0;0;-3.9;-3.9;0;0;0;0;367.36;392.9;81.97;5.91;41.47;41.63;0.67;0.41;1.35
1983;11;7;0;0;-4;-4;0;0;0;0;367.36;392.9;81.44;5.54;41.47;41.63;0.64;0.38;1.28
1983;11;8;0;0;-2.3;-2.3;0;0;0;0;367.36;392.9;80.94;5.18;41.47;41.63;0.61;0.36;1.24
1983;11;9;0.47;0.48;-1;-1;0;0;0;0;367.36;392.9;80.45;4.85;41.93;42.11;0.59;0.34;1.24
1983;11;10;0;0;-0.6;-0.6;0;0;0;0;367.36;392.9;79.98;4.54;41.93;42.11;0.57;0.32;1.25
1983;11;11;0;0;-1.7;-1.7;0;0;0;0;367.36;392.9;79.53;4.25;41.93;42.11;0.54;0.3;1.21
1983;11;12;0;0;-3.3;-3.3;0;0;0;0;367.36;392.9;79.09;3.98;41.93;42.11;0.52;0.28;1.08
1983;11;13;0.07;0.07;-5.9;-5.9;0;0;0;0;367.36;392.9;78.68;3.72;42;42.18;0.5;0.26;1.05
1983;11;14;1.84;1.89;-8.8;-8.8;0;0;0;0;367.36;392.9;78.27;3.49;43.84;44.07;0.49;0.24;0.99
1983;11;15;0.01;0.01;-9.7;-9.7;0;0;0;0;367.36;392.9;77.88;3.26;43.85;44.08;0.47;0.23;0.96
1983;11;16;0;0;-6.9;-6.9;0;0;0;0;367.36;392.9;77.51;3.06;43.85;44.08;0.45;0.21;0.92
1983;11;17;0;0;-6.6;-6.6;0;0;0;0;367.36;392.9;77.14;2.86;43.85;44.08;0.44;0.2;0.9
1983;11;18;0;0;-6.3;-6.3;0;0;0;0;367.36;392.9;76.79;2.68;43.85;44.08;0.42;0.19;0.88
1983;11;19;0;0;-6.3;-6.3;0;0;0;0;367.36;392.9;76.45;2.51;43.85;44.08;0.41;0.17;0.86
1983;11;20;0;0;-4.7;-4.7;0;0;0;0;367.36;392.9;76.12;2.35;43.85;44.08;0.4;0.16;0.84
1983;11;21;0.18;0.17;-7.3;-7.3;0;0;0;0;367.36;392.9;75.8;2.2;44.03;44.25;0.38;0.15;0.83
1983;11;22;0.03;0.03;-8.7;-8.7;0;0;0;0;367.36;392.9;75.49;2.06;44.06;44.28;0.37;0.14;0.83
1983;11;23;0;0;-7.8;-7.8;0;0;0;0;367.36;392.9;75.18;1.93;44.06;44.28;0.36;0.13;0.83
1983;11;24;0.27;0.26;-6.8;-6.8;0;0;0;0;367.36;392.9;74.89;1.81;44.33;44.54;0.35;0.13;0.82
1983;11;25;1.44;1.4;-5.4;-5.4;0;0;0;0;367.36;392.9;74.6;1.69;45.77;45.94;0.34;0.12;0.82
1983;11;26;15.47;15.19;-3.8;-3.8;0;0;0;0;367.36;392.9;74.32;1.58;61.24;61.13;0.34;0.11;0.82
1983;11;27;22.98;22.76;-4.7;-4.7;0;0;0;0;367.36;392.9;74.04;1.49;84.22;83.89;0.33;0.1;0.82
1983;11;28;20.98;20.71;-9;-9;0;0;0;0;367.36;392.9;73.77;1.39;105.2;104.6;0.32;0.1;0.82
1983;11;29;4.95;4.88;-12.2;-12.2;0;0;0;0;367.36;392.9;73.51;1.3;110.16;109.48;0.31;0.09;0.82
1983;11;30;7.44;7.25;-14.8;-14.8;0;0;0;0;367.36;392.9;73.25;1.22;117.6;116.73;0.31;0.08;0.78
1983;12;1;0.58;0.55;-18.8;-18.8;0;0;0;0;367.36;392.9;73;1.15;118.18;117.28;0.3;0.08;0.79
1983;12;2;0;0;-19.4;-19.4;0;0;0;0;367.36;392.9;72.75;1.07;118.18;117.28;0.29;0.07;0.81
1983;12;3;0;0;-16.5;-16.5;0;0;0;0;367.36;392.9;72.51;1.01;118.18;117.28;0.29;0.07;0.79
1983;12;4;0;0;-14.6;-14.6;0;0;0;0;367.36;392.9;72.27;0.94;118.18;117.28;0.28;0.07;0.78
1983;12;5;0;0;-11.9;-11.9;0;0;0;0;367.36;392.9;72.03;0.88;118.18;117.28;0.28;0.06;0.77
1983;12;6;1.55;1.48;-12.6;-12.6;0;0;0;0;367.36;392.9;71.8;0.83;119.73;118.76;0.27;0.06;0.76
1983;12;7;3.17;3.02;-18.1;-18.1;0;0;0;0;367.36;392.9;71.58;0.78;122.9;121.78;0.27;0.05;0.72
1983;12;8;0.18;0.16;-18.6;-18.6;0;0;0;0;367.36;392.9;71.35;0.73;123.08;121.94;0.26;0.05;0.69
1983;12;9;0.3;0.29;-13.1;-13.1;0;0;0;0;367.36;392.9;71.13;0.68;123.37;122.23;0.26;0.05;0.67
1983;12;10;0.64;0.61;-13;-13;0;0;0;0;367.36;392.9;70.91;0.64;124.01;122.84;0.26;0.04;0.66
1983;12;11;0.31;0.29;-17.7;-17.7;0;0;0;0;367.36;392.9;70.7;0.6;124.32;123.13;0.25;0.04;0.64
1983;12;12;0.02;0.02;-20.6;-20.6;0;0;0;0;367.36;392.9;70.49;0.56;124.34;123.15;0.25;0.04;0.63
1983;12;13;0.18;0.19;-15.3;-15.3;0;0;0;0;367.36;392.9;70.28;0.53;124.53;123.34;0.25;0.04;0.64
1983;12;14;0;0;-18.2;-18.1;0;0;0;0;367.36;392.9;70.07;0.5;124.52;123.34;0.24;0.03;0.67
1983;12;15;0;0;-15.4;-15.3;0;0;0;0;367.36;392.9;69.86;0.47;124.52;123.34;0.24;0.03;0.63
1983;12;16;3.01;3.11;-14.3;-14.2;0;0;0;0;367.36;392.9;69.66;0.44;127.53;126.45;0.24;0.03;0.62
1983;12;17;6.09;6.29;-10.8;-10.7;0;0;0;0;367.36;392.9;69.46;0.41;133.62;132.74;0.23;0.03;0.59
1983;12;18;3.86;4.02;-12;-11.9;0;0;0;0;367.36;392.9;69.26;0.39;137.49;136.76;0.23;0.03;0.59
1983;12;19;16.12;16.47;-8.8;-8.8;0;0;0;0;367.36;392.9;69.07;0.37;153.6;153.23;0.23;0.03;0.6
1983;12;20;2.69;2.6;-10.1;-10.1;0;0;0;0;367.36;392.9;68.87;0.34;156.3;155.83;0.23;0.02;0.6
1983;12;21;10.38;10.53;-10.7;-10.7;0;0;0;0;367.36;392.9;68.68;0.32;166.67;166.36;0.23;0.02;0.6
1983;12;22;11.99;11.99;-10;-10;0;0;0;0;367.36;392.9;68.49;0.3;178.67;178.35;0.22;0.02;0.58
1983;12;23;9.13;8.99;-10.2;-10.2;0;0;0;0;367.36;392.9;68.3;0.29;187.79;187.34;0.22;0.02;0.57
1983;12;24;5.11;4.95;-4.1;-4.1;0;0;0;0;367.36;392.9;68.11;0.27;192.9;192.29;0.22;0.02;0.56
1983;12;25;0;0;-6.7;-6.7;0;0;0;0;367.36;392.9;67.92;0.26;192.9;192.29;0.22;0.02;0.56
1983;12;26;9.24;9.12;-9.4;-9.4;0;0;0;0;367.36;392.9;67.73;0.24;202.14;201.41;0.22;0.02;0.55
1983;12;27;2.69;2.61;-10.6;-10.6;0;0;0;0;367.36;392.9;67.55;0.23;204.83;204.02;0.21;0.02;0.53
1983;12;28;0;0;-3.9;-3.9;0;0;0;0;367.36;392.9;67.36;0.21;204.83;204.02;0.21;0.01;0.54
1983;12;29;0;0;-5.9;-5.9;0;0;0;0;367.36;392.9;67.18;0.2;204.83;204.01;0.21;0.01;0.54
1983;12;30;0.48;0.45;-8.9;-8.9;0;0;0;0;367.36;392.9;67;0.19;205.31;204.47;0.21;0.01;0.54
1983;12;31;1.21;1.18;-7.3;-7.3;0;0;0;0;367.36;392.9;66.82;0.18;206.52;205.65;0.21;0.01;0.54
1984;1;1;0;0;-7.1;-7.1;0;0;0;0;367.36;392.9;66.64;0.17;206.52;205.65;0.21;0.01;0.54
1984;1;2;0;0;-8.5;-8.5;0;0;0;0;367.36;392.9;66.46;0.16;206.52;205.65;0.21;0.01;0.54
1984;1;3;2.75;2.71;-9.7;-9.7;0;0;0;0;367.36;392.9;66.28;0.15;209.27;208.35;0.21;0.01;0.54
1984;1;4;1.91;1.89;-16.3;-16.3;0;0;0;0;367.36;392.9;66.11;0.14;211.18;210.25;0.2;0.01;0.55
1984;1;5;2.46;2.37;-19.5;-19.5;0;0;0;0;367.36;392.9;65.93;0.14;213.64;212.62;0.2;0.01;0.55
1984;1;6;0.59;0.56;-18.6;-18.6;0;0;0;0;367.36;392.9;65.76;0.13;214.23;213.18;0.2;0.01;0.56
1984;1;7;2.5;2.47;-16.2;-16.2;0;0;0;0;367.36;392.9;65.58;0.12;216.73;215.65;0.2;0.01;0.55
1984;1;8;0.84;0.8;-15.9;-15.9;0;0;0;0;367.36;392.9;65.41;0.12;217.57;216.44;0.2;0.01;0.55
1984;1;9;0.77;0.72;-21.3;-21.3;0;0;0;0;367.36;392.9;65.24;0.11;218.35;217.16;0.2;0.01;0.55
1984;1;10;0.72;0.67;-20.8;-20.8;0;0;0;0;367.36;392.9;65.07;0.11;219.07;217.84;0.2;0.01;0.54
1984;1;11;0;0;-19.5;-19.5;0;0;0;0;367.36;392.9;64.9;0.1;219.07;217.84;0.2;0.01;0.54
1984;1;12;3.15;3.1;-14.9;-14.8;0;0;0;0;367.36;392.9;64.73;0.1;222.21;220.94;0.2;0.01;0.53
1984;1;13;2.14;2.09;-16.4;-16.4;0;0;0;0;367.36;392.9;64.56;0.09;224.36;223.03;0.2;0.01;0.52
1984;1;14;3.1;3;-11.1;-11.1;0;0;0;0;367.36;392.9;64.39;0.09;227.46;226.03;0.19;0.01;0.51
1984;1;15;6.5;6.41;-14;-14;0;0;0;0;367.36;392.9;64.22;0.08;233.95;232.44;0.19;0.01;0.51
1984;1;16;3.4;3.33;-16.3;-16.3;0;0;0;0;367.36;392.9;64.05;0.08;237.35;235.76;0.19;0.01;0.5
1984;1;17;5.53;5.43;-12.2;-12.2;0;0;0;0;367.36;392.9;63.89;0.08;242.89;241.19;0.19;0.01;0.49
1984;1;18;0.3;0.28;-17.2;-17.2;0;0;0;0;367.36;392.9;63.72;0.07;243.19;241.47;0.19;0.01;0.49
1984;1;19;1.96;1.98;-17.3;-17.3;0;0;0;0;367.36;392.9;63.55;0.07;245.15;243.45;0.19;0;0.48
1984;1;20;0.65;0.62;-15.6;-15.6;0;0;0;0;367.36;392.9;63.39;0.07;245.8;244.07;0.19;0;0.47
1984;1;21;1.64;1.66;-15.7;-15.7;0;0;0;0;367.36;392.9;63.23;0.07;247.45;245.73;0.19;0;0.47
1984;1;22;1.93;1.86;-14.2;-14.2;0;0;0;0;367.36;392.9;63.06;0.06;249.38;247.59;0.19;0;0.47
1984;1;23;7.1;7;-15.2;-15.2;0;0;0;0;367.36;392.9;62.9;0.06;256.48;254.59;0.19;0;0.47
1984;1;24;5.01;4.92;-16.2;-16.2;0;0;0;0;367.36;392.9;62.74;0.06;261.48;259.51;0.19;0;0.47
1984;1;25;3.33;3.24;-18.4;-18.4;0;0;0;0;367.36;392.9;62.57;0.06;264.81;262.75;0.19;0;0.47
1984;1;26;0.01;0.01;-16.5;-16.5;0;0;0;0;367.36;392.9;62.41;0.06;264.82;262.76;0.19;0;0.47
1984;1;27;1.15;1.18;-12.6;-12.6;0;0;0;0;367.36;392.9;62.25;0.05;265.97;263.94;0.19;0;0.47
1984;1;28;0.77;0.79;-13.1;-13.1;0;0;0;0;367.36;392.9;62.09;0.05;266.74;264.73;0.18;0;0.47
1984;1;29;0.25;0.24;-15.9;-15.9;0;0;0;0;367.36;392.9;61.93;0.05;266.99;264.97;0.18;0;0.47
1984;1;30;0.78;0.78;-13.6;-13.6;0;0;0;0;367.36;392.9;61.77;0.05;267.77;265.75;0.18;0;0.47
1984;1;31;1.34;1.33;-15.8;-15.8;0;0;0;0;367.36;392.9;61.61;0.05;269.11;267.08;0.18;0;0.47
1984;2;1;0.26;0.25;-16.2;-16.2;0;0;0;0;367.36;392.9;61.45;0.05;269.37;267.33;0.18;0;0.47
1984;2;2;6.28;6.26;-12.9;-12.9;0;0;0;0;367.36;392.9;61.29;0.04;275.65;273.59;0.18;0;0.47
1984;2;3;4.23;4.19;-11.5;-11.5;0;0;0;0;367.36;392.9;61.14;0.04;279.88;277.78;0.18;0;0.47
1984;2;4;6.68;6.64;-11.5;-11.5;0;0;0;0;367.36;392.9;60.98;0.04;286.56;284.42;0.18;0;0.47
1984;2;5;0.72;0.67;-8.1;-8.1;0;0;0;0;367.36;392.9;60.82;0.04;287.28;285.09;0.18;0;0.47
1984;2;6;8.98;8.84;-11.3;-11.3;0;0;0;0;367.36;392.9;60.67;0.04;296.25;293.93;0.18;0;0.47
1984;2;7;18.89;18.56;-10.4;-10.4;0;0;0;0;367.36;392.9;60.51;0.04;315.14;312.49;0.18;0;0.47
1984;2;8;18.94;18.75;-13.8;-13.8;0;0;0;0;367.36;392.9;60.35;0.04;334.08;331.24;0.18;0;0.47
1984;2;9;12.82;12.49;-15.9;-15.9;0;0;0;0;367.36;392.9;60.2;0.04;346.9;343.73;0.18;0;0.45
1984;2;10;2.59;2.47;-17;-17;0;0;0;0;367.36;392.9;60.04;0.04;349.49;346.2;0.18;0;0.44
1984;2;11;6.27;6.08;-16.2;-16.2;0;0;0;0;367.36;392.9;59.89;0.04;355.76;352.28;0.18;0;0.42
1984;2;12;0.02;0.02;-17.1;-17.1;0;0;0;0;367.36;392.9;59.74;0.04;355.78;352.3;0.18;0;0.41
1984;2;13;0;0;-19.5;-19.5;0;0;0;0;367.36;392.9;59.58;0.04;355.78;352.3;0.18;0;0.4
1984;2;14;0.18;0.18;-18.2;-18.2;0;0;0;0;367.36;392.9;59.43;0.04;355.96;352.48;0.18;0;0.38
1984;2;15;0.55;0.55;-18.3;-18.3;0;0;0;0;367.36;392.9;59.28;0.04;356.51;353.03;0.18;0;0.37
1984;2;16;0;0;-20.5;-20.5;0;0;0;0;367.36;392.9;59.13;0.04;356.51;353.03;0.17;0;0.36
1984;2;17;0;0;-19.9;-19.9;0;0;0;0;367.36;392.9;58.97;0.03;356.51;353.03;0.17;0;0.34
1984;2;18;0;0;-18;-18;0;0;0;0;367.36;392.9;58.82;0.03;356.51;353.03;0.17;0;0.33
1984;2;19;0;0;-18.1;-18.1;0;0;0;0;367.36;392.9;58.67;0.03;356.51;353.03;0.17;0;0.35
1984;2;20;0.12;0.12;-18.9;-18.9;0;0;0;0;367.36;392.9;58.52;0.03;356.63;353.15;0.17;0;0.19
1984;2;21;0.02;0.02;-16.4;-16.4;0;0;0;0;367.36;392.9;58.37;0.03;356.65;353.17;0.17;0;0.18
1984;2;22;1.57;1.53;-14.4;-14.4;0;0;0;0;367.36;392.9;58.22;0.03;358.22;354.7;0.17;0;0.22
1984;2;23;3.18;3.17;-15.1;-15.1;0;0;0;0;367.36;392.9;58.07;0.03;361.4;357.87;0.17;0;0.22
1984;2;24;0.94;0.95;-12.7;-12.7;0;0;0;0;367.36;392.9;57.92;0.03;362.34;358.82;0.17;0;0.27
1984;2;25;3.18;3.26;-11.2;-11.2;0;0;0;0;367.36;392.9;57.77;0.03;365.52;362.08;0.17;0;0.35
1984;2;26;19.45;19.74;-10.5;-10.5;0;0;0;0;367.36;392.9;57.63;0.03;384.97;381.82;0.17;0;0.34
1984;2;27;3.34;3.4;-11.3;-11.3;0;0;0;0;367.36;392.9;57.48;0.03;388.31;385.22;0.17;0;0.35
1984;2;28;0.17;0.18;-12.8;-12.8;0;0;0;0;367.36;392.9;57.33;0.03;388.48;385.4;0.17;0;0.34
1984;2;29;0.63;0.65;-11.7;-11.7;0;0;0;0;367.36;392.9;57.19;0.03;389.11;386.05;0.17;0;0.38
1984;3;1;0.39;0.38;-10;-10;0;0;0;0;367.36;392.9;57.04;0.03;389.5;386.43;0.17;0;0.37
1984;3;2;0.78;0.72;-10.4;-10.4;0;0;0;0;367.36;392.9;56.89;0.03;390.28;387.15;0.17;0;0.41
1984;3;3;9.85;9.81;-15.6;-15.6;0;0;0;0;367.36;392.9;56.75;0.03;400.14;396.96;0.17;0;0.38
1984;3;4;0.84;0.8;-14.6;-14.6;0;0;0;0;367.36;392.9;56.6;0.03;400.98;397.76;0.17;0;0.34
1984;3;5;0.02;0.02;-12.8;-12.8;0;0;0;0;367.36;392.9;56.46;0.03;401;397.78;0.17;0;0.29
1984;3;6;0.01;0.01;-10.6;-10.6;0;0;0;0;367.36;392.9;56.31;0.03;401.01;397.79;0.17;0;0.26
1984;3;7;0.38;0.36;-9.7;-9.6;0;0;0;0;367.36;392.9;56.17;0.03;401.4;398.15;0.17;0;0.26
1984;3;8;2.76;2.63;-15;-14.9;0;0;0;0;367.36;392.9;56.02;0.03;404.16;400.78;0.17;0;0.31
1984;3;9;0.19;0.17;-18.4;-18.4;0;0;0;0;367.36;392.9;55.88;0.03;404.35;400.95;0.16;0;0.23
1984;3;10;0;0;-15.7;-15.7;0;0;0;0;367.36;392.9;55.74;0.03;404.35;400.95;0.16;0;0.26
1984;3;11;0.07;0.06;-13.9;-13.9;0;0;0;0;367.36;392.9;55.59;0.03;404.42;401.01;0.16;0;0.25
1984;3;12;0.02;0.02;-14.2;-14.2;0;0;0;0;367.36;392.9;55.45;0.03;404.44;401.03;0.16;0;0.26
1984;3;13;0;0;-12.6;-12.6;0;0;0;0;367.36;392.9;55.31;0.03;404.44;401.03;0.16;0;0.3
1984;3;14;0;0;-11.2;-11.2;0;0;0;0;367.36;392.9;55.17;0.03;404.44;401.03;0.16;0;0.31
1984;3;15;0;0;-11.2;-11.2;0;0;0;0;367.36;392.9;55.03;0.03;404.44;401.03;0.16;0;0.31
1984;3;16;0;0;-10.9;-10.9;0;0;0;0;367.36;392.9;54.89;0.03;404.44;401.03;0.16;0;0.28
1984;3;17;0;0;-11.3;-11.3;0;0;0;0;367.36;392.9;54.75;0.03;404.44;401.03;0.16;0;0.28
1984;3;18;1.54;1.52;-12;-12;0;0;0;0;367.36;392.9;54.61;0.03;405.98;402.55;0.16;0;0.27
1984;3;19;0.21;0.22;-11.3;-11.3;0;0;0;0;367.36;392.9;54.47;0.03;406.2;402.77;0.16;0;0.26
1984;3;20;0.51;0.52;-11.3;-11.3;0;0;0;0;367.36;392.9;54.33;0.03;406.7;403.29;0.16;0;0.28
1984;3;21;0.02;0.02;-11.4;-11.4;0;0;0;0;367.36;392.9;54.19;0.03;406.72;403.31;0.16;0;0.27
1984;3;22;0;0;-10.7;-10.7;0;0;0;0;367.36;392.9;54.05;0.03;406.72;403.31;0.16;0;0.28
1984;3;23;1.62;1.63;-10.7;-10.7;0;0;0;0;367.36;392.9;53.91;0.03;408.35;404.94;0.16;0;0.26
1984;3;24;0.06;0.07;-9.4;-9.4;0;0;0;0;367.36;392.9;53.77;0.03;408.41;405.01;0.16;0;0.26
1984;3;25;20.29;20.5;-8.1;-8.1;0;0;0;0;367.36;392.9;53.64;0.03;428.69;425.51;0.16;0;0.29
1984;3;26;0.66;0.69;-10.3;-10.3;0;0;0;0;367.36;392.9;53.5;0.03;429.35;426.2;0.16;0;0.26
1984;3;27;0.51;0.51;-9.6;-9.6;0;0;0;0;367.36;392.9;53.36;0.03;429.86;426.71;0.16;0;0.24
1984;3;28;2.16;2.27;-8.5;-8.5;0;0;0;0;367.36;392.9;53.23;0.03;432.02;428.98;0.16;0;0.32
1984;3;29;23.88;23.99;-8;-8;0;0;0;0;367.36;392.9;53.09;0.03;455.9;452.97;0.16;0;0.29
1984;3;30;5.51;5.32;-11;-11;0;0;0;0;367.36;392.9;52.95;0.03;461.41;458.29;0.16;0;0.3
1984;3;31;0.05;0.05;-11.6;-11.6;0;0;0;0;367.36;392.9;52.82;0.03;461.46;458.34;0.16;0;0.31
1984;4;1;2.25;2.32;-7.5;-7.5;0;0;0;0;367.36;392.9;52.68;0.03;463.71;460.66;0.16;0;0.36
1984;4;2;14.91;14.87;-8.1;-8.1;0;0;0;0;367.36;392.9;52.55;0.03;478.63;475.53;0.15;0;0.35
1984;4;3;4.13;4.08;-10.4;-10.4;0;0;0;0;367.36;392.9;52.41;0.03;482.76;479.61;0.15;0;0.29
1984;4;4;0.56;0.53;-11.8;-11.8;0;0;0;0;367.36;392.9;52.28;0.03;483.32;480.14;0.15;0;0.34
1984;4;5;1.41;1.46;-10.8;-10.8;0;0;0;0;367.36;392.9;52.15;0.03;484.73;481.6;0.15;0;0.35
1984;4;6;1.36;1.36;-9;-9;0;0;0;0;367.36;392.9;52.01;0.03;486.1;482.96;0.15;0;0.35
1984;4;7;0.87;0.83;-8.2;-8.2;0;0;0;0;367.36;392.9;51.88;0.03;486.96;483.79;0.15;0;0.29
1984;4;8;2.37;2.29;-7.1;-7.1;0;0;0;0;367.36;392.9;51.74;0.03;489.33;486.08;0.15;0;0.38
1984;4;9;2.71;2.64;-8.2;-8.2;0;0;0;0;367.36;392.9;51.61;0.03;492.04;488.72;0.15;0;0.34
1984;4;10;3.83;3.91;-8.8;-8.8;0;0;0;0;367.36;392.9;51.48;0.03;495.87;492.63;0.15;0;0.38
1984;4;11;5.15;5.09;-7.5;-7.5;0;0;0;0;367.36;392.9;51.35;0.03;501.02;497.72;0.15;0;0.34
1984;4;12;3.77;3.71;-7.8;-7.8;0;0;0;0;367.36;392.9;51.22;0.03;504.8;501.43;0.15;0;0.33
1984;4;13;0.23;0.21;-7.7;-7.7;0;0;0;0;367.36;392.9;51.09;0.03;505.02;501.64;0.15;0;0.34
1984;4;14;0;0;-4.3;-4.3;0;0;0;0;367.36;392.9;50.96;0.03;505.02;501.64;0.15;0;0.42
1984;4;15;0;0;-2.4;-2.4;0;0;0;0;367.36;392.9;50.83;0.03;505.02;501.64;0.15;0;0.51
1984;4;16;5.34;5.23;-5;-5;0;0;0;0;367.36;392.9;50.7;0.03;510.36;506.87;0.15;0;0.49
1984;4;17;5.07;4.95;-9.7;-9.7;0;0;0;0;367.36;392.9;50.57;0.03;515.43;511.82;0.15;0;0.41
1984;4;18;0.18;0.17;-8.6;-8.6;0;0;0;0;367.36;392.9;50.44;0.03;515.62;511.99;0.15;0;0.39
1984;4;19;0;0;-7.5;-7.5;0;0;0;0;367.36;392.9;50.31;0.03;515.62;511.99;0.15;0;0.41
1984;4;20;0;0;-4.7;-4.7;0;0;0;0;367.36;392.9;50.18;0.03;515.62;511.99;0.15;0;0.49
1984;4;21;0.04;0.04;-3.9;-3.9;0;0;0;0;367.36;392.9;50.05;0.03;515.66;512.03;0.15;0;0.51
1984;4;22;0;0;-2.5;-2.5;0;0;0;0;367.36;392.9;49.92;0.03;515.66;512.03;0.15;0;0.65
1984;4;23;0;0;-1.7;-1.7;0;0;0;0;367.36;392.9;49.79;0.03;515.66;512.03;0.15;0;0.71
1984;4;24;0;0;-2.1;-2.1;0;0;0;0;367.36;392.9;49.67;0.03;515.66;512.03;0.15;0;0.83
1984;4;25;0;0;-3.1;-3.1;0;0;0;0;367.36;392.9;49.54;0.03;515.66;512.03;0.15;0;0.87
1984;4;26;0.17;0.16;-3;-3;0;0;0;0;367.36;392.9;49.41;0.03;515.83;512.19;0.15;0;0.98
1984;4;27;0.58;0.54;-4.9;-4.9;0;0;0;0;367.36;392.9;49.29;0.03;516.41;512.73;0.15;0;0.99
1984;4;28;1.87;1.79;-9.1;-9.1;0;0;0;0;367.36;392.9;49.16;0.03;518.28;514.52;0.15;0;0.82
1984;4;29;2.85;2.91;-11.4;-11.4;0;0;0;0;367.36;392.9;49.03;0.03;521.13;517.43;0.14;0;0.68
1984;4;30;3.48;3.53;-9.7;-9.7;0;0;0;0;367.36;392.9;48.91;0.03;524.62;520.96;0.14;0;0.64
1984;5;1;0;0;-7;-7;0;0;0;0;367.36;392.9;48.78;0.03;524.62;520.96;0.14;0;0.53
1984;5;2;0;0;-3.4;-3.4;0;0;0;0;367.36;392.9;48.66;0.03;524.62;520.96;0.14;0;0.61
1984;5;3;7.19;7.34;-2.3;-2.3;0;0;0;0;367.36;392.9;48.53;0.03;531.8;528.3;0.14;0;0.81
1984;5;4;8.81;9.01;-1.5;-1.5;0;0;0;0;367.36;392.9;48.41;0.03;540.62;537.31;0.14;0;1.26
1984;5;5;0.17;0.16;-0.4;-0.4;0;0;0;0;367.36;392.9;48.29;0.03;540.79;537.47;0.14;0;1.25
1984;5;6;0.39;0.37;-0.6;-0.6;0;0;0;0;367.36;392.9;48.16;0.03;541.18;537.84;0.14;0;1.64
1984;5;7;3.27;3.32;-1;-1;0;0;0;0;367.36;392.9;48.04;0.03;544.45;541.16;0.14;0;1.89
1984;5;8;3.78;3.83;-3.8;-3.8;0;0;0;0;367.36;392.9;47.92;0.03;548.23;544.99;0.14;0;1.64
1984;5;9;0.01;0.01;-4.3;-4.3;0;0;0;0;367.36;392.9;47.79;0.03;548.24;545;0.14;0;1.14
1984;5;10;0.32;0.3;-5.5;-5.5;0;0;0;0;367.36;392.9;47.67;0.03;548.56;545.3;0.14;0;1.16
1984;5;11;0.25;0.25;-4.6;-4.6;0;0;0;0;367.36;392.9;47.55;0.03;548.81;545.55;0.14;0;1.01
1984;5;12;2.55;2.59;-3.6;-3.6;0;0;0;0;367.36;392.9;47.43;0.03;551.37;548.14;0.14;0;1.05
1984;5;13;1.37;1.29;-3;-3;0;0;0;0;367.36;392.9;47.31;0.03;552.74;549.43;0.14;0;1.21
1984;5;14;5.95;5.84;-3.1;-3.1;0;0;0;0;367.36;392.9;47.19;0.03;558.69;555.27;0.14;0;1.37
1984;5;15;1.81;1.87;-3.1;-3.1;0;0;0;0;367.36;392.9;47.06;0.03;560.5;557.14;0.14;0;1.3
1984;5;16;5.33;5.41;-2.6;-2.6;0;0;0;0;367.36;392.9;46.95;0.03;565.84;562.55;0.14;0;1.34
1984;5;17;2;2.06;-3.5;-3.5;0;0;0;0;367.36;392.9;46.83;0.03;567.84;564.61;0.14;0;1.15
1984;5;18;0.81;0.84;-3;-3;0;0;0;0;367.36;392.9;46.7;0.03;568.65;565.45;0.14;0;1.26
1984;5;19;5.32;5.5;-2.5;-2.5;0;0;0;0;367.36;392.9;46.59;0.03;573.97;570.95;0.14;0;1.26
1984;5;20;13.99;14.14;-1.4;-1.4;0;0;0;0;367.36;392.9;46.47;0.03;587.96;585.09;0.14;0;1.01
1984;5;21;14.8;14.97;-2.2;-2.2;0;0;0;0;367.36;392.9;46.35;0.03;602.76;600.06;0.14;0;1.29
1984;5;22;4.42;4.54;-3.5;-3.5;0;0;0;0;367.36;392.9;46.23;0.03;607.18;604.6;0.14;0;1.05
1984;5;23;5.2;5.16;-3.9;-3.9;0;0;0;0;367.36;392.9;46.11;0.03;612.38;609.76;0.14;0;1.24
1984;5;24;1.44;1.45;-2.9;-2.9;0;0;0;0;367.36;392.9;45.99;0.03;613.82;611.21;0.14;0;1.75
1984;5;25;6.62;6.64;-3.5;-3.5;0;0;0;0;367.36;392.9;45.88;0.03;620.44;617.85;0.14;0;1.87
1984;5;26;0.98;1.01;-2.6;-2.6;0;0;0;0;367.36;392.9;45.76;0.03;621.41;618.86;0.14;0;2.01
1984;5;27;12.19;12.32;-2.7;-2.7;0;0;0;0;367.36;392.9;45.64;0.03;633.61;631.18;0.13;0;1.89
1984;5;28;11.97;11.88;-3.9;-3.9;0;0;0;0;367.36;392.9;45.52;0.03;645.58;643.06;0.13;0;1.59
1984;5;29;7.13;6.95;-5.1;-5.1;0;0;0;0;367.36;392.9;45.41;0.03;652.7;650.01;0.13;0;1.26
1984;5;30;5.81;5.77;-4;-4;0;0;0;0;367.36;392.9;45.29;0.03;658.51;655.78;0.13;0;1.17
1984;5;31;2.24;2.26;-2;-2;0;0;0;0;367.36;392.9;45.17;0.03;660.76;658.03;0.13;0;1.35
1984;6;1;0;0;-0.4;-0.4;0;0;0;0;367.36;392.9;45.06;0.03;660.76;658.03;0.13;0;2.06
1984;6;2;0;0;1.4;1.5;1.64;1.67;0.26;0.26;367.65;393.23;44.94;0.03;659.66;656.83;0.13;0;2.81
1984;6;3;3.31;3.37;1.1;1.1;1.46;1.44;0.18;0.18;368.15;393.8;44.83;0.03;661.33;658.38;0.13;0;3.6
1984;6;4;12.48;12.74;-1.8;-1.8;0;0;0;0;368.15;393.8;44.72;0.03;673.82;671.12;0.13;0;3.61
1984;6;5;18.19;18.31;-2.7;-2.7;0;0;0;0;368.15;393.8;44.6;0.03;692;689.43;0.13;0;2.67
1984;6;6;7.96;7.69;-3.1;-3.1;0;0;0;0;368.15;393.8;44.49;0.03;699.97;697.12;0.13;0;1.92
1984;6;7;5.24;5.22;-3.6;-3.6;0;0;0;0;368.15;393.8;44.37;0.03;705.21;702.34;0.13;0;1.94
1984;6;8;0.81;0.76;-3.2;-3.2;0;0;0;0;368.15;393.8;44.26;0.03;706.02;703.1;0.13;0;2.1
1984;6;9;0.52;0.48;-1.1;-1.1;0;0;0;0;368.15;393.8;44.15;0.03;706.55;703.58;0.13;0;1.99
1984;6;10;0.05;0.04;0.6;0.6;1.07;1.08;0.17;0.16;368.15;393.8;44.03;0.03;706.42;703.45;0.13;0;2.71
1984;6;11;0.5;0.46;-0.6;-0.6;0;0;0;0;368.15;393.8;43.92;0.03;706.93;703.91;0.13;0;3.35
1984;6;12;0.09;0.08;-0.8;-0.8;0;0;0;0;368.15;393.8;43.81;0.03;707.02;703.99;0.13;0;3.35
1984;6;13;0;0;0.8;0.8;1.22;1.24;0.19;0.19;368.28;393.94;43.7;0.03;706.47;703.4;0.13;0;3.62
1984;6;14;0.12;0.11;2.1;2.2;1.98;2.01;0.31;0.31;367.74;393.69;45.31;1.97;702.97;699.45;0.62;0.49;4.36
1984;6;15;6.24;6.02;0.2;0.2;0.56;0.64;0.06;0.06;366.2;392.3;46.72;3.68;708.8;705;1.21;1.05;6.1
1984;6;16;0.15;0.15;0.6;0.6;1.03;1.08;0.16;0.16;364.93;391.22;47.98;5.21;707.67;703.72;1.35;1.14;4.82
1984;6;17;0.42;0.44;0.6;0.7;1.08;1.16;0.16;0.17;363.95;390.45;49.13;6.58;706.03;701.84;1.65;1.42;4.79
1984;6;18;0.03;0.03;1;1.1;1.4;1.44;0.22;0.22;363.37;390.13;50.2;7.84;702.86;698.27;2.1;1.85;5.7
1984;6;19;0.04;0.04;2.6;2.7;2.18;2.22;0.34;0.34;364.56;391.82;51.26;9.09;694.58;688.94;3.25;3;6.89
1984;6;20;0.44;0.47;3.9;4;2.66;2.67;0.41;0.4;369.32;396.65;52.48;10.5;677.43;670.82;5.67;5.38;8.09
1984;6;21;3.56;3.58;2.9;3;2.31;2.33;0.24;0.22;372.74;399.47;53.97;12.19;667.44;661.12;6.89;6.53;10.76
1984;6;22;4.52;4.19;2.1;2.2;1.98;2.01;0.19;0.18;373.88;400.38;55.65;14.07;664.09;657.5;6.13;5.69;10.63
1984;6;23;1.79;1.62;1;1;1.38;1.38;0.16;0.15;373.39;399.81;57.34;15.92;662.52;655.92;4.63;4.17;9
1984;6;24;8.21;7.9;-1.3;-1.3;0;0;0;0;371.7;398.25;58.86;17.59;670.74;663.82;3.2;2.77;5.97
1984;6;25;1.48;1.41;-1;-1;0;0;0;0;370.33;396.71;59.98;18.97;672.21;665.23;2.41;2.05;3.39
1984;6;26;2.62;2.52;0.6;0.6;1.06;1.08;0.12;0.11;368.8;395.32;61.02;20.07;674.3;667.17;2.24;1.94;3.68
1984;6;27;1.55;1.54;3.6;3.6;2.55;2.54;0.3;0.28;372.62;398.19;61.95;21.05;661.69;655.39;4.23;3.88;4.55
1984;6;28;9.96;10;2.3;2.3;2.04;2.05;0.11;0.1;375.52;400.74;62.99;22.13;659.02;652.82;6.35;5.88;6.19
1984;6;29;3.41;3.34;0.6;0.6;1.05;1.08;0.11;0.11;374.52;399.88;64.12;23.29;660.25;653.86;5.56;5.04;6.36
1984;6;30;1.44;1.47;0.8;0.8;1.2;1.24;0.14;0.14;373.86;399.35;65.19;24.38;658.54;652.03;4.27;3.79;6.14
1984;7;1;1.5;1.54;4.4;4.5;2.84;2.85;0.34;0.32;380.14;404.8;66.29;25.5;637.89;631.67;6.78;6.28;6.62
1984;7;2;10.64;10.47;3.4;3.5;2.51;2.53;0.12;0.12;386.82;410.31;67.7;26.94;624.52;618.89;10.22;9.57;9.47
1984;7;3;4.54;4.38;-2.4;-2.4;0;0;0;0;385.02;408.72;69.36;28.62;629.07;623.27;8.17;7.43;5.85
1984;7;4;0.91;0.85;-3;-3;0;0;0;0;385.02;408.72;67.63;26.79;629.98;624.12;4.29;3.67;3.04
1984;7;5;0.32;0.31;-1.6;-1.6;0;0;0;0;385.02;408.72;66;25.07;630.3;624.43;2.45;2;3.73
1984;7;6;0.02;0.02;0.7;0.7;1.14;1.17;0.15;0.14;385.09;408.79;64.46;23.46;629.96;624.06;1.99;1.65;3.74
1984;7;7;0;0;3.7;3.8;2.6;2.63;0.34;0.32;387.72;411.39;66.68;25.75;615.79;609.41;4.26;3.92;5.22
1984;7;8;0.42;0.46;5.7;5.7;3.2;3.19;0.32;0.29;395.15;417.55;68.86;27.99;587.76;582.24;9.45;8.91;7.32
1984;7;9;1.08;1.13;6.3;6.3;3.35;3.35;0.32;0.29;401.51;422.39;71.35;30.56;562.32;558.47;12.95;12.1;10.41
1984;7;10;0.23;0.24;9.5;9.5;4.08;4.08;0.42;0.37;411.31;429.79;74.36;33.61;522.55;521.47;16.61;15.37;13.38
1984;7;11;0.4;0.38;10.8;10.8;4.33;4.33;0.44;0.39;421.58;437.58;78.09;37.35;476.1;478.28;21.39;19.65;16.42
1984;7;12;0.52;0.53;9.8;9.8;4.14;4.14;0.31;0.25;429.19;443.2;82.62;41.81;434.62;440.21;24.16;21.9;24.2
1984;7;13;3.37;3.02;8.1;8.2;3.79;3.8;0.22;0.19;433.44;445.84;87.7;46.7;408.23;417.39;22.99;20.35;25.25
1984;7;14;1.56;1.62;7.2;7.3;3.58;3.59;0.25;0.2;436.27;447.63;92.93;51.57;384.45;396.83;20.64;17.83;23.57
1984;7;15;12.2;12.17;3.9;4;2.68;2.7;0.06;0.05;438.63;449.53;98.05;56.19;371.38;385.3;19.85;17.06;18.67
1984;7;16;1.84;1.7;-0.2;-0.2;0;0;0;0;436.44;447.78;102.72;60.25;373.22;387;15.17;12.72;13.43
1984;7;17;3.1;3.01;-0.9;-0.9;0;0;0;0;434.26;446.04;106.5;63.35;376.32;390.01;9.88;8.03;7.91
1984;7;18;0;0;1.9;2;1.9;1.94;0.14;0.12;432.96;445.07;109.31;65.45;371.36;385.12;8.56;7.16;8.47
1984;7;19;4.38;4.44;2.2;2.3;2.04;2.07;0.11;0.09;432.09;444.42;111.38;66.82;368.75;382.84;9.15;7.92;7.26
1984;7;20;0.32;0.29;4.1;4.2;2.73;2.76;0.2;0.17;432.09;444.27;112.97;67.7;358.21;373.46;10.22;8.97;9.2
1984;7;21;0.43;0.44;5.5;5.6;3.14;3.17;0.23;0.19;433.04;444.82;114.31;68.36;343.02;360.02;11.91;10.48;10.05
1984;7;22;1.94;1.96;5.6;5.7;3.17;3.19;0.21;0.17;434.39;445.74;115.64;68.98;326.87;345.69;13.73;12.06;12.33
1984;7;23;1.87;1.86;5.7;5.8;3.2;3.22;0.22;0.18;435.85;446.7;117.07;69.68;309.69;330.58;15.02;13.12;12.82
1984;7;24;2.86;2.81;5.9;5.9;3.24;3.25;0.2;0.17;437.63;447.87;118.68;70.53;291.39;314.79;16.08;13.97;14.59
1984;7;25;3.86;3.79;5.9;6;3.26;3.27;0.18;0.16;439.52;449.19;120.5;71.54;272.56;298.36;17.21;14.9;16.8
1984;7;26;6.36;6.19;2.3;2.3;2.08;2.07;0.09;0.08;438.85;448.54;122.4;72.59;270.2;297.1;15.46;13.11;12.21
1984;7;27;3.83;3.68;0.8;0.8;1.26;1.25;0.07;0.06;437.08;447.13;124.06;73.35;271.47;298.5;11.82;9.76;6.18
1984;7;28;2.62;2.54;0.9;0.9;1.34;1.32;0.08;0.07;435.35;445.73;125.25;73.64;271.48;298.76;9.42;7.76;4.24
1984;7;29;2.03;2.02;6.6;6.6;3.42;3.42;0.2;0.18;436.5;446.67;126.12;73.63;255.29;283.97;11.31;9.78;7.12
1984;7;30;1.69;1.67;8;8;3.76;3.75;0.12;0.1;437.02;447.03;126.96;73.62;242.12;272.21;13.54;11.85;15.6
1984;7;31;0.08;0.08;9.7;9.7;4.12;4.12;0.13;0.13;436.95;447.18;127.88;73.7;229.78;260.11;13.76;11.98;18.53
1984;8;1;9.57;9.48;6.4;6.4;3.09;3.1;0.04;0.04;437.56;448.21;128.87;73.88;222.34;251.73;14.58;12.91;14.89
1984;8;2;0;0;6.4;6.4;3.09;3.1;0.16;0.1;436.42;447.74;129.88;74.14;214.83;243.23;14.55;12.11;14.44
1984;8;3;0.12;0.12;8.5;8.5;3.55;3.55;0.27;0.11;435.63;447.77;130.8;74.36;204.66;231.71;14.85;11.28;15.86
1984;8;4;0.12;0.12;9.6;9.6;3.76;3.76;0.28;0.12;435.07;448.05;131.6;74.55;192.99;218.5;15.79;11.71;18.86
1984;8;5;11.67;11.43;6.7;6.7;3.16;3.17;0.06;0.03;436.23;449.49;132.43;74.83;184.61;209.01;17.58;13.73;18.54
1984;8;6;8.93;8.82;4.2;4.2;2.53;2.53;0.08;0.04;436.32;449.91;133.38;75.31;179.31;203.01;17.47;14.36;15.52
1984;8;7;5.81;5.86;3.9;3.9;2.44;2.44;0.12;0.05;435.75;449.8;134.37;75.85;174.51;197.57;15.67;13.09;11.63
1984;8;8;4.31;4.19;3.3;3.3;2.27;2.26;0.12;0.05;434.73;449.18;135.23;76.28;171.3;193.95;13.8;11.42;8.27
1984;8;9;3.15;3.23;3.7;3.7;2.4;2.38;0.15;0.06;433.61;448.56;135.87;76.5;167.35;189.47;12.69;10.31;6.96
1984;8;10;8.42;8.34;3.8;3.8;2.42;2.41;0.08;0.04;433.5;448.72;136.32;76.54;163.49;185.1;13.31;10.88;7.77
1984;8;11;8.92;8.82;3.3;3.3;2.25;2.26;0.07;0.03;433.18;448.6;136.69;76.51;161.72;183.09;13.74;11.43;6.24
1984;8;12;6.05;6.11;3.8;3.8;2.41;2.41;0.11;0.05;432.52;448.31;137.01;76.44;158.48;179.43;13.39;11.14;8.8
1984;8;13;6.39;6.42;3.5;3.5;2.32;2.32;0.1;0.04;431.86;447.98;137.26;76.31;155.9;176.5;13.04;10.76;9.48
1984;8;14;8.06;8.05;2.9;2.9;2.12;2.12;0.05;0.03;431.3;447.59;137.42;76.09;155.12;175.62;12.19;10.55;7.24
1984;8;15;0.95;0.96;2.6;2.6;2.01;2.01;0.05;0.06;429.67;446.34;137.44;75.73;153.11;173.35;10.16;9.18;6.75
1984;8;16;6.1;6.1;2.1;2.1;1.81;1.82;0.03;0.04;428.63;445.46;137.26;75.17;153.68;173.99;9.15;8.29;5.83
1984;8;17;0.82;0.83;2.3;2.3;1.89;1.9;0.05;0.06;426.96;444.17;136.87;74.4;151.99;172.08;8.49;7.67;5.43
1984;8;18;0;0;3.5;3.5;2.31;2.32;0.11;0.07;425.41;443.08;136.3;73.44;148.54;168.18;8.44;7.21;6.9
1984;8;19;1.51;1.55;4.1;4.1;2.5;2.5;0.15;0.07;424.28;442.44;135.6;72.37;144.23;163.3;9.43;7.69;5.68
1984;8;20;0;0;4.6;4.6;2.64;2.64;0.18;0.08;422.99;441.7;134.84;71.26;139.19;157.59;9.98;8.01;7.95
1984;8;21;0.14;0.15;5.4;5.4;2.86;2.86;0.19;0.09;421.94;441.21;134.07;70.16;133.07;150.66;10.44;8.21;8.64
1984;8;22;0.71;0.73;5.4;5.4;2.86;2.86;0.18;0.08;421.06;440.87;133.32;69.12;126.78;143.54;10.96;8.56;10.41
1984;8;23;0.2;0.21;5.8;5.8;2.97;2.96;0.19;0.09;420.19;440.58;132.64;68.17;119.89;135.74;11.33;8.74;9.4
1984;8;24;7.65;7.6;4.7;4.7;2.69;2.67;0.09;0.04;420.81;441.39;132.09;67.38;114.16;129.25;12.58;9.95;8.86
1984;8;25;10.32;10.28;3.2;3.2;2.22;2.22;0.05;0.03;421.23;441.76;131.75;66.83;112.78;127.68;13;10.75;6.71
1984;8;26;5.63;5.52;2.9;2.9;2.13;2.12;0.09;0.04;420.61;441.27;131.58;66.46;111.49;126.22;11.73;9.78;5.18
1984;8;27;1.9;1.87;4.2;4.2;2.53;2.53;0.14;0.07;419.66;440.69;131.44;66.12;107.41;121.61;10.67;8.63;7.72
1984;8;28;1.69;1.75;4.2;4.2;2.53;2.53;0.15;0.07;418.71;440.17;131.26;65.74;103.02;116.64;10.39;8.21;8.93
1984;8;29;0.1;0.1;5.5;5.5;2.88;2.88;0.18;0.09;417.72;439.69;131.03;65.32;97.03;109.86;10.48;8.11;9.05
1984;8;30;0.02;0.02;5.8;5.8;2.95;2.96;0.18;0.09;416.84;439.32;130.76;64.86;90.5;102.46;10.79;8.19;8.64
1984;8;31;0.04;0.04;5.8;5.8;2.95;2.96;0.18;0.09;416.01;439.01;130.48;64.41;83.79;94.86;10.98;8.32;9.29
1984;9;1;1.1;1.11;5.2;5.2;2.39;2.4;0.13;0.07;415.36;438.79;130.19;63.97;77.64;87.91;11;8.46;10.32
1984;9;2;0;0;6.2;6.2;2.6;2.6;0.15;0.08;414.71;438.63;129.93;63.56;70.22;79.5;11.13;8.57;10.11
1984;9;3;2.93;3.11;7.4;7.4;2.83;2.83;0.14;0.07;414.98;439.4;129.74;63.25;61.21;69.3;12.43;9.52;12.06
1984;9;4;2.39;2.52;5.9;5.9;2.54;2.54;0.13;0.07;414.81;439.66;129.68;63.1;53.96;61.09;13.01;10.07;15.66
1984;9;5;35.13;35.07;3.6;3.6;2;2.01;0;0;421.02;444.53;130;63.37;53.2;60.23;17.19;14.73;15.69
1984;9;6;20.51;20.66;-2.7;-2.6;0;0;0;0;419.05;442.81;130.7;64.04;73.71;80.89;14.68;13.13;7.36
1984;9;7;0.82;0.86;-5.4;-5.4;0;0;0;0;419.05;442.81;126.88;59.92;74.54;81.75;8.24;7.41;5.81
1984;9;8;0.07;0.07;-6.2;-6.2;0;0;0;0;419.05;442.81;123.29;56.07;74.61;81.83;5.38;4.8;5.44
1984;9;9;0.16;0.15;-2.7;-2.7;0;0;0;0;419.05;442.81;119.92;52.47;74.77;81.97;4.56;4.11;5.23
1984;9;10;8.88;8.67;-2.9;-2.9;0;0;0;0;419.05;442.81;116.76;49.1;83.65;90.64;4.24;3.84;4.55
1984;9;11;0.28;0.27;-2.5;-2.5;0;0;0;0;419.05;442.81;113.78;45.95;83.93;90.92;3.99;3.61;3.72
1984;9;12;0.3;0.29;-0.7;-0.6;0;0;0;0;419.05;442.81;110.99;43;84.23;91.2;3.76;3.39;3.53
1984;9;13;0;0;2;2.1;1.52;1.55;0.16;0.14;420.41;443.95;108.36;40.24;77.53;84.39;4.31;3.94;3.84
1984;9;14;1.61;1.58;3.2;3.3;1.91;1.93;0.13;0.11;420.63;443.53;110.61;42.66;70.16;78.06;6.27;5.8;4.4
1984;9;15;18.42;18.43;0.5;0.6;0.8;0.85;0;0;419.1;442.28;112.41;44.56;86.08;93.72;6.64;6.03;4.31
1984;9;16;16.26;15.95;-1;-1;0;0;0;0;417.58;440.56;113.47;45.98;102.34;109.67;5.47;4.88;3.59
1984;9;17;4.4;4.32;-1;-0.9;0;0;0;0;417.58;440.56;110.68;43.03;106.74;113.99;4.09;3.6;3.33
1984;9;18;4.12;4.24;-2.1;-2.1;0;0;0;0;417.58;440.56;108.05;40.27;110.86;118.23;3.36;2.96;3.28
1984;9;19;0.06;0.05;1.3;1.3;1.23;1.23;0.16;0.15;418.29;441.19;105.58;37.68;107.38;114.63;3.43;3.06;3.48
1984;9;20;0.05;0.04;2.5;2.5;1.69;1.69;0.18;0.16;418.3;440.82;107.3;39.5;99.06;106.95;5.18;4.73;3.45
1984;9;21;7.62;7.5;1.1;1.1;1.13;1.14;0.06;0.06;417.23;439.8;108.69;40.96;102.63;110.49;6.09;5.52;3.36
1984;9;22;9.92;9.9;-2.5;-2.5;0;0;0;0;417.23;439.8;106.18;38.33;112.55;120.39;4.76;4.16;3.46
1984;9;23;10.54;10.57;-3.3;-3.2;0;0;0;0;417.23;439.8;103.82;35.87;123.09;130.96;3.32;2.82;3.32
1984;9;24;5.42;5.39;-5.8;-5.8;0;0;0;0;417.23;439.8;101.6;33.56;128.51;136.34;2.86;2.45;3.16
1984;9;25;1.83;1.66;-9;-8.9;0;0;0;0;417.23;439.8;99.52;31.41;130.34;138;2.67;2.3;2.97
1984;9;26;6.55;6.47;-5.9;-5.9;0;0;0;0;417.23;439.8;97.55;29.39;136.89;144.47;2.52;2.16;2.64
1984;9;27;2.8;2.74;-3.4;-3.4;0;0;0;0;417.23;439.8;95.7;27.5;139.69;147.22;2.38;2.03;2.69
1984;9;28;0.01;0.01;-2;-1.9;0;0;0;0;417.23;439.8;93.96;25.74;139.7;147.22;2.25;1.9;2.58
1984;9;29;0.04;0.05;-0.7;-0.6;0;0;0;0;417.23;439.8;92.32;24.09;139.75;147.28;2.12;1.78;2.55
1984;9;30;0.06;0.06;-1;-0.9;0;0;0;0;417.23;439.8;90.77;22.54;139.8;147.34;2;1.67;2.52
1984;10;1;1.78;1.86;0.3;0.3;0.48;0.54;0.06;0.07;417.3;439.88;89.32;21.1;7.06;7.43;1.89;1.57;2.52
1984;10;2;22.86;23.05;-3;-3;0;0;0;0;417.3;439.88;87.94;19.74;29.92;30.48;1.79;1.47;3.19
1984;10;3;13.19;13.29;-6.9;-6.9;0;0;0;0;417.3;439.88;86.64;18.48;43.11;43.77;1.7;1.39;2.73
1984;10;4;5.26;5.35;-3.8;-3.8;0;0;0;0;417.3;439.88;85.42;17.29;48.36;49.12;1.61;1.3;2.62
1984;10;5;8.9;9.13;-3.4;-3.4;0;0;0;0;417.3;439.88;84.26;16.18;57.26;58.25;1.52;1.22;2.66
1984;10;6;2.48;2.36;-4.5;-4.5;0;0;0;0;417.3;439.88;83.16;15.15;59.75;60.61;1.44;1.14;2.55
1984;10;7;1.1;1.02;-3.9;-3.9;0;0;0;0;417.3;439.88;82.13;14.18;60.85;61.63;1.36;1.07;2.33
1984;10;8;0.01;0.01;-3.6;-3.6;0;0;0;0;417.3;439.88;81.15;13.27;60.86;61.64;1.29;1.01;2.17
1984;10;9;0.93;0.88;-0.9;-0.9;0;0;0;0;417.3;439.88;80.22;12.42;61.78;62.52;1.22;0.94;2.17
1984;10;10;0.01;0.01;-0.1;-0.1;0.06;0;0.01;0;417.3;439.88;79.34;11.62;61.78;62.53;1.16;0.88;2.36
1984;10;11;5.57;5.7;-2;-2;0;0;0;0;417.3;439.88;78.51;10.88;67.36;68.23;1.1;0.83;2.32
1984;10;12;0.11;0.11;-0.7;-0.7;0;0;0;0;417.3;439.88;77.72;10.19;67.47;68.34;1.05;0.78;2.34
1984;10;13;0.02;0.02;-0.3;-0.3;0;0;0;0;417.3;439.88;76.97;9.54;67.49;68.36;0.99;0.73;2.22
1984;10;14;0;0;-0.4;-0.4;0;0;0;0;417.3;439.88;76.25;8.93;67.49;68.36;0.94;0.68;2.14
1984;10;15;0.03;0.03;-0.3;-0.3;0;0;0;0;417.3;439.88;75.57;8.36;67.52;68.39;0.9;0.64;2.01
1984;10;16;0;0;-0.6;-0.6;0;0;0;0;417.3;439.88;74.93;7.82;67.52;68.39;0.85;0.6;1.86
1984;10;17;0;0;0.5;0.5;0.7;0.69;0.11;0.11;417.49;440.08;74.31;7.32;66.44;67.2;0.82;0.57;1.89
1984;10;18;0.05;0.05;-0.7;-0.7;0;0;0;0;417.49;440.08;73.73;6.86;66.48;67.25;0.79;0.54;1.76
1984;10;19;0.53;0.56;-2.2;-2.2;0;0;0;0;417.49;440.08;73.17;6.42;67.01;67.81;0.76;0.52;1.7
1984;10;20;2.32;2.39;-1.5;-1.5;0;0;0;0;417.49;440.08;72.63;6.01;69.33;70.2;0.74;0.49;1.65
1984;10;21;0.24;0.25;-1.4;-1.4;0;0;0;0;417.49;440.08;72.12;5.63;69.58;70.45;0.71;0.47;1.64
1984;10;22;0.02;0.02;0.2;0.2;0.45;0.45;0.07;0.07;417.51;440.11;71.64;5.27;69.41;70.27;0.68;0.44;1.6
1984;10;23;0;0;0.4;0.4;0.59;0.62;0.09;0.1;417.67;440.29;71.17;4.93;68.41;69.14;0.66;0.42;1.64
1984;10;24;0.01;0.01;-0.6;-0.6;0;0;0;0;417.67;440.29;70.72;4.62;68.42;69.16;0.64;0.41;1.56
1984;10;25;0.07;0.08;0.4;0.4;0.55;0.62;0.08;0.1;417.84;440.48;70.29;4.33;67.49;68.11;0.63;0.4;1.53
1984;10;26;9.55;9.54;-1.1;-1.1;0;0;0;0;417.84;440.48;69.88;4.05;77.04;77.65;0.62;0.39;1.53
1984;10;27;0.77;0.78;-3.1;-3.1;0;0;0;0;417.84;440.48;69.48;3.8;77.81;78.43;0.61;0.39;1.52
1984;10;28;0;0;-3;-3;0;0;0;0;417.84;440.48;69.1;3.56;77.82;78.43;0.6;0.37;1.41
1984;10;29;0;0;-2.7;-2.7;0;0;0;0;417.84;440.48;68.73;3.33;77.82;78.43;0.58;0.35;1.4
1984;10;30;0;0;-0.2;-0.1;0;0;0;0;417.84;440.48;68.38;3.12;77.82;78.43;0.56;0.34;1.43
1984;10;31;0;0;0.4;0.5;0.61;0.69;0.08;0.08;417.99;440.65;68.04;2.93;76.89;77.38;0.54;0.32;1.42
1984;11;1;0;0;0.2;0.2;0.33;0.37;0.04;0.04;418.07;440.74;67.71;2.74;76.41;76.84;0.53;0.32;1.37
1984;11;2;0;0;-0.8;-0.8;0;0;0;0;418.07;440.74;67.39;2.57;76.41;76.84;0.53;0.31;1.29
1984;11;3;0.09;0.08;-2.2;-2.2;0;0;0;0;418.07;440.74;67.08;2.41;76.51;76.92;0.52;0.31;1.29
1984;11;4;0;0;-3.1;-3.1;0;0;0;0;418.07;440.74;66.78;2.26;76.51;76.92;0.51;0.3;1.25
1984;11;5;0.19;0.21;-3.5;-3.5;0;0;0;0;418.07;440.74;66.49;2.12;76.7;77.13;0.49;0.28;1.25
1984;11;6;1.23;1.28;-3.3;-3.3;0;0;0;0;418.07;440.74;66.21;1.99;77.93;78.41;0.48;0.27;1.22
1984;11;7;0.63;0.66;-1.9;-1.9;0;0;0;0;418.07;440.74;65.94;1.86;78.56;79.07;0.46;0.26;1.23
1984;11;8;0;0;-1.7;-1.7;0;0;0;0;418.07;440.74;65.67;1.75;78.56;79.07;0.45;0.24;1.19
1984;11;9;0;0;-1.4;-1.4;0;0;0;0;418.07;440.74;65.41;1.64;78.56;79.07;0.43;0.23;1.18
1984;11;10;0;0;-0.7;-0.7;0;0;0;0;418.07;440.74;65.16;1.54;78.56;79.07;0.42;0.22;1.17
1984;11;11;0;0;0;0;0;0;0;0;418.07;440.74;64.91;1.44;78.56;79.07;0.41;0.2;1.16
1984;11;12;0;0;-2;-2;0;0;0;0;418.07;440.74;64.67;1.35;78.56;79.07;0.39;0.19;1.11
1984;11;13;0;0;-2.5;-2.5;0;0;0;0;418.07;440.74;64.43;1.27;78.56;79.07;0.38;0.18;1.02
1984;11;14;0.44;0.45;-4.2;-4.2;0;0;0;0;418.07;440.74;64.2;1.19;79;79.52;0.37;0.17;1.02
1984;11;15;1.75;1.81;-4.6;-4.6;0;0;0;0;418.07;440.74;63.98;1.12;80.74;81.33;0.36;0.16;1.03
1984;11;16;9.12;9.36;-6.1;-6.2;0;0;0;0;418.07;440.74;63.76;1.05;89.86;90.69;0.35;0.15;1
1984;11;17;7.18;7.07;-10.7;-10.7;0;0;0;0;418.07;440.74;63.54;0.99;97.03;97.76;0.34;0.14;0.98
1984;11;18;0.03;0.03;-15.3;-15.3;0;0;0;0;418.07;440.74;63.33;0.93;97.06;97.79;0.33;0.14;0.99
1984;11;19;1.14;1.13;-12.3;-12.2;0;0;0;0;418.07;440.74;63.12;0.88;98.2;98.92;0.32;0.13;1
1984;11;20;2.61;2.47;-8.5;-8.5;0;0;0;0;418.07;440.74;62.91;0.82;100.81;101.39;0.31;0.12;1.01
1984;11;21;0.71;0.68;-8.3;-8.3;0;0;0;0;418.07;440.74;62.71;0.77;101.52;102.07;0.31;0.12;1.02
1984;11;22;6.23;6.13;-8.3;-8.3;0;0;0;0;418.07;440.74;62.51;0.73;107.75;108.2;0.3;0.11;1.03
1984;11;23;1.66;1.61;-4.3;-4.3;0;0;0;0;418.07;440.74;62.31;0.68;109.41;109.81;0.29;0.1;1.04
1984;11;24;2.18;2.05;-4.8;-4.8;0;0;0;0;418.07;440.74;62.12;0.64;111.58;111.86;0.28;0.1;1.02
1984;11;25;0;0;-8.2;-8.1;0;0;0;0;418.07;440.74;61.93;0.61;111.58;111.86;0.28;0.09;1.01
1984;11;26;5.34;5.28;-6.2;-6.1;0;0;0;0;418.07;440.74;61.74;0.57;116.93;117.14;0.27;0.09;1
1984;11;27;2.2;2.16;-10;-10;0;0;0;0;418.07;440.74;61.55;0.54;119.13;119.3;0.27;0.08;0.98
1984;11;28;0;0;-6.6;-6.4;0;0;0;0;418.07;440.74;61.37;0.51;119.13;119.3;0.26;0.08;0.96
1984;11;29;0;0;-4.5;-4.4;0;0;0;0;418.07;440.74;61.19;0.48;119.13;119.3;0.26;0.07;0.94
1984;11;30;0;0;-6.2;-6.1;0;0;0;0;418.07;440.74;61.01;0.45;119.13;119.3;0.25;0.07;0.93
1984;12;1;0.59;0.61;-8.6;-8.5;0;0;0;0;418.07;440.74;60.83;0.43;119.72;119.91;0.25;0.07;0.9
1984;12;2;7.95;8.17;-5.8;-5.7;0;0;0;0;418.07;440.74;60.66;0.4;127.67;128.08;0.24;0.06;0.89
1984;12;3;0.61;0.63;-5.8;-5.7;0;0;0;0;418.07;440.74;60.48;0.38;128.27;128.71;0.24;0.06;0.89
1984;12;4;0;0;-8.6;-8.6;0;0;0;0;418.07;440.74;60.31;0.36;128.27;128.71;0.23;0.06;0.88
1984;12;5;0;0;-10.5;-10.5;0;0;0;0;418.07;440.74;60.14;0.34;128.27;128.71;0.23;0.05;0.87
1984;12;6;0;0;-9.5;-9.5;0;0;0;0;418.07;440.74;59.97;0.32;128.27;128.71;0.23;0.05;0.85
1984;12;7;0;0;-10.1;-10.1;0;0;0;0;418.07;440.74;59.8;0.31;128.27;128.71;0.22;0.05;0.82
1984;12;8;0;0;-10.6;-10.6;0;0;0;0;418.07;440.74;59.64;0.29;128.27;128.71;0.22;0.04;0.8
1984;12;9;1.06;1;-11.4;-11.4;0;0;0;0;418.07;440.74;59.47;0.28;129.34;129.71;0.22;0.04;0.78
1984;12;10;1.41;1.34;-9;-9;0;0;0;0;418.07;440.74;59.31;0.26;130.74;131.05;0.22;0.04;0.75
1984;12;11;0.57;0.54;-3.4;-3.4;0;0;0;0;418.07;440.74;59.15;0.25;131.31;131.59;0.21;0.04;0.73
1984;12;12;0;0;-6.5;-6.5;0;0;0;0;418.07;440.74;58.98;0.24;131.31;131.59;0.21;0.04;0.71
1984;12;13;0.03;0.03;-11;-10.9;0;0;0;0;418.07;440.74;58.83;0.23;131.34;131.62;0.21;0.03;0.69
1984;12;14;5.83;5.7;-11.2;-11.2;0;0;0;0;418.07;440.74;58.66;0.22;137.17;137.32;0.2;0.03;0.67
1984;12;15;0.02;0.02;-12.4;-12.4;0;0;0;0;418.07;440.74;58.51;0.21;137.19;137.34;0.2;0.03;0.64
1984;12;16;1.61;1.56;-8.4;-8.3;0;0;0;0;418.07;440.74;58.35;0.2;138.79;138.9;0.2;0.03;0.68
1984;12;17;3.89;3.77;-8.4;-8.3;0;0;0;0;418.07;440.74;58.19;0.19;142.68;142.67;0.2;0.03;0.68
1984;12;18;4.74;4.84;-9.3;-9.2;0;0;0;0;418.07;440.74;58.04;0.18;147.42;147.51;0.2;0.03;0.66
1984;12;19;15.84;15.94;-9.7;-9.7;0;0;0;0;418.07;440.74;57.88;0.17;163.26;163.45;0.19;0.02;0.65
1984;12;20;0;0;-14.7;-14.7;0;0;0;0;418.07;440.74;57.73;0.17;163.26;163.45;0.19;0.02;0.64
1984;12;21;4.74;4.57;-11.1;-11;0;0;0;0;418.07;440.74;57.58;0.16;167.99;168.02;0.19;0.02;0.64
1984;12;22;0.12;0.11;-14.7;-14.7;0;0;0;0;418.07;440.74;57.42;0.15;168.12;168.12;0.19;0.02;0.65
1984;12;23;0;0;-18.5;-18.5;0;0;0;0;418.07;440.74;57.27;0.15;168.12;168.12;0.19;0.02;0.66
1984;12;24;0;0;-15.6;-15.6;0;0;0;0;418.07;440.74;57.12;0.14;168.12;168.12;0.19;0.02;0.64
1984;12;25;0.78;0.72;-17;-17;0;0;0;0;418.07;440.74;56.97;0.14;168.89;168.84;0.18;0.02;0.63
1984;12;26;0;0;-18.7;-18.7;0;0;0;0;418.07;440.74;56.82;0.13;168.89;168.84;0.18;0.02;0.62
1984;12;27;1.3;1.31;-16.5;-16.5;0;0;0;0;418.07;440.74;56.67;0.13;170.19;170.16;0.18;0.02;0.6
1984;12;28;0;0;-18.3;-18.3;0;0;0;0;418.07;440.74;56.52;0.12;170.19;170.16;0.18;0.01;0.59
1984;12;29;0.11;0.1;-16.9;-16.9;0;0;0;0;418.07;440.74;56.37;0.12;170.3;170.25;0.18;0.01;0.58
1984;12;30;0.58;0.55;-18.7;-18.7;0;0;0;0;418.07;440.74;56.23;0.12;170.89;170.81;0.18;0.01;0.56
1984;12;31;0.33;0.31;-20.5;-20.5;0;0;0;0;418.07;440.74;56.08;0.11;171.22;171.12;0.18;0.01;0.55
1985;1;1;0.88;0.84;-17.3;-17.3;0;0;0;0;418.07;440.74;55.93;0.11;172.1;171.96;0.18;0.01;0.54
1985;1;2;1.71;1.63;-20.9;-20.9;0;0;0;0;418.07;440.74;55.79;0.1;173.81;173.59;0.17;0.01;0.54
1985;1;3;0.69;0.65;-24.4;-24.4;0;0;0;0;418.07;440.74;55.64;0.1;174.5;174.24;0.17;0.01;0.54
1985;1;4;3.67;3.58;-25.5;-25.5;0;0;0;0;418.07;440.74;55.5;0.1;178.17;177.81;0.17;0.01;0.53
1985;1;5;0.28;0.27;-29.7;-29.7;0;0;0;0;418.07;440.74;55.35;0.1;178.45;178.09;0.17;0.01;0.53
1985;1;6;0;0;-31.4;-31.4;0;0;0;0;418.07;440.74;55.21;0.1;178.45;178.09;0.17;0.01;0.53
1985;1;7;0;0;-28.8;-28.7;0;0;0;0;418.07;440.74;55.07;0.09;178.45;178.09;0.17;0.01;0.52
1985;1;8;0.56;0.56;-25.7;-25.6;0;0;0;0;418.07;440.74;54.92;0.09;179.01;178.65;0.17;0.01;0.52
1985;1;9;0.16;0.15;-24.9;-24.9;0;0;0;0;418.07;440.74;54.78;0.09;179.17;178.79;0.17;0.01;0.53
1985;1;10;0.01;0.01;-27.1;-27;0;0;0;0;418.07;440.74;54.64;0.09;179.18;178.8;0.17;0.01;0.54
1985;1;11;0;0;-26.7;-26.7;0;0;0;0;418.07;440.74;54.5;0.09;179.18;178.8;0.17;0.01;0.54
1985;1;12;0.14;0.13;-25.7;-25.7;0;0;0;0;418.07;440.74;54.36;0.08;179.32;178.93;0.17;0.01;0.54
1985;1;13;1.24;1.26;-20.4;-20.4;0;0;0;0;418.07;440.74;54.22;0.08;180.56;180.19;0.16;0.01;0.54
1985;1;14;3.71;3.84;-16.2;-16.2;0;0;0;0;418.07;440.74;54.08;0.08;184.27;184.03;0.16;0.01;0.54
1985;1;15;12.1;12.34;-16.3;-16.2;0;0;0;0;418.07;440.74;53.94;0.08;196.37;196.37;0.16;0.01;0.53
1985;1;16;5.46;5.59;-11.1;-11;0;0;0;0;418.07;440.74;53.8;0.08;201.84;201.96;0.16;0.01;0.53
1985;1;17;1.64;1.68;-11.2;-11.2;0;0;0;0;418.07;440.74;53.66;0.08;203.47;203.64;0.16;0.01;0.53
1985;1;18;0.27;0.26;-14.6;-14.6;0;0;0;0;418.07;440.74;53.52;0.08;203.74;203.9;0.16;0.01;0.53
1985;1;19;1.65;1.61;-12.8;-12.8;0;0;0;0;418.07;440.74;53.39;0.08;205.4;205.51;0.16;0.01;0.53
1985;1;20;0.13;0.13;-15.9;-15.9;0;0;0;0;418.07;440.74;53.25;0.08;205.53;205.64;0.16;0.01;0.53
1985;1;21;0.72;0.74;-12.9;-12.9;0;0;0;0;418.07;440.74;53.11;0.07;206.25;206.38;0.16;0;0.53
1985;1;22;3.35;3.43;-7.7;-7.6;0;0;0;0;418.07;440.74;52.98;0.07;209.6;209.81;0.16;0;0.52
1985;1;23;5.65;5.72;-5.7;-5.7;0;0;0;0;418.07;440.74;52.84;0.07;215.25;215.53;0.16;0;0.52
1985;1;24;13.33;13.34;-13;-13;0;0;0;0;418.07;440.74;52.7;0.07;228.58;228.87;0.16;0;0.51
1985;1;25;0.18;0.18;-17.9;-17.9;0;0;0;0;418.07;440.74;52.57;0.07;228.76;229.05;0.16;0;0.51
1985;1;26;3.87;3.9;-13.3;-13.3;0;0;0;0;418.07;440.74;52.43;0.07;232.62;232.95;0.16;0;0.5
1985;1;27;0.56;0.52;-14;-14;0;0;0;0;418.07;440.74;52.3;0.07;233.18;233.47;0.16;0;0.5
1985;1;28;1.44;1.44;-14.8;-14.8;0;0;0;0;418.07;440.74;52.16;0.07;234.62;234.91;0.16;0;0.49
1985;1;29;0.76;0.75;-11.4;-11.4;0;0;0;0;418.07;440.74;52.03;0.07;235.38;235.66;0.16;0;0.49
1985;1;30;3.25;3.15;-11;-11;0;0;0;0;418.07;440.74;51.9;0.07;238.62;238.81;0.16;0;0.48
1985;1;31;3.89;3.8;-9.1;-9.1;0;0;0;0;418.07;440.74;51.76;0.07;242.51;242.61;0.16;0;0.47
1985;2;1;16.5;16.27;-7.3;-7.3;0;0;0;0;418.07;440.74;51.63;0.07;259.01;258.88;0.16;0;0.47
1985;2;2;23.14;22.79;-5.8;-5.8;0;0;0;0;418.07;440.74;51.5;0.07;282.15;281.67;0.15;0;0.46
1985;2;3;1.56;1.46;-8.7;-8.7;0;0;0;0;418.07;440.74;51.37;0.07;283.71;283.13;0.15;0;0.46
1985;2;4;0.03;0.03;-9.3;-9.3;0;0;0;0;418.07;440.74;51.24;0.07;283.75;283.16;0.15;0;0.45
1985;2;5;0;0;-8.4;-8.4;0;0;0;0;418.07;440.74;51.1;0.07;283.75;283.16;0.15;0;0.45
1985;2;6;2.62;2.51;-9.6;-9.6;0;0;0;0;418.07;440.74;50.97;0.07;286.36;285.67;0.15;0;0.44
1985;2;7;0.38;0.36;-10.5;-10.5;0;0;0;0;418.07;440.74;50.84;0.06;286.74;286.03;0.15;0;0.44
1985;2;8;4.78;4.75;-9.5;-9.5;0;0;0;0;418.07;440.74;50.71;0.06;291.52;290.78;0.15;0;0.43
1985;2;9;4.19;4.14;-8.2;-8.2;0;0;0;0;418.07;440.74;50.58;0.06;295.71;294.92;0.15;0;0.43
1985;2;10;0.6;0.6;-10.4;-10.4;0;0;0;0;418.07;440.74;50.45;0.06;296.32;295.52;0.15;0;0.42
1985;2;11;1.95;1.93;-12.8;-12.7;0;0;0;0;418.07;440.74;50.32;0.06;298.27;297.45;0.15;0;0.42
1985;2;12;0.01;0.01;-14.6;-14.6;0;0;0;0;418.07;440.74;50.2;0.06;298.28;297.46;0.15;0;0.41
1985;2;13;0.89;0.87;-15.8;-15.8;0;0;0;0;418.07;440.74;50.07;0.06;299.17;298.33;0.15;0;0.41
1985;2;14;2.26;2.11;-14.8;-14.8;0;0;0;0;418.07;440.74;49.94;0.06;301.43;300.44;0.15;0;0.4
1985;2;15;4.88;4.79;-13.2;-13.2;0;0;0;0;418.07;440.74;49.81;0.06;306.31;305.23;0.15;0;0.4
1985;2;16;0.1;0.1;-15;-15;0;0;0;0;418.07;440.74;49.68;0.06;306.41;305.33;0.15;0;0.39
1985;2;17;0.6;0.61;-13.7;-13.7;0;0;0;0;418.07;440.74;49.56;0.06;307;305.94;0.15;0;0.38
1985;2;18;0;0;-20.1;-20.1;0;0;0;0;418.07;440.74;49.43;0.06;307;305.94;0.15;0;0.38
1985;2;19;0;0;-19.7;-19.7;0;0;0;0;418.07;440.74;49.3;0.06;307;305.94;0.15;0;0.39
1985;2;20;0;0;-17;-17;0;0;0;0;418.07;440.74;49.18;0.06;307;305.94;0.15;0;0.39
1985;2;21;0.06;0.06;-17.3;-17.3;0;0;0;0;418.07;440.74;49.05;0.06;307.07;306;0.15;0;0.39
1985;2;22;0.09;0.08;-17.7;-17.7;0;0;0;0;418.07;440.74;48.92;0.06;307.15;306.08;0.15;0;0.39
1985;2;23;0.01;0.01;-15.8;-15.8;0;0;0;0;418.07;440.74;48.8;0.06;307.17;306.09;0.15;0;0.39
1985;2;24;3.06;2.93;-9.2;-9.2;0;0;0;0;418.07;440.74;48.67;0.06;310.22;309.02;0.15;0;0.39
1985;2;25;0;0;-5.8;-5.8;0;0;0;0;418.07;440.74;48.55;0.06;310.22;309.02;0.15;0;0.38
1985;2;26;0;0;-5.1;-5.1;0;0;0;0;418.07;440.74;48.43;0.06;310.22;309.02;0.15;0;0.36
1985;2;27;1.39;1.41;-6.3;-6.3;0;0;0;0;418.07;440.74;48.3;0.06;311.61;310.43;0.14;0;0.35
1985;2;28;1.9;1.87;-7.9;-7.9;0;0;0;0;418.07;440.74;48.18;0.06;313.5;312.3;0.14;0;0.34
1985;3;1;0.12;0.12;-8.1;-8.1;0;0;0;0;418.07;440.74;48.05;0.06;313.62;312.42;0.14;0;0.33
1985;3;2;13.93;14;-8;-8;0;0;0;0;418.07;440.74;47.93;0.06;327.55;326.42;0.14;0;0.33
1985;3;3;2.56;2.54;-8;-8;0;0;0;0;418.07;440.74;47.81;0.06;330.12;328.96;0.14;0;0.33
1985;3;4;0.24;0.26;-9.5;-9.5;0;0;0;0;418.07;440.74;47.69;0.06;330.35;329.22;0.14;0;0.33
1985;3;5;3;3.11;-8.2;-8.2;0;0;0;0;418.07;440.74;47.56;0.06;333.35;332.33;0.14;0;0.33
1985;3;6;5.56;5.72;-7.2;-7.2;0;0;0;0;418.07;440.74;47.44;0.06;338.91;338.05;0.14;0;0.33
1985;3;7;0.9;0.94;-6.1;-6.1;0;0;0;0;418.07;440.74;47.32;0.06;339.81;338.99;0.14;0;0.33
1985;3;8;0.19;0.2;-5.2;-5.2;0;0;0;0;418.07;440.74;47.2;0.06;340;339.19;0.14;0;0.33
1985;3;9;0.87;0.83;-9.4;-9.4;0;0;0;0;418.07;440.74;47.08;0.06;340.87;340.02;0.14;0;0.33
1985;3;10;0.69;0.66;-12.2;-12.2;0;0;0;0;418.07;440.74;46.96;0.06;341.56;340.68;0.14;0;0.33
1985;3;11;1.07;1.04;-14.3;-14.3;0;0;0;0;418.07;440.74;46.84;0.06;342.64;341.72;0.14;0;0.33
1985;3;12;2.66;2.7;-11.7;-11.7;0;0;0;0;418.07;440.74;46.72;0.06;345.3;344.42;0.14;0;0.33
1985;3;13;0.12;0.12;-10.6;-10.6;0;0;0;0;418.07;440.74;46.6;0.06;345.42;344.54;0.14;0;0.33
1985;3;14;0.74;0.7;-10.7;-10.7;0;0;0;0;418.07;440.74;46.48;0.06;346.15;345.24;0.14;0;0.33
1985;3;15;4.34;4.32;-13;-13;0;0;0;0;418.07;440.74;46.36;0.06;350.5;349.56;0.14;0;0.34
1985;3;16;6.92;6.97;-14.5;-14.5;0;0;0;0;418.07;440.74;46.24;0.06;357.42;356.53;0.14;0;0.34
1985;3;17;7.25;7.19;-16.6;-16.6;0;0;0;0;418.07;440.74;46.13;0.06;364.67;363.72;0.14;0;0.34
1985;3;18;7.86;7.59;-16.6;-16.6;0;0;0;0;418.07;440.74;46.01;0.06;372.53;371.31;0.14;0;0.34
1985;3;19;0.4;0.38;-15.5;-15.5;0;0;0;0;418.07;440.74;45.89;0.06;372.93;371.69;0.14;0;0.34
1985;3;20;0.08;0.08;-13.8;-13.8;0;0;0;0;418.07;440.74;45.77;0.06;373;371.77;0.14;0;0.34
1985;3;21;6.66;6.82;-10.7;-10.7;0;0;0;0;418.07;440.74;45.66;0.06;379.67;378.59;0.14;0;0.32
1985;3;22;9.5;9.78;-8.8;-8.8;0;0;0;0;418.07;440.74;45.54;0.06;389.17;388.37;0.14;0;0.21
1985;3;23;3.08;2.98;-9.6;-9.6;0;0;0;0;418.07;440.74;45.42;0.06;392.24;391.35;0.14;0;0.37
1985;3;24;2.23;2.29;-10.3;-10.3;0;0;0;0;418.07;440.74;45.31;0.06;394.47;393.64;0.14;0;0.45
1985;3;25;0.03;0.03;-9.7;-9.7;0;0;0;0;418.07;440.74;45.19;0.06;394.5;393.67;0.14;0;0.37
1985;3;26;0.25;0.27;-8.4;-8.4;0;0;0;0;418.07;440.74;45.08;0.06;394.74;393.94;0.14;0;0.34
1985;3;27;14.79;14.88;-9.5;-9.5;0;0;0;0;418.07;440.74;44.96;0.06;409.53;408.82;0.13;0;0.34
1985;3;28;1.67;1.57;-13.9;-13.9;0;0;0;0;418.07;440.74;44.84;0.06;411.2;410.39;0.13;0;0.33
1985;3;29;0;0;-12.9;-12.9;0;0;0;0;418.07;440.74;44.73;0.06;411.2;410.39;0.13;0;0.33
1985;3;30;0;0;-8;-8;0;0;0;0;418.07;440.74;44.62;0.06;411.2;410.39;0.13;0;0.34
1985;3;31;0.36;0.31;-5.3;-5.3;0;0;0;0;418.07;440.74;44.5;0.06;411.56;410.7;0.13;0;0.4
1985;4;1;0;0;-4.6;-4.6;0;0;0;0;418.07;440.74;44.39;0.06;411.56;410.7;0.13;0;0.4
1985;4;2;0.57;0.54;-4.7;-4.7;0;0;0;0;418.07;440.74;44.27;0.06;412.13;411.24;0.13;0;0.48
1985;4;3;0.19;0.19;-2.5;-2.5;0;0;0;0;418.07;440.74;44.16;0.06;412.32;411.43;0.13;0;0.56
1985;4;4;0;0;-0.9;-0.9;0;0;0;0;418.07;440.74;44.05;0.06;412.32;411.43;0.13;0;0.73
1985;4;5;0.6;0.62;-3.1;-3.1;0;0;0;0;418.07;440.74;43.94;0.06;412.92;412.05;0.13;0;0.71
1985;4;6;7.24;7.34;-4.4;-4.4;0;0;0;0;418.07;440.74;43.82;0.06;420.16;419.39;0.13;0;0.59
1985;4;7;0.01;0.01;-5.1;-5.1;0;0;0;0;418.07;440.74;43.71;0.06;420.17;419.4;0.13;0;0.55
1985;4;8;9.04;9.03;-4;-4;0;0;0;0;418.07;440.74;43.6;0.06;429.21;428.43;0.13;0;0.47
1985;4;9;6;6.06;-4.1;-4.1;0;0;0;0;418.07;440.74;43.49;0.06;435.21;434.49;0.13;0;0.47
1985;4;10;17.09;17.12;-6.2;-6.2;0;0;0;0;418.07;440.74;43.38;0.06;452.3;451.61;0.13;0;0.46
1985;4;11;0.84;0.86;-8.2;-8.2;0;0;0;0;418.07;440.74;43.27;0.06;453.14;452.47;0.13;0;0.45
1985;4;12;11;10.94;-10.8;-10.8;0;0;0;0;418.07;440.74;43.16;0.06;464.14;463.41;0.13;0;0.45
1985;4;13;1.9;1.85;-9;-9;0;0;0;0;418.07;440.74;43.05;0.06;466.04;465.26;0.13;0;0.44
1985;4;14;1.21;1.24;-9.6;-9.6;0;0;0;0;418.07;440.74;42.94;0.06;467.25;466.5;0.13;0;0.42
1985;4;15;3.42;3.31;-11.1;-11.1;0;0;0;0;418.07;440.74;42.83;0.06;470.68;469.81;0.13;0;0.41
1985;4;16;3.48;3.37;-9.4;-9.4;0;0;0;0;418.07;440.74;42.72;0.06;474.15;473.18;0.13;0;0.4
1985;4;17;1.95;1.87;-9;-9;0;0;0;0;418.07;440.74;42.61;0.06;476.11;475.05;0.13;0;0.4
1985;4;18;0.01;0.01;-6.7;-6.7;0;0;0;0;418.07;440.74;42.5;0.06;476.12;475.06;0.13;0;0.42
1985;4;19;0;0;-4.4;-4.4;0;0;0;0;418.07;440.74;42.39;0.06;476.12;475.06;0.13;0;0.51
1985;4;20;0;0;-1.9;-1.9;0;0;0;0;418.07;440.74;42.28;0.06;476.12;475.06;0.13;0;0.7
1985;4;21;0;0;-2.1;-2.1;0;0;0;0;418.07;440.74;42.17;0.06;476.12;475.06;0.13;0;0.94
1985;4;22;0.84;0.86;-2.3;-2.3;0;0;0;0;418.07;440.74;42.06;0.06;476.96;475.92;0.13;0;0.8
1985;4;23;5.42;5.36;-3.5;-3.5;0;0;0;0;418.07;440.74;41.96;0.06;482.38;481.28;0.13;0;0.66
1985;4;24;2.14;2.06;-6;-6;0;0;0;0;418.07;440.74;41.85;0.06;484.51;483.34;0.13;0;0.6
1985;4;25;0;0;-6;-5.9;0;0;0;0;418.07;440.74;41.74;0.06;484.51;483.34;0.13;0;0.67
1985;4;26;0.22;0.2;-5.6;-5.5;0;0;0;0;418.07;440.74;41.64;0.06;484.73;483.54;0.13;0;0.79
1985;4;27;0.43;0.46;-5.9;-5.9;0;0;0;0;418.07;440.74;41.53;0.06;485.16;484;0.12;0;0.82
1985;4;28;4.43;4.32;-11.3;-11.3;0;0;0;0;418.07;440.74;41.42;0.06;489.6;488.32;0.12;0;0.72
1985;4;29;1.66;1.59;-13.3;-13.3;0;0;0;0;418.07;440.74;41.32;0.06;491.25;489.91;0.12;0;0.61
1985;4;30;11.3;10.96;-8.2;-8.2;0;0;0;0;418.07;440.74;41.21;0.06;502.56;500.87;0.12;0;0.6
1985;5;1;2.95;2.84;-4.8;-4.8;0;0;0;0;418.07;440.74;41.11;0.06;505.51;503.71;0.12;0;0.53
1985;5;2;5.37;5.21;-4.8;-4.8;0;0;0;0;418.07;440.74;41;0.06;510.88;508.92;0.12;0;0.56
1985;5;3;1.3;1.22;-9.2;-9.2;0;0;0;0;418.07;440.74;40.9;0.06;512.18;510.14;0.12;0;0.52
1985;5;4;2.4;2.46;-6.4;-6.4;0;0;0;0;418.07;440.74;40.79;0.06;514.58;512.6;0.12;0;0.52
1985;5;5;0.5;0.53;-4;-4;0;0;0;0;418.07;440.74;40.69;0.06;515.08;513.13;0.12;0;0.61
1985;5;6;3.26;3.35;-2.5;-2.5;0;0;0;0;418.07;440.74;40.58;0.06;518.34;516.48;0.12;0;0.65
1985;5;7;7.86;8.03;-2.1;-2.1;0;0;0;0;418.07;440.74;40.48;0.06;526.21;524.51;0.12;0;0.74
1985;5;8;17.23;17.4;-5.7;-5.7;0;0;0;0;418.07;440.74;40.38;0.06;543.44;541.91;0.12;0;0.67
1985;5;9;3.03;2.86;-3.8;-3.8;0;0;0;0;418.07;440.74;40.27;0.06;546.47;544.77;0.12;0;0.6
1985;5;10;1.24;1.25;-2.7;-2.7;0;0;0;0;418.07;440.74;40.17;0.06;547.71;546.02;0.12;0;0.69
1985;5;11;0.03;0.03;-1.8;-1.8;0;0;0;0;418.07;440.74;40.07;0.06;547.74;546.05;0.12;0;0.75
1985;5;12;2.01;2.07;-1.4;-1.4;0;0;0;0;418.07;440.74;39.97;0.06;549.75;548.12;0.12;0;0.93
1985;5;13;17.7;18.07;-0.6;-0.6;0;0;0;0;418.07;440.74;39.86;0.06;567.45;566.19;0.12;0;1.94
1985;5;14;5.11;5.25;-0.1;-0.1;0;0;0;0;418.07;440.74;39.76;0.06;572.56;571.44;0.12;0;2.78
1985;5;15;0;0;-0.5;-0.5;0;0;0;0;418.07;440.74;39.66;0.06;572.56;571.44;0.12;0;3.41
1985;5;16;0;0;0;0;0.06;0;0.01;0;418.07;440.74;39.56;0.06;572.55;571.44;0.12;0;3.23
1985;5;17;0;0;0.7;0.7;1.1;1.15;0.17;0.18;418.11;440.79;39.46;0.06;572.16;571.02;0.12;0;3.6
1985;5;18;0.62;0.63;-0.2;-0.2;0;0;0;0;418.11;440.79;39.35;0.06;572.78;571.65;0.12;0;2.99
1985;5;19;0.42;0.38;-0.2;-0.2;0;0;0;0;418.11;440.79;39.26;0.06;573.2;572.03;0.12;0;3.1
1985;5;20;8.38;8.52;0;0;0;0;0;0;418.11;440.79;39.16;0.06;581.58;580.55;0.12;0;3.12
1985;5;21;3.24;3.23;-0.6;-0.6;0;0;0;0;418.11;440.79;39.05;0.06;584.82;583.78;0.12;0;3.21
1985;5;22;7.88;7.9;-1.9;-1.9;0;0;0;0;418.11;440.79;38.95;0.06;592.7;591.68;0.12;0;2.72
1985;5;23;1.18;1.21;-2.9;-2.9;0;0;0;0;418.11;440.79;38.85;0.06;593.88;592.89;0.12;0;2.24
1985;5;24;0;0;-0.8;-0.8;0;0;0;0;418.11;440.79;38.76;0.06;593.88;592.89;0.12;0;2.51
1985;5;25;0;0;0.9;0.9;1.27;1.29;0.2;0.2;418.17;440.86;38.66;0.06;593.33;592.29;0.12;0;3.27
1985;5;26;0;0;1.4;1.5;1.61;1.65;0.25;0.25;417.12;439.67;41.82;3.75;590.47;589.09;0.7;0.59;4.13
1985;5;27;0.16;0.16;2;2.1;1.91;1.94;0.3;0.29;416.29;439.24;44.53;6.93;584.17;581.99;2.63;2.51;4.99
1985;5;28;2.26;2.23;1.4;1.4;1.58;1.6;0.22;0.21;415.04;438.33;46.98;9.79;582.42;579.71;3.55;3.38;5.26
1985;5;29;4.06;3.96;0.6;0.6;1.06;1.06;0.13;0.12;413.41;436.98;49.18;12.35;584.7;581.66;3.21;2.97;5.18
1985;5;30;0.31;0.33;1.2;1.2;1.46;1.48;0.23;0.22;412.31;436.21;51.15;14.61;580.5;576.96;3.39;3.11;5.11
1985;5;31;0;0;1.7;1.7;1.73;1.75;0.27;0.27;411.99;435.98;52.95;16.67;573.05;569.18;4.43;4.11;6.27
1985;6;1;0.21;0.23;0.9;1;1.34;1.38;0.21;0.21;411.01;435.14;54.66;18.6;568.89;564.86;4.7;4.33;6.2
1985;6;2;0.01;0.01;1.2;1.3;1.53;1.56;0.2;0.19;410.36;434.56;56.27;20.38;563.3;559.14;4.68;4.28;6.83
1985;6;3;0.47;0.47;2.3;2.4;2.06;2.1;0.26;0.25;410.42;434.43;57.8;22.05;555.61;551.61;5.3;4.85;7.37
1985;6;4;0.12;0.14;2.8;2.9;2.27;2.29;0.29;0.28;410.95;434.61;59.33;23.69;545.87;542.26;6.2;5.68;9.9
1985;6;5;0.67;0.73;2.7;2.8;2.24;2.26;0.28;0.26;411.41;434.71;60.9;25.33;536.98;533.84;6.76;6.16;8.97
1985;6;6;2.86;2.95;3.6;3.6;2.54;2.54;0.28;0.26;413.9;436.47;62.59;27.08;521.91;519.41;8.53;7.84;10.28
1985;6;7;12.74;12.7;2.4;2.4;2.09;2.1;0.06;0.06;415.36;437.54;64.5;29.02;520.23;517.85;9.83;9.03;15.47
1985;6;8;14.21;14.36;-1.1;-1.1;0;0;0;0;413.41;435.84;66.47;31;534.43;532.21;7.4;6.61;8.33
1985;6;9;0.15;0.14;-3.7;-3.7;0;0;0;0;413.41;435.84;64.61;29.01;534.58;532.35;4.14;3.5;4.88
1985;6;10;3.38;3.36;-3;-3;0;0;0;0;413.41;435.84;62.87;27.15;537.96;535.71;2.59;2.13;4.21
1985;6;11;0.71;0.62;-3.8;-3.7;0;0;0;0;413.41;435.84;61.23;25.4;538.67;536.33;2.2;1.85;3.64
1985;6;12;0.85;0.89;-1.3;-1.3;0;0;0;0;413.41;435.84;59.69;23.77;539.51;537.22;2.04;1.74;3.25
1985;6;13;5.19;5.06;0.1;0.1;0.4;0.46;0.04;0.05;413.42;435.85;58.24;22.25;544.59;542.15;1.92;1.63;3.33
1985;6;14;5.29;5.34;1.7;1.8;1.8;1.83;0.16;0.15;413.79;436.27;56.89;20.82;547.84;545.2;1.84;1.56;3.45
1985;6;15;13.29;13.19;0.1;0.1;0.4;0.46;0.01;0.02;413.82;436.31;55.61;19.49;560.96;558.2;1.76;1.49;4.82
1985;6;16;10.39;10.37;-0.1;-0.1;0;0;0;0;413.82;436.31;54.41;18.24;571.34;568.57;1.67;1.41;4.45
1985;6;17;9;8.97;-2.3;-2.3;0;0;0;0;413.82;436.31;53.28;17.07;580.35;577.53;1.59;1.33;4.09
1985;6;18;1.29;1.25;-1.9;-1.9;0;0;0;0;413.82;436.31;52.21;15.97;581.64;578.78;1.51;1.26;3.16
1985;6;19;6.73;6.85;0.1;0.1;0.4;0.46;0.04;0.04;413.83;436.32;51.21;14.95;588.28;585.53;1.43;1.18;2.86
1985;6;20;10.79;10.68;-0.7;-0.7;0;0;0;0;413.83;436.32;50.27;13.99;599.06;596.21;1.35;1.11;3.04
1985;6;21;0.82;0.8;0.5;0.5;0.93;0.99;0.14;0.14;413.91;436.41;49.38;13.1;599.34;596.41;1.28;1.05;2.95
1985;6;22;30.37;30.17;-0.1;-0.1;0;0;0;0;413.91;436.41;48.55;12.26;629.71;626.58;1.21;0.99;3.36
1985;6;23;1.55;1.47;-1.4;-1.3;0;0;0;0;413.91;436.41;47.76;11.47;631.26;628.05;1.15;0.93;3.19
1985;6;24;3.89;3.84;-1.9;-1.9;0;0;0;0;413.91;436.41;47.01;10.74;635.15;631.89;1.09;0.88;2.82
1985;6;25;1.06;0.97;-0.6;-0.5;0;0;0;0;413.91;436.41;46.31;10.05;636.21;632.86;1.03;0.83;2.77
1985;6;26;16.59;16.6;2.4;2.5;2.11;2.14;0;0;413.84;436.32;49.28;13.52;645.5;641.21;2.37;2.17;3.54
1985;6;27;2.15;2.15;0.8;0.8;1.2;1.24;0.14;0.13;412.74;435.08;51.79;16.48;645.49;640.92;3.45;3.26;4.72
1985;6;28;0.37;0.35;0.1;0.1;0.4;0.46;0.05;0.06;411.29;433.44;53.91;18.99;645.57;640.94;2.89;2.7;4.67
1985;6;29;3.82;3.87;1.9;2;1.9;1.92;0.19;0.18;410.78;433.37;55.86;21.12;642.27;636.79;3.81;3.62;4.4
1985;6;30;1.02;1.07;3.4;3.5;2.49;2.51;0.3;0.29;412.24;434.8;57.69;23.14;628.46;622.47;6.57;6.29;5.09
1985;7;1;4.16;4.11;3.2;3.3;2.44;2.46;0.24;0.23;414.57;436.45;59.66;25.27;615.22;609.75;9;8.53;5.51
1985;7;2;2.32;2.23;3.2;3.2;2.42;2.42;0.27;0.26;416.41;437.61;61.84;27.61;601.87;597.08;9.95;9.25;5.45
1985;7;3;0.01;0.01;6.4;6.5;3.39;3.4;0.35;0.31;420.51;440.21;64.29;30.16;577.06;574.2;11.83;10.89;7.19
1985;7;4;3.82;3.78;9.5;9.5;4.08;4.08;0.33;0.29;428.22;445.35;67.26;33.18;539.36;539.9;16.95;15.6;10.61
1985;7;5;25.7;24.95;6;6.1;3.29;3.3;0;0;436.6;451.54;71.13;37.05;513.58;516.02;23.89;21.94;17.23
1985;7;6;12.46;12.11;4.7;4.8;2.92;2.94;0.07;0.08;440.17;454.1;75.94;41.78;493.29;496.99;25.38;22.98;13.32
1985;7;7;2.86;2.63;5.3;5.4;3.09;3.11;0.26;0.24;442.23;455.46;81.23;46.87;470.25;475.24;22.53;20.07;13.66
1985;7;8;1.3;1.28;4.9;5;2.97;3;0.28;0.26;443.56;456.37;86.52;51.88;448.66;454.69;20.13;17.78;14.25
1985;7;9;0.73;0.73;4.9;5;2.98;3;0.22;0.18;444.21;456.52;91.55;56.51;431.41;439.29;18.03;15.8;13.36
1985;7;10;0.58;0.56;3.2;3.2;2.42;2.42;0.18;0.14;443.76;455.84;96.09;60.54;421.18;430.6;15.25;13.13;10.46
1985;7;11;0.29;0.29;5;5;2.99;3;0.22;0.18;444.29;455.8;100.05;63.9;404.82;416.64;14.36;12.29;9.8
1985;7;12;0.35;0.35;6.6;6.6;3.42;3.42;0.26;0.21;445.68;456.34;103.59;66.75;382.97;398.01;15.92;13.72;12.39
1985;7;13;0.36;0.4;8;8;3.75;3.75;0.28;0.22;447.73;457.34;107.01;69.38;356.16;375.23;18.43;15.88;15.71
1985;7;14;1.19;1.22;9.3;9.3;4.04;4.04;0.29;0.23;450.37;458.8;110.55;72.01;324.67;348.54;21.35;18.34;17.32
1985;7;15;2.33;2.37;7.9;7.9;3.73;3.73;0.25;0.2;452.1;459.81;114.32;74.76;298;325.68;22.97;19.55;18.41
1985;7;16;4.38;4.1;6.6;6.6;3.43;3.42;0.18;0.16;453.19;460.52;118.28;77.58;276.26;306.43;22.99;19.43;18.63
1985;7;17;3.27;3.28;6.3;6.3;3.35;3.35;0.17;0.16;453.61;460.99;122.25;80.33;256.84;288.01;22.33;18.94;19.54
1985;7;18;1.37;1.43;7.8;7.8;3.71;3.71;0.11;0.1;453.43;461.12;126.09;82.93;239.52;270.63;21.09;18.1;18.95
1985;7;19;7.91;7.72;7.4;7.4;3.61;3.62;0.05;0.06;453.15;461.24;129.65;85.27;229.38;259.7;20;17.47;19.18
1985;7;20;9.25;8.94;7.4;7.4;3.61;3.62;0.08;0.05;452.91;461.47;132.9;87.37;219.7;248.74;20.78;17.39;22.39
1985;7;21;1.73;1.69;3.7;3.7;2.6;2.6;0.19;0.07;451.16;460.38;135.73;89.12;215.03;243.45;19.03;15.24;23.38
1985;7;22;0.02;0.02;5.9;5.9;3.24;3.25;0.26;0.1;449.5;459.49;137.95;90.33;207.44;234.86;16.14;12.79;17
1985;7;23;0;0;8.4;8.5;3.86;3.87;0.3;0.12;448.22;459.04;139.59;91.02;196.5;222.47;16.57;12.78;15.3
1985;7;24;0.66;0.68;9.4;9.4;4.05;4.06;0.3;0.12;447.19;458.83;140.83;91.4;184.36;208.73;18.13;13.81;17.27
1985;7;25;0.04;0.04;9.2;9.3;4.03;4.04;0.31;0.12;446.09;458.56;141.81;91.62;172.34;195.13;18.78;14.33;22.62
1985;7;26;0.72;0.76;10;10;4.17;4.18;0.31;0.12;445.2;458.49;142.61;91.74;159.4;180.47;19.2;14.69;19.37
1985;7;27;4.49;4.62;9;9;3.97;3.97;0.23;0.09;444.75;458.72;143.32;91.85;147.68;167.2;20.06;15.59;21.62
1985;7;28;1.48;1.53;9.2;9.2;4.01;4.01;0.28;0.11;443.89;458.61;144;92.01;135.73;153.68;20.03;15.68;25.02
1985;7;29;2.17;2.22;8.5;8.4;3.86;3.84;0.26;0.1;443.05;458.45;144.62;92.16;124.81;141.31;19.55;15.22;26.37
1985;7;30;24.77;24.95;6;6;3.27;3.27;0;0;445.25;460.51;145.37;92.5;116.75;132.18;22.89;19.03;29.48
1985;7;31;12.07;12.21;1.8;1.9;1.86;1.89;0.05;0.03;444.01;459.49;146.33;93.08;121.51;137.03;20.32;17.95;19.94
1985;8;1;7.41;7.45;2.7;2.7;2.05;2.05;0.03;0.04;443.09;458.6;147.16;93.51;120.32;136.22;15.06;13.81;12.05
1985;8;2;1.16;1.13;3.9;3.9;2.44;2.44;0.11;0.07;441.42;457.38;147.6;93.53;116.85;132.29;13.17;11.52;11.31
1985;8;3;6.08;6.09;6.4;6.4;3.09;3.1;0.14;0.06;440.8;457.15;147.71;93.19;110.44;125.04;14.47;12.03;11.92
1985;8;4;8.65;8.58;5.4;5.4;2.86;2.86;0.1;0.04;440.56;457.15;147.7;92.74;104.69;118.53;16.47;13.75;12.57
1985;8;5;9.77;9.78;7.7;7.7;3.39;3.38;0.1;0.04;440.81;457.67;147.76;92.38;96.1;108.8;18.59;15.45;19.36
1985;8;6;92.47;92.51;0.5;0.6;0.88;1;0;0;438.96;456.23;147.83;92.04;185.97;198.37;15.83;13.56;34.22
1985;8;7;10.06;9.74;-2.9;-2.9;0;0;0;0;436.83;454.45;147.6;91.4;196.03;208.11;10.62;9.64;14.09
1985;8;8;0.04;0.04;-1.2;-1.2;0;0;0;0;434.71;452.69;146.92;90.27;196.06;208.15;8.41;7.65;10.88
1985;8;9;0;0;1.9;2;1.74;1.78;0.23;0.22;433.44;451.79;145.88;88.79;190.02;201.53;8.86;8.16;10.02
1985;8;10;1.1;1.16;3.1;3.2;2.19;2.22;0.27;0.25;433.61;451.83;144.76;87.23;177.79;189.46;11.18;10.44;8.52
1985;8;11;1.05;1.13;4.6;4.7;2.66;2.67;0.26;0.23;434.89;452.51;143.86;85.9;160.06;172.7;13.97;13.04;10.41
1985;8;12;0.38;0.39;7.3;7.4;3.31;3.32;0.25;0.2;437.13;453.36;143.36;84.98;138.19;153.64;16.17;14.91;11.88
1985;8;13;2.58;2.63;7.2;7.2;3.28;3.28;0.08;0.08;437.84;453.63;143.3;84.45;124.36;140.8;16.62;15.06;12.1
1985;8;14;0.25;0.26;7.7;7.7;3.39;3.38;0.16;0.1;436.82;453.21;143.46;84.14;115.46;130.73;16.19;13.4;14.07
1985;8;15;0.67;0.66;8;8;3.45;3.45;0.23;0.1;435.9;452.94;143.66;83.85;106;120.01;16.29;12.47;14.98
1985;8;16;7.11;6.87;6.8;6.8;3.19;3.19;0.12;0.06;436.04;453.34;143.85;83.59;97.74;110.66;16.85;13.24;14.34
1985;8;17;11.23;11.24;4.8;4.8;2.69;2.7;0.06;0.03;436.5;453.95;144.16;83.48;91.79;103.93;17.7;14.61;12.89
1985;8;18;0.23;0.22;3.5;3.5;2.32;2.32;0.16;0.07;434.87;452.84;144.5;83.43;87.53;99.11;15.33;12.8;11.67
1985;8;19;3.39;3.28;6;6;3;3;0.16;0.07;434.25;452.63;144.71;83.26;80.11;90.7;14.09;11.52;13.65
1985;8;20;1.25;1.19;6.7;6.7;3.16;3.17;0.19;0.09;433.39;452.3;144.79;82.98;71.78;81.27;14.72;11.74;20.1
1985;8;21;0;0;9;9;3.64;3.65;0.24;0.11;432.67;452.26;144.81;82.67;60.53;68.53;15.61;12.1;17.22
1985;8;22;4.55;4.68;8.4;8.4;3.52;3.53;0.18;0.08;432.68;452.77;144.86;82.42;49.91;56.51;17.16;13.34;18.2
1985;8;23;3.02;3.08;6.5;6.5;3.12;3.12;0.17;0.08;432.11;452.67;144.99;82.29;41.67;47.18;17.03;13.54;18.44
1985;8;24;3.49;3.63;6.9;6.9;3.22;3.21;0.18;0.08;431.68;452.73;145.15;82.22;32.89;37.23;16.5;13.17;18.14
1985;8;25;31.89;32.33;5.7;5.7;2.93;2.93;0;0;436.05;456.47;145.63;82.5;25.29;28.63;21.97;18.69;22.68
1985;8;26;42.72;42.56;-0.7;-0.7;0;0;0;0;433.96;454.7;146.45;83.17;68.01;71.19;18.78;16.65;19.76
1985;8;27;2.25;2.11;-1.9;-1.9;0;0;0;0;431.9;452.93;147.06;83.58;70.26;73.3;11.1;10.11;10.84
1985;8;28;0;0;0.6;0.6;0.95;1;0.15;0.15;430.02;451.38;147.13;83.41;68.74;71.6;8.52;7.76;8.01
1985;8;29;0;0;0.1;0.2;0.52;0.59;0.08;0.09;428.1;449.76;146.7;82.7;67.84;70.58;7.8;7.13;5.41
1985;8;30;0.01;0.01;2;2.1;1.8;1.82;0.18;0.17;427.62;449.26;145.97;81.66;59.14;61.81;8.89;8.23;5.61
1985;8;31;0;0;4.6;4.7;2.66;2.67;0.2;0.16;428.86;449.52;145.21;80.59;43.86;48.06;11.35;10.56;7.33
1985;9;1;5.56;5.79;3.9;3.9;2.08;2.09;0.04;0.04;429.23;449.53;144.62;79.69;36.98;41.86;12.73;11.74;6.33
1985;9;2;0.4;0.43;4.8;4.8;2.3;2.31;0.1;0.07;427.99;448.72;144.17;78.9;31.62;35.8;12.5;10.7;8.02
1985;9;3;12.1;11.96;4.9;4.9;2.33;2.33;0.04;0.02;429.09;449.73;143.83;78.24;25.9;29.32;14.49;11.95;8.03
1985;9;4;0.42;0.4;1.3;1.3;1.23;1.23;0.05;0.04;427.29;448.25;143.57;77.67;24.63;27.89;12.68;10.9;7.8
1985;9;5;1.46;1.37;3.3;3.3;1.92;1.93;0.08;0.05;426.03;447.29;143.21;77;21.24;24.04;10.13;8.69;8.12
1985;9;6;4.01;3.87;2;2;1.52;1.52;0.05;0.04;424.83;446.17;142.68;76.16;21.09;23.88;9.43;8.14;9.66
1985;9;7;0;0;0.8;0.8;0.97;0.98;0.04;0.03;422.9;444.56;141.95;75.11;20.38;23.07;7.98;7.09;6.06
1985;9;8;0.91;0.86;1.3;1.3;1.24;1.23;0.05;0.04;421.2;443.11;141.03;73.86;19.62;22.21;7.26;6.46;6.24
1985;9;9;2.06;1.96;0.1;0.1;0.38;0.36;0.04;0.04;419.33;441.46;139.9;72.4;21.16;23.72;6.7;6.05;5.57
1985;9;10;0;0;4.1;4.1;2.13;2.14;0.06;0.07;418.22;440.6;138.65;70.81;16.59;18.78;7.14;6.51;5.19
1985;9;11;0.08;0.08;5.5;5.5;2.46;2.46;0.11;0.08;417.23;440.05;137.38;69.23;10.93;12.37;8.69;7.37;5.96
1985;9;12;0;0;5.2;5.2;2.39;2.4;0.14;0.07;416.21;439.47;136.19;67.75;5.32;6.03;9.93;7.89;6.09
1985;9;13;0.13;0.14;4.6;4.6;2.25;2.26;0.13;0.07;415.14;438.85;135.09;66.39;0.19;0.21;9.95;7.9;7.27
1985;9;14;0.47;0.47;3.7;3.7;2.04;2.04;0.06;0;413.28;437.27;134.01;65.07;0;0;8.73;6.81;6.43
1985;9;15;13.47;13.38;2.6;2.6;1.72;1.72;0.01;0.01;414.19;437.76;132.98;63.81;1.73;1.96;8.99;7.72;7.26
1985;9;16;6.48;6.53;0.9;0.9;1.02;1.03;0.05;0.04;412.95;436.63;132.06;62.67;5.18;5.46;8.46;7.73;6.56
1985;9;17;0;0;2.5;2.6;1.7;1.72;0.05;0.05;411.77;435.56;131.18;61.57;1.93;2.18;7.38;6.7;6.3
1985;9;18;0.04;0.04;4.5;4.5;2.23;2.23;0.03;0;410.2;434.31;130.27;60.45;0;0;7.24;5.98;7.11
1985;9;19;0.1;0.1;5.9;5.9;2.54;2.54;0.48;0.45;407.84;432.19;129.3;59.25;0;0;11.81;9.75;8.12
1985;9;20;3.57;3.39;3.3;3.3;1.92;1.93;0.28;0.28;406.62;430.94;128.25;57.98;0;0;8.11;6.1;7.9
1985;9;21;0.01;0.01;4.3;4.3;2.19;2.19;0.41;0.39;404.33;428.88;127.15;56.66;0;0;10.28;8.45;8.08
1985;9;22;0;0;5.6;5.6;2.48;2.48;0.86;0.89;401.6;426.33;126;55.28;0;0;11.48;9.36;7.91
1985;9;23;0.06;0.05;5.6;5.6;2.48;2.48;0.85;0.89;398.91;423.8;124.77;53.83;0;0;11.81;9.47;7.94
1985;9;24;0.1;0.11;5.5;5.5;2.46;2.46;0.84;0.88;396.26;421.3;123.49;52.34;0;0;11.78;9.4;8.02
1985;9;25;0.39;0.36;3.7;3.8;2.05;2.06;0.37;0.36;394.18;419.39;122.19;50.81;0;0;6.93;4.86;7.86
1985;9;26;0;0;3.7;3.7;2.03;2.04;0.38;0.36;392;417.4;120.87;49.29;0;0;8.95;7.18;8.05
1985;9;27;0;0;4.7;4.7;2.28;2.28;0.78;0.82;389.42;414.96;119.55;47.77;0;0;10.11;8.21;7.89
1985;9;28;0;0;4.9;4.9;2.32;2.33;0.8;0.83;386.83;412.51;118.23;46.27;0;0;10.58;8.48;7.75
1985;9;29;0;0;4.6;4.6;2.25;2.26;0.77;0.81;384.3;410.1;116.93;44.79;0;0;10.35;8.24;7.81
1985;9;30;0.03;0.03;4.4;4.4;2.21;2.21;0.75;0.79;381.8;407.73;115.65;43.34;0;0;9.98;7.95;7.33
1985;10;1;0.12;0.13;4.8;4.8;2.04;2.04;0.64;0.67;379.45;405.51;114.41;41.93;0;0;10.06;8.02;7.1
1985;10;2;0.07;0.06;4.3;4.3;1.93;1.94;0.61;0.64;377.14;403.31;113.2;40.57;0;0;9.62;7.62;6.59
1985;10;3;0;0;4.5;4.5;1.98;1.98;0.63;0.66;374.8;401.08;112.02;39.25;0;0;9.53;7.57;7.28
1985;10;4;0;0;4.9;4.9;2.06;2.06;0.65;0.68;372.45;398.84;110.89;37.99;0;0;9.89;7.81;7.7
1985;10;5;5.04;4.91;3.3;3.3;1.7;1.71;0.2;0.2;372.44;398.69;109.84;36.82;0;0;6.35;4.45;7.14
1985;10;6;1.66;1.7;2.7;2.7;1.55;1.55;0.02;0;371.33;397.7;108.91;35.78;0;0;5.16;4.05;6.7
1985;10;7;0;0;3.2;3.2;1.68;1.68;0.26;0.28;369.39;395.87;108.07;34.85;0;0;6.93;5.91;6.68
1985;10;8;2.15;2.1;1.5;1.5;1.16;1.17;0.16;0.17;368.38;394.87;107.28;33.98;0;0;4.7;3.74;6.13
1985;10;9;6.44;6.46;-0.3;-0.3;0;0;0;0;366.72;393.33;106.54;33.16;6.44;6.46;3.61;3.11;5.2
1985;10;10;0.04;0.04;-1.1;-1.1;0;0;0;0;365.07;391.81;105.81;32.36;6.48;6.5;3.24;2.8;5.13
1985;10;11;0;0;1.9;1.9;1.3;1.31;0.04;0.04;365.36;391.9;105.13;31.61;1.62;1.84;3.77;3.32;4.48
1985;10;12;3.37;3.24;1.3;1.3;1.09;1.09;0.02;0.03;364.88;391.31;104.55;30.97;2.1;2.38;4.15;3.68;4.2
1985;10;13;0.28;0.27;-0.4;-0.4;0;0;0;0;363.23;389.79;104.03;30.41;2.38;2.65;3.66;3.19;3.95
1985;10;14;1.64;1.58;-2.1;-2.1;0;0;0;0;363.23;389.79;102.11;28.45;4.01;4.23;2.76;2.33;3.05
1985;10;15;2.87;2.7;-1.2;-1.2;0;0;0;0;363.23;389.79;100.3;26.62;6.88;6.93;2.26;1.89;2.63
1985;10;16;0.06;0.05;-1.6;-1.6;0;0;0;0;363.23;389.79;98.59;24.91;6.94;6.98;2.06;1.73;2.51
1985;10;17;0;0;-0.7;-0.7;0;0;0;0;363.23;389.79;96.98;23.31;6.94;6.98;1.94;1.62;2.47
1985;10;18;0.62;0.63;-0.9;-0.9;0;0;0;0;363.23;389.79;95.46;21.81;7.56;7.61;1.83;1.52;2.49
1985;10;19;1.3;1.25;-2.5;-2.5;0;0;0;0;363.23;389.79;94.03;20.41;8.85;8.86;1.73;1.42;2.26
1985;10;20;0;0;-2.7;-2.7;0;0;0;0;363.23;389.79;92.67;19.1;8.85;8.86;1.63;1.33;2.11
1985;10;21;0;0;-2.5;-2.5;0;0;0;0;363.23;389.79;91.4;17.87;8.85;8.86;1.55;1.24;2.03
1985;10;22;0.03;0.03;-2.2;-2.2;0;0;0;0;363.23;389.79;90.19;16.73;8.88;8.89;1.46;1.16;2.06
1985;10;23;0.09;0.09;-2.5;-2.5;0;0;0;0;363.23;389.79;89.05;15.65;8.97;8.98;1.38;1.09;1.89
1985;10;24;0;0;-4;-4;0;0;0;0;363.23;389.79;87.97;14.65;8.97;8.98;1.31;1.02;1.81
1985;10;25;0;0;-2.9;-2.9;0;0;0;0;363.23;389.79;86.94;13.71;8.97;8.98;1.24;0.95;2.01
1985;10;26;0;0;-2.3;-2.3;0;0;0;0;363.23;389.79;85.97;12.83;8.97;8.98;1.17;0.89;1.73
1985;10;27;0;0;-2.5;-2.5;0;0;0;0;363.23;389.79;85.06;12;8.97;8.98;1.11;0.83;1.76
1985;10;28;0;0;-2.7;-2.7;0;0;0;0;363.23;389.79;84.19;11.23;8.97;8.98;1.06;0.78;1.82
1985;10;29;0.12;0.13;-2.3;-2.3;0;0;0;0;363.23;389.79;83.36;10.51;9.09;9.11;1;0.73;1.86
1985;10;30;2.33;2.39;-1.6;-1.6;0;0;0;0;363.23;389.79;82.57;9.84;11.42;11.5;0.95;0.68;1.59
1985;10;31;3.9;3.88;-2.6;-2.6;0;0;0;0;363.23;389.79;81.83;9.21;15.31;15.38;0.91;0.64;1.59
1985;11;1;8.45;8.47;-4.6;-4.6;0;0;0;0;363.23;389.79;81.12;8.62;23.76;23.85;0.86;0.6;1.54
1985;11;2;0.3;0.3;-9.9;-9.9;0;0;0;0;363.23;389.79;80.44;8.06;24.06;24.15;0.82;0.56;1.51
1985;11;3;0.04;0.05;-11.7;-11.6;0;0;0;0;363.23;389.79;79.8;7.55;24.11;24.2;0.78;0.52;1.49
1985;11;4;0.04;0.04;-8.3;-8.2;0;0;0;0;363.23;389.79;79.18;7.06;24.14;24.24;0.74;0.49;1.46
1985;11;5;4.35;4.32;-3.6;-3.6;0;0;0;0;363.23;389.79;78.6;6.61;28.49;28.56;0.71;0.46;1.43
1985;11;6;4.16;4.07;-8.5;-8.5;0;0;0;0;363.23;389.79;78.04;6.19;32.64;32.63;0.68;0.43;1.41
1985;11;7;0;0;-7.4;-7.3;0;0;0;0;363.23;389.79;77.5;5.79;32.64;32.63;0.65;0.4;1.38
1985;11;8;2.97;2.91;-4.7;-4.7;0;0;0;0;363.23;389.79;76.99;5.42;35.61;35.54;0.62;0.38;1.35
1985;11;9;0.42;0.41;-0.5;-0.5;0;0;0;0;363.23;389.79;76.5;5.07;36.03;35.95;0.59;0.35;1.33
1985;11;10;10.77;10.78;-0.9;-0.9;0;0;0;0;363.23;389.79;76.03;4.75;46.8;46.73;0.57;0.33;1.3
1985;11;11;0.33;0.33;-7.1;-7;0;0;0;0;363.23;389.79;75.57;4.44;47.13;47.06;0.55;0.31;1.27
1985;11;12;9.96;10.12;-6.4;-6.4;0;0;0;0;363.23;389.79;75.14;4.16;57.08;57.18;0.53;0.29;1.24
1985;11;13;22.95;23.2;-8;-8;0;0;0;0;363.23;389.79;74.72;3.89;80.03;80.38;0.5;0.27;1.22
1985;11;14;0.37;0.34;-16.3;-16.3;0;0;0;0;363.23;389.79;74.32;3.64;80.4;80.72;0.49;0.25;1.19
1985;11;15;0;0;-19.3;-19.3;0;0;0;0;363.23;389.79;73.93;3.41;80.4;80.72;0.47;0.24;1.16
1985;11;16;0;0;-14.4;-14.4;0;0;0;0;363.23;389.79;73.56;3.19;80.4;80.72;0.45;0.22;1.13
1985;11;17;0;0;-16;-16;0;0;0;0;363.23;389.79;73.2;2.99;80.4;80.72;0.44;0.21;1.11
1985;11;18;0.18;0.19;-13;-13;0;0;0;0;363.23;389.79;72.85;2.8;80.59;80.91;0.42;0.19;1.09
1985;11;19;0.25;0.26;-11.3;-11.3;0;0;0;0;363.23;389.79;72.51;2.62;80.84;81.17;0.41;0.18;1.06
1985;11;20;0.97;0.98;-9.8;-9.8;0;0;0;0;363.23;389.79;72.18;2.45;81.81;82.15;0.39;0.17;1.04
1985;11;21;8.02;8.07;-10.1;-10.1;0;0;0;0;363.23;389.79;71.86;2.3;89.82;90.22;0.38;0.16;1.01
1985;11;22;3.77;3.89;-10.8;-10.8;0;0;0;0;363.23;389.79;71.56;2.15;93.6;94.11;0.37;0.15;0.99
1985;11;23;3.29;3.37;-10.2;-10.2;0;0;0;0;363.23;389.79;71.26;2.02;96.89;97.48;0.36;0.14;0.96
1985;11;24;0.01;0.01;-14.1;-14.1;0;0;0;0;363.23;389.79;70.97;1.89;96.9;97.49;0.35;0.13;0.94
1985;11;25;0;0;-17.6;-17.6;0;0;0;0;363.23;389.79;70.69;1.77;96.9;97.49;0.34;0.12;0.92
1985;11;26;0.01;0.01;-20.8;-20.8;0;0;0;0;363.23;389.79;70.41;1.66;96.91;97.5;0.33;0.12;0.89
1985;11;27;0;0;-22.2;-22.2;0;0;0;0;363.23;389.79;70.14;1.55;96.91;97.5;0.32;0.11;0.87
1985;11;28;2.86;2.76;-21.6;-21.6;0;0;0;0;363.23;389.79;69.88;1.45;99.76;100.26;0.31;0.1;0.85
1985;11;29;3.34;3.26;-18.3;-18.3;0;0;0;0;363.23;389.79;69.62;1.36;103.11;103.52;0.31;0.09;0.82
1985;11;30;1.95;1.89;-11.2;-11.2;0;0;0;0;363.23;389.79;69.37;1.27;105.06;105.41;0.3;0.09;0.8
1985;12;1;0.62;0.6;-4.6;-4.6;0;0;0;0;363.23;389.79;69.12;1.2;105.68;106.01;0.29;0.08;0.77
1985;12;2;0;0;-8.4;-8.4;0;0;0;0;363.23;389.79;68.88;1.12;105.68;106.01;0.29;0.08;0.75
1985;12;3;0;0;-4.3;-4.3;0;0;0;0;363.23;389.79;68.65;1.05;105.68;106.01;0.28;0.07;0.74
1985;12;4;0;0;-4.1;-4.1;0;0;0;0;363.23;389.79;68.42;0.98;105.68;106.01;0.27;0.07;0.72
1985;12;5;0;0;-8.2;-8.2;0;0;0;0;363.23;389.79;68.19;0.92;105.68;106.01;0.27;0.06;0.71
1985;12;6;0.06;0.07;-10.1;-10.1;0;0;0;0;363.23;389.79;67.97;0.86;105.75;106.08;0.26;0.06;0.69
1985;12;7;0.09;0.1;-8.6;-8.6;0;0;0;0;363.23;389.79;67.75;0.81;105.84;106.18;0.26;0.06;0.68
1985;12;8;0.47;0.51;-8.1;-8.1;0;0;0;0;363.23;389.79;67.53;0.76;106.31;106.69;0.26;0.05;0.66
1985;12;9;0.38;0.41;-9.5;-9.4;0;0;0;0;363.23;389.79;67.32;0.71;106.69;107.1;0.25;0.05;0.65
1985;12;10;9.55;9.58;-8.9;-8.9;0;0;0;0;363.23;389.79;67.11;0.67;116.23;116.68;0.25;0.05;0.63
1985;12;11;0.09;0.09;-13.2;-13.2;0;0;0;0;363.23;389.79;66.9;0.63;116.33;116.77;0.24;0.04;0.62
1985;12;12;0.52;0.48;-17.5;-17.5;0;0;0;0;363.23;389.79;66.7;0.59;116.85;117.25;0.24;0.04;0.61
1985;12;13;0.02;0.02;-14.6;-14.6;0;0;0;0;363.23;389.79;66.5;0.55;116.87;117.27;0.24;0.04;0.6
1985;12;14;0.58;0.57;-8.6;-8.6;0;0;0;0;363.23;389.79;66.3;0.52;117.45;117.84;0.23;0.04;0.6
1985;12;15;0.2;0.2;-6.8;-6.8;0;0;0;0;363.23;389.79;66.1;0.49;117.66;118.04;0.23;0.03;0.6
1985;12;16;2.37;2.29;-8.3;-8.3;0;0;0;0;363.23;389.79;65.91;0.46;120.03;120.33;0.23;0.03;0.58
1985;12;17;0;0;-8.7;-8.7;0;0;0;0;363.23;389.79;65.71;0.43;120.03;120.33;0.22;0.03;0.56
1985;12;18;0.12;0.11;-8.3;-8.3;0;0;0;0;363.23;389.79;65.52;0.4;120.14;120.44;0.22;0.03;0.56
1985;12;19;1.44;1.36;-11.4;-11.4;0;0;0;0;363.23;389.79;65.33;0.38;121.58;121.8;0.22;0.03;0.55
1985;12;20;0.6;0.58;-13.6;-13.6;0;0;0;0;363.23;389.79;65.15;0.36;122.18;122.38;0.22;0.02;0.54
1985;12;21;0.02;0.02;-10.8;-10.8;0;0;0;0;363.23;389.79;64.96;0.34;122.2;122.4;0.22;0.02;0.53
1985;12;22;0;0;-9.2;-9.1;0;0;0;0;363.23;389.79;64.78;0.32;122.2;122.4;0.21;0.02;0.52
1985;12;23;0;0;-11.7;-11.6;0;0;0;0;363.23;389.79;64.6;0.3;122.2;122.4;0.21;0.02;0.51
1985;12;24;0;0;-13.2;-13.2;0;0;0;0;363.23;389.79;64.42;0.28;122.2;122.4;0.21;0.02;0.51
1985;12;25;1.32;1.33;-12.3;-12.3;0;0;0;0;363.23;389.79;64.24;0.26;123.53;123.73;0.21;0.02;0.5
1985;12;26;4.89;4.89;-12;-12;0;0;0;0;363.23;389.79;64.06;0.25;128.42;128.62;0.21;0.02;0.49
1985;12;27;0.14;0.15;-18.1;-18;0;0;0;0;363.23;389.79;63.89;0.23;128.56;128.77;0.2;0.02;0.48
1985;12;28;2.76;2.85;-11.7;-11.6;0;0;0;0;363.23;389.79;63.71;0.22;131.32;131.62;0.2;0.02;0.47
1985;12;29;10.77;10.68;-8.3;-8.2;0;0;0;0;363.23;389.79;63.54;0.21;142.09;142.3;0.2;0.01;0.47
1985;12;30;1.45;1.47;-11;-11;0;0;0;0;363.23;389.79;63.37;0.2;143.54;143.77;0.2;0.01;0.46
1985;12;31;0.86;0.86;-10.5;-10.4;0;0;0;0;363.23;389.79;63.19;0.18;144.4;144.63;0.2;0.01;0.45
1986;1;1;3.21;3.23;-12.7;-12.6;0;0;0;0;363.23;389.79;63.02;0.18;147.6;147.86;0.2;0.01;0.47
1986;1;2;1.72;1.64;-13.9;-13.8;0;0;0;0;363.23;389.79;62.85;0.16;149.32;149.5;0.2;0.01;0.47
1986;1;3;0.43;0.45;-16.3;-16.3;0;0;0;0;363.23;389.79;62.69;0.16;149.76;149.95;0.2;0.01;0.47
1986;1;4;1.06;1.02;-18.3;-18.3;0;0;0;0;363.23;389.79;62.52;0.15;150.82;150.97;0.19;0.01;0.46
1986;1;5;0.14;0.14;-19.4;-19.4;0;0;0;0;363.23;389.79;62.35;0.14;150.96;151.11;0.19;0.01;0.46
1986;1;6;4.95;4.92;-16.2;-16.2;0;0;0;0;363.23;389.79;62.19;0.13;155.91;156.03;0.19;0.01;0.44
1986;1;7;0.3;0.29;-17.6;-17.6;0;0;0;0;363.23;389.79;62.02;0.13;156.21;156.32;0.19;0.01;0.43
1986;1;8;0.14;0.15;-16.1;-16.1;0;0;0;0;363.23;389.79;61.86;0.12;156.35;156.47;0.19;0.01;0.43
1986;1;9;0.91;0.86;-14.2;-14.2;0;0;0;0;363.23;389.79;61.69;0.11;157.25;157.33;0.19;0.01;0.43
1986;1;10;2.04;2.01;-13.3;-13.3;0;0;0;0;363.23;389.79;61.53;0.11;159.29;159.34;0.19;0.01;0.43
1986;1;11;17.39;17.09;-8.9;-8.9;0;0;0;0;363.23;389.79;61.37;0.1;176.68;176.43;0.19;0.01;0.43
1986;1;12;5.79;5.68;-14.9;-14.9;0;0;0;0;363.23;389.79;61.21;0.1;182.48;182.11;0.19;0.01;0.43
1986;1;13;17.91;17.73;-14.4;-14.4;0;0;0;0;363.23;389.79;61.05;0.09;200.38;199.84;0.19;0.01;0.42
1986;1;14;3.24;3.18;-10.3;-10.3;0;0;0;0;363.23;389.79;60.89;0.09;203.62;203.02;0.18;0.01;0.41
1986;1;15;9.74;9.54;-14.4;-14.4;0;0;0;0;363.23;389.79;60.73;0.08;213.37;212.56;0.18;0.01;0.4
1986;1;16;7.97;7.77;-16.4;-16.4;0;0;0;0;363.23;389.79;60.57;0.08;221.33;220.33;0.18;0.01;0.4
1986;1;17;3.57;3.45;-18.2;-18.2;0;0;0;0;363.23;389.79;60.41;0.08;224.9;223.78;0.18;0.01;0.39
1986;1;18;12.5;12.37;-16.1;-16.1;0;0;0;0;363.23;389.79;60.25;0.07;237.4;236.15;0.18;0.01;0.38
1986;1;19;4;3.92;-7.8;-7.8;0;0;0;0;363.23;389.79;60.1;0.07;241.41;240.07;0.18;0;0.37
1986;1;20;4.46;4.36;-12.8;-12.8;0;0;0;0;363.23;389.79;59.94;0.07;245.87;244.43;0.18;0;0.38
1986;1;21;0;0;-15.9;-15.9;0;0;0;0;363.23;389.79;59.79;0.07;245.87;244.43;0.18;0;0.39
1986;1;22;0.09;0.09;-15.9;-15.9;0;0;0;0;363.23;389.79;59.63;0.06;245.96;244.52;0.18;0;0.38
1986;1;23;8.75;8.64;-15;-15;0;0;0;0;363.23;389.79;59.48;0.06;254.71;253.16;0.18;0;0.38
1986;1;24;12.33;12.16;-15;-15;0;0;0;0;363.23;389.79;59.32;0.06;267.04;265.32;0.18;0;0.36
1986;1;25;5.15;4.96;-19.7;-19.7;0;0;0;0;363.23;389.79;59.17;0.06;272.19;270.28;0.18;0;0.36
1986;1;26;1.87;1.81;-21.3;-21.3;0;0;0;0;363.23;389.79;59.02;0.05;274.07;272.09;0.18;0;0.36
1986;1;27;0;0;-24.1;-24.1;0;0;0;0;363.23;389.79;58.86;0.05;274.07;272.09;0.18;0;0.36
1986;1;28;0.11;0.11;-20.8;-20.8;0;0;0;0;363.23;389.79;58.71;0.05;274.18;272.2;0.18;0;0.35
1986;1;29;3.64;3.72;-17.7;-17.7;0;0;0;0;363.23;389.79;58.56;0.05;277.82;275.92;0.17;0;0.35
1986;1;30;9.26;9.48;-13.5;-13.4;0;0;0;0;363.23;389.79;58.41;0.05;287.08;285.4;0.17;0;0.35
1986;1;31;29.93;30.43;-11.2;-11.1;0;0;0;0;363.23;389.79;58.26;0.05;317.01;315.83;0.17;0;0.35
1986;2;1;18.69;19.05;-11.1;-11.1;0;0;0;0;363.23;389.79;58.11;0.04;335.7;334.88;0.17;0;0.35
1986;2;2;0.29;0.3;-12.5;-12.5;0;0;0;0;363.23;389.79;57.96;0.04;335.99;335.18;0.17;0;0.35
1986;2;3;0.15;0.16;-14.4;-14.4;0;0;0;0;363.23;389.79;57.81;0.04;336.14;335.33;0.17;0;0.35
1986;2;4;0.09;0.1;-15.2;-15.2;0;0;0;0;363.23;389.79;57.66;0.04;336.23;335.44;0.17;0;0.34
1986;2;5;0;0;-15.7;-15.7;0;0;0;0;363.23;389.79;57.51;0.04;336.23;335.44;0.17;0;0.34
1986;2;6;0;0;-16;-16;0;0;0;0;363.23;389.79;57.36;0.04;336.24;335.44;0.17;0;0.34
1986;2;7;0.75;0.75;-17.7;-17.7;0;0;0;0;363.23;389.79;57.22;0.04;336.98;336.19;0.17;0;0.34
1986;2;8;1.23;1.22;-20.6;-20.6;0;0;0;0;363.23;389.79;57.07;0.04;338.22;337.4;0.17;0;0.34
1986;2;9;1.9;1.86;-25.5;-25.5;0;0;0;0;363.23;389.79;56.92;0.04;340.12;339.26;0.17;0;0.34
1986;2;10;1.3;1.3;-22.8;-22.8;0;0;0;0;363.23;389.79;56.77;0.04;341.41;340.56;0.17;0;0.34
1986;2;11;0.88;0.88;-20.9;-20.9;0;0;0;0;363.23;389.79;56.63;0.04;342.29;341.44;0.17;0;0.34
1986;2;12;0;0;-19.7;-19.7;0;0;0;0;363.23;389.79;56.48;0.04;342.29;341.44;0.17;0;0.33
1986;2;13;0;0;-18.6;-18.6;0;0;0;0;363.23;389.79;56.34;0.04;342.29;341.44;0.17;0;0.33
1986;2;14;0.19;0.2;-17.5;-17.5;0;0;0;0;363.23;389.79;56.19;0.03;342.48;341.64;0.17;0;0.31
1986;2;15;0.21;0.22;-15.9;-15.9;0;0;0;0;363.23;389.79;56.05;0.03;342.69;341.87;0.17;0;0.3
1986;2;16;0.01;0.01;-16;-16;0;0;0;0;363.23;389.79;55.91;0.03;342.7;341.88;0.17;0;0.29
1986;2;17;1.13;1.17;-15.7;-15.7;0;0;0;0;363.23;389.79;55.76;0.03;343.83;343.05;0.16;0;0.29
1986;2;18;0.17;0.17;-13.4;-13.4;0;0;0;0;363.23;389.79;55.62;0.03;344.01;343.21;0.16;0;0.29
1986;2;19;2.67;2.67;-11.1;-11.1;0;0;0;0;363.23;389.79;55.48;0.03;346.67;345.88;0.16;0;0.29
1986;2;20;0.92;0.93;-12.6;-12.6;0;0;0;0;363.23;389.79;55.34;0.03;347.6;346.81;0.16;0;0.29
1986;2;21;0.09;0.1;-15.5;-15.5;0;0;0;0;363.23;389.79;55.19;0.03;347.69;346.91;0.16;0;0.29
1986;2;22;0;0;-16.1;-16.1;0;0;0;0;363.23;389.79;55.05;0.03;347.69;346.91;0.16;0;0.29
1986;2;23;3.95;3.89;-12.7;-12.6;0;0;0;0;363.23;389.79;54.91;0.03;351.64;350.8;0.16;0;0.29
1986;2;24;4.58;4.49;-12.4;-12.4;0;0;0;0;363.23;389.79;54.77;0.03;356.22;355.29;0.16;0;0.29
1986;2;25;0;0;-15.7;-15.7;0;0;0;0;363.23;389.79;54.63;0.03;356.22;355.29;0.16;0;0.29
1986;2;26;0.07;0.08;-18;-18;0;0;0;0;363.23;389.79;54.49;0.03;356.29;355.37;0.16;0;0.29
1986;2;27;0.1;0.11;-17.1;-17.1;0;0;0;0;363.23;389.79;54.35;0.03;356.39;355.48;0.16;0;0.29
1986;2;28;0.56;0.57;-12.4;-12.4;0;0;0;0;363.23;389.79;54.21;0.03;356.95;356.05;0.16;0;0.3
1986;3;1;1.4;1.44;-9.4;-9.4;0;0;0;0;363.23;389.79;54.07;0.03;358.35;357.49;0.16;0;0.3
1986;3;2;0.52;0.54;-7;-7;0;0;0;0;363.23;389.79;53.93;0.03;358.88;358.03;0.16;0;0.3
1986;3;3;11.11;11.16;-7.5;-7.5;0;0;0;0;363.23;389.79;53.8;0.03;369.99;369.19;0.16;0;0.3
1986;3;4;0.19;0.18;-10.8;-10.8;0;0;0;0;363.23;389.79;53.66;0.03;370.18;369.37;0.16;0;0.3
1986;3;5;0.22;0.21;-5.4;-5.4;0;0;0;0;363.23;389.79;53.52;0.03;370.4;369.58;0.16;0;0.3
1986;3;6;0.11;0.11;-6.8;-6.8;0;0;0;0;363.23;389.79;53.38;0.03;370.51;369.69;0.16;0;0.3
1986;3;7;7.39;7.28;-8.5;-8.5;0;0;0;0;363.23;389.79;53.25;0.03;377.9;376.97;0.16;0;0.3
1986;3;8;3.07;3.15;-7.5;-7.5;0;0;0;0;363.23;389.79;53.11;0.03;380.98;380.12;0.16;0;0.3
1986;3;9;2.15;2.17;-7.3;-7.3;0;0;0;0;363.23;389.79;52.97;0.03;383.13;382.29;0.16;0;0.3
1986;3;10;0.04;0.05;-7.4;-7.4;0;0;0;0;363.23;389.79;52.84;0.03;383.17;382.34;0.16;0;0.3
1986;3;11;0.03;0.03;-8.3;-8.3;0;0;0;0;363.23;389.79;52.7;0.03;383.2;382.37;0.16;0;0.3
1986;3;12;0.17;0.17;-7.7;-7.7;0;0;0;0;363.23;389.79;52.57;0.03;383.37;382.54;0.16;0;0.3
1986;3;13;1.71;1.69;-8.3;-8.3;0;0;0;0;363.23;389.79;52.43;0.03;385.08;384.23;0.15;0;0.3
1986;3;14;0.49;0.47;-8.6;-8.6;0;0;0;0;363.23;389.79;52.3;0.03;385.57;384.7;0.15;0;0.3
1986;3;15;0.27;0.29;-9.4;-9.4;0;0;0;0;363.23;389.79;52.16;0.03;385.84;384.99;0.15;0;0.3
1986;3;16;0.06;0.06;-9.1;-9.1;0;0;0;0;363.23;389.79;52.03;0.03;385.89;385.05;0.15;0;0.3
1986;3;17;0;0;-9.7;-9.7;0;0;0;0;363.23;389.79;51.9;0.03;385.89;385.05;0.15;0;0.3
1986;3;18;0.02;0.02;-9.8;-9.8;0;0;0;0;363.23;389.79;51.77;0.03;385.91;385.07;0.15;0;0.3
1986;3;19;3.42;3.43;-10.6;-10.6;0;0;0;0;363.23;389.79;51.63;0.03;389.33;388.5;0.15;0;0.3
1986;3;20;0.05;0.05;-10.1;-10.1;0;0;0;0;363.23;389.79;51.5;0.03;389.38;388.55;0.15;0;0.3
1986;3;21;8.52;8.25;-12;-12;0;0;0;0;363.23;389.79;51.37;0.03;397.9;396.8;0.15;0;0.3
1986;3;22;0.64;0.62;-13.1;-13.1;0;0;0;0;363.23;389.79;51.24;0.03;398.54;397.42;0.15;0;0.3
1986;3;23;7.23;7.09;-9;-9;0;0;0;0;363.23;389.79;51.11;0.03;405.77;404.51;0.15;0;0.3
1986;3;24;3.5;3.51;-6.2;-6.2;0;0;0;0;363.23;389.79;50.98;0.03;409.28;408.02;0.15;0;0.3
1986;3;25;7.9;7.92;-9.3;-9.3;0;0;0;0;363.23;389.79;50.84;0.03;417.18;415.94;0.15;0;0.3
1986;3;26;0.59;0.6;-12.9;-12.9;0;0;0;0;363.23;389.79;50.71;0.03;417.77;416.54;0.15;0;0.3
1986;3;27;0.16;0.16;-9.5;-9.5;0;0;0;0;363.23;389.79;50.59;0.03;417.93;416.7;0.15;0;0.3
1986;3;28;0.11;0.11;-3.5;-3.5;0;0;0;0;363.23;389.79;50.45;0.03;418.04;416.81;0.15;0;0.36
1986;3;29;6.24;6.16;-6.5;-6.5;0;0;0;0;363.23;389.79;50.33;0.03;424.28;422.97;0.15;0;0.37
1986;3;30;6.49;6.48;-9.5;-9.5;0;0;0;0;363.23;389.79;50.2;0.03;430.77;429.45;0.15;0;0.34
1986;3;31;1.43;1.38;-6.4;-6.4;0;0;0;0;363.23;389.79;50.07;0.03;432.2;430.83;0.15;0;0.34
1986;4;1;1.26;1.26;-7.5;-7.5;0;0;0;0;363.23;389.79;49.94;0.03;433.46;432.09;0.15;0;0.35
1986;4;2;0.71;0.77;-6.5;-6.5;0;0;0;0;363.23;389.79;49.81;0.03;434.18;432.86;0.15;0;0.38
1986;4;3;4.56;4.68;-4.4;-4.4;0;0;0;0;363.23;389.79;49.69;0.03;438.74;437.54;0.15;0;0.45
1986;4;4;17.65;17.91;-4.7;-4.6;0;0;0;0;363.23;389.79;49.56;0.03;456.39;455.45;0.15;0;0.44
1986;4;5;4.25;4.44;-4.7;-4.7;0;0;0;0;363.23;389.79;49.43;0.03;460.64;459.89;0.15;0;0.38
1986;4;6;1.84;1.93;-4.1;-4.1;0;0;0;0;363.23;389.79;49.3;0.03;462.47;461.82;0.15;0;0.39
1986;4;7;3.78;3.89;-3.2;-3.2;0;0;0;0;363.23;389.79;49.18;0.03;466.25;465.71;0.15;0;0.45
1986;4;8;5.25;5.38;-3.1;-3.1;0;0;0;0;363.23;389.79;49.05;0.03;471.5;471.09;0.14;0;0.51
1986;4;9;5.8;5.89;-4.9;-4.9;0;0;0;0;363.23;389.79;48.93;0.03;477.3;476.98;0.14;0;0.5
1986;4;10;9.5;9.34;-7.2;-7.2;0;0;0;0;363.23;389.79;48.8;0.03;486.8;486.32;0.14;0;0.41
1986;4;11;8.72;8.76;-8;-8;0;0;0;0;363.23;389.79;48.68;0.03;495.51;495.08;0.14;0;0.39
1986;4;12;14.49;14.62;-10.2;-10.2;0;0;0;0;363.23;389.79;48.55;0.03;510.01;509.7;0.14;0;0.38
1986;4;13;2.09;2.06;-14.5;-14.4;0;0;0;0;363.23;389.79;48.43;0.03;512.1;511.76;0.14;0;0.37
1986;4;14;0;0;-13.4;-13.4;0;0;0;0;363.23;389.79;48.3;0.03;512.1;511.76;0.14;0;0.36
1986;4;15;1.07;1.12;-10;-10;0;0;0;0;363.23;389.79;48.18;0.03;513.17;512.88;0.14;0;0.35
1986;4;16;0.48;0.51;-8;-8;0;0;0;0;363.23;389.79;48.06;0.03;513.65;513.39;0.14;0;0.35
1986;4;17;6.94;7.16;-7.6;-7.6;0;0;0;0;363.23;389.79;47.94;0.03;520.59;520.55;0.14;0;0.37
1986;4;18;17.57;17.72;-8.4;-8.4;0;0;0;0;363.23;389.79;47.81;0.03;538.16;538.27;0.14;0;0.39
1986;4;19;2.49;2.42;-11.3;-11.3;0;0;0;0;363.23;389.79;47.69;0.03;540.65;540.69;0.14;0;0.41
1986;4;20;4.36;4.25;-11.6;-11.6;0;0;0;0;363.23;389.79;47.57;0.03;545;544.94;0.14;0;0.43
1986;4;21;1.64;1.63;-5.8;-5.8;0;0;0;0;363.23;389.79;47.45;0.03;546.64;546.57;0.14;0;0.44
1986;4;22;5.17;5.4;-4.5;-4.5;0;0;0;0;363.23;389.79;47.32;0.03;551.82;551.97;0.14;0;0.49
1986;4;23;6.45;6.72;-3.5;-3.5;0;0;0;0;363.23;389.79;47.2;0.03;558.27;558.69;0.14;0;0.62
1986;4;24;13.37;13.76;-2.5;-2.5;0;0;0;0;363.23;389.79;47.08;0.03;571.64;572.45;0.14;0;0.73
1986;4;25;3.49;3.61;-1.8;-1.8;0;0;0;0;363.23;389.79;46.96;0.03;575.12;576.06;0.14;0;0.84
1986;4;26;2.31;2.36;-1.5;-1.5;0;0;0;0;363.23;389.79;46.84;0.03;577.43;578.42;0.14;0;0.99
1986;4;27;6.74;6.86;-2.9;-2.9;0;0;0;0;363.23;389.79;46.72;0.03;584.17;585.28;0.14;0;0.85
1986;4;28;5.41;5.49;-2.3;-2.3;0;0;0;0;363.23;389.79;46.6;0.03;589.58;590.77;0.14;0;0.76
1986;4;29;5.42;5.38;-1.4;-1.4;0;0;0;0;363.23;389.79;46.48;0.03;595;596.15;0.14;0;0.7
1986;4;30;3.01;2.88;-0.9;-0.9;0;0;0;0;363.23;389.79;46.36;0.03;598;599.03;0.14;0;0.87
1986;5;1;2.3;2.34;-0.2;-0.2;0;0;0;0;363.23;389.79;46.25;0.03;600.31;601.37;0.14;0;1.54
1986;5;2;0.58;0.58;-1;-1;0;0;0;0;363.23;389.79;46.13;0.03;600.89;601.95;0.14;0;1.92
1986;5;3;0.32;0.3;-0.7;-0.7;0;0;0;0;363.23;389.79;46.01;0.03;601.21;602.25;0.14;0;2.34
1986;5;4;1.33;1.35;-1.1;-1.1;0;0;0;0;363.23;389.79;45.89;0.03;602.54;603.6;0.14;0;2.2
1986;5;5;0;0;-0.7;-0.7;0;0;0;0;363.23;389.79;45.77;0.03;602.54;603.6;0.14;0;2.23
1986;5;6;0.19;0.2;-0.5;-0.5;0;0;0;0;363.23;389.79;45.66;0.03;602.74;603.8;0.13;0;2.38
1986;5;7;1.17;1.22;-0.2;-0.2;0;0;0;0;363.23;389.79;45.54;0.03;603.91;605.02;0.13;0;2.48
1986;5;8;9.65;9.76;-3;-3;0;0;0;0;363.23;389.79;45.42;0.03;613.56;614.78;0.13;0;1.94
1986;5;9;0.66;0.63;-4.1;-4.1;0;0;0;0;363.23;389.79;45.31;0.03;614.21;615.41;0.13;0;1.35
1986;5;10;0.3;0.29;-1.9;-1.9;0;0;0;0;363.23;389.79;45.19;0.03;614.52;615.7;0.13;0;1.17
1986;5;11;0.17;0.14;-0.5;-0.5;0;0;0;0;363.23;389.79;45.08;0.03;614.69;615.84;0.13;0;1.6
1986;5;12;0.09;0.08;0.1;0.1;0.4;0.45;0.06;0.07;363.23;389.79;44.96;0.03;614.72;615.85;0.13;0;2.23
1986;5;13;0.01;0.01;1.5;1.5;1.63;1.65;0.26;0.25;363.5;390.08;44.84;0.03;613.74;614.78;0.13;0;3.13
1986;5;14;0.79;0.82;1;1;1.34;1.36;0.2;0.2;362.65;389.13;46.15;1.63;612.93;613.82;0.36;0.23;3.6
1986;5;15;2.51;2.46;-0.1;-0.1;0;0;0;0;361.32;387.62;47.27;3.03;615.44;616.28;0.77;0.64;3.3
1986;5;16;3.25;3.25;0.4;0.4;0.85;0.88;0.11;0.11;360.23;386.38;48.26;4.28;617.92;618.66;0.96;0.83;3.45
1986;5;17;2.45;2.42;2;2;1.88;1.89;0.25;0.25;360.28;386.78;49.18;5.45;615.55;615.66;1.77;1.64;4.36
1986;5;18;0.76;0.74;4.2;4.2;2.69;2.7;0.41;0.4;364.1;390.96;50.19;6.7;601.58;600.48;4.07;3.9;3.95
1986;5;19;2.9;2.9;3.7;3.7;2.54;2.54;0.33;0.32;370.04;395.79;51.49;8.25;585.38;585.03;6.49;6.2;6.07
1986;5;20;0.17;0.18;4.7;4.7;2.85;2.85;0.37;0.35;376.06;400.5;53.17;10.18;565.51;566.3;7.99;7.5;7.73
1986;5;21;8.01;8.09;4.4;4.4;2.76;2.76;0.19;0.18;384.25;407.2;55.29;12.54;546.42;548.46;9.98;9.28;10.05
1986;5;22;7.19;7.2;3.8;3.8;2.56;2.57;0.19;0.18;391.11;413;57.9;15.38;527.98;530.72;11.68;10.8;10.04
1986;5;23;5.34;5.06;3.8;3.8;2.56;2.57;0.23;0.22;396.76;417.57;60.96;18.62;509.87;513.34;12.26;11.23;10.13
1986;5;24;4.84;4.71;2.3;2.3;2.01;2.02;0.19;0.18;398.12;418.77;64.21;22.03;503.64;507.12;10.62;9.55;11.22
1986;5;25;0;0;4.3;4.4;2.74;2.76;0.28;0.25;401.89;422.07;67.47;25.39;484.06;487.79;10.28;9.25;7.81
1986;5;26;3.33;3.22;5.1;5.1;2.96;2.96;0.24;0.22;406.6;425.67;70.76;28.74;464.51;469.51;11.82;10.74;7.55
1986;5;27;7.4;7.21;4.3;4.3;2.73;2.73;0.16;0.14;411.45;429.46;74.17;32.17;447.11;453.28;13.52;12.26;9.51
1986;5;28;12.24;12.24;3.2;3.2;2.36;2.37;0.07;0.06;414.74;431.88;77.69;35.65;439.32;446.92;13.93;12.51;9.38
1986;5;29;23.18;23.19;-0.2;-0.1;0;0;0;0;412.74;430.2;81.05;38.9;462.49;470.11;10.29;8.92;7.42
1986;5;30;12.75;12.46;-6.4;-6.3;0;0;0;0;412.74;430.2;78.73;36.4;475.24;482.57;6.01;4.94;3.58
1986;5;31;3.01;2.95;-6.4;-6.4;0;0;0;0;412.74;430.2;76.55;34.07;478.25;485.52;3.97;3.21;3.51
1986;6;1;0;0;-6.3;-6.3;0;0;0;0;412.74;430.2;74.5;31.88;478.25;485.52;3.38;2.8;3.42
1986;6;2;7.23;7.1;-4.2;-4.2;0;0;0;0;412.74;430.2;72.57;29.84;485.48;492.62;3.12;2.63;3.2
1986;6;3;4.42;4.37;-2.6;-2.6;0;0;0;0;412.74;430.2;70.77;27.92;489.9;496.99;2.92;2.48;2.83
1986;6;4;15.48;15.47;-4.3;-4.3;0;0;0;0;412.74;430.2;69.07;26.13;505.38;512.46;2.76;2.33;2.6
1986;6;5;1.32;1.22;-6.4;-6.4;0;0;0;0;412.74;430.2;67.47;24.45;506.7;513.68;2.61;2.19;2.48
1986;6;6;1.52;1.49;-6.5;-6.4;0;0;0;0;412.74;430.2;65.97;22.89;508.22;515.17;2.46;2.06;2.29
1986;6;7;2.16;2.2;-4.9;-4.8;0;0;0;0;412.74;430.2;64.55;21.42;510.38;517.37;2.32;1.94;2.18
1986;6;8;0.1;0.1;-1.3;-1.2;0;0;0;0;412.74;430.2;63.23;20.05;510.48;517.47;2.2;1.82;2.13
1986;6;9;0;0;-0.5;-0.4;0;0;0;0;412.74;430.2;61.98;18.76;510.48;517.47;2.07;1.71;2.42
1986;6;10;0;0;1.4;1.5;1.64;1.67;0.26;0.26;413.36;430.9;60.8;17.56;507.37;513.99;2.08;1.72;3.31
1986;6;11;12.35;12.37;1.4;1.5;1.62;1.67;0.06;0.05;413.99;431.62;59.69;16.44;516.71;522.95;2.58;2.24;4.36
1986;6;12;24.3;24.22;-1.7;-1.7;0;0;0;0;413.99;431.62;58.64;15.38;541.01;547.17;2.25;1.92;5.08
1986;6;13;0.65;0.61;0.6;0.6;1.05;1.08;0.16;0.16;414.19;431.85;57.66;14.4;540.56;546.56;1.85;1.53;4.98
1986;6;14;0.34;0.35;2.3;2.4;2.06;2.1;0.26;0.25;413.12;431.22;61.52;18.52;536.24;541.68;2.92;2.6;6.03
1986;6;15;0.13;0.12;3.5;3.6;2.52;2.54;0.26;0.23;412.89;431.14;64.73;21.94;528.76;534.1;4.67;4.27;6.73
1986;6;16;0.64;0.66;3.5;3.5;2.5;2.51;0.25;0.22;413.4;431.1;67.54;24.89;520.15;526.93;5.85;5.27;6.94
1986;6;17;3.26;3.06;5.1;5.1;3;3;0.25;0.23;417.06;433.72;70.2;27.64;501.37;509.71;8.82;7.94;7.82
1986;6;18;1.41;1.4;5.1;5.1;3;3;0.28;0.25;420.17;436.04;72.98;30.44;481.52;491.32;11.75;10.54;9.91
1986;6;19;2.24;2.08;5.4;5.4;3.08;3.09;0.27;0.25;423.75;438.71;76;33.42;459.56;470.94;13.64;12.17;9.69
1986;6;20;1.17;1.18;5.2;5.2;3.03;3.03;0.22;0.17;426.54;440.74;79.27;36.58;438.82;451.92;14.56;12.89;10.82
1986;6;21;7.87;8.03;5.9;6;3.24;3.25;0.14;0.1;430.21;443.35;82.76;39.87;420;435.74;15.74;13.89;12.15
1986;6;22;0.76;0.76;6.8;6.9;3.45;3.47;0.25;0.2;432.76;444.92;86.44;43.26;398.32;416.9;16.23;14.15;15.17
1986;6;23;3.75;3.78;8.1;8.1;3.74;3.75;0.22;0.18;436.62;447.47;90.3;46.72;371.95;394.35;17.54;15.17;20.8
1986;6;24;2.83;2.89;5.9;6;3.23;3.25;0.2;0.16;438.52;448.77;94.31;50.22;352.51;377.42;18.07;15.46;24.23
1986;6;25;1.11;1.12;6.3;6.4;3.33;3.35;0.24;0.19;440.22;449.88;98.36;53.65;331.67;359.21;17.54;14.86;20.23
1986;6;26;0.42;0.39;6.9;7;3.48;3.5;0.25;0.21;442.02;451.07;102.37;56.93;308.75;339.15;17.64;14.93;19.98
1986;6;27;0;0;8.2;8.3;3.78;3.79;0.26;0.23;444;452.65;106.35;60.11;282.71;315.24;18.79;16;19.61
1986;6;28;0;0;8.2;8.2;3.77;3.77;0.22;0.23;445.33;454.07;110.37;63.26;258.59;291.49;19.82;17.07;18.35
1986;6;29;2.17;2.09;6;6;3.25;3.25;0.09;0.09;445.5;454.67;114.31;66.34;243.17;275.21;19.08;16.61;17.39
1986;6;30;0.04;0.04;6;6;3.25;3.25;0.09;0.1;444.25;454.01;117.94;69.11;235.33;266.44;15.95;13.94;17.52
1986;7;1;0.9;0.87;6.5;6.5;3.39;3.4;0.17;0.1;443.15;453.58;121.02;71.37;226.91;256.91;14.48;11.82;17.31
1986;7;2;0.8;0.79;7.2;7.2;3.57;3.57;0.26;0.1;442.08;453.3;123.53;73.13;217.57;246.34;15.29;11.65;17.4
1986;7;3;3.3;3.22;7;7;3.52;3.52;0.21;0.09;441.45;453.32;125.61;74.52;208.45;236.01;16.02;12.25;18.79
1986;7;4;4.27;4.3;6.4;6.4;3.37;3.38;0.19;0.08;440.87;453.37;127.38;75.66;200.09;226.53;16.43;12.83;17.97
1986;7;5;0.98;1.07;7.4;7.4;3.62;3.62;0.26;0.1;439.9;453.18;128.9;76.61;190.44;215.62;16.32;12.69;20.45
1986;7;6;25.24;25.27;5.4;5.4;3.12;3.11;0;0;442.62;455.87;130.43;77.63;183.17;207.38;20.32;16.76;21.77
1986;7;7;7.24;7.03;1.6;1.6;1.75;1.74;0.08;0.06;441.23;454.67;132.06;78.8;185.27;209.7;18.12;15.71;16.21
1986;7;8;2.08;1.97;0.2;0.2;0.65;0.64;0.06;0.05;439.14;452.97;133.39;79.66;186.67;211.05;11.72;10.41;11.46
1986;7;9;2.88;2.85;0.1;0.1;0.41;0.46;0.04;0.05;437.02;451.27;134.14;79.9;189.16;213.45;8.71;7.67;13.85
1986;7;10;0.74;0.69;1.8;1.8;1.84;1.84;0.05;0.05;435.53;449.96;134.33;79.58;186.28;210.9;8.17;7.25;10.43
1986;7;11;3.43;3.31;3.7;3.7;2.6;2.6;0.1;0.06;434.41;449.21;134.16;78.88;183.04;207.24;9.55;8.08;9.65
1986;7;12;2.51;2.42;3.5;3.5;2.53;2.53;0.15;0.07;433.07;448.32;133.8;78.01;180.04;203.84;10.65;8.69;9.27
1986;7;13;4.38;4.35;2.6;2.6;2.19;2.19;0.08;0.05;431.86;447.41;133.32;77.03;178.93;202.58;10.1;8.67;8.57
1986;7;14;0.63;0.61;2.1;2.2;2;2.02;0.05;0.06;430.12;446.07;132.71;75.94;177.18;200.6;8.76;7.88;9.47
1986;7;15;0;0;4.9;4.9;2.96;2.97;0.14;0.09;428.73;445.2;131.97;74.74;172.3;195.07;9.03;7.61;11.66
1986;7;16;0;0;7.3;7.3;3.59;3.59;0.25;0.11;427.73;444.88;131.19;73.52;164.57;186.33;10.89;8.5;11.58
1986;7;17;0.09;0.1;8.5;8.5;3.86;3.87;0.26;0.12;427.04;444.89;130.47;72.41;155.17;175.68;12.65;9.6;12.77
1986;7;18;15.77;15.45;5.5;5.5;3.13;3.14;0.01;0.01;429.18;446.89;130.02;71.63;148.73;168.39;15.55;12.56;12.97
1986;7;19;6.97;6.8;2.9;2.9;2.31;2.31;0.06;0.04;428.59;446.41;129.92;71.23;147.61;167.12;14.4;12.53;11.23
1986;7;20;1.8;1.81;3.4;3.4;2.48;2.49;0.1;0.07;427.26;445.46;129.92;70.94;144.76;163.89;11.28;9.77;8.95
1986;7;21;0;0;5.9;5.9;3.24;3.25;0.22;0.1;426;444.79;129.84;70.57;138.89;157.25;10.83;8.59;11.57
1986;7;22;0.57;0.62;6.3;6.3;3.35;3.35;0.22;0.1;425.01;444.38;129.66;70.11;132.22;149.69;11.46;8.74;12.98
1986;7;23;1.9;1.93;6.4;6.4;3.38;3.38;0.2;0.09;424.39;444.3;129.46;69.64;125.11;141.65;12.27;9.34;13.67
1986;7;24;11.92;11.8;2.2;2.2;2.02;2.02;0.03;0.02;424.29;444.06;129.28;69.22;127.77;144.48;11.69;9.77;12.57
1986;7;25;0;0;3.8;3.8;2.62;2.63;0.07;0.08;422.92;442.99;129.09;68.78;124.04;140.44;9.48;8.63;5.14
1986;7;26;0.38;0.37;4.6;4.7;2.9;2.91;0.13;0.09;421.77;442.28;128.82;68.26;119.06;134.8;9.2;7.8;7.47
1986;7;27;0.74;0.77;6;6;3.27;3.27;0.2;0.1;420.93;441.99;128.48;67.67;112.41;127.27;10.48;8.26;10.5
1986;7;28;0.56;0.59;8;8;3.75;3.75;0.23;0.11;420.49;442.16;128.15;67.13;103.26;116.91;12;9.18;12.26
1986;7;29;0.87;0.89;8.3;8.3;3.82;3.82;0.23;0.11;420.24;442.5;127.93;66.71;93.5;105.85;13.32;10.06;14.44
1986;7;30;2.16;2.32;8.1;8.1;3.77;3.78;0.21;0.1;420.21;443.07;127.86;66.48;83.75;94.82;14.14;10.77;16.24
1986;7;31;6.77;6.76;7.6;7.6;3.66;3.66;0.13;0.07;421.18;444.3;127.99;66.49;74.4;84.23;15.38;12.01;16.65
1986;8;1;5.78;5.84;6.5;6.5;3.12;3.12;0.13;0.06;421.64;445.06;128.35;66.77;66.31;75.07;15.81;12.64;18.43
1986;8;2;0.42;0.43;8.5;8.5;3.54;3.55;0.21;0.11;421.35;445.34;128.87;67.21;55.7;63.07;15.35;12.05;18.86
1986;8;3;0.13;0.13;10.2;10.2;3.88;3.87;0.23;0.12;421.34;445.96;129.46;67.75;42.9;48.56;15.87;11.94;22.48
1986;8;4;3.52;3.45;9.9;9.9;3.81;3.82;0.18;0.09;422.02;447.04;130.13;68.39;30.33;34.34;17.16;12.91;24.9
1986;8;5;12.7;12.46;7;7;3.23;3.23;0.04;0.03;424.09;448.84;131;69.25;21.29;24.11;18.6;14.82;24.67
1986;8;6;0.05;0.04;9.2;9.2;3.68;3.68;0.22;0.11;423.75;449.06;132.05;70.31;9.56;10.83;18.05;14.36;24.98
1986;8;7;0.72;0.69;8;8;3.44;3.45;0.1;0;423.25;449.03;133.09;71.37;0;0;16.52;12.75;23.38
1986;8;8;10.6;10.66;5.5;5.5;2.88;2.88;0.21;0.2;423.13;448.66;134;72.27;0;0;19.87;16.71;21.99
1986;8;9;0.43;0.45;6.1;6.1;3.03;3.03;1.09;1.13;420.15;445.86;134.64;72.86;0;0;18.6;15.77;18.65
1986;8;10;8.72;8.77;6.5;6.5;3.12;3.12;0.56;0.57;419.44;444.96;134.94;73.08;0;0;18.53;15.58;20.4
1986;8;11;3.56;3.38;6.6;6.6;3.14;3.14;0.92;0.96;417.39;442.82;134.97;72.98;0;0;18.61;15.55;22.14
1986;8;12;11.76;11.73;5;5;2.75;2.75;0.31;0.32;417.71;442.79;134.84;72.69;0;0;17.89;15.03;21.61
1986;8;13;4.93;5.01;5;5;2.75;2.75;0.72;0.74;416.1;441.19;134.62;72.31;0;0;17.29;14.69;17.47
1986;8;14;7.71;7.8;4.8;4.8;2.7;2.7;0.54;0.56;415.32;440.31;134.33;71.83;0;0;16.64;14.12;14.27
1986;8;15;2.56;2.62;6;6;3;3;0.94;0.97;413.01;438.1;133.94;71.24;0;0;16.88;14.23;13.62
1986;8;16;0.97;1.01;7.5;7.5;3.34;3.34;1.16;1.21;410.14;435.38;133.36;70.45;0;0;17.54;14.48;19.01
1986;8;17;3.63;3.81;7.5;7.5;3.34;3.34;0.96;0.99;408.1;433.45;132.6;69.45;0;0;17.97;14.64;17.77
1986;8;18;3.06;3.18;7.1;7.1;3.25;3.25;0.98;1.01;405.96;431.41;131.69;68.31;0;0;17.77;14.48;24.32
1986;8;19;6.76;6.68;5.2;5.2;2.8;2.81;0.62;0.65;405.24;430.51;130.73;67.12;0;0;16.24;13.34;21
1986;8;20;0.14;0.12;3.4;3.4;2.28;2.29;0.45;0.44;402.96;428.43;129.73;65.88;0;0;9.66;7.44;15.98
1986;8;21;0.01;0.01;5.4;5.4;2.85;2.86;0.56;0.55;400.54;426.22;128.63;64.53;0;0;12.58;10.46;14.44
1986;8;22;1.85;1.94;7;7;3.23;3.23;1.05;1.1;398.12;423.92;127.4;63.06;0;0;15.17;12.49;18.95
1986;8;23;18.22;18.32;2.9;2.9;2.11;2.12;0;0;401.02;426.21;126.25;61.66;1.68;1.9;10.99;9.13;12.03
1986;8;24;12.99;13;-0.7;-0.7;0;0;0;0;399.17;424.55;125.28;60.47;14.67;14.9;8.5;7.75;5.72
1986;8;25;0.66;0.62;1.4;1.4;1.48;1.5;0.14;0.13;398.64;424.03;124.37;59.35;10.48;10.66;7.06;6.44;5.26
1986;8;26;0.19;0.18;3.5;3.5;2.33;2.32;0.06;0.07;398.67;423.74;123.49;58.26;4.49;5.08;7.18;6.57;6.6
1986;8;27;3.73;3.9;3.9;3.9;2.44;2.44;0.08;0.06;398.64;423.98;122.69;57.26;0.97;1.1;8.28;7.05;8.74
1986;8;28;23.23;23.49;2.9;3;2.14;2.16;0;0;402.74;427.36;122.14;56.53;3.17;3.59;11.16;9.88;9.01
1986;8;29;5.5;5.53;-3.1;-3.1;0;0;0;0;400.88;425.7;121.86;56.09;8.67;9.12;9.48;8.72;5.79
1986;8;30;0.13;0.13;-3.6;-3.5;0;0;0;0;400.88;425.7;118.49;52.49;8.81;9.25;5.94;5.3;4.65
1986;8;31;0.48;0.48;-3.2;-3.2;0;0;0;0;400.88;425.7;115.33;49.11;9.29;9.73;4.14;3.64;4.08
1986;9;1;0;0;-1.8;-1.7;0;0;0;0;400.88;425.7;112.36;45.96;9.29;9.73;3.61;3.21;3.79
1986;9;2;0.14;0.14;0.7;0.7;0.9;0.92;0.09;0.08;401.52;426.24;109.57;43;7.03;7.49;3.42;3.05;3.63
1986;9;3;4.77;4.7;3;3;1.84;1.84;0.04;0.04;401.77;426.29;110.42;43.85;4.24;4.8;4.94;4.52;4.24
1986;9;4;2.59;2.57;0.2;0.2;0.45;0.5;0.04;0.04;400.06;424.8;111.02;44.42;6.13;6.58;5.39;4.89;4.34
1986;9;5;0;0;3.1;3.1;1.86;1.87;0.05;0.06;399.19;424.05;111.41;44.77;2.42;2.74;5.28;4.76;4.07
1986;9;6;0;0;5.2;5.2;2.39;2.4;0.03;0;397.9;423.06;111.61;44.91;0;0;5.98;4.75;4.31
1986;9;7;0.03;0.03;4.2;4.2;2.15;2.16;0.4;0.39;395.67;421.03;111.64;44.88;0;0;9.66;7.85;4.6
1986;9;8;1.75;1.81;3.1;3.1;1.86;1.87;0.31;0.3;394.04;419.55;111.5;44.65;0;0;6.29;4.68;4.98
1986;9;9;13.14;13.27;2.1;2.1;1.54;1.55;0.03;0.02;394.89;420.16;111.29;44.35;4.24;4.47;6.47;5.44;4.82
1986;9;10;2.64;2.62;1.3;1.3;1.23;1.23;0.04;0.03;394.01;419.2;111.09;44.06;3.94;4.42;6.23;5.62;3.95
1986;9;11;0.09;0.1;1.6;1.6;1.37;1.36;0.04;0.04;392.57;417.97;110.87;43.75;2.57;2.91;5.34;4.77;3.69
1986;9;12;0.08;0.09;4.3;4.3;2.19;2.19;0.03;0;391.43;417.13;110.59;43.37;0;0;5.59;4.44;4.05
1986;9;13;0.67;0.7;4.8;4.8;2.31;2.31;0.41;0.4;389.43;415.3;110.23;42.91;0;0;9.58;7.74;5.08
1986;9;14;0.2;0.18;5.3;5.3;2.42;2.42;0.82;0.86;386.9;412.88;109.78;42.35;0;0;10.44;8.38;6.7
1986;9;15;0.06;0.07;6;6;2.57;2.56;0.87;0.91;384.27;410.38;109.23;41.69;0;0;11.15;8.84;8.64
1986;9;16;0.12;0.13;7;7;2.77;2.76;0.94;0.98;381.62;407.84;108.59;40.94;0;0;12.39;9.74;10.44
1986;9;17;4.09;3.97;6.6;6.6;2.68;2.68;0.69;0.73;380.61;406.7;107.91;40.15;0;0;13.14;10.33;12.99
1986;9;18;4.67;4.6;5.3;5.3;2.41;2.42;0.6;0.63;379.89;405.87;107.28;39.41;0;0;12.63;10.07;13.75
1986;9;19;0.41;0.43;4.6;4.6;2.25;2.26;0.75;0.79;377.55;403.63;106.71;38.74;0;0;11.17;8.94;11.35
1986;9;20;5.77;5.74;3.4;3.4;1.95;1.95;0.23;0.23;377.63;403.61;106.18;38.11;0;0;6.94;5.04;11.44
1986;9;21;0.01;0.01;4.7;4.7;2.29;2.28;0.42;0.41;375.5;401.64;105.68;37.52;0;0;9.78;7.86;8.42
1986;9;22;0;0;3.5;3.5;1.98;1.98;0.67;0.71;373.13;399.37;105.17;36.92;0;0;8.88;6.95;7
1986;9;23;0;0;4.2;4.2;2.16;2.16;0.73;0.77;370.7;397.04;104.6;36.26;0;0;8.78;6.98;6.58
1986;9;24;0.68;0.68;4.8;4.8;2.3;2.31;0.75;0.79;368.53;394.94;103.98;35.55;0;0;9.57;7.59;5.23
1986;9;25;5.43;5.33;3.6;3.6;2.02;2.01;0.25;0.24;368.7;394.96;103.39;34.87;0;0;6.4;4.42;5.63
1986;9;26;3.71;3.75;2.1;2.1;1.55;1.55;0.01;0;368.41;394.7;102.87;34.28;0;0;5.54;4.33;4.86
1986;9;27;0.16;0.15;0.8;0.8;0.96;0.98;0;0;366.81;393.22;102.41;33.75;0;0;4.23;3.69;4.94
1986;9;28;0.99;1;-0.3;-0.3;0;0;0;0;365.15;391.69;101.94;33.22;0.99;1;3.48;3.02;4.14
1986;9;29;0;0;2.5;2.5;1.69;1.69;0;0;363.89;390.52;101.44;32.65;0;0;3.33;2.9;4.3
1986;9;30;0;0;4.2;4.2;2.16;2.16;0.36;0.39;361.89;388.61;100.92;32.06;0;0;6.94;5.88;5.21
1986;10;1;0;0;5.8;5.8;2.24;2.23;0.7;0.74;359.56;386.36;100.37;31.45;0;0;9.18;7.27;5.83
1986;10;2;0;0;5.4;5.4;2.16;2.16;0.68;0.72;357.26;384.14;99.8;30.82;0;0;9.48;7.34;6.01
1986;10;3;0;0;5.1;5.1;2.1;2.1;0.66;0.7;355;381.95;99.21;30.18;0;0;9.23;7.15;6.4
1986;10;4;0;0;3.9;3.9;1.84;1.85;0.58;0.62;352.84;379.85;98.62;29.53;0;0;8.14;6.29;6.47
1986;10;5;0.86;0.78;4.4;4.4;1.96;1.96;0.58;0.62;351.07;378.06;98.02;28.89;0;0;8.28;6.52;6.36
1986;10;6;0.27;0.29;3.3;3.3;1.7;1.71;0.28;0.28;349.33;376.42;97.44;28.26;0;0;4.75;3.1;5.8
1986;10;7;0;0;3.7;3.7;1.8;1.8;0.3;0.3;347.47;374.66;96.88;27.66;0;0;6.98;5.43;5.53
1986;10;8;0.06;0.04;1.5;1.5;1.17;1.17;0.18;0.19;345.77;373.02;96.32;27.06;0;0;3.89;2.88;4.64
1986;10;9;0;0;3;3;1.63;1.63;0.25;0.27;343.98;371.3;95.77;26.48;0;0;5.6;4.68;4.22
1986;10;10;0;0;3.5;3.5;1.76;1.75;0.55;0.58;341.91;369.28;95.23;25.91;0;0;6.84;5.41;4.22
1986;10;11;0;0;2.9;2.9;1.6;1.6;0.5;0.53;339.9;367.31;94.7;25.36;0;0;6.5;5.06;4.14
1986;10;12;0.02;0.02;2.8;2.8;1.58;1.58;0.26;0.26;338.14;365.63;94.18;24.82;0;0;3.85;2.5;3.98
1986;10;13;0.02;0.02;2.3;2.3;1.44;1.44;0.03;0;336.63;364.22;93.67;24.3;0;0;3.35;2.07;3.64
1986;10;14;0;0;2.2;2.2;1.41;1.41;0.23;0.23;334.91;362.57;93.18;23.8;0;0;5.08;3.91;3.88
1986;10;15;0;0;2.3;2.3;1.43;1.44;0.44;0.48;332.99;360.68;92.71;23.32;0;0;5.32;4.2;4
1986;10;16;0;0;2;2;1.34;1.34;0.42;0.45;331.11;358.83;92.25;22.86;0;0;5.02;3.96;4.06
1986;10;17;0;0;1.4;1.4;1.12;1.13;0.35;0.38;329.31;357.06;91.8;22.42;0;0;4.32;3.42;3.73
1986;10;18;0;0;0.8;0.8;0.85;0.87;0.27;0.29;327.6;355.39;91.37;22;0;0;3.48;2.81;3.49
1986;10;19;2.39;2.4;-1.1;-1.1;0;0;0;0;326.16;354;90.95;21.59;2.39;2.4;2.44;1.98;2.97
1986;10;20;9.78;9.65;-1.9;-1.9;0;0;0;0;326.16;354;89.54;20.21;12.17;12.05;1.87;1.53;2.48
1986;10;21;2.7;2.66;-6;-6;0;0;0;0;326.16;354;88.21;18.91;14.87;14.71;1.62;1.33;2.16
1986;10;22;1.3;1.25;-0.2;-0.1;0;0;0;0;326.16;354;86.95;17.69;16.17;15.96;1.51;1.23;2.28
1986;10;23;9.41;9.35;-4.5;-4.5;0;0;0;0;326.16;354;85.77;16.55;25.59;25.31;1.42;1.15;2.13
1986;10;24;0.31;0.29;-9.2;-9.2;0;0;0;0;326.16;354;84.65;15.49;25.9;25.6;1.35;1.08;1.64
1986;10;25;5.99;5.99;-5.8;-5.8;0;0;0;0;326.16;354;83.59;14.5;31.89;31.59;1.28;1.01;1.51
1986;10;26;7.85;7.76;-8.7;-8.7;0;0;0;0;326.16;354;82.58;13.56;39.74;39.35;1.21;0.94;1.39
1986;10;27;0.5;0.46;-9.5;-9.5;0;0;0;0;326.16;354;81.63;12.69;40.24;39.81;1.14;0.88;1.29
1986;10;28;0;0;-8.9;-8.8;0;0;0;0;326.16;354;80.73;11.88;40.24;39.81;1.08;0.83;1.28
1986;10;29;5.73;5.67;-5;-4.9;0;0;0;0;326.16;354;79.88;11.12;45.97;45.48;1.03;0.77;1.27
1986;10;30;0.23;0.23;-3;-3;0;0;0;0;326.16;354;79.07;10.4;46.2;45.71;0.98;0.72;1.23
1986;10;31;0.06;0.06;-5.6;-5.6;0;0;0;0;326.16;354;78.3;9.73;46.27;45.77;0.93;0.68;1.17
1986;11;1;0.53;0.53;-4.7;-4.6;0;0;0;0;326.16;354;77.57;9.11;46.8;46.3;0.88;0.63;1.12
1986;11;2;7.86;7.67;-6.8;-6.8;0;0;0;0;326.16;354;76.88;8.52;54.65;53.97;0.84;0.59;1.05
1986;11;3;0.38;0.35;-9.2;-9.2;0;0;0;0;326.16;354;76.21;7.98;55.04;54.32;0.8;0.55;0.99
1986;11;4;0;0;-13.8;-13.7;0;0;0;0;326.16;354;75.58;7.46;55.04;54.32;0.76;0.52;1.04
1986;11;5;0.02;0.02;-10.9;-10.8;0;0;0;0;326.16;354;74.99;6.99;55.06;54.34;0.72;0.49;1.28
1986;11;6;1.36;1.33;-6;-6;0;0;0;0;326.16;354;74.41;6.54;56.42;55.67;0.69;0.45;1.12
1986;11;7;0.14;0.14;-5.3;-5.3;0;0;0;0;326.16;354;73.87;6.12;56.56;55.81;0.66;0.43;1.05
1986;11;8;0;0;-5.1;-5;0;0;0;0;326.16;354;73.35;5.73;56.56;55.81;0.63;0.4;0.96
1986;11;9;0;0;-6.8;-6.8;0;0;0;0;326.16;354;72.85;5.36;56.56;55.81;0.6;0.37;0.95
1986;11;10;0;0;-7.2;-7.1;0;0;0;0;326.16;354;72.37;5.01;56.56;55.81;0.58;0.35;0.97
1986;11;11;0;0;-5.5;-5.4;0;0;0;0;326.16;354;71.91;4.69;56.56;55.81;0.55;0.33;1
1986;11;12;0;0;-6.8;-6.7;0;0;0;0;326.16;354;71.47;4.39;56.56;55.81;0.53;0.31;0.99
1986;11;13;0.03;0.03;-7.1;-7;0;0;0;0;326.16;354;71.05;4.11;56.58;55.84;0.51;0.29;0.99
1986;11;14;2.61;2.7;-5.6;-5.6;0;0;0;0;326.16;354;70.65;3.85;59.2;58.54;0.49;0.27;0.95
1986;11;15;0.26;0.28;-3.9;-3.8;0;0;0;0;326.16;354;70.26;3.6;59.46;58.82;0.47;0.25;0.93
1986;11;16;0.01;0.01;-4.8;-4.8;0;0;0;0;326.16;354;69.88;3.37;59.47;58.83;0.45;0.23;0.92
1986;11;17;0.04;0.03;-3.9;-3.9;0;0;0;0;326.16;354;69.52;3.16;59.5;58.86;0.43;0.22;0.92
1986;11;18;0.88;0.86;-5.6;-5.6;0;0;0;0;326.16;354;69.17;2.95;60.38;59.72;0.42;0.21;0.91
1986;11;19;0;0;-7.4;-7.4;0;0;0;0;326.16;354;68.83;2.77;60.38;59.72;0.4;0.19;0.96
1986;11;20;1.17;1.18;-4.7;-4.7;0;0;0;0;326.16;354;68.51;2.59;61.55;60.9;0.39;0.18;0.88
1986;11;21;8.88;9.03;-6.9;-6.9;0;0;0;0;326.16;354;68.19;2.42;70.42;69.93;0.38;0.17;0.9
1986;11;22;4.06;4.08;-8.3;-8.3;0;0;0;0;326.16;354;67.89;2.27;74.48;74.01;0.37;0.16;0.9
1986;11;23;10.59;10.63;-8;-8;0;0;0;0;326.16;354;67.59;2.12;85.07;84.64;0.35;0.15;0.83
1986;11;24;0.1;0.09;-11;-11;0;0;0;0;326.16;354;67.3;1.99;85.17;84.73;0.34;0.14;0.81
1986;11;25;0;0;-6.8;-6.8;0;0;0;0;326.16;354;67.02;1.86;85.17;84.73;0.33;0.13;0.81
1986;11;26;0.01;0.01;-4.8;-4.8;0;0;0;0;326.16;354;66.75;1.74;85.18;84.74;0.32;0.12;0.79
1986;11;27;0.65;0.59;-8.6;-8.6;0;0;0;0;326.16;354;66.48;1.63;85.83;85.33;0.32;0.11;0.78
1986;11;28;0;0;-12.9;-12.9;0;0;0;0;326.16;354;66.23;1.53;85.83;85.33;0.31;0.11;0.76
1986;11;29;0;0;-11.4;-11.4;0;0;0;0;326.16;354;65.97;1.43;85.83;85.33;0.3;0.1;0.75
1986;11;30;0;0;-7;-7;0;0;0;0;326.16;354;65.73;1.34;85.83;85.33;0.29;0.09;0.73
1986;12;1;0;0;-4.9;-4.9;0;0;0;0;326.16;354;65.49;1.26;85.83;85.33;0.28;0.09;0.72
1986;12;2;0;0;-5.9;-5.9;0;0;0;0;326.16;354;65.25;1.18;85.83;85.33;0.28;0.08;0.71
1986;12;3;0;0;-4.2;-4.2;0;0;0;0;326.16;354;65.02;1.1;85.83;85.33;0.27;0.08;0.7
1986;12;4;0;0;-3.6;-3.6;0;0;0;0;326.16;354;64.8;1.03;85.83;85.33;0.27;0.07;0.7
1986;12;5;0;0;-4;-4;0;0;0;0;326.16;354;64.58;0.97;85.83;85.33;0.26;0.07;0.69
1986;12;6;0.03;0.03;-4.9;-4.9;0;0;0;0;326.16;354;64.36;0.91;85.86;85.36;0.26;0.06;0.68
1986;12;7;0.04;0.04;-6;-6;0;0;0;0;326.16;354;64.15;0.85;85.9;85.4;0.25;0.06;0.68
1986;12;8;0;0;-5.9;-5.9;0;0;0;0;326.16;354;63.94;0.8;85.9;85.4;0.25;0.06;0.67
1986;12;9;0.04;0.04;-7.1;-7.1;0;0;0;0;326.16;354;63.73;0.75;85.93;85.44;0.24;0.05;0.66
1986;12;10;0.09;0.09;-6.6;-6.6;0;0;0;0;326.16;354;63.53;0.7;86.03;85.53;0.24;0.05;0.66
1986;12;11;0;0;-6.4;-6.4;0;0;0;0;326.16;354;63.33;0.66;86.03;85.53;0.23;0.05;0.65
1986;12;12;0;0;-7.6;-7.6;0;0;0;0;326.16;354;63.13;0.61;86.03;85.53;0.23;0.04;0.64
1986;12;13;0.02;0.02;-8.5;-8.5;0;0;0;0;326.16;354;62.94;0.58;86.05;85.55;0.23;0.04;0.64
1986;12;14;6.79;6.77;-7.7;-7.7;0;0;0;0;326.16;354;62.75;0.54;92.83;92.32;0.22;0.04;0.63
1986;12;15;1.35;1.35;-11;-11;0;0;0;0;326.16;354;62.56;0.51;94.18;93.67;0.22;0.04;0.62
1986;12;16;2.49;2.37;-11.9;-11.8;0;0;0;0;326.16;354;62.37;0.48;96.67;96.04;0.22;0.03;0.62
1986;12;17;11.08;10.9;-15.5;-15.5;0;0;0;0;326.16;354;62.19;0.45;107.76;106.94;0.22;0.03;0.62
1986;12;18;7.81;7.71;-11.9;-11.9;0;0;0;0;326.16;354;62.01;0.42;115.57;114.65;0.21;0.03;0.61
1986;12;19;18.15;17.95;-12.7;-12.7;0;0;0;0;326.16;354;61.82;0.39;133.72;132.6;0.21;0.03;0.61
1986;12;20;8.79;8.67;-18.3;-18.3;0;0;0;0;326.16;354;61.65;0.37;142.51;141.27;0.21;0.03;0.6
1986;12;21;1.49;1.43;-20.1;-20.1;0;0;0;0;326.16;354;61.47;0.35;144;142.7;0.21;0.02;0.6
1986;12;22;2.83;2.72;-22.6;-22.6;0;0;0;0;326.16;354;61.29;0.32;146.84;145.42;0.2;0.02;0.59
1986;12;23;0.4;0.37;-23.6;-23.6;0;0;0;0;326.16;354;61.12;0.31;147.23;145.79;0.2;0.02;0.58
1986;12;24;0.89;0.83;-25.6;-25.6;0;0;0;0;326.16;354;60.95;0.29;148.12;146.62;0.2;0.02;0.58
1986;12;25;0.41;0.4;-24.9;-24.9;0;0;0;0;326.16;354;60.78;0.27;148.53;147.02;0.2;0.02;0.57
1986;12;26;3.68;3.57;-15.2;-15.2;0;0;0;0;326.16;354;60.61;0.25;152.21;150.59;0.2;0.02;0.57
1986;12;27;9.14;8.96;-16.6;-16.6;0;0;0;0;326.16;354;60.44;0.24;161.35;159.55;0.19;0.02;0.57
1986;12;28;8.02;7.89;-15.5;-15.5;0;0;0;0;326.16;354;60.27;0.22;169.37;167.44;0.19;0.02;0.56
1986;12;29;2.97;2.88;-10;-10;0;0;0;0;326.16;354;60.11;0.21;172.33;170.32;0.19;0.01;0.56
1986;12;30;0.21;0.2;-8;-8;0;0;0;0;326.16;354;59.94;0.2;172.54;170.52;0.19;0.01;0.55
1986;12;31;1.78;1.68;-9.8;-9.8;0;0;0;0;326.16;354;59.78;0.19;174.32;172.2;0.19;0.01;0.55
1987;1;1;8.16;7.99;-8.3;-8.3;0;0;0;0;326.16;354;59.62;0.18;182.49;180.19;0.19;0.01;0.54
1987;1;2;7.58;7.46;-11.3;-11.3;0;0;0;0;326.16;354;59.46;0.17;190.06;187.65;0.19;0.01;0.51
1987;1;3;2.97;2.84;-15.4;-15.4;0;0;0;0;326.16;354;59.3;0.16;193.03;190.49;0.19;0.01;0.49
1987;1;4;0.57;0.54;-18.9;-18.9;0;0;0;0;326.16;354;59.14;0.15;193.6;191.03;0.18;0.01;0.46
1987;1;5;4.73;4.56;-13.3;-13.3;0;0;0;0;326.16;354;58.98;0.14;198.33;195.59;0.18;0.01;0.44
1987;1;6;8.79;8.62;-15.1;-15.1;0;0;0;0;326.16;354;58.82;0.13;207.12;204.21;0.18;0.01;0.42
1987;1;7;3.92;3.79;-19.2;-19.2;0;0;0;0;326.16;354;58.66;0.12;211.04;208;0.18;0.01;0.42
1987;1;8;0.08;0.07;-24.1;-24.1;0;0;0;0;326.16;354;58.51;0.12;211.12;208.07;0.18;0.01;0.42
1987;1;9;0.25;0.24;-22.5;-22.5;0;0;0;0;326.16;354;58.35;0.11;211.37;208.31;0.18;0.01;0.42
1987;1;10;2.1;2.12;-16.9;-16.9;0;0;0;0;326.16;354;58.2;0.11;213.47;210.43;0.18;0.01;0.43
1987;1;11;7.86;7.82;-18.3;-18.2;0;0;0;0;326.16;354;58.05;0.1;221.33;218.25;0.18;0.01;0.43
1987;1;12;0.2;0.2;-26.8;-26.8;0;0;0;0;326.16;354;57.89;0.1;221.53;218.45;0.18;0.01;0.42
1987;1;13;0.4;0.41;-23.1;-23.1;0;0;0;0;326.16;354;57.74;0.09;221.94;218.86;0.18;0.01;0.42
1987;1;14;5.85;5.98;-16.9;-16.9;0;0;0;0;326.16;354;57.59;0.08;227.79;224.84;0.17;0.01;0.41
1987;1;15;3.86;3.97;-13.6;-13.5;0;0;0;0;326.16;354;57.44;0.08;231.65;228.81;0.17;0.01;0.41
1987;1;16;0.76;0.78;-16;-16;0;0;0;0;326.16;354;57.29;0.08;232.41;229.59;0.17;0.01;0.4
1987;1;17;0;0;-18.6;-18.6;0;0;0;0;326.16;354;57.14;0.07;232.41;229.59;0.17;0.01;0.4
1987;1;18;0.19;0.2;-13.6;-13.6;0;0;0;0;326.16;354;56.99;0.07;232.6;229.78;0.17;0;0.4
1987;1;19;0.18;0.18;-12.3;-12.3;0;0;0;0;326.16;354;56.84;0.07;232.78;229.97;0.17;0;0.4
1987;1;20;0.01;0.01;-13.9;-13.9;0;0;0;0;326.16;354;56.69;0.06;232.79;229.97;0.17;0;0.4
1987;1;21;0;0;-15.5;-15.5;0;0;0;0;326.16;354;56.55;0.06;232.79;229.97;0.17;0;0.4
1987;1;22;0;0;-13.3;-13.3;0;0;0;0;326.16;354;56.4;0.06;232.79;229.97;0.17;0;0.4
1987;1;23;0.77;0.72;-12.3;-12.3;0;0;0;0;326.16;354;56.25;0.06;233.56;230.69;0.17;0;0.4
1987;1;24;1.48;1.39;-11;-11;0;0;0;0;326.16;354;56.1;0.05;235.04;232.09;0.17;0;0.4
1987;1;25;0;0;-12.8;-12.8;0;0;0;0;326.16;354;55.96;0.05;235.04;232.09;0.17;0;0.4
1987;1;26;0.33;0.32;-12.3;-12.3;0;0;0;0;326.16;354;55.81;0.05;235.37;232.41;0.17;0;0.4
1987;1;27;0.05;0.05;-13.3;-13.3;0;0;0;0;326.16;354;55.67;0.05;235.42;232.46;0.17;0;0.4
1987;1;28;1.58;1.53;-11.8;-11.8;0;0;0;0;326.16;354;55.53;0.04;237;233.99;0.17;0;0.4
1987;1;29;0.3;0.29;-13.9;-13.8;0;0;0;0;326.16;354;55.38;0.04;237.3;234.28;0.16;0;0.4
1987;1;30;0;0;-16.2;-16.2;0;0;0;0;326.16;354;55.24;0.04;237.3;234.28;0.16;0;0.4
1987;1;31;0;0;-14.4;-14.4;0;0;0;0;326.16;354;55.1;0.04;237.3;234.28;0.16;0;0.4
1987;2;1;0;0;-15.1;-15.1;0;0;0;0;326.16;354;54.95;0.04;237.3;234.27;0.16;0;0.4
1987;2;2;0;0;-13.8;-13.8;0;0;0;0;326.16;354;54.81;0.04;237.3;234.27;0.16;0;0.38
1987;2;3;0;0;-11.6;-11.6;0;0;0;0;326.16;354;54.67;0.04;237.3;234.27;0.16;0;0.37
1987;2;4;0;0;-10.6;-10.6;0;0;0;0;326.16;354;54.53;0.04;237.3;234.27;0.16;0;0.36
1987;2;5;0;0;-10.9;-10.9;0;0;0;0;326.16;354;54.39;0.03;237.3;234.27;0.16;0;0.34
1987;2;6;0;0;-11.6;-11.6;0;0;0;0;326.16;354;54.25;0.03;237.3;234.27;0.16;0;0.34
1987;2;7;3.99;3.87;-8.8;-8.8;0;0;0;0;326.16;354;54.11;0.03;241.29;238.14;0.16;0;0.34
1987;2;8;2;1.95;-9.5;-9.5;0;0;0;0;326.16;354;53.97;0.03;243.29;240.09;0.16;0;0.34
1987;2;9;0.1;0.1;-8.3;-8.3;0;0;0;0;326.16;354;53.83;0.03;243.39;240.19;0.16;0;0.34
1987;2;10;0.28;0.29;-8.2;-8.2;0;0;0;0;326.16;354;53.7;0.03;243.66;240.48;0.16;0;0.34
1987;2;11;4.09;4.24;-9;-9;0;0;0;0;326.16;354;53.56;0.03;247.75;244.72;0.16;0;0.34
1987;2;12;3.22;3.34;-8;-8;0;0;0;0;326.16;354;53.42;0.03;250.97;248.06;0.16;0;0.34
1987;2;13;2.06;2.13;-6.5;-6.5;0;0;0;0;326.16;354;53.28;0.03;253.03;250.19;0.16;0;0.34
1987;2;14;1.64;1.64;-6.8;-6.8;0;0;0;0;326.16;354;53.15;0.03;254.67;251.83;0.16;0;0.34
1987;2;15;12.08;11.98;-7.8;-7.8;0;0;0;0;326.16;354;53.01;0.03;266.75;263.81;0.16;0;0.34
1987;2;16;3.85;3.86;-9.4;-9.4;0;0;0;0;326.16;354;52.87;0.03;270.6;267.67;0.16;0;0.34
1987;2;17;5.56;5.65;-10.3;-10.3;0;0;0;0;326.16;354;52.74;0.03;276.16;273.32;0.16;0;0.34
1987;2;18;6.45;6.57;-12.1;-12.1;0;0;0;0;326.16;354;52.6;0.02;282.61;279.89;0.16;0;0.34
1987;2;19;10.64;10.8;-11.4;-11.4;0;0;0;0;326.16;354;52.47;0.02;293.25;290.69;0.15;0;0.34
1987;2;20;4.09;4.13;-10;-10;0;0;0;0;326.16;354;52.33;0.02;297.34;294.82;0.15;0;0.34
1987;2;21;3.31;3.34;-12.1;-12.1;0;0;0;0;326.16;354;52.2;0.02;300.65;298.16;0.15;0;0.34
1987;2;22;0.36;0.34;-15.6;-15.6;0;0;0;0;326.16;354;52.06;0.02;301.01;298.5;0.15;0;0.34
1987;2;23;0.44;0.41;-14.1;-14.1;0;0;0;0;326.16;354;51.93;0.02;301.44;298.91;0.15;0;0.34
1987;2;24;0;0;-13.8;-13.8;0;0;0;0;326.16;354;51.8;0.02;301.44;298.91;0.15;0;0.34
1987;2;25;0;0;-12.6;-12.6;0;0;0;0;326.16;354;51.66;0.02;301.44;298.91;0.15;0;0.34
1987;2;26;2.86;2.79;-10.3;-10.3;0;0;0;0;326.16;354;51.53;0.02;304.3;301.7;0.15;0;0.34
1987;2;27;5.67;5.56;-8.3;-8.3;0;0;0;0;326.16;354;51.4;0.02;309.98;307.26;0.15;0;0.34
1987;2;28;24.02;23.87;-8.3;-8.3;0;0;0;0;326.16;354;51.27;0.02;333.99;331.13;0.15;0;0.34
1987;3;1;7.38;7.04;-8.2;-8.2;0;0;0;0;326.16;354;51.14;0.02;341.37;338.17;0.15;0;0.34
1987;3;2;20.14;19.95;-7.2;-7.2;0;0;0;0;326.16;354;51.01;0.02;361.51;358.12;0.15;0;0.34
1987;3;3;3.48;3.32;-13.8;-13.8;0;0;0;0;326.16;354;50.88;0.02;364.99;361.44;0.15;0;0.34
1987;3;4;1.13;1.11;-18.1;-18.1;0;0;0;0;326.16;354;50.74;0.02;366.12;362.55;0.15;0;0.33
1987;3;5;1.64;1.6;-18.3;-18.3;0;0;0;0;326.16;354;50.61;0.02;367.76;364.15;0.15;0;0.33
1987;3;6;0.2;0.19;-21.8;-21.8;0;0;0;0;326.16;354;50.48;0.02;367.96;364.34;0.15;0;0.33
1987;3;7;0.03;0.03;-20.6;-20.6;0;0;0;0;326.16;354;50.35;0.02;367.99;364.37;0.15;0;0.33
1987;3;8;0;0;-15.4;-15.4;0;0;0;0;326.16;354;50.23;0.02;367.99;364.37;0.15;0;0.33
1987;3;9;0;0;-15.8;-15.8;0;0;0;0;326.16;354;50.1;0.02;367.99;364.37;0.15;0;0.33
1987;3;10;0;0;-13.8;-13.8;0;0;0;0;326.16;354;49.97;0.02;367.99;364.37;0.15;0;0.33
1987;3;11;0.01;0.01;-16;-16;0;0;0;0;326.16;354;49.84;0.02;368;364.38;0.15;0;0.33
1987;3;12;0;0;-15.9;-15.9;0;0;0;0;326.16;354;49.71;0.02;368;364.38;0.15;0;0.33
1987;3;13;0.11;0.11;-15.7;-15.7;0;0;0;0;326.16;354;49.59;0.02;368.11;364.49;0.15;0;0.33
1987;3;14;0.6;0.59;-15.3;-15.2;0;0;0;0;326.16;354;49.46;0.02;368.71;365.08;0.15;0;0.33
1987;3;15;0.05;0.04;-15.8;-15.8;0;0;0;0;326.16;354;49.33;0.02;368.75;365.12;0.15;0;0.33
1987;3;16;7.21;7.07;-18.5;-18.5;0;0;0;0;326.16;354;49.21;0.02;375.96;372.19;0.14;0;0.33
1987;3;17;1.81;1.75;-16.5;-16.5;0;0;0;0;326.16;354;49.08;0.02;377.77;373.94;0.14;0;0.33
1987;3;18;0.36;0.37;-12;-12;0;0;0;0;326.16;354;48.95;0.02;378.14;374.31;0.14;0;0.33
1987;3;19;4.21;4.24;-12.3;-12.3;0;0;0;0;326.16;354;48.83;0.02;382.34;378.55;0.14;0;0.33
1987;3;20;4.7;4.69;-16.4;-16.4;0;0;0;0;326.16;354;48.7;0.02;387.05;383.24;0.14;0;0.33
1987;3;21;0;0;-18;-18;0;0;0;0;326.16;354;48.58;0.02;387.05;383.24;0.14;0;0.33
1987;3;22;1.82;1.8;-14.1;-14.1;0;0;0;0;326.16;354;48.46;0.02;388.87;385.04;0.14;0;0.33
1987;3;23;0.3;0.29;-13.3;-13.3;0;0;0;0;326.16;354;48.33;0.02;389.17;385.33;0.14;0;0.33
1987;3;24;0.43;0.42;-7.9;-7.9;0;0;0;0;326.16;354;48.21;0.02;389.61;385.75;0.14;0;0.33
1987;3;25;0.4;0.41;-6.1;-6.1;0;0;0;0;326.16;354;48.08;0.02;390.01;386.16;0.14;0;0.33
1987;3;26;4.07;4.11;-5.1;-5.1;0;0;0;0;326.16;354;47.96;0.02;394.08;390.27;0.14;0;0.34
1987;3;27;0.69;0.72;-3.9;-3.9;0;0;0;0;326.16;354;47.84;0.02;394.76;390.99;0.14;0;0.34
1987;3;28;21.06;21.15;-4.9;-4.9;0;0;0;0;326.16;354;47.72;0.02;415.82;412.14;0.14;0;0.34
1987;3;29;5.19;5.03;-11.1;-11;0;0;0;0;326.16;354;47.59;0.02;421.01;417.17;0.14;0;0.34
1987;3;30;1.84;1.71;-14.1;-14.1;0;0;0;0;326.16;354;47.47;0.02;422.85;418.88;0.14;0;0.34
1987;3;31;1.11;1.04;-14.7;-14.7;0;0;0;0;326.16;354;47.35;0.02;423.95;419.92;0.14;0;0.34
1987;4;1;0.8;0.79;-12.7;-12.7;0;0;0;0;326.16;354;47.23;0.02;424.75;420.71;0.14;0;0.34
1987;4;2;0.06;0.07;-11;-11;0;0;0;0;326.16;354;47.11;0.02;424.81;420.78;0.14;0;0.34
1987;4;3;5.04;5.22;-8.9;-8.9;0;0;0;0;326.16;354;46.99;0.02;429.85;426;0.14;0;0.34
1987;4;4;27.45;27.92;-6;-6;0;0;0;0;326.16;354;46.87;0.02;457.3;453.92;0.14;0;0.34
1987;4;5;4.28;4.27;-7.5;-7.5;0;0;0;0;326.16;354;46.75;0.02;461.58;458.19;0.14;0;0.37
1987;4;6;0.91;0.91;-7.2;-7.2;0;0;0;0;326.16;354;46.63;0.02;462.49;459.1;0.14;0;0.41
1987;4;7;0;0;-5.4;-5.4;0;0;0;0;326.16;354;46.51;0.02;462.49;459.1;0.14;0;0.43
1987;4;8;3.23;3.3;-3.6;-3.6;0;0;0;0;326.16;354;46.39;0.02;465.72;462.4;0.14;0;0.45
1987;4;9;6.78;6.81;-2.9;-2.9;0;0;0;0;326.16;354;46.27;0.02;472.5;469.21;0.14;0;0.42
1987;4;10;19.74;19.36;-4.8;-4.8;0;0;0;0;326.16;354;46.15;0.02;492.24;488.57;0.14;0;0.42
1987;4;11;0.51;0.47;-6.6;-6.6;0;0;0;0;326.16;354;46.03;0.02;492.75;489.04;0.14;0;0.42
1987;4;12;5.66;5.66;-8.7;-8.6;0;0;0;0;326.16;354;45.92;0.02;498.42;494.7;0.14;0;0.46
1987;4;13;4.27;4.23;-10.1;-10;0;0;0;0;326.16;354;45.8;0.02;502.68;498.93;0.13;0;0.44
1987;4;14;0.1;0.09;-8.3;-8.3;0;0;0;0;326.16;354;45.68;0.02;502.79;499.02;0.13;0;0.4
1987;4;15;0.21;0.19;-7.7;-7.7;0;0;0;0;326.16;354;45.56;0.02;503;499.21;0.13;0;0.42
1987;4;16;0;0;-5.4;-5.4;0;0;0;0;326.16;354;45.45;0.02;503;499.21;0.13;0;0.46
1987;4;17;0;0;-3.4;-3.4;0;0;0;0;326.16;354;45.33;0.02;503;499.21;0.13;0;0.54
1987;4;18;0;0;-1.1;-1.1;0;0;0;0;326.16;354;45.22;0.02;503;499.21;0.13;0;0.72
1987;4;19;0.08;0.08;-1.2;-1.2;0;0;0;0;326.16;354;45.1;0.02;503.08;499.29;0.13;0;0.87
1987;4;20;5.03;4.98;-2.5;-2.5;0;0;0;0;326.16;354;44.98;0.02;508.11;504.27;0.13;0;0.78
1987;4;21;2.79;2.63;-7.2;-7.2;0;0;0;0;326.16;354;44.87;0.02;510.91;506.9;0.13;0;0.6
1987;4;22;0;0;-6.9;-6.9;0;0;0;0;326.16;354;44.76;0.02;510.91;506.9;0.13;0;0.61
1987;4;23;0;0;-3.5;-3.5;0;0;0;0;326.16;354;44.64;0.02;510.91;506.9;0.13;0;0.77
1987;4;24;0;0;-1.9;-1.9;0;0;0;0;326.16;354;44.53;0.02;510.91;506.9;0.13;0;1.05
1987;4;25;0.02;0.02;-1;-1;0;0;0;0;326.16;354;44.41;0.02;510.93;506.92;0.13;0;1.31
1987;4;26;2.96;2.88;-2;-2;0;0;0;0;326.16;354;44.3;0.02;513.89;509.8;0.13;0;1.1
1987;4;27;1.17;1.1;-2.6;-2.6;0;0;0;0;326.16;354;44.19;0.02;515.05;510.9;0.13;0;0.85
1987;4;28;0;0;-0.8;-0.8;0;0;0;0;326.16;354;44.07;0.02;515.05;510.9;0.13;0;1.09
1987;4;29;0;0;2.3;2.3;1.76;1.76;0.28;0.27;327.35;355.34;43.96;0.02;512.25;507.76;0.13;0;1.76
1987;4;30;0.32;0.26;1.8;1.8;1.55;1.57;0.24;0.24;328.01;356.34;44.97;1.28;507.8;502.66;0.93;0.8;1.74
1987;5;1;0.75;0.76;1;1;1.34;1.36;0.2;0.2;327.89;356.43;45.94;2.5;505.52;500.02;1.61;1.47;2.11
1987;5;2;0.57;0.58;-0.1;-0.1;0;0;0;0;326.46;355.05;46.88;3.67;506.09;500.6;1.37;1.21;2.74
1987;5;3;31.41;31.72;-2.4;-2.4;0;0;0;0;326.46;355.05;46.56;3.44;537.5;532.32;0.7;0.53;2.61
1987;5;4;20.34;20.25;-7.2;-7.2;0;0;0;0;326.46;355.05;46.26;3.22;557.84;552.57;0.41;0.25;1.6
1987;5;5;5.04;4.97;-5.9;-5.9;0;0;0;0;326.46;355.05;45.97;3.01;562.88;557.54;0.36;0.21;1.17
1987;5;6;4.28;4.09;-4.5;-4.5;0;0;0;0;326.46;355.05;45.68;2.82;567.15;561.63;0.34;0.2;1.01
1987;5;7;1.18;1.07;-6.4;-6.4;0;0;0;0;326.46;355.05;45.41;2.64;568.33;562.7;0.33;0.18;0.96
1987;5;8;0.08;0.07;-3.9;-3.9;0;0;0;0;326.46;355.05;45.16;2.47;568.41;562.77;0.32;0.17;0.95
1987;5;9;0;0;-2.6;-2.6;0;0;0;0;326.46;355.05;44.91;2.31;568.4;562.77;0.31;0.16;1.04
1987;5;10;2.24;2.04;-1.9;-1.9;0;0;0;0;326.46;355.05;44.67;2.17;570.65;564.81;0.3;0.15;1.41
1987;5;11;2.44;2.35;-2.5;-2.5;0;0;0;0;326.46;355.05;44.44;2.03;573.09;567.16;0.29;0.14;1.8
1987;5;12;5.19;5.37;-2.5;-2.5;0;0;0;0;326.46;355.05;44.21;1.9;578.27;572.53;0.28;0.13;1.65
1987;5;13;33.86;33.92;-5.6;-5.6;0;0;0;0;326.46;355.05;44;1.78;612.13;606.45;0.27;0.12;1.37
1987;5;14;0.29;0.28;-7.3;-7.3;0;0;0;0;326.46;355.05;43.79;1.67;612.42;606.73;0.26;0.12;1.07
1987;5;15;1.31;1.35;-5.4;-5.4;0;0;0;0;326.46;355.05;43.59;1.56;613.73;608.08;0.25;0.11;1
1987;5;16;9.49;9.46;-6.4;-6.4;0;0;0;0;326.46;355.05;43.39;1.46;623.22;617.54;0.24;0.1;0.92
1987;5;17;1.93;2;-4.7;-4.7;0;0;0;0;326.46;355.05;43.2;1.37;625.15;619.54;0.23;0.1;0.89
1987;5;18;3.08;3.19;-2.7;-2.7;0;0;0;0;326.46;355.05;43.02;1.28;628.23;622.73;0.23;0.09;0.98
1987;5;19;8.15;8.07;-2.4;-2.4;0;0;0;0;326.46;355.05;42.84;1.2;636.39;630.8;0.22;0.08;1.06
1987;5;20;6.84;6.62;-3.4;-3.4;0;0;0;0;326.46;355.05;42.67;1.13;643.23;637.42;0.21;0.08;1.08
1987;5;21;3.1;2.96;-8.2;-8.1;0;0;0;0;326.46;355.05;42.5;1.05;646.33;640.38;0.21;0.07;1.01
1987;5;22;0.61;0.56;-7.8;-7.8;0;0;0;0;326.46;355.05;42.33;0.99;646.94;640.93;0.2;0.07;0.96
1987;5;23;0;0;-4.6;-4.6;0;0;0;0;326.46;355.05;42.17;0.93;646.94;640.93;0.2;0.06;1
1987;5;24;0.06;0.06;-2.2;-2.2;0;0;0;0;326.46;355.05;42.02;0.87;647;641;0.19;0.06;1.21
1987;5;25;1.75;1.74;-2.8;-2.8;0;0;0;0;326.46;355.05;41.86;0.82;648.74;642.74;0.19;0.06;1.3
1987;5;26;0;0;-0.7;-0.7;0;0;0;0;326.46;355.05;41.71;0.76;648.74;642.74;0.18;0.05;1.5
1987;5;27;7.62;7.61;-0.4;-0.4;0;0;0;0;326.46;355.05;41.56;0.72;656.36;650.35;0.18;0.05;1.68
1987;5;28;0.67;0.61;-1.5;-1.5;0;0;0;0;326.46;355.05;41.42;0.67;657.03;650.96;0.17;0.05;1.53
1987;5;29;3.39;3.32;-1.9;-1.9;0;0;0;0;326.46;355.05;41.28;0.63;660.42;654.27;0.17;0.04;1.82
1987;5;30;0.11;0.1;-2.1;-2.1;0;0;0;0;326.46;355.05;41.14;0.59;660.53;654.38;0.17;0.04;1.95
1987;5;31;4.67;4.58;-0.7;-0.7;0;0;0;0;326.46;355.05;41;0.56;665.2;658.96;0.16;0.04;2.52
1987;6;1;1.58;1.47;-1.4;-1.4;0;0;0;0;326.46;355.05;40.87;0.52;666.78;660.42;0.16;0.04;2.65
1987;6;2;0;0;-1;-1;0;0;0;0;326.46;355.05;40.74;0.49;666.78;660.42;0.16;0.03;2.63
1987;6;3;3.25;3.3;-0.2;-0.1;0;0;0;0;326.46;355.05;40.61;0.46;670.03;663.72;0.16;0.03;2.61
1987;6;4;21.18;21.3;-1.5;-1.4;0;0;0;0;326.46;355.05;40.48;0.43;691.21;685.02;0.15;0.03;2.74
1987;6;5;0.95;0.9;-1.6;-1.6;0;0;0;0;326.46;355.05;40.36;0.4;692.16;685.92;0.15;0.03;2.26
1987;6;6;0.02;0.02;1.4;1.5;1.6;1.67;0.25;0.26;326.81;355.45;40.23;0.38;691.16;684.82;0.15;0.03;2.47
1987;6;7;1.16;1.2;2;2.1;1.94;1.97;0.28;0.28;327.15;355.83;41.48;1.91;688.68;681.95;0.54;0.42;3.62
1987;6;8;23.74;24.01;1.2;1.2;1.48;1.5;0;0;326.88;355.76;42.62;3.3;709.91;703.11;1.3;1.18;7.53
1987;6;9;10.02;10.27;-0.9;-0.9;0;0;0;0;325.66;354.38;43.64;4.57;719.93;713.38;1.24;1.12;4.01
1987;6;10;1.48;1.53;-1.4;-1.4;0;0;0;0;325.66;354.38;43.28;4.28;721.41;714.91;0.67;0.55;3.3
1987;6;11;0.06;0.06;0.1;0.2;0.56;0.64;0.09;0.1;325.66;354.38;42.94;4.01;721.38;714.87;0.43;0.3;3.07
1987;6;12;1.35;1.39;1.8;1.9;1.85;1.87;0.27;0.26;326.23;355.25;44.06;5.36;718.2;711.18;0.95;0.83;4.3
1987;6;13;0.24;0.27;2.9;3;2.31;2.33;0.36;0.35;328.77;358.35;45.11;6.64;709.56;701.45;2.52;2.38;6.33
1987;6;14;1.5;1.58;3.2;3.3;2.41;2.44;0.35;0.34;333.3;363.52;46.26;8;697.78;688.24;4.21;4.04;10.46
1987;6;15;18.44;18.55;1.8;1.8;1.81;1.83;0;0;335.27;365.25;47.53;9.5;709.11;699.64;4.41;4.22;13.62
1987;6;16;6.77;6.73;-3.5;-3.5;0;0;0;0;334.02;363.83;48.75;10.99;715.88;706.37;3.01;2.81;9.58
1987;6;17;2.45;2.42;-4.2;-4.2;0;0;0;0;334.02;363.83;48.02;10.29;718.33;708.79;1.51;1.33;5.32
1987;6;18;8.61;8.46;-3.7;-3.6;0;0;0;0;334.02;363.83;47.34;9.63;726.94;717.25;0.88;0.73;3.89
1987;6;19;5.4;5.49;-2.8;-2.8;0;0;0;0;334.02;363.83;46.7;9.01;732.34;722.74;0.78;0.63;2.94
1987;6;20;5.48;5.49;-1.4;-1.4;0;0;0;0;334.02;363.83;46.09;8.43;737.82;728.23;0.74;0.59;3.02
1987;6;21;1.16;1.06;-0.8;-0.8;0;0;0;0;334.02;363.83;45.51;7.89;738.98;729.28;0.7;0.55;2.82
1987;6;22;0.69;0.64;-1;-1;0;0;0;0;334.02;363.83;44.97;7.39;739.67;729.92;0.66;0.51;2.45
1987;6;23;1.16;1.1;-0.2;-0.1;0;0;0;0;334.02;363.83;44.45;6.91;740.83;731.02;0.63;0.48;2.9
1987;6;24;4.15;3.98;0.9;1;1.33;1.38;0.13;0.13;334.36;364.21;43.96;6.47;744.08;734;0.59;0.45;5.04
1987;6;25;1.32;1.24;2.8;2.9;2.28;2.29;0.27;0.26;333.98;364.01;45.6;8.37;742.66;732.2;0.9;0.76;8.41
1987;6;26;21.08;21.1;2.6;2.7;2.19;2.22;0;0;339.51;369.75;47.07;10.08;748.48;736.96;3.41;3.25;6.81
1987;6;27;2.47;2.44;2;2.1;1.94;1.97;0.22;0.21;341.15;371.11;48.56;11.79;744.04;732.54;4.46;4.26;6.63
1987;6;28;0;0;6.4;6.4;3.34;3.35;0.44;0.41;352.64;380.88;50.19;13.65;715.87;705.14;6.81;6.51;7.36
1987;6;29;0.17;0.17;9.4;9.4;4.03;4.03;0.52;0.49;370.98;396.59;52.32;16.02;669.66;660.15;12.36;11.86;10.5
1987;6;30;2.06;1.92;10.3;10.3;4.2;4.21;0.38;0.34;388.23;410.81;55.31;19.3;622.04;614.52;17.6;16.76;13.94
1987;7;1;5.94;5.57;8.5;8.6;3.88;3.89;0.25;0.24;400.48;420.38;59.23;23.48;585.98;580.76;19.97;18.73;16.99
1987;7;2;10.99;10.9;7.7;7.7;3.68;3.69;0.13;0.12;411.62;429.36;63.91;28.39;552.55;549.49;21.62;19.99;17.54
1987;7;3;9.96;9.91;6.6;6.6;3.42;3.42;0.14;0.13;419.72;435.89;69.21;33.83;523.35;522.13;22.73;20.79;19.31
1987;7;4;8.88;8.96;6.7;6.7;3.45;3.45;0.17;0.15;426.7;441.48;74.94;39.6;493.18;493.93;23.43;21.27;19.13
1987;7;5;0.19;0.21;7.3;7.4;3.6;3.62;0.27;0.22;430.85;444.48;80.86;45.45;464.04;467.21;22.46;20.13;18.65
1987;7;6;0.94;0.99;8.1;8.1;3.78;3.78;0.27;0.22;434.54;446.69;86.72;51.08;437.1;444.18;20.79;18.3;18.4
1987;7;7;7.24;7.07;8;8;3.75;3.75;0.16;0.13;438.97;449.68;92.41;56.39;410.15;421.07;21.53;18.78;20.13
1987;7;8;10.25;10.41;7;7;3.52;3.52;0.11;0.08;442.69;452.42;98.06;61.48;386.46;400.64;23.4;20.35;22.42
1987;7;9;10.74;10.53;4.2;4.3;2.77;2.79;0.07;0.06;444.47;453.8;103.62;66.34;372.1;388;23.06;19.92;20.78
1987;7;10;0;0;5.4;5.5;3.12;3.14;0.24;0.19;445.12;454.11;108.87;70.77;353.73;371.96;20.5;17.49;15.48
1987;7;11;0.49;0.53;7.5;7.5;3.64;3.64;0.27;0.22;446.98;455.21;113.68;74.66;328.12;350.05;19.93;16.98;15.89
1987;7;12;3.47;3.64;7.4;7.4;3.62;3.62;0.22;0.17;449.01;456.6;118.21;78.15;302.69;328.3;21.6;18.46;17.92
1987;7;13;2.1;2.21;6.9;6.9;3.49;3.5;0.22;0.19;450.22;457.5;122.58;81.38;279.75;308;22.39;19.09;20.57
1987;7;14;1.77;1.88;7.5;7.5;3.64;3.64;0.13;0.1;451.2;458.37;126.79;84.37;256.98;287.04;22.4;19.14;21.64
1987;7;15;5.9;5.95;7.8;7.8;3.7;3.71;0.08;0.07;451.28;458.56;130.75;87.07;244.36;275.49;21.31;18.25;22.02
1987;7;16;6.33;6.51;7;7;3.52;3.52;0.06;0.07;451;458.67;134.34;89.4;234.16;265.11;19.87;17.16;23.65
1987;7;17;3.58;3.71;6;6;3.27;3.27;0.14;0.08;449.93;458.29;137.45;91.29;226.31;256.22;18.93;15.7;21.64
1987;7;18;28.54;28.7;7;7;3.52;3.52;0;0;452.34;460.98;140.32;93.03;216.82;245.49;24.36;20.19;33.05
1987;7;19;25.2;25.51;5.6;5.6;3.16;3.17;0;0;453.77;462.7;143.4;95.08;209.28;236.94;29.14;24.82;48.92
1987;7;20;1.86;1.77;5.1;5.2;3.04;3.06;0.21;0.08;452.21;461.81;146.53;97.28;202.47;229.24;24.89;20.95;24.54
1987;7;21;12.38;12.31;3.5;3.6;2.55;2.56;0.05;0.02;451.68;461.62;149.26;99.13;199.19;225.52;20.58;17.27;18.48
1987;7;22;5;4.67;4.2;4.2;2.76;2.76;0.13;0.06;450.46;460.85;151.44;100.44;194.21;219.88;18.6;15.61;12.76
1987;7;23;2.88;2.95;5.7;5.7;3.19;3.19;0.21;0.08;449.11;460.17;153.06;101.22;187.28;212.03;17.6;14.4;12.74
1987;7;24;5.8;5.81;6.5;6.5;3.4;3.4;0.17;0.07;448.32;459.96;154.2;101.56;179.23;202.92;18.28;14.81;21.22
1987;7;25;12.32;12.37;5.2;5.2;3.05;3.06;0.06;0.02;448.31;460.29;155.1;101.71;172.66;195.49;19.99;16.6;20.16
1987;7;26;5.81;5.68;0.7;0.7;1.17;1.17;0.07;0.05;446.4;458.77;155.76;101.66;175.81;198.56;16.77;14.51;13.56
1987;7;27;6.67;6.53;1.2;1.2;1.51;1.52;0.07;0.06;444.72;457.39;155.97;101.16;178.62;201.45;12.48;11.23;9.56
1987;7;28;3.58;3.52;2;2;1.94;1.94;0.06;0.05;443.32;456.14;155.69;100.17;177.03;200.38;11.32;10.2;8.92
1987;7;29;0.47;0.48;4.5;4.5;2.85;2.85;0.08;0.08;441.73;455.03;155.02;98.79;172.57;195.38;11.19;10.12;9.95
1987;7;30;13.83;13.84;4.6;4.6;2.88;2.88;0.03;0.02;442.21;455.7;154.24;97.33;167.62;189.78;14.55;12.79;10.58
1987;7;31;1.54;1.49;2.8;2.8;2.26;2.27;0.1;0.06;440.51;454.45;153.51;95.94;165.18;187.01;14.59;12.83;9.96
1987;8;1;3.34;3.24;3.6;3.6;2.35;2.35;0.09;0.06;439.22;453.56;152.71;94.52;161.97;183.38;12.57;10.96;9.55
1987;8;2;3.36;3.21;4;4;2.47;2.47;0.14;0.06;438.06;452.82;151.79;93.01;157.84;178.71;12.8;10.71;10.1
1987;8;3;0.99;0.92;6.7;6.7;3.17;3.17;0.21;0.09;436.91;452.27;150.82;91.47;150.6;170.5;13.53;10.93;15.93
1987;8;4;2.85;2.88;4.7;4.7;2.66;2.67;0.16;0.07;435.85;451.72;149.85;89.97;145.28;164.49;13.87;11.16;12.3
1987;8;5;4.64;4.49;-1.1;-1.1;0;0;0;0;433.72;449.96;148.81;88.42;149.92;168.98;11.1;9.44;6.86
1987;8;6;0.67;0.69;-0.8;-0.8;0;0;0;0;431.61;448.22;147.56;86.67;150.59;169.67;8.18;7.35;6.11
1987;8;7;6.93;6.95;2.2;2.2;1.86;1.86;0.07;0.07;431.12;447.63;146.14;84.76;149.23;168.91;8.77;8;6.39
1987;8;8;3.32;3.42;3.1;3.1;2.18;2.19;0.05;0.05;429.96;446.8;144.72;82.85;146.93;166.35;9.75;8.92;6.44
1987;8;9;5.59;5.65;3.4;3.4;2.28;2.29;0.07;0.05;429.24;446.38;143.37;81.04;144.5;163.6;10.65;9.34;6.63
1987;8;10;0.37;0.36;2.7;2.7;2.05;2.05;0.1;0.06;427.55;445.11;142.09;79.31;142.15;160.94;10.07;8.8;7.43
1987;8;11;0.04;0.04;4.4;4.4;2.58;2.59;0.12;0.08;426.13;444.18;140.81;77.6;137.8;156.01;9.4;8.01;8.29
1987;8;12;0.22;0.2;4;4;2.47;2.47;0.16;0.08;424.72;443.27;139.51;75.91;133.59;151.24;9.87;7.99;7.21
1987;8;13;1.32;1.26;4.5;4.5;2.62;2.62;0.16;0.07;423.69;442.7;138.25;74.27;128.62;145.63;10.26;8.27;8.26
1987;8;14;3.51;3.44;6.6;6.6;3.14;3.14;0.16;0.08;423.59;443.03;137.12;72.78;121.09;137.1;11.88;9.46;11.56
1987;8;15;2.44;2.49;5.8;5.8;2.95;2.96;0.17;0.08;423.1;443.03;136.19;71.55;114.29;129.4;12.93;10.22;22.76
1987;8;16;0;0;6.3;6.3;3.09;3.07;0.2;0.09;422.23;442.75;135.44;70.53;106.78;120.9;12.69;9.84;15.85
1987;8;17;0.32;0.33;10;10;3.83;3.83;0.24;0.12;422.2;443.41;134.88;69.73;94.69;107.21;13.89;10.39;18.29
1987;8;18;10.04;10.11;7.2;7.3;3.29;3.3;0.09;0.04;423.73;445.13;134.6;69.27;85.62;96.94;16.31;12.66;15.76
1987;8;19;0.13;0.12;7;7;3.23;3.23;0.2;0.1;423.04;445.01;134.63;69.16;76.95;87.12;15.64;12.38;16.84
1987;8;20;0.01;0.01;7.8;7.8;3.4;3.4;0.21;0.1;422.5;445.06;134.78;69.19;67.22;76.11;14.37;11.08;17.76
1987;8;21;0;0;8.9;8.9;3.62;3.63;0.22;0.11;422.19;445.38;134.99;69.29;56.06;63.47;14.61;11.03;18.18
1987;8;22;0.25;0.27;8.8;8.8;3.61;3.61;0.22;0.11;421.91;445.71;135.23;69.46;44.97;50.91;15.18;11.37;17.81
1987;8;23;5.98;6.1;7.7;7.7;3.39;3.38;0.14;0.07;422.61;446.74;135.58;69.75;35.15;39.79;16.13;12.44;24.75
1987;8;24;12.42;12.84;5.8;5.7;2.96;2.93;0.07;0.02;424.09;448.32;136.13;70.26;27.79;31.47;17.61;14.25;42.94
1987;8;25;22.98;23.01;3.7;3.7;2.38;2.38;0;0;427.03;450.55;137.02;71.15;24.93;28.22;19.36;16.61;81.16
1987;8;26;1.14;1.17;1.9;1.9;1.75;1.73;0.07;0.05;425.38;449.17;138.09;72.22;23.6;26.71;15.34;13.71;37.63
1987;8;27;6.32;6.32;3.1;3.1;2.2;2.19;0.06;0.04;424.81;448.63;138.97;73.05;21.97;24.87;11.77;10.33;19.79
1987;8;28;1.13;1.11;2.3;2.3;1.9;1.9;0.08;0.05;423.25;447.32;139.51;73.5;20.33;23.02;10.25;8.94;14.29
1987;8;29;0;0;4.8;4.8;2.69;2.7;0.12;0.08;421.95;446.39;139.69;73.55;15.64;17.71;9.54;8.06;11.49
1987;8;30;0.02;0.02;7;7;3.23;3.23;0.19;0.1;421.01;445.95;139.61;73.32;8.38;9.48;11.14;8.61;12.44
1987;8;31;0.01;0.01;7.9;7.9;3.42;3.43;0.11;0;420.29;445.73;139.41;72.97;0;0;12.61;9.48;14.72
1987;9;1;4.44;4.45;6.7;6.7;2.7;2.7;0.37;0.36;418.88;444.36;139.12;72.53;0;0;17.14;14.01;13.77
1987;9;2;4.37;4.25;5.4;5.4;2.44;2.44;0.63;0.65;417.29;442.69;138.7;71.96;0;0;16.15;13.38;13.49
1987;9;3;4.53;4.41;5.5;5.5;2.46;2.46;0.62;0.65;415.76;441.08;138.14;71.22;0;0;15.5;12.92;12.25
1987;9;4;6.44;6.38;4.9;4.9;2.32;2.33;0.5;0.52;414.8;439.98;137.48;70.38;0;0;15.26;12.77;11.4
1987;9;5;11.85;11.64;4.3;4.3;2.19;2.19;0.22;0.24;415.41;440.15;136.85;69.55;0;0;15.85;13.51;12.22
1987;9;6;8.66;8.61;1.7;1.7;1.41;1.4;0.15;0.15;414.74;439.26;136.29;68.8;3.11;3.43;11.24;9.67;10.2
1987;9;7;0;0;4.1;4.1;2.14;2.14;0;0;413.41;438.19;135.73;68.03;0;0;8.53;7.73;10.55
1987;9;8;2.11;2.06;2.9;2.9;1.8;1.81;0;0;412;436.88;135.06;67.14;0;0;7.39;6.72;9.71
1987;9;9;0.12;0.13;2.3;2.3;1.61;1.62;0;0;410.11;435.2;134.23;66.08;0;0;6.43;5.82;9.53
1987;9;10;0.63;0.68;3.8;3.8;2.06;2.06;0.03;0;408.32;433.65;133.22;64.83;0;0;6.35;5.25;9.57
1987;9;11;0.05;0.05;4.1;4.1;2.13;2.14;0.4;0.38;406.05;431.59;132.05;63.42;0;0;9.62;8;9.9
1987;9;12;0.84;0.9;5.7;5.7;2.5;2.5;0.82;0.85;403.56;429.26;130.76;61.88;0;0;11.5;9.55;11.28
1987;9;13;0.02;0.02;7.7;7.7;2.89;2.89;0.99;1.03;400.71;426.56;129.39;60.26;0;0;13.84;11.27;13.65
1987;9;14;0.04;0.04;8.7;8.7;3.06;3.06;1.05;1.09;397.83;423.82;127.94;58.57;0;0;15.5;12.39;15.3
1987;9;15;0.26;0.25;8;8;2.94;2.94;0.99;1.04;395.09;421.19;126.45;56.84;0;0;15.43;12.19;14.82
1987;9;16;0.05;0.05;8.3;8.3;2.99;2.99;1.02;1.07;392.27;418.5;124.94;55.09;0;0;15.54;12.31;13.14
1987;9;17;0.42;0.42;8.2;8.2;2.98;2.98;0.99;1.04;389.62;415.94;123.41;53.34;0;0;15.61;12.32;12.86
1987;9;18;0.49;0.52;7.7;7.7;2.89;2.89;0.96;1;387.03;413.46;121.9;51.61;0;0;15.23;11.97;12.56
1987;9;19;0.15;0.14;6.6;6.6;2.68;2.68;0.91;0.95;384.41;410.94;120.42;49.92;0;0;13.95;10.95;12.47
1987;9;20;0.05;0.05;6.4;6.4;2.64;2.64;0.9;0.94;381.78;408.42;118.96;48.27;0;0;13.15;10.41;11.46
1987;9;21;0.02;0.02;6.5;6.5;2.66;2.66;0.9;0.95;379.15;405.88;117.53;46.65;0;0;13.01;10.3;10.41
1987;9;22;0.52;0.53;6.2;6.2;2.6;2.6;0.86;0.9;376.75;403.56;116.14;45.08;0;0;12.77;10.07;10.47
1987;9;23;1.14;1.17;5.3;5.3;2.42;2.42;0.76;0.8;374.68;401.55;114.8;43.58;0;0;11.94;9.38;12.31
1987;9;24;4.92;4.86;3.7;3.7;2.03;2.04;0.26;0.26;374.51;401.27;113.56;42.19;0;0;7.33;5.16;9.33
1987;9;25;2.81;2.87;3.3;3.3;1.93;1.93;0.04;0;373.77;400.63;112.47;40.97;0;0;6.39;4.6;6.21
1987;9;26;22.42;22.68;4.7;4.7;2.29;2.28;0;0;380.11;406.33;111.67;40.06;0;0;13.37;11.37;11.77
1987;9;27;6.38;6.27;1.7;1.7;1.4;1.4;0.17;0.18;379.94;405.92;111.27;39.59;1.66;1.87;9.99;8.5;9.95
1987;9;28;0.06;0.06;-0.7;-0.7;0;0;0;0;378.21;404.35;111.05;39.31;1.73;1.93;5.92;5.23;6.34
1987;9;29;0.19;0.19;-2;-2;0;0;0;0;376.49;402.77;110.78;38.98;1.92;2.12;4.26;3.71;4.66
1987;9;30;0.22;0.24;-2.6;-2.6;0;0;0;0;376.49;402.77;108.37;36.47;2.13;2.36;3.31;2.84;3.87
1987;10;1;0;0;-1.3;-1.3;0;0;0;0;376.49;402.77;106.1;34.13;0.11;0.12;2.8;2.41;3.49
1987;10;2;0;0;0.4;0.4;0.62;0.62;0.09;0.09;376.49;402.78;103.97;31.93;0.07;0.08;2.57;2.22;3.51
1987;10;3;0.28;0.28;-0.4;-0.4;0;0;0;0;376.52;402.81;101.97;29.88;0.27;0.26;2.41;2.08;3.25
1987;10;4;0.05;0.05;1.6;1.6;1.21;1.21;0;0;374.93;401.34;102.27;30.2;0;0;2.37;2.03;3.57
1987;10;5;2.34;2.4;1.4;1.3;1.13;1.09;0.02;0.03;374.01;400.5;102.36;30.31;0.11;0.12;3.02;2.65;3.6
1987;10;6;2.86;2.97;1.8;1.7;1.28;1.24;0.03;0.03;373.29;399.87;102.36;30.32;0.14;0.16;3.67;3.26;3.78
1987;10;7;0.73;0.78;-0.1;-0.1;0.06;0;0;0;371.63;398.32;102.31;30.27;0.83;0.94;3.52;3.09;3.24
1987;10;8;5.44;5.44;-0.2;-0.2;0.04;0;0;0;369.99;396.77;102.17;30.14;6.21;6.38;3.13;2.7;2.63
1987;10;9;0.36;0.37;-1.6;-1.6;0;0;0;0;369.69;396.77;100.44;28.2;6.56;6.75;2.59;2.17;2.41
1987;10;10;1.72;1.75;-0.2;-0.3;0.09;0;0.02;0;369.61;396.77;98.82;26.39;7.94;8.5;2.28;1.85;2.2
1987;10;11;19.95;20.36;1.6;1.5;1.19;1.17;0;0;370.88;397.25;98.98;26.59;20.85;22.79;3.12;2.65;2.87
1987;10;12;16.2;16.32;-1.1;-1.1;0;0;0;0;370.57;397.25;97.46;24.88;37.05;39.11;3.13;2.62;4.05
1987;10;13;0.04;0.04;-4.5;-4.5;0;0;0;0;370.57;397.25;95.86;23.28;37.09;39.15;2.25;1.77;2.81
1987;10;14;0.95;0.98;-3.8;-3.8;0;0;0;0;370.57;397.25;94.34;21.78;38.04;40.13;1.92;1.52;2.38
1987;10;15;4.1;4.28;-1.2;-1.2;0;0;0;0;370.57;397.25;92.91;20.39;42.14;44.41;1.76;1.42;2.14
1987;10;16;0.26;0.29;3.5;3.5;1.77;1.75;0.18;0.16;374.87;400.69;91.77;19.08;30.75;34.18;2.79;2.4;2.14
1987;10;17;11.91;11.96;1.2;1.2;1.05;1.05;0.03;0.03;374.87;400.58;92.86;20.31;37.98;41.58;4.02;3.53;2.46
1987;10;18;5.82;5.81;-3;-3;0;0;0;0;374.87;400.58;91.52;19;43.8;47.39;3.08;2.57;2.3
1987;10;19;0;0;-1.8;-1.8;0;0;0;0;374.87;400.58;90.25;17.78;43.8;47.39;1.87;1.44;2.03
1987;10;20;0;0;-0.9;-0.8;0;0;0;0;374.87;400.58;89.05;16.64;43.8;47.39;1.53;1.17;1.94
1987;10;21;0.08;0.08;-0.2;-0.1;0;0;0;0;374.87;400.58;87.92;15.57;43.87;47.47;1.42;1.08;1.94
1987;10;22;1.98;2.05;-1;-0.9;0;0;0;0;374.87;400.58;86.85;14.57;45.85;49.52;1.34;1.01;1.87
1987;10;23;4.28;4.4;-0.5;-0.5;0;0;0;0;374.87;400.58;85.83;13.64;50.12;53.92;1.27;0.95;1.8
1987;10;24;0.38;0.4;0;0;0;0;0;0;374.87;400.58;84.87;12.77;50.51;54.32;1.21;0.89;1.65
1987;10;25;5.11;5.17;-0.6;-0.6;0;0;0;0;374.87;400.58;83.96;11.95;55.62;59.49;1.14;0.83;1.65
1987;10;26;6.98;6.87;0.4;0.4;0.6;0.62;0.06;0.06;375.12;400.86;83.1;11.18;61.77;65.42;1.09;0.78;1.75
1987;10;27;0.01;0.01;1.4;1.4;1.13;1.13;0.12;0.1;374.88;400.5;84.9;13.24;57.72;61.58;1.66;1.34;1.99
1987;10;28;0.54;0.53;1.2;1.2;1.06;1.05;0.11;0.09;374.48;399.89;86.41;14.97;54.84;59.07;2.64;2.26;1.89
1987;10;29;0.51;0.53;-0.2;-0.2;0;0;0;0;372.77;398.33;87.69;16.45;55.34;59.6;2.59;2.15;1.82
1987;10;30;0.08;0.08;-0.2;-0.2;0;0;0;0;371.08;396.79;88.75;17.66;55.42;59.68;2.26;1.82;1.73
1987;10;31;0;0;0;0;0;0;0;0;369.39;395.24;89.59;18.64;55.42;59.68;2.17;1.74;1.69
1987;11;1;0.16;0.16;0.4;0.4;0.49;0.52;0.05;0.05;368.01;394.05;90.25;19.41;54.65;58.8;2.33;1.91;1.67
1987;11;2;1.57;1.51;-3.6;-3.6;0;0;0;0;368.01;394.05;88.96;18.16;56.23;60.31;1.95;1.56;1.55
1987;11;3;0;0;-4.1;-4.1;0;0;0;0;368.01;394.05;87.75;16.99;56.23;60.31;1.56;1.22;1.45
1987;11;4;0;0;-2.8;-2.8;0;0;0;0;368.01;394.05;86.6;15.9;56.22;60.31;1.41;1.11;1.4
1987;11;5;0;0;-1.6;-1.6;0;0;0;0;368.01;394.05;85.51;14.88;56.22;60.31;1.33;1.03;1.4
1987;11;6;0;0;-1.6;-1.6;0;0;0;0;368.01;394.05;84.48;13.93;56.22;60.31;1.26;0.97;1.37
1987;11;7;0;0;-2.2;-2.2;0;0;0;0;368.01;394.05;83.51;13.03;56.22;60.31;1.2;0.91;1.35
1987;11;8;0;0;-2.6;-2.6;0;0;0;0;368.01;394.05;82.58;12.2;56.22;60.31;1.14;0.85;1.33
1987;11;9;0.32;0.33;-3.5;-3.5;0;0;0;0;368.01;394.05;81.71;11.41;56.54;60.64;1.08;0.79;1.33
1987;11;10;5.54;5.52;-3.1;-3.1;0;0;0;0;368.01;394.05;80.88;10.68;62.08;66.16;1.02;0.74;1.31
1987;11;11;0.94;0.88;-5.1;-5.1;0;0;0;0;368.01;394.05;80.09;10;63.01;67.04;0.97;0.69;1.29
1987;11;12;3.34;3.33;-5.3;-5.3;0;0;0;0;368.01;394.05;79.34;9.36;66.36;70.37;0.92;0.65;1.2
1987;11;13;4.19;4.1;-5.1;-5.1;0;0;0;0;368.01;394.05;78.63;8.76;70.54;74.47;0.88;0.61;1.21
1987;11;14;5.21;5.29;-8.9;-8.8;0;0;0;0;368.01;394.05;77.96;8.19;75.76;79.76;0.84;0.57;1.14
1987;11;15;0.02;0.02;-13.4;-13.3;0;0;0;0;368.01;394.05;77.31;7.67;75.78;79.78;0.8;0.53;1.06
1987;11;16;2.44;2.3;-8;-7.9;0;0;0;0;368.01;394.05;76.7;7.18;78.22;82.08;0.76;0.5;1.33
1987;11;17;2.15;2.13;-9.6;-9.6;0;0;0;0;368.01;394.05;76.11;6.72;80.38;84.21;0.72;0.47;1.13
1987;11;18;2.69;2.59;-10;-10;0;0;0;0;368.01;394.05;75.55;6.29;83.07;86.8;0.69;0.44;1.04
1987;11;19;0.13;0.13;-6.5;-6.5;0;0;0;0;368.01;394.05;75.02;5.89;83.2;86.93;0.66;0.41;1.1
1987;11;20;10.83;10.53;-9.8;-9.8;0;0;0;0;368.01;394.05;74.51;5.51;94.04;97.46;0.63;0.38;1.02
1987;11;21;8.58;8.31;-13.7;-13.7;0;0;0;0;368.01;394.05;74.02;5.16;102.61;105.77;0.6;0.36;1.1
1987;11;22;0.49;0.48;-13.4;-13.4;0;0;0;0;368.01;394.05;73.55;4.83;103.1;106.25;0.58;0.34;1.12
1987;11;23;1.07;1.11;-12.8;-12.7;0;0;0;0;368.01;394.05;73.1;4.52;104.17;107.36;0.55;0.31;1.07
1987;11;24;24.88;25.39;-9.2;-9.2;0;0;0;0;368.01;394.05;72.67;4.23;129.05;132.75;0.53;0.29;1.02
1987;11;25;4.74;4.9;-10.3;-10.3;0;0;0;0;368.01;394.05;72.25;3.96;133.79;137.65;0.51;0.28;1.01
1987;11;26;1.12;1.15;-12.3;-12.3;0;0;0;0;368.01;394.05;71.85;3.71;134.91;138.8;0.49;0.26;1
1987;11;27;3.17;3.08;-12.8;-12.8;0;0;0;0;368.01;394.05;71.47;3.47;138.08;141.88;0.47;0.24;0.98
1987;11;28;0.76;0.74;-11.9;-11.9;0;0;0;0;368.01;394.05;71.1;3.25;138.84;142.62;0.45;0.23;0.97
1987;11;29;0.28;0.28;-12;-12;0;0;0;0;368.01;394.05;70.74;3.04;139.11;142.9;0.44;0.21;0.96
1987;11;30;1.85;1.88;-12.9;-12.9;0;0;0;0;368.01;394.05;70.39;2.85;140.96;144.78;0.42;0.2;0.95
1987;12;1;0.36;0.38;-12.3;-12.3;0;0;0;0;368.01;394.05;70.06;2.67;141.32;145.16;0.41;0.19;0.94
1987;12;2;0;0;-15.6;-15.6;0;0;0;0;368.01;394.05;69.74;2.5;141.32;145.16;0.39;0.17;0.93
1987;12;3;0;0;-17.1;-17;0;0;0;0;368.01;394.05;69.42;2.34;141.32;145.16;0.38;0.16;0.88
1987;12;4;0;0;-13.4;-13.4;0;0;0;0;368.01;394.05;69.12;2.19;141.32;145.16;0.37;0.15;0.88
1987;12;5;0.88;0.91;-9.8;-9.8;0;0;0;0;368.01;394.05;68.83;2.05;142.21;146.07;0.36;0.14;0.88
1987;12;6;6.67;6.54;-6.5;-6.5;0;0;0;0;368.01;394.05;68.54;1.92;148.88;152.61;0.35;0.13;0.85
1987;12;7;1.48;1.41;-9.3;-9.3;0;0;0;0;368.01;394.05;68.26;1.8;150.35;154.02;0.34;0.13;0.82
1987;12;8;0.23;0.24;-13.3;-13.3;0;0;0;0;368.01;394.05;67.99;1.69;150.58;154.26;0.33;0.12;0.82
1987;12;9;0.54;0.55;-14.3;-14.3;0;0;0;0;368.01;394.05;67.73;1.58;151.12;154.81;0.32;0.11;0.82
1987;12;10;0.01;0.01;-15.7;-15.7;0;0;0;0;368.01;394.05;67.47;1.48;151.13;154.82;0.31;0.1;0.82
1987;12;11;0;0;-16.3;-16.3;0;0;0;0;368.01;394.05;67.22;1.39;151.13;154.82;0.3;0.1;0.82
1987;12;12;0;0;-16.2;-16.2;0;0;0;0;368.01;394.05;66.97;1.3;151.13;154.82;0.3;0.09;0.82
1987;12;13;0;0;-15.1;-15.1;0;0;0;0;368.01;394.05;66.73;1.22;151.13;154.82;0.29;0.08;0.82
1987;12;14;0;0;-18.3;-18.3;0;0;0;0;368.01;394.05;66.5;1.14;151.13;154.82;0.28;0.08;0.82
1987;12;15;0;0;-17;-17;0;0;0;0;368.01;394.05;66.27;1.07;151.13;154.82;0.28;0.07;0.82
1987;12;16;5.34;5.22;-12;-12;0;0;0;0;368.01;394.05;66.04;1.01;156.47;160.04;0.27;0.07;0.82
1987;12;17;3.99;3.88;-6.9;-6.9;0;0;0;0;368.01;394.05;65.82;0.94;160.46;163.92;0.27;0.07;0.82
1987;12;18;2.83;2.67;-2.4;-2.4;0;0;0;0;368.01;394.05;65.6;0.88;163.3;166.59;0.26;0.06;0.82
1987;12;19;13.51;13.37;-5.8;-5.8;0;0;0;0;368.01;394.05;65.39;0.83;176.81;179.96;0.26;0.06;0.76
1987;12;20;8.87;8.62;-5.8;-5.8;0;0;0;0;368.01;394.05;65.17;0.78;185.68;188.57;0.25;0.05;0.78
1987;12;21;0.25;0.25;-2.8;-2.8;0;0;0;0;368.01;394.05;64.97;0.73;185.93;188.82;0.25;0.05;0.85
1987;12;22;0;0;-5.3;-5.3;0;0;0;0;368.01;394.05;64.76;0.69;185.93;188.82;0.24;0.05;0.75
1987;12;23;0;0;-11.6;-11.6;0;0;0;0;368.01;394.05;64.56;0.64;185.93;188.82;0.24;0.04;0.7
1987;12;24;0;0;-10.8;-10.8;0;0;0;0;368.01;394.05;64.36;0.6;185.93;188.82;0.24;0.04;0.75
1987;12;25;0;0;-10.2;-10.2;0;0;0;0;368.01;394.05;64.17;0.57;185.93;188.82;0.23;0.04;0.93
1987;12;26;0;0;-10.9;-10.9;0;0;0;0;368.01;394.05;63.97;0.53;185.93;188.82;0.23;0.04;0.75
1987;12;27;0;0;-8.4;-8.4;0;0;0;0;368.01;394.05;63.78;0.5;185.93;188.82;0.23;0.03;0.75
1987;12;28;0;0;-6.1;-6.1;0;0;0;0;368.01;394.05;63.59;0.47;185.93;188.82;0.22;0.03;0.68
1987;12;29;0;0;-8.3;-8.3;0;0;0;0;368.01;394.05;63.41;0.44;185.93;188.82;0.22;0.03;0.65
1987;12;30;0;0;-7.4;-7.4;0;0;0;0;368.01;394.05;63.22;0.42;185.93;188.82;0.22;0.03;0.65
1987;12;31;0;0;-6.8;-6.8;0;0;0;0;368.01;394.05;63.04;0.39;185.93;188.82;0.22;0.03;0.64
1988;1;1;0.07;0.07;-9.5;-9.5;0;0;0;0;368.01;394.05;62.86;0.37;186;188.9;0.21;0.03;0.6
1988;1;2;0.14;0.14;-8.7;-8.7;0;0;0;0;368.01;394.05;62.68;0.35;186.15;189.03;0.21;0.02;0.6
1988;1;3;3.87;3.75;-11.4;-11.4;0;0;0;0;368.01;394.05;62.5;0.33;190.01;192.78;0.21;0.02;0.6
1988;1;4;3.81;3.65;-14.5;-14.5;0;0;0;0;368.01;394.05;62.33;0.31;193.82;196.44;0.21;0.02;0.6
1988;1;5;0.16;0.14;-10.4;-10.4;0;0;0;0;368.01;394.05;62.15;0.29;193.98;196.57;0.2;0.02;0.6
1988;1;6;2.53;2.59;-9.8;-9.7;0;0;0;0;368.01;394.05;61.98;0.27;196.51;199.16;0.2;0.02;0.6
1988;1;7;11.68;11.78;-9.7;-9.7;0;0;0;0;368.01;394.05;61.81;0.26;208.18;210.94;0.2;0.02;0.6
1988;1;8;0.23;0.22;-17.3;-17.3;0;0;0;0;368.01;394.05;61.64;0.24;208.42;211.16;0.2;0.02;0.6
1988;1;9;0;0;-20.2;-20.2;0;0;0;0;368.01;394.05;61.47;0.23;208.42;211.16;0.2;0.02;0.6
1988;1;10;0;0;-14.4;-14.4;0;0;0;0;368.01;394.05;61.3;0.22;208.42;211.16;0.2;0.02;0.6
1988;1;11;1.7;1.6;-9.3;-9.3;0;0;0;0;368.01;394.05;61.13;0.21;210.12;212.76;0.2;0.01;0.6
1988;1;12;0.01;0.01;-12.6;-12.6;0;0;0;0;368.01;394.05;60.97;0.2;210.13;212.77;0.19;0.01;0.6
1988;1;13;0.14;0.15;-15.5;-15.5;0;0;0;0;368.01;394.05;60.8;0.18;210.27;212.92;0.19;0.01;0.6
1988;1;14;1.36;1.4;-10.5;-10.4;0;0;0;0;368.01;394.05;60.64;0.18;211.63;214.32;0.19;0.01;0.57
1988;1;15;4.47;4.62;-8.4;-8.4;0;0;0;0;368.01;394.05;60.48;0.17;216.1;218.94;0.19;0.01;0.53
1988;1;16;0.01;0.01;-11.4;-11.4;0;0;0;0;368.01;394.05;60.31;0.16;216.1;218.95;0.19;0.01;0.5
1988;1;17;0.18;0.17;-14.3;-14.3;0;0;0;0;368.01;394.05;60.15;0.15;216.28;219.12;0.19;0.01;0.5
1988;1;18;0.01;0.01;-13;-13;0;0;0;0;368.01;394.05;59.99;0.14;216.3;219.13;0.19;0.01;0.5
1988;1;19;0.07;0.07;-12;-12;0;0;0;0;368.01;394.05;59.83;0.14;216.36;219.2;0.19;0.01;0.5
1988;1;20;0.16;0.17;-12;-12;0;0;0;0;368.01;394.05;59.67;0.13;216.53;219.37;0.18;0.01;0.5
1988;1;21;6.51;6.44;-10.5;-10.5;0;0;0;0;368.01;394.05;59.52;0.12;223.03;225.81;0.18;0.01;0.47
1988;1;22;2.06;2.03;-12.1;-12.1;0;0;0;0;368.01;394.05;59.36;0.12;225.1;227.84;0.18;0.01;0.47
1988;1;23;2.71;2.61;-16.4;-16.4;0;0;0;0;368.01;394.05;59.2;0.11;227.81;230.45;0.18;0.01;0.48
1988;1;24;2.22;2.18;-11.3;-11.3;0;0;0;0;368.01;394.05;59.05;0.11;230.03;232.63;0.18;0.01;0.47
1988;1;25;7.82;7.77;-9.9;-9.9;0;0;0;0;368.01;394.05;58.89;0.1;237.85;240.4;0.18;0.01;0.47
1988;1;26;0.28;0.25;-12.8;-12.8;0;0;0;0;368.01;394.05;58.74;0.1;238.13;240.65;0.18;0.01;0.45
1988;1;27;0.04;0.04;-12.8;-12.9;0;0;0;0;368.01;394.05;58.58;0.09;238.17;240.69;0.18;0.01;0.45
1988;1;28;0.56;0.59;-8.8;-8.8;0;0;0;0;368.01;394.05;58.43;0.09;238.73;241.28;0.18;0.01;0.45
1988;1;29;6.67;6.92;-8;-8;0;0;0;0;368.01;394.05;58.28;0.09;245.4;248.2;0.18;0.01;0.45
1988;1;30;12.23;12.08;-12.5;-12.5;0;0;0;0;368.01;394.05;58.13;0.08;257.63;260.28;0.18;0.01;0.45
1988;1;31;2.12;2.01;-17;-17;0;0;0;0;368.01;394.05;57.98;0.08;259.74;262.29;0.18;0.01;0.45
1988;2;1;0.04;0.04;-15.7;-15.7;0;0;0;0;368.01;394.05;57.82;0.08;259.78;262.33;0.17;0.01;0.45
1988;2;2;4.88;4.87;-13.1;-13.1;0;0;0;0;368.01;394.05;57.67;0.07;264.66;267.2;0.17;0.01;0.45
1988;2;3;0;0;-16.7;-16.7;0;0;0;0;368.01;394.05;57.52;0.07;264.66;267.2;0.17;0;0.45
1988;2;4;0.03;0.03;-14.6;-14.6;0;0;0;0;368.01;394.05;57.38;0.07;264.69;267.23;0.17;0;0.45
1988;2;5;0.19;0.2;-15.7;-15.7;0;0;0;0;368.01;394.05;57.23;0.07;264.88;267.43;0.17;0;0.45
1988;2;6;3.58;3.66;-11.5;-11.4;0;0;0;0;368.01;394.05;57.08;0.06;268.47;271.09;0.17;0;0.45
1988;2;7;17.71;17.96;-8.8;-8.7;0;0;0;0;368.01;394.05;56.93;0.06;286.18;289.05;0.17;0;0.45
1988;2;8;11.87;11.61;-13.1;-13.1;0;0;0;0;368.01;394.05;56.78;0.06;298.05;300.66;0.17;0;0.45
1988;2;9;3.32;3.2;-14.4;-14.4;0;0;0;0;368.01;394.05;56.64;0.06;301.37;303.86;0.17;0;0.45
1988;2;10;2.34;2.32;-14.8;-14.8;0;0;0;0;368.01;394.05;56.49;0.06;303.71;306.18;0.17;0;0.45
1988;2;11;2.66;2.56;-17;-17;0;0;0;0;368.01;394.05;56.34;0.06;306.37;308.74;0.17;0;0.45
1988;2;12;6.25;6.15;-13.6;-13.6;0;0;0;0;368.01;394.05;56.2;0.05;312.62;314.89;0.17;0;0.45
1988;2;13;0.82;0.79;-16.4;-16.4;0;0;0;0;368.01;394.05;56.05;0.05;313.44;315.68;0.17;0;0.45
1988;2;14;0;0;-13.6;-13.6;0;0;0;0;368.01;394.05;55.91;0.05;313.44;315.68;0.17;0;0.45
1988;2;15;0;0;-10.3;-10.3;0;0;0;0;368.01;394.05;55.77;0.05;313.44;315.68;0.17;0;0.45
1988;2;16;0;0;-9.2;-9.2;0;0;0;0;368.01;394.05;55.62;0.05;313.44;315.68;0.17;0;0.45
1988;2;17;0.07;0.07;-10.5;-10.5;0;0;0;0;368.01;394.05;55.48;0.05;313.51;315.75;0.17;0;0.45
1988;2;18;0.31;0.3;-12.7;-12.7;0;0;0;0;368.01;394.05;55.34;0.05;313.82;316.05;0.16;0;0.45
1988;2;19;5.78;5.59;-14.4;-14.4;0;0;0;0;368.01;394.05;55.19;0.05;319.6;321.64;0.16;0;0.45
1988;2;20;2.1;1.99;-14.7;-14.7;0;0;0;0;368.01;394.05;55.05;0.05;321.7;323.63;0.16;0;0.45
1988;2;21;0.01;0.01;-13.8;-13.8;0;0;0;0;368.01;394.05;54.91;0.04;321.71;323.64;0.16;0;0.45
1988;2;22;0;0;-12.9;-12.9;0;0;0;0;368.01;394.05;54.77;0.04;321.71;323.64;0.16;0;0.45
1988;2;23;2.24;2.15;-13.5;-13.5;0;0;0;0;368.01;394.05;54.63;0.04;323.95;325.79;0.16;0;0.45
1988;2;24;1.31;1.23;-17.8;-17.8;0;0;0;0;368.01;394.05;54.49;0.04;325.26;327.02;0.16;0;0.45
1988;2;25;2.63;2.5;-20.4;-20.4;0;0;0;0;368.01;394.05;54.35;0.04;327.89;329.52;0.16;0;0.44
1988;2;26;1.46;1.37;-20.1;-20.1;0;0;0;0;368.01;394.05;54.21;0.04;329.35;330.89;0.16;0;0.44
1988;2;27;3.62;3.54;-15.8;-15.8;0;0;0;0;368.01;394.05;54.07;0.04;332.97;334.43;0.16;0;0.44
1988;2;28;2.1;2.04;-14.5;-14.5;0;0;0;0;368.01;394.05;53.93;0.04;335.07;336.47;0.16;0;0.44
1988;2;29;2.47;2.36;-17.2;-17.2;0;0;0;0;368.01;394.05;53.79;0.04;337.54;338.83;0.16;0;0.44
1988;3;1;3.83;3.68;-19.1;-19.1;0;0;0;0;368.01;394.05;53.65;0.04;341.38;342.51;0.16;0;0.44
1988;3;2;2.28;2.2;-19;-19;0;0;0;0;368.01;394.05;53.52;0.04;343.66;344.71;0.16;0;0.43
1988;3;3;0;0;-16.5;-16.5;0;0;0;0;368.01;394.05;53.38;0.04;343.66;344.71;0.16;0;0.43
1988;3;4;0.26;0.28;-14.9;-14.9;0;0;0;0;368.01;394.05;53.24;0.04;343.92;344.99;0.16;0;0.42
1988;3;5;2.65;2.62;-14.7;-14.7;0;0;0;0;368.01;394.05;53.11;0.04;346.57;347.61;0.16;0;0.42
1988;3;6;0.26;0.24;-14.6;-14.6;0;0;0;0;368.01;394.05;52.97;0.04;346.83;347.85;0.16;0;0.41
1988;3;7;8.62;8.41;-15.6;-15.6;0;0;0;0;368.01;394.05;52.83;0.04;355.44;356.26;0.16;0;0.41
1988;3;8;4.85;4.69;-18.2;-18.2;0;0;0;0;368.01;394.05;52.7;0.04;360.29;360.95;0.16;0;0.41
1988;3;9;0.79;0.75;-18.8;-18.8;0;0;0;0;368.01;394.05;52.56;0.04;361.09;361.7;0.16;0;0.4
1988;3;10;0.15;0.14;-16.6;-16.6;0;0;0;0;368.01;394.05;52.43;0.04;361.23;361.84;0.16;0;0.4
1988;3;11;6.48;6.28;-15.1;-15.1;0;0;0;0;368.01;394.05;52.29;0.04;367.72;368.12;0.15;0;0.39
1988;3;12;13.92;13.57;-12.8;-12.8;0;0;0;0;368.01;394.05;52.16;0.04;381.63;381.69;0.15;0;0.39
1988;3;13;4.12;3.96;-10.4;-10.4;0;0;0;0;368.01;394.05;52.03;0.04;385.76;385.65;0.15;0;0.38
1988;3;14;1.24;1.17;-10.6;-10.6;0;0;0;0;368.01;394.05;51.89;0.04;386.99;386.82;0.15;0;0.38
1988;3;15;0.16;0.16;-8.1;-8.1;0;0;0;0;368.01;394.05;51.76;0.04;387.15;386.98;0.15;0;0.38
1988;3;16;6.68;6.69;-7.7;-7.7;0;0;0;0;368.01;394.05;51.63;0.04;393.84;393.67;0.15;0;0.38
1988;3;17;4.83;4.6;-10.2;-10.2;0;0;0;0;368.01;394.05;51.5;0.04;398.67;398.27;0.15;0;0.38
1988;3;18;5.66;5.52;-11.1;-11.1;0;0;0;0;368.01;394.05;51.36;0.04;404.33;403.79;0.15;0;0.38
1988;3;19;1.92;1.88;-8.1;-8.1;0;0;0;0;368.01;394.05;51.23;0.04;406.25;405.67;0.15;0;0.38
1988;3;20;1.89;1.82;-5.1;-5.1;0;0;0;0;368.01;394.05;51.1;0.04;408.14;407.49;0.15;0;0.38
1988;3;21;6.44;6.39;-4.7;-4.7;0;0;0;0;368.01;394.05;50.97;0.04;414.58;413.88;0.15;0;0.38
1988;3;22;11.55;11.5;-7.7;-7.7;0;0;0;0;368.01;394.05;50.84;0.04;426.13;425.38;0.15;0;0.38
1988;3;23;4.69;4.55;-10.1;-10.1;0;0;0;0;368.01;394.05;50.71;0.04;430.82;429.93;0.15;0;0.38
1988;3;24;14.76;14.6;-9.9;-9.9;0;0;0;0;368.01;394.05;50.58;0.04;445.58;444.53;0.15;0;0.38
1988;3;25;15.65;15.54;-7.5;-7.5;0;0;0;0;368.01;394.05;50.45;0.04;461.23;460.07;0.15;0;0.38
1988;3;26;5.03;4.91;-9.5;-9.5;0;0;0;0;368.01;394.05;50.32;0.04;466.26;464.98;0.15;0;0.38
1988;3;27;5.08;4.84;-12.9;-12.9;0;0;0;0;368.01;394.05;50.19;0.03;471.34;469.82;0.15;0;0.38
1988;3;28;4.28;4.19;-13;-13;0;0;0;0;368.01;394.05;50.06;0.03;475.62;474.01;0.15;0;0.38
1988;3;29;0.19;0.19;-11;-11;0;0;0;0;368.01;394.05;49.94;0.03;475.81;474.2;0.15;0;0.38
1988;3;30;3.39;3.49;-8.3;-8.3;0;0;0;0;368.01;394.05;49.81;0.03;479.19;477.69;0.15;0;0.43
1988;3;31;15.23;15.28;-8.1;-8.1;0;0;0;0;368.01;394.05;49.68;0.03;494.42;492.97;0.15;0;0.43
1988;4;1;1.12;1.04;-10;-10;0;0;0;0;368.01;394.05;49.55;0.03;495.53;494.01;0.15;0;0.49
1988;4;2;0.2;0.21;-11.3;-11.3;0;0;0;0;368.01;394.05;49.43;0.03;495.73;494.22;0.15;0;0.45
1988;4;3;0.47;0.5;-8.6;-8.6;0;0;0;0;368.01;394.05;49.3;0.03;496.2;494.72;0.15;0;0.43
1988;4;4;0.55;0.57;-5.7;-5.7;0;0;0;0;368.01;394.05;49.17;0.03;496.74;495.29;0.15;0;0.42
1988;4;5;1.19;1.22;-5.2;-5.2;0;0;0;0;368.01;394.05;49.05;0.03;497.93;496.51;0.15;0;0.43
1988;4;6;1.84;1.88;-4.1;-4.1;0;0;0;0;368.01;394.05;48.92;0.03;499.77;498.39;0.14;0;0.44
1988;4;7;2.89;2.94;-4.8;-4.8;0;0;0;0;368.01;394.05;48.8;0.03;502.66;501.33;0.14;0;0.46
1988;4;8;5.45;5.44;-5;-5;0;0;0;0;368.01;394.05;48.67;0.03;508.11;506.77;0.14;0;0.46
1988;4;9;0.37;0.35;-5.6;-5.6;0;0;0;0;368.01;394.05;48.55;0.03;508.49;507.12;0.14;0;0.49
1988;4;10;2.71;2.58;-6;-6;0;0;0;0;368.01;394.05;48.42;0.03;511.19;509.7;0.14;0;0.51
1988;4;11;0;0;-5;-5;0;0;0;0;368.01;394.05;48.3;0.03;511.19;509.7;0.14;0;0.59
1988;4;12;3.97;4.04;-4.6;-4.6;0;0;0;0;368.01;394.05;48.18;0.03;515.16;513.74;0.14;0;0.61
1988;4;13;12.08;11.73;-5;-5;0;0;0;0;368.01;394.05;48.05;0.03;527.24;525.47;0.14;0;0.56
1988;4;14;0.03;0.03;-6.7;-6.7;0;0;0;0;368.01;394.05;47.93;0.03;527.27;525.5;0.14;0;0.56
1988;4;15;0;0;-6.5;-6.4;0;0;0;0;368.01;394.05;47.81;0.03;527.27;525.5;0.14;0;0.66
1988;4;16;0;0;-5;-5;0;0;0;0;368.01;394.05;47.69;0.03;527.27;525.5;0.14;0;0.83
1988;4;17;0;0;-3.9;-3.9;0;0;0;0;368.01;394.05;47.56;0.03;527.27;525.5;0.14;0;0.97
1988;4;18;0.96;0.96;-2.7;-2.7;0;0;0;0;368.01;394.05;47.44;0.03;528.23;526.46;0.14;0;1.15
1988;4;19;0.01;0.01;-2.3;-2.3;0;0;0;0;368.01;394.05;47.32;0.03;528.24;526.47;0.14;0;1.32
1988;4;20;1.62;1.6;-2.1;-2.1;0;0;0;0;368.01;394.05;47.2;0.03;529.85;528.07;0.14;0;1.42
1988;4;21;1.25;1.29;-2.7;-2.7;0;0;0;0;368.01;394.05;47.08;0.03;531.11;529.36;0.14;0;1.3
1988;4;22;0;0;-3.1;-3.1;0;0;0;0;368.01;394.05;46.96;0.03;531.11;529.36;0.14;0;1.34
1988;4;23;0.11;0.1;-2.9;-2.9;0;0;0;0;368.01;394.05;46.84;0.03;531.21;529.46;0.14;0;1.51
1988;4;24;0.29;0.29;-3.4;-3.4;0;0;0;0;368.01;394.05;46.72;0.03;531.5;529.75;0.14;0;1.49
1988;4;25;0.15;0.15;-3.3;-3.3;0;0;0;0;368.01;394.05;46.6;0.03;531.65;529.9;0.14;0;1.54
1988;4;26;1.29;1.34;-4.1;-4.1;0;0;0;0;368.01;394.05;46.48;0.03;532.93;531.24;0.14;0;1.51
1988;4;27;0.44;0.45;-3.5;-3.5;0;0;0;0;368.01;394.05;46.36;0.03;533.37;531.69;0.14;0;1.32
1988;4;28;1.7;1.69;-3;-3;0;0;0;0;368.01;394.05;46.24;0.03;535.07;533.38;0.14;0;1.12
1988;4;29;1.54;1.57;-2.3;-2.3;0;0;0;0;368.01;394.05;46.12;0.03;536.62;534.95;0.14;0;0.99
1988;4;30;1.67;1.59;-2.1;-2.1;0;0;0;0;368.01;394.05;46.01;0.03;538.29;536.54;0.14;0;1.14
1988;5;1;0.84;0.86;-2.2;-2.2;0;0;0;0;368.01;394.05;45.89;0.03;539.13;537.4;0.14;0;1.21
1988;5;2;3.5;3.63;-2;-2;0;0;0;0;368.01;394.05;45.77;0.03;542.63;541.03;0.14;0;1.22
1988;5;3;9.45;9.55;-3.2;-3.2;0;0;0;0;368.01;394.05;45.65;0.03;552.07;550.58;0.14;0;1.15
1988;5;4;3.43;3.54;-3.7;-3.7;0;0;0;0;368.01;394.05;45.54;0.03;555.5;554.12;0.13;0;0.99
1988;5;5;0.35;0.37;-1.3;-1.3;0;0;0;0;368.01;394.05;45.42;0.03;555.86;554.49;0.13;0;1.21
1988;5;6;0.03;0.03;-0.3;-0.2;0;0;0;0;368.01;394.05;45.3;0.03;555.88;554.52;0.13;0;1.95
1988;5;7;0.06;0.06;3.5;3.6;2.48;2.51;0.39;0.38;368.2;394.25;47;2.08;551.05;549.1;0.76;0.63;2.82
1988;5;8;1.34;1.37;1.9;2;1.85;1.89;0.27;0.27;368.39;394.83;48.52;3.94;546.68;544.04;2.23;2.1;4.48
1988;5;9;2.51;2.38;0.7;0.8;1.16;1.22;0.15;0.16;367.45;394.11;49.98;5.7;546.91;543.86;2.47;2.31;5.46
1988;5;10;5.17;5.25;0.7;0.7;1.12;1.15;0.12;0.12;366.42;393.29;51.34;7.33;550.11;546.9;2.18;1.97;5.53
1988;5;11;4.63;4.81;0.1;0.1;0.45;0.45;0.05;0.05;364.85;391.85;52.56;8.8;554.47;551.41;1.83;1.59;4.58
1988;5;12;0.81;0.84;0.8;0.8;1.25;1.22;0.19;0.18;363.99;391.21;53.65;10.1;552.88;549.55;1.93;1.67;4.19
1988;5;13;2.1;2.16;0.3;0.3;0.79;0.76;0.11;0.1;362.76;390.11;54.63;11.26;553.76;550.42;2.06;1.79;4.84
1988;5;14;1.64;1.64;1.1;1.1;1.41;1.42;0.2;0.2;362.7;390.15;55.53;12.31;551.04;547.46;2.5;2.22;4.82
1988;5;15;5.71;5.67;1.5;1.5;1.63;1.65;0.17;0.17;363.43;390.77;56.42;13.33;550.6;546.94;3.27;2.97;5.88
1988;5;16;6.21;6.14;1.3;1.3;1.51;1.54;0.15;0.15;363.76;391.07;57.32;14.36;551.62;547.8;3.65;3.32;6.62
1988;5;17;6.5;6.51;0.9;0.9;1.27;1.29;0.12;0.12;363.44;390.78;58.23;15.39;554.58;550.68;3.49;3.14;6.94
1988;5;18;8.79;8.8;0.7;0.7;1.13;1.15;0.07;0.07;362.77;390.13;59.11;16.36;560.86;556.94;3.14;2.8;6.29
1988;5;19;8.78;8.84;0.3;0.3;0.75;0.76;0.05;0.04;361.49;388.96;59.9;17.23;568.68;564.79;2.72;2.38;5.13
1988;5;20;10.43;10.18;-2;-2;0;0;0;0;361.49;388.96;58.81;16.12;579.11;574.97;1.9;1.6;3.69
1988;5;21;1.05;1;-3.6;-3.5;0;0;0;0;361.49;388.96;57.78;15.09;580.16;575.97;1.35;1.1;2.46
1988;5;22;0;0;-2.8;-2.8;0;0;0;0;361.49;388.96;56.81;14.12;580.16;575.97;1.2;0.98;1.88
1988;5;23;0;0;-0.9;-0.8;0;0;0;0;361.49;388.96;55.9;13.21;580.16;575.97;1.12;0.92;2.02
1988;5;24;0;0;1.2;1.3;1.49;1.54;0.19;0.19;361.7;389.2;55.04;12.37;579.37;575.1;1.06;0.86;2.56
1988;5;25;3.84;3.93;3;3;2.28;2.3;0.23;0.22;364.25;391.53;56.29;13.75;572.41;568.07;2.57;2.34;4.41
1988;5;26;8.16;8.13;1.8;1.8;1.79;1.8;0.12;0.11;365.12;392.13;57.48;15.07;574.2;570.04;4.02;3.73;5.89
1988;5;27;6.79;6.78;0.9;0.9;1.29;1.29;0.1;0.1;364.63;391.57;58.65;16.35;578.02;573.97;3.72;3.36;5.42
1988;5;28;4.18;4.18;0.5;0.5;0.99;0.98;0.1;0.09;363.67;390.57;59.72;17.51;580.47;576.57;3.07;2.69;3.74
1988;5;29;6.64;6.74;1;1;1.38;1.36;0.11;0.1;363.5;390.16;60.67;18.53;583.53;580.07;2.99;2.62;3.34
1988;5;30;6.37;6.45;0.8;0.8;1.23;1.22;0.1;0.09;362.95;389.52;61.51;19.42;587.17;583.96;3.1;2.71;3.91
1988;5;31;13.09;13.12;0;0;0;0;0;0;361.31;388;62.24;20.18;600.26;597.08;2.75;2.37;3.98
1988;6;1;8.98;8.92;-1.8;-1.8;0;0;0;0;361.31;388;60.98;18.88;609.25;606;1.97;1.63;3.78
1988;6;2;1.52;1.46;-1.3;-1.3;0;0;0;0;361.31;388;59.8;17.67;610.77;607.46;1.54;1.26;2.56
1988;6;3;0.2;0.22;2.6;2.7;2.19;2.22;0.28;0.27;362.13;388.8;60.71;18.63;604.48;601.05;2.35;2.09;3.22
1988;6;4;12.67;12.47;2.7;2.7;2.2;2.22;0.07;0.07;367.08;392.91;61.62;19.58;600.95;597.82;5.1;4.76;5.57
1988;6;5;34.1;34.07;-2.5;-2.5;0;0;0;0;367.08;392.91;60.39;18.32;635.04;631.89;4.47;4.05;5.45
1988;6;6;12.72;12.55;-2.8;-2.8;0;0;0;0;367.08;392.91;59.24;17.14;647.76;644.44;2.23;1.88;3.31
1988;6;7;4.95;4.97;-2.3;-2.3;0;0;0;0;367.08;392.91;58.16;16.04;652.71;649.41;1.45;1.17;2.64
1988;6;8;0.24;0.26;-2.3;-2.3;0;0;0;0;367.08;392.91;57.14;15.01;652.95;649.67;1.29;1.04;2.54
1988;6;9;0;0;-0.8;-0.7;0;0;0;0;367.08;392.91;56.17;14.05;652.95;649.67;1.21;0.98;3.13
1988;6;10;1.45;1.45;1.7;1.8;1.8;1.83;0.21;0.2;367.81;393.73;55.27;13.15;652.07;648.52;1.15;0.92;3.65
1988;6;11;5.44;5.52;2.3;2.3;2.04;2.05;0.18;0.17;368.47;394.69;57.15;15.2;650.75;646.63;2.47;2.24;4.56
1988;6;12;8.24;8.22;2.8;2.8;2.25;2.26;0.15;0.14;372.99;398.45;58.89;17.09;642.84;639.14;5.21;4.9;6.41
1988;6;13;6.1;6.15;1.9;2;1.9;1.92;0.16;0.15;374.49;399.87;60.66;19.01;639.9;636.09;6.29;5.85;6.84
1988;6;14;2.83;2.83;3.2;3.2;2.4;2.4;0.26;0.24;378.49;403.1;62.5;20.98;627.1;623.84;6.99;6.46;8.39
1988;6;15;2.06;2.12;3;3;2.32;2.33;0.27;0.25;381.64;405.76;64.43;23.03;615.11;612.17;7.78;7.17;8.79
1988;6;16;9.3;9.43;2.9;2.9;2.29;2.29;0.11;0.09;385.63;409;66.47;25.18;607.83;605.6;8.51;7.82;8.17
1988;6;17;5.51;5.59;1.5;1.5;1.66;1.67;0.12;0.1;385.53;408.84;68.55;27.32;608.19;606.2;7.4;6.68;7.3
1988;6;18;6.58;6.64;0.8;0.8;1.23;1.24;0.08;0.07;384.66;408.06;70.46;29.27;611.9;609.99;5.5;4.83;5.91
1988;6;19;1.66;1.66;1.1;1.1;1.44;1.44;0.13;0.12;384.06;407.43;72.09;30.9;610.01;608.3;4.66;4.07;5.74
1988;6;20;1.73;1.67;0.8;0.8;1.23;1.24;0.11;0.1;383.15;406.6;73.43;32.21;609.04;607.34;4.4;3.85;6.28
1988;6;21;3.72;3.66;1.4;1.4;1.6;1.62;0.13;0.12;382.94;406.38;74.53;33.25;608.02;606.34;4.61;4.09;6.65
1988;6;22;2.16;2.15;1.8;1.8;1.82;1.83;0.16;0.15;383.24;406.51;75.46;34.1;604.06;602.66;5.14;4.61;6.75
1988;6;23;1.27;1.24;1.9;1.9;1.86;1.87;0.18;0.16;383.62;406.73;76.29;34.84;598.92;597.76;5.56;5;6.42
1988;6;24;1.54;1.57;3.1;3.1;2.36;2.37;0.22;0.2;385.69;408.31;77.09;35.53;589.16;588.59;6.52;5.91;7.2
1988;6;25;5.85;5.9;2.5;2.5;2.12;2.14;0.14;0.13;387.42;409.72;77.94;36.28;584.36;584.16;7.39;6.72;7.49
1988;6;26;8.57;8.54;2.4;2.4;2.09;2.1;0.1;0.1;389.24;411.18;78.88;37.11;581.91;582.08;7.79;7.07;6.91
1988;6;27;5.89;5.9;2.3;2.3;2.04;2.05;0.14;0.12;390.34;412.1;79.89;38;578.61;578.99;7.74;7;6.81
1988;6;28;10.12;9.96;3.2;3.3;2.42;2.44;0.1;0.09;394.65;415.43;81.01;38.99;569.99;571.34;9.04;8.23;7.51
1988;6;29;10.04;10.06;3.7;3.7;2.58;2.58;0.11;0.1;399.65;419.36;82.39;40.23;558.11;560.73;11.22;10.25;8.48
1988;6;30;0.53;0.54;5.3;5.3;3.07;3.06;0.31;0.27;403.92;422.4;84.1;41.78;538.26;542.78;12.32;11.15;10.48
1988;7;1;6.47;6.67;4.9;4.8;2.97;2.94;0.19;0.16;409.45;426.63;86.14;43.64;518.69;525.32;13.77;12.4;10.44
1988;7;2;14.05;14.1;3.8;3.8;2.63;2.63;0.04;0.04;414.87;431.02;88.57;45.85;504.99;513.15;15.78;14.21;11.17
1988;7;3;13.82;13.84;2.8;2.8;2.27;2.27;0.04;0.04;417.45;432.83;91.3;48.3;500.86;510.73;15.41;13.7;10.02
1988;7;4;4.02;4.24;3.5;3.5;2.55;2.53;0.16;0.13;419.33;434.06;94.09;50.77;489.06;500.82;13.81;12.07;7.33
1988;7;5;0.7;0.74;6.5;6.4;3.41;3.38;0.26;0.2;422.34;435.43;96.82;53.09;470.27;486.38;13.33;11.48;10.32
1988;7;6;7.22;7.1;8.1;8.1;3.78;3.78;0.16;0.13;427.62;439.01;99.61;55.36;446.43;466.78;15.9;13.68;11.73
1988;7;7;3.86;3.66;6.4;6.4;3.37;3.38;0.19;0.16;430.51;440.95;102.61;57.74;427.2;450.62;17.56;14.96;15.56
1988;7;8;8.23;8.37;3.9;3.9;2.65;2.66;0.11;0.08;432.33;442.44;105.75;60.15;415.73;440.97;17.13;14.46;13.96
1988;7;9;3.04;3.11;3.1;3.1;2.38;2.39;0.15;0.12;432.36;442.31;108.79;62.4;407.8;434.77;14.97;12.48;14.02
1988;7;10;0;0;6.2;6.2;3.32;3.32;0.26;0.2;433.91;443.15;111.6;64.34;389.54;419.84;14.1;11.73;14.23
1988;7;11;2.61;2.58;8;8;3.75;3.75;0.24;0.2;437.04;445.28;114.32;66.13;365.1;399.61;16.33;13.75;20.51
1988;7;12;8.29;8.31;5.2;5.2;3.05;3.06;0.11;0.1;439.19;447.11;117.16;67.98;349.17;385.88;18.51;15.63;26.52
1988;7;13;3.86;3.99;5.8;5.8;3.23;3.22;0.17;0.15;440.62;448.41;120.14;69.9;331.66;370.25;18.84;15.93;21.35
1988;7;14;12.02;12.11;4.6;4.6;2.88;2.88;0.05;0.05;442.51;450.41;123.22;71.91;318.34;357.48;19.62;16.85;28.35
1988;7;15;7.73;7.67;0.1;0.1;0.41;0.46;0.03;0.04;440.32;448.73;126.14;73.77;325.6;364.61;15.74;13.32;17.03
1988;7;16;4.32;4.31;-0.1;-0.1;0;0;0;0;438.09;446.99;128.45;75.04;329.91;368.92;10.53;8.65;11.08
1988;7;17;0.48;0.44;2.7;2.7;2.23;2.23;0.14;0.13;437.3;446.41;130.06;75.64;322.19;361.81;9.71;8.17;10.11
1988;7;18;0.21;0.2;3.8;3.8;2.63;2.63;0.16;0.16;436.48;445.93;131.19;75.81;314.2;353.88;10.63;9.18;12.22
1988;7;19;0;0;5;5;3;3;0.18;0.18;436.08;445.98;132.05;75.76;303.37;342.58;11.62;10.22;12.83
1988;7;20;0;0;8;8;3.75;3.75;0.2;0.23;436.78;447.27;132.84;75.72;285.68;323.44;13.77;12.45;13.44
1988;7;21;0.26;0.25;8.7;8.7;3.91;3.91;0.2;0.12;436.8;448.13;133.72;75.87;271;306.83;16.3;13.73;14.76
1988;7;22;3.12;3.32;8.8;8.8;3.93;3.93;0.26;0.1;436.46;448.62;134.68;76.2;260.89;295.37;17.67;13.77;17.98
1988;7;23;3.98;4.04;9.4;9.4;4.06;4.06;0.24;0.1;436.46;449.35;135.67;76.64;249.78;282.79;18.04;13.83;21.85
1988;7;24;14.51;14.16;8.1;8.1;3.78;3.78;0.02;0.02;438.26;451.34;136.79;77.29;239.87;271.58;20.17;15.93;26.13
1988;7;25;0.06;0.05;8.9;8.9;3.96;3.95;0.29;0.12;437.41;451.3;138.05;78.14;229;259.27;19.68;15.43;21.36
1988;7;26;0.4;0.4;10.8;10.8;4.34;4.33;0.31;0.13;436.98;451.69;139.29;79;215.65;244.16;18.72;14.12;23.47
1988;7;27;10;9.81;8.6;8.6;3.88;3.89;0.1;0.05;437.95;453;140.51;79.88;204.77;231.84;19.99;15.48;23.97
1988;7;28;0.26;0.27;9;9;3.98;3.97;0.28;0.12;437.16;452.97;141.74;80.81;193.43;219;19.47;15.19;26.15
1988;7;29;13.07;12.99;8.2;8.2;3.8;3.8;0.05;0.03;438.54;454.54;143;81.8;182.87;207.05;20.47;16.3;30.49
1988;7;30;0.7;0.69;6.4;6.4;3.37;3.38;0.23;0.1;437.4;454.03;144.26;82.81;174.7;197.79;19.13;15.42;27
1988;7;31;0.96;1;7.3;7.3;3.59;3.59;0.24;0.1;436.46;453.75;145.34;83.65;165.35;187.21;16.83;13.36;25.26
1988;8;1;4.22;4.38;7.4;7.4;3.32;3.32;0.18;0.08;436.11;453.97;146.21;84.27;155.81;176.4;17.04;13.5;24.06
1988;8;2;2.43;2.5;7.7;7.7;3.39;3.38;0.2;0.09;435.53;453.97;146.93;84.76;145.88;165.17;17.47;13.85;23.88
1988;8;3;11.24;11.3;7;7;3.23;3.23;0.08;0.03;436.39;455.02;147.63;85.25;136.75;154.82;18.97;15.41;32.47
1988;8;4;14.98;14.96;4.5;4.5;2.62;2.62;0.02;0.01;437.42;455.97;148.46;85.89;130.84;148.13;20.28;17.17;29.83
1988;8;5;0;0;5.9;5.9;2.98;2.98;0.2;0.09;436.11;455.25;149.35;86.58;123.21;139.5;18.15;15.2;25.13
1988;8;6;0;0;8;8;3.45;3.45;0.23;0.11;435.15;454.92;150.06;87.1;112.89;127.81;16.59;13.2;21.84
1988;8;7;1.46;1.37;8.8;8.8;3.6;3.61;0.21;0.1;434.63;454.94;150.58;87.41;101.51;114.92;17.22;13.42;24.17
1988;8;8;10.91;11.06;6.5;6.5;3.12;3.12;0.08;0.03;435.32;455.78;151.04;87.68;92.99;105.28;18.93;15.3;22.34
1988;8;9;1.76;1.83;5;5;2.75;2.75;0.17;0.08;434.19;455.13;151.51;87.96;86.5;97.94;17.63;14.59;20.47
1988;8;10;0.1;0.11;8.2;8.2;3.49;3.49;0.23;0.11;433.32;454.87;151.85;88.12;75.91;85.94;16.37;13.16;22.06
1988;8;11;4.82;4.72;7.6;7.6;3.37;3.36;0.15;0.07;433.25;455.1;152.08;88.17;66.03;74.76;17.43;13.83;25.18
1988;8;12;7.6;7.59;6.9;6.9;3.21;3.21;0.11;0.05;433.53;455.56;152.33;88.25;57.03;64.57;18.57;15.06;24.88
1988;8;13;1.78;1.91;7.2;7.2;3.27;3.28;0.19;0.09;432.76;455.32;152.61;88.36;47.71;54.02;18.11;14.7;24.68
1988;8;14;1.19;1.24;8.7;8.7;3.59;3.59;0.22;0.1;432.16;455.28;152.85;88.46;36.47;41.29;17.71;14.06;24.42
1988;8;15;9.68;9.77;7.5;7.5;3.34;3.34;0.09;0.04;432.89;456.11;153.12;88.58;26.67;30.2;19.21;15.48;23.66
1988;8;16;1.89;2;6.6;6.6;3.14;3.14;0.18;0.08;432.06;455.75;153.45;88.78;18.13;20.52;18.59;15.18;22.13
1988;8;17;0;0;7;7;3.23;3.23;0.2;0.1;431.02;455.23;153.69;88.9;9.1;10.3;16.69;13.46;21.52
1988;8;18;0.01;0.01;8.3;8.3;3.51;3.51;0.12;0;430.02;454.75;153.77;88.84;0;0;16.01;12.55;19.83
1988;8;19;1.02;1.08;8.6;8.6;3.57;3.57;0.68;0.64;427.49;452.48;153.58;88.49;0;0;21.91;18.16;19.02
1988;8;20;40.82;41.11;6.2;6.2;3.06;3.05;0;0;432.84;456.29;153.43;88.19;0;0;27.17;23.57;27.04
1988;8;21;6.14;6.14;2.2;2.2;1.84;1.86;0.24;0.25;431.56;454.99;153.63;88.25;0.39;0.44;20.39;18.13;19.7
1988;8;22;11.34;11.19;-0.8;-0.8;0;0;0;0;429.54;453.22;153.79;88.22;11.73;11.63;12.38;11.34;10.98
1988;8;23;0.52;0.46;-0.2;-0.1;0;0;0;0;427.52;451.46;153.49;87.69;12.25;12.09;8.88;8.1;7.74
1988;8;24;2.84;2.86;-0.1;-0.1;0;0;0;0;425.52;449.7;152.72;86.64;15.08;14.95;7.64;6.97;7.02
1988;8;25;6.75;6.71;-0.6;-0.6;0;0;0;0;423.53;447.96;151.55;85.16;21.83;21.66;7.1;6.49;6.47
1988;8;26;1.71;1.65;-0.6;-0.6;0;0;0;0;421.55;446.21;150.07;83.35;23.54;23.31;6.83;6.26;6.03
1988;8;27;2.21;2.14;3;3;2.16;2.16;0.14;0.12;422.33;446.27;148.49;81.43;13.55;14.11;8.86;8.23;7.8
1988;8;28;0.13;0.14;6.2;6.2;3.05;3.05;0.08;0.09;422.27;446.04;147.03;79.64;4.14;4.69;10.75;10.01;10.81
1988;8;29;18.59;18.63;5;5;2.75;2.75;0;0;424.71;448.02;145.94;78.25;0;0;14.5;12.85;13.1
1988;8;30;0.19;0.21;4;4;2.46;2.47;0.5;0.47;422.25;445.85;145.19;77.22;0;0;17.08;14.81;11.84
1988;8;31;2.46;2.58;4.7;4.7;2.67;2.67;0.85;0.87;419.89;443.66;144.45;76.19;0;0;14.73;12.51;11.06
1988;9;1;1.19;1.23;4;3.9;2.1;2.09;0.37;0.35;417.79;441.8;143.53;74.99;0;0;9.73;7.5;9.96
1988;9;2;33.44;33.46;-0.1;-0.1;0;0;0;0;415.84;440.08;142.41;73.57;33.44;33.46;7.64;6.2;9.65
1988;9;3;2.31;2.24;-1.7;-1.7;0;0;0;0;413.9;438.37;141.09;71.95;35.74;35.7;6.29;5.63;5.55
1988;9;4;0.46;0.42;3.2;3.3;1.91;1.93;0.19;0.17;414.68;438.84;139.73;70.28;24.39;24.38;8.1;7.49;7.59
1988;9;5;0.41;0.38;4;4.1;2.13;2.14;0.16;0.13;415.79;439.07;138.54;68.81;13.03;14.22;10.09;9.37;8.7
1988;9;6;1.09;0.98;4.2;4.2;2.17;2.16;0.06;0.06;415.28;438.58;137.59;67.57;7.61;8.62;9.95;9.12;11.66
1988;9;7;0.01;0.01;3;3;1.85;1.84;0.08;0.06;413.88;437.52;136.74;66.45;4.5;5.1;9.08;7.79;10.66
1988;9;8;0;0;2.3;2.3;1.62;1.62;0.09;0.05;412.37;436.35;135.88;65.32;2;2.27;8.39;6.84;9.17
1988;9;9;0;0;3.5;3.5;1.98;1.98;0.06;0;410.78;435.1;134.94;64.13;0;0;7.78;6.23;8.73
1988;9;10;0.73;0.78;4.2;4.2;2.16;2.16;0.39;0.37;408.64;433.2;133.91;62.84;0;0;10.94;9.14;10.22
1988;9;11;0.26;0.25;3.7;3.7;2.04;2.04;0.38;0.36;406.44;431.21;132.77;61.45;0;0;7.6;5.71;10.45
1988;9;12;1.69;1.76;4.3;4.3;2.19;2.19;0.37;0.35;404.59;429.56;131.53;59.96;0;0;10.57;8.66;9.28
1988;9;13;13.69;13.71;0.5;0.5;0.76;0.78;0.04;0.04;403.24;428.36;130.26;58.45;11.53;11.46;7.26;5.97;6.89
1988;9;14;3.54;3.47;-4.5;-4.4;0;0;0;0;401.38;426.69;128.96;56.91;15.06;14.93;5.58;4.97;4.56
1988;9;15;2.52;2.48;-4.9;-4.9;0;0;0;0;401.38;426.69;125.53;53.25;17.58;17.41;4.56;4.06;3.55
1988;9;16;3.03;2.96;-4;-4;0;0;0;0;401.38;426.69;122.3;49.83;20.61;20.37;3.93;3.51;3.23
1988;9;17;0.5;0.45;-4.3;-4.3;0;0;0;0;401.38;426.69;119.27;46.63;21.11;20.82;3.62;3.24;3.25
1988;9;18;0.17;0.16;-0.3;-0.3;0;0;0;0;401.38;426.69;116.43;43.63;21.28;20.98;3.39;3.03;3.01
1988;9;19;0.02;0.02;2.9;2.9;1.8;1.81;0.14;0.11;403.88;428.62;113.75;40.83;12.43;12.54;4.16;3.79;3.36
1988;9;20;0.04;0.04;2.8;2.8;1.78;1.78;0.06;0.06;403.77;428.05;113.8;40.83;6.73;7.62;5.47;5;3.82
1988;9;21;0.49;0.51;2.6;2.6;1.72;1.72;0.04;0.05;402.5;427.04;113.82;40.79;4.56;5.16;5.58;5.01;4.36
1988;9;22;0.25;0.27;2.1;2.1;1.55;1.55;0.04;0.05;401.09;425.89;113.78;40.69;2.8;3.17;5.16;4.59;4.78
1988;9;23;1.94;1.96;1.9;1.9;1.48;1.48;0.04;0.04;399.94;424.89;113.67;40.52;1.99;2.25;4.98;4.45;3.84
1988;9;24;0.47;0.44;2.3;2.3;1.62;1.62;0.04;0.05;398.66;423.83;113.5;40.28;0.14;0.16;4.93;4.4;4.4
1988;9;25;0;0;1.4;1.4;1.26;1.28;0.02;0;396.84;422.22;113.25;39.96;0;0;4.61;3.91;3.9
1988;9;26;0.24;0.24;4.1;4.1;2.14;2.14;0.39;0.38;394.7;420.26;112.9;39.54;0;0;7.72;6.49;5.37
1988;9;27;0.54;0.57;3.5;3.5;1.98;1.98;0.35;0.34;392.68;418.43;112.46;39.01;0;0;5.42;3.86;6.41
1988;9;28;0.17;0.18;4;4;2.11;2.11;0.38;0.37;390.55;416.48;111.93;38.4;0;0;7.97;6.31;6.96
1988;9;29;2.08;2.11;3.5;3.5;1.98;1.98;0.32;0.31;389.07;415.11;111.36;37.74;0;0;5.7;4;7.05
1988;9;30;1.18;1.21;2.9;2.9;1.82;1.81;0.04;0;387.6;413.82;110.77;37.08;0;0;5.24;3.62;6.53
1988;10;1;0.12;0.12;2.9;2.9;1.62;1.6;0.04;0;385.83;412.25;110.17;36.4;0;0;4.93;3.34;6.42
1988;10;2;0;0;3.2;3.2;1.68;1.68;0.29;0.28;383.78;410.37;109.55;35.69;0;0;6.99;5.41;6.38
1988;10;3;0.37;0.38;3.3;3.3;1.71;1.71;0.29;0.28;381.87;408.6;108.89;34.96;0;0;4.94;3.35;6.68
1988;10;4;5.62;5.56;1.2;1.2;1.06;1.05;0.05;0.04;381.47;408.01;108.25;34.24;1.89;2.14;4.58;3.52;4.99
1988;10;5;3.29;3.29;-0.9;-0.9;0;0;0;0;379.74;406.42;107.64;33.56;5.18;5.43;3.92;3.38;3.65
1988;10;6;1.97;1.96;-0.6;-0.6;0;0;0;0;378.02;404.84;107.05;32.89;7.15;7.39;3.42;2.94;2.98
1988;10;7;6.78;6.73;0.1;0.1;0.28;0.32;0.03;0.03;376.38;403.35;106.44;32.22;13.66;13.82;3.23;2.78;2.54
1988;10;8;1.76;1.71;-6.2;-6.2;0;0;0;0;376.38;403.35;104.41;30.15;15.42;15.53;2.74;2.32;2.04
1988;10;9;0.06;0.05;0.1;0.1;0.32;0.32;0.05;0.05;376.42;403.4;102.5;28.21;15.29;15.37;2.36;1.99;2.13
1988;10;10;4.66;4.59;0.3;0.3;0.52;0.54;0.05;0.05;376.72;403.74;100.7;26.39;18.94;18.83;2.17;1.84;2.45
1988;10;11;3.45;3.59;1.9;1.8;1.31;1.28;0.11;0.09;377.81;404.04;100.65;26.36;15.25;16.27;3.17;2.8;3.36
1988;10;12;25.61;26.01;1.6;1.5;1.2;1.17;0;0;379.23;404.39;100.66;26.37;33.17;36.07;4.57;4.06;6.09
1988;10;13;3.57;3.5;1.5;1.4;1.16;1.13;0.1;0.08;379.18;403.89;100.78;26.48;32.42;36.01;4.76;4.13;4.03
1988;10;14;1.94;2;1.6;1.5;1.19;1.17;0.09;0.1;379.12;403.67;100.96;26.66;29.63;33.54;4.62;3.96;3.48
1988;10;15;0.01;0.01;3.1;3.1;1.66;1.66;0.09;0.1;379.01;403.95;101.21;26.89;24.27;27.48;4.87;4.24;3.32
1988;10;16;0.69;0.69;1.6;1.6;1.2;1.21;0.06;0.07;378.22;403.39;101.5;27.16;21.95;24.85;4.68;4.12;3
1988;10;17;0.22;0.21;1.3;1.3;1.09;1.09;0.06;0.07;377.21;402.61;101.78;27.44;19.84;22.46;4.19;3.67;2.95
1988;10;18;0.08;0.07;3;3;1.62;1.63;0.04;0.05;376.45;402.12;102.02;27.69;16.81;19.04;4.07;3.58;2.81
1988;10;19;0.89;0.93;1.3;1.3;1.11;1.09;0.03;0.03;375.24;401.09;102.22;27.9;16.14;18.27;3.86;3.39;2.79
1988;10;20;4.58;4.48;0.5;0.5;0.7;0.69;0.05;0.05;374.26;400.09;102.37;28.04;18.77;20.94;3.62;3.15;2.72
1988;10;21;0.28;0.28;-0.6;-0.6;0;0;0;0;372.56;398.54;102.44;28.11;19.05;21.22;3.28;2.81;2.47
1988;10;22;0.1;0.1;-0.4;-0.4;0;0;0;0;370.87;396.99;102.41;28.08;19.14;21.32;2.97;2.5;2.24
1988;10;23;0;0;-0.4;-0.4;0;0;0;0;369.19;395.44;102.29;27.95;19.14;21.32;2.84;2.39;2.12
1988;10;24;2.46;2.42;-2;-2;0;0;0;0;369.19;395.44;100.51;26.15;21.6;23.74;2.41;1.99;2.02
1988;10;25;0.06;0.05;-2.6;-2.6;0;0;0;0;369.19;395.44;98.83;24.47;21.66;23.79;2.09;1.72;1.98
1988;10;26;0;0;-2.4;-2.4;0;0;0;0;369.19;395.44;97.24;22.9;21.66;23.79;1.93;1.59;1.92
1988;10;27;0;0;-0.8;-0.8;0;0;0;0;369.19;395.44;95.74;21.43;21.66;23.79;1.81;1.49;2.01
1988;10;28;0;0;0.7;0.7;0.81;0.81;0.06;0.05;369.87;395.91;94.33;20.05;19.96;22.35;1.71;1.39;2.01
1988;10;29;2.58;2.34;-0.9;-0.9;0;0;0;0;369.87;395.91;93;18.76;22.54;24.69;1.62;1.3;1.99
1988;10;30;0.54;0.51;-4.7;-4.7;0;0;0;0;369.87;395.91;91.74;17.56;23.08;25.2;1.53;1.22;1.88
1988;10;31;0.08;0.08;-7.2;-7.2;0;0;0;0;369.87;395.91;90.55;16.43;23.16;25.28;1.45;1.14;1.72
1988;11;1;0;0;-4.3;-4.3;0;0;0;0;369.87;395.91;89.42;15.38;23.16;25.28;1.38;1.07;1.81
1988;11;2;5.2;5.04;-4.9;-4.9;0;0;0;0;369.87;395.91;88.35;14.39;28.36;30.32;1.3;1;1.7
1988;11;3;1.44;1.38;-9.3;-9.2;0;0;0;0;369.87;395.91;87.34;13.46;29.8;31.7;1.24;0.94;1.66
1988;11;4;0;0;-11.7;-11.5;0;0;0;0;369.87;395.91;86.39;12.6;29.8;31.7;1.17;0.88;1.36
1988;11;5;0;0;-9;-8.9;0;0;0;0;369.87;395.91;85.48;11.79;29.8;31.7;1.11;0.82;1.35
1988;11;6;0;0;-7.2;-7.1;0;0;0;0;369.87;395.91;84.62;11.04;29.8;31.7;1.05;0.77;1.45
1988;11;7;0;0;-4.6;-4.5;0;0;0;0;369.87;395.91;83.8;10.33;29.8;31.7;1;0.72;1.59
1988;11;8;0;0;-3.4;-3.3;0;0;0;0;369.87;395.91;83.03;9.66;29.8;31.7;0.95;0.67;1.63
1988;11;9;0;0;-3.2;-3.2;0;0;0;0;369.87;395.91;82.29;9.04;29.8;31.7;0.9;0.63;1.66
1988;11;10;0;0;-3;-3;0;0;0;0;369.87;395.91;81.59;8.46;29.8;31.7;0.86;0.59;1.63
1988;11;11;0;0;-2.9;-2.9;0;0;0;0;369.87;395.91;80.92;7.92;29.8;31.7;0.82;0.55;1.56
1988;11;12;0;0;-2.3;-2.3;0;0;0;0;369.87;395.91;80.28;7.42;29.8;31.7;0.78;0.52;1.52
1988;11;13;5.53;5.35;-3.5;-3.5;0;0;0;0;369.87;395.91;79.67;6.94;35.33;37.05;0.75;0.48;1.46
1988;11;14;1.07;1.01;-8.3;-8.3;0;0;0;0;369.87;395.91;79.09;6.5;36.4;38.06;0.71;0.45;1.29
1988;11;15;4.93;4.7;-8.3;-8.3;0;0;0;0;369.87;395.91;78.54;6.08;41.33;42.76;0.68;0.42;1.24
1988;11;16;0.14;0.13;-6;-6;0;0;0;0;369.87;395.91;78.01;5.69;41.47;42.89;0.65;0.4;1.22
1988;11;17;0;0;-5.9;-5.8;0;0;0;0;369.87;395.91;77.5;5.33;41.47;42.89;0.62;0.37;1.18
1988;11;18;4.51;4.5;-6.6;-6.5;0;0;0;0;369.87;395.91;77.01;4.99;45.97;47.39;0.6;0.35;1.14
1988;11;19;2.68;2.56;-10.3;-10.3;0;0;0;0;369.87;395.91;76.54;4.67;48.65;49.95;0.57;0.32;1.1
1988;11;20;2.61;2.65;-12.3;-12.2;0;0;0;0;369.87;395.91;76.09;4.37;51.27;52.6;0.55;0.3;1.06
1988;11;21;8.34;8.18;-16.1;-16;0;0;0;0;369.87;395.91;75.66;4.09;59.61;60.78;0.53;0.28;0.99
1988;11;22;0.61;0.58;-22.3;-22.3;0;0;0;0;369.87;395.91;75.25;3.83;60.22;61.36;0.51;0.27;0.84
1988;11;23;0.1;0.09;-24.3;-24.3;0;0;0;0;369.87;395.91;74.85;3.58;60.32;61.45;0.49;0.25;0.9
1988;11;24;0.04;0.04;-18.7;-18.7;0;0;0;0;369.87;395.91;74.46;3.36;60.37;61.49;0.47;0.23;0.95
1988;11;25;0.12;0.12;-13.6;-13.6;0;0;0;0;369.87;395.91;74.09;3.14;60.49;61.6;0.45;0.22;1.17
1988;11;26;0;0;-13.6;-13.6;0;0;0;0;369.87;395.91;73.73;2.94;60.49;61.6;0.44;0.2;1.01
1988;11;27;0;0;-13;-13;0;0;0;0;369.87;395.91;73.39;2.75;60.49;61.6;0.42;0.19;0.9
1988;11;28;0.02;0.02;-15;-15;0;0;0;0;369.87;395.91;73.05;2.58;60.51;61.62;0.41;0.18;0.86
1988;11;29;1.46;1.41;-7.6;-7.6;0;0;0;0;369.87;395.91;72.72;2.42;61.98;63.03;0.4;0.17;0.87
1988;11;30;3.06;3.03;-5.3;-5.3;0;0;0;0;369.87;395.91;72.41;2.26;65.03;66.06;0.38;0.16;0.85
1988;12;1;5.63;5.82;-6.5;-6.5;0;0;0;0;369.87;395.91;72.1;2.12;70.66;71.89;0.37;0.15;0.8
1988;12;2;9.28;9.26;-6.6;-6.6;0;0;0;0;369.87;395.91;71.8;1.98;79.94;81.14;0.36;0.14;0.8
1988;12;3;2.96;2.87;-8.4;-8.4;0;0;0;0;369.87;395.91;71.51;1.86;82.91;84.02;0.35;0.13;0.77
1988;12;4;13.78;13.63;-11.1;-11.1;0;0;0;0;369.87;395.91;71.23;1.74;96.68;97.64;0.34;0.12;0.76
1988;12;5;20.81;20.55;-7.8;-7.8;0;0;0;0;369.87;395.91;70.95;1.63;117.49;118.19;0.33;0.11;0.75
1988;12;6;7.17;7.01;-13.7;-13.7;0;0;0;0;369.87;395.91;70.68;1.53;124.66;125.2;0.32;0.11;0.74
1988;12;7;4.05;3.89;-17.3;-17.3;0;0;0;0;369.87;395.91;70.42;1.43;128.7;129.09;0.32;0.1;0.71
1988;12;8;0.52;0.49;-18.1;-18.1;0;0;0;0;369.87;395.91;70.17;1.34;129.22;129.59;0.31;0.09;0.71
1988;12;9;5.24;5.08;-13.2;-13.2;0;0;0;0;369.87;395.91;69.91;1.26;134.47;134.66;0.3;0.09;0.7
1988;12;10;10.66;10.36;-9.5;-9.5;0;0;0;0;369.87;395.91;69.67;1.18;145.12;145.03;0.29;0.08;0.69
1988;12;11;1.33;1.27;-7.2;-7.2;0;0;0;0;369.87;395.91;69.43;1.1;146.45;146.29;0.29;0.08;0.68
1988;12;12;4.13;3.99;-11.9;-11.9;0;0;0;0;369.87;395.91;69.19;1.04;150.59;150.28;0.28;0.07;0.66
1988;12;13;0.3;0.29;-13.3;-13.3;0;0;0;0;369.87;395.91;68.96;0.97;150.89;150.57;0.28;0.07;0.65
1988;12;14;5.04;4.91;-14.7;-14.7;0;0;0;0;369.87;395.91;68.73;0.91;155.93;155.49;0.27;0.06;0.64
1988;12;15;4.43;4.29;-15.8;-15.8;0;0;0;0;369.87;395.91;68.51;0.85;160.36;159.78;0.27;0.06;0.63
1988;12;16;0.02;0.02;-19.1;-19.1;0;0;0;0;369.87;395.91;68.29;0.8;160.38;159.79;0.26;0.06;0.62
1988;12;17;0.2;0.18;-20.3;-20.3;0;0;0;0;369.87;395.91;68.07;0.75;160.58;159.97;0.26;0.05;0.61
1988;12;18;0.48;0.47;-18.1;-18.1;0;0;0;0;369.87;395.91;67.86;0.7;161.06;160.44;0.25;0.05;0.6
1988;12;19;18.79;18.56;-11.3;-11.3;0;0;0;0;369.87;395.91;67.65;0.66;179.85;179;0.25;0.05;0.58
1988;12;20;4.71;4.52;-15.1;-15.1;0;0;0;0;369.87;395.91;67.44;0.62;184.56;183.52;0.25;0.04;0.57
1988;12;21;0.91;0.87;-12.9;-12.9;0;0;0;0;369.87;395.91;67.23;0.58;185.47;184.39;0.24;0.04;0.57
1988;12;22;0.06;0.06;-9.5;-9.5;0;0;0;0;369.87;395.91;67.03;0.55;185.53;184.45;0.24;0.04;0.56
1988;12;23;0.26;0.24;-9.2;-9.2;0;0;0;0;369.87;395.91;66.83;0.51;185.79;184.69;0.24;0.04;0.54
1988;12;24;0.76;0.73;-9.2;-9.2;0;0;0;0;369.87;395.91;66.64;0.48;186.55;185.42;0.23;0.03;0.54
1988;12;25;0.78;0.75;-8;-8;0;0;0;0;369.87;395.91;66.44;0.45;187.33;186.17;0.23;0.03;0.52
1988;12;26;0;0;-11.5;-11.5;0;0;0;0;369.87;395.91;66.25;0.43;187.33;186.17;0.23;0.03;0.51
1988;12;27;0;0;-11.1;-11.1;0;0;0;0;369.87;395.91;66.06;0.4;187.33;186.17;0.22;0.03;0.51
1988;12;28;0.02;0.02;-12.1;-12.1;0;0;0;0;369.87;395.91;65.87;0.38;187.35;186.19;0.22;0.03;0.49
1988;12;29;0;0;-9.4;-9.4;0;0;0;0;369.87;395.91;65.68;0.36;187.35;186.19;0.22;0.02;0.49
1988;12;30;0;0;-10.4;-10.4;0;0;0;0;369.87;395.91;65.49;0.34;187.35;186.19;0.22;0.02;0.49
1988;12;31;0;0;-11.7;-11.7;0;0;0;0;369.87;395.91;65.31;0.32;187.35;186.19;0.22;0.02;0.49
1989;1;1;0;0;-12.3;-12.3;0;0;0;0;369.87;395.91;65.13;0.3;187.35;186.19;0.21;0.02;0.51
1989;1;2;0;0;-12.9;-12.9;0;0;0;0;369.87;395.91;64.95;0.28;187.35;186.19;0.21;0.02;0.52
1989;1;3;0;0;-13.1;-13;0;0;0;0;369.87;395.91;64.77;0.26;187.35;186.19;0.21;0.02;0.52
1989;1;4;0;0;-12.9;-12.9;0;0;0;0;369.87;395.91;64.59;0.25;187.35;186.19;0.21;0.02;0.51
1989;1;5;0.15;0.14;-15.7;-15.7;0;0;0;0;369.87;395.91;64.41;0.24;187.5;186.33;0.21;0.02;0.51
1989;1;6;3.97;3.86;-14.2;-14.2;0;0;0;0;369.87;395.91;64.23;0.22;191.47;190.19;0.21;0.02;0.51
1989;1;7;6.24;6.02;-10.4;-10.4;0;0;0;0;369.87;395.91;64.06;0.21;197.72;196.21;0.2;0.01;0.51
1989;1;8;4.04;3.89;-7.8;-7.8;0;0;0;0;369.87;395.91;63.89;0.2;201.76;200.1;0.2;0.01;0.5
1989;1;9;0;0;-6.3;-6.3;0;0;0;0;369.87;395.91;63.71;0.19;201.76;200.1;0.2;0.01;0.5
1989;1;10;0;0;-7.7;-7.7;0;0;0;0;369.87;395.91;63.54;0.18;201.76;200.1;0.2;0.01;0.5
1989;1;11;0;0;-10.9;-10.9;0;0;0;0;369.87;395.91;63.37;0.17;201.76;200.1;0.2;0.01;0.5
1989;1;12;0;0;-13.5;-13.5;0;0;0;0;369.87;395.91;63.2;0.16;201.76;200.1;0.2;0.01;0.49
1989;1;13;0.45;0.4;-13;-13;0;0;0;0;369.87;395.91;63.03;0.15;202.22;200.5;0.2;0.01;0.49
1989;1;14;0.02;0.02;-11.5;-11.5;0;0;0;0;369.87;395.91;62.87;0.14;202.24;200.52;0.19;0.01;0.49
1989;1;15;0;0;-11;-11;0;0;0;0;369.87;395.91;62.7;0.14;202.24;200.52;0.19;0.01;0.49
1989;1;16;0;0;-7.5;-7.5;0;0;0;0;369.87;395.91;62.53;0.13;202.24;200.52;0.19;0.01;0.48
1989;1;17;0;0;-9.2;-9.2;0;0;0;0;369.87;395.91;62.37;0.12;202.24;200.52;0.19;0.01;0.48
1989;1;18;0;0;-11.7;-11.7;0;0;0;0;369.87;395.91;62.2;0.12;202.24;200.52;0.19;0.01;0.48
1989;1;19;0;0;-11.5;-11.5;0;0;0;0;369.87;395.91;62.04;0.11;202.24;200.52;0.19;0.01;0.47
1989;1;20;0;0;-12.1;-12;0;0;0;0;369.87;395.91;61.88;0.11;202.24;200.52;0.19;0.01;0.47
1989;1;21;0;0;-15.9;-15.9;0;0;0;0;369.87;395.91;61.71;0.1;202.24;200.52;0.19;0.01;0.47
1989;1;22;0.2;0.19;-15.7;-15.7;0;0;0;0;369.87;395.91;61.55;0.1;202.44;200.71;0.19;0.01;0.47
1989;1;23;0;0;-15;-15;0;0;0;0;369.87;395.91;61.39;0.09;202.44;200.71;0.19;0.01;0.47
1989;1;24;0;0;-13.3;-13.3;0;0;0;0;369.87;395.91;61.23;0.09;202.44;200.71;0.19;0.01;0.47
1989;1;25;0;0;-12.7;-12.7;0;0;0;0;369.87;395.91;61.07;0.08;202.44;200.71;0.18;0.01;0.47
1989;1;26;0;0;-12;-12;0;0;0;0;369.87;395.91;60.91;0.08;202.44;200.71;0.18;0.01;0.47
1989;1;27;0;0;-10.2;-10.2;0;0;0;0;369.87;395.91;60.75;0.08;202.44;200.71;0.18;0.01;0.47
1989;1;28;0;0;-9.7;-9.7;0;0;0;0;369.87;395.91;60.59;0.08;202.44;200.71;0.18;0.01;0.47
1989;1;29;0;0;-10.8;-10.8;0;0;0;0;369.87;395.91;60.44;0.07;202.44;200.71;0.18;0;0.47
1989;1;30;0;0;-10.7;-10.7;0;0;0;0;369.87;395.91;60.28;0.07;202.44;200.71;0.18;0;0.47
1989;1;31;0;0;-8.3;-8.3;0;0;0;0;369.87;395.91;60.12;0.07;202.44;200.71;0.18;0;0.47
1989;2;1;0;0;-7.2;-7.1;0;0;0;0;369.87;395.91;59.97;0.06;202.44;200.71;0.18;0;0.47
1989;2;2;0;0;-7.3;-7.3;0;0;0;0;369.87;395.91;59.81;0.06;202.44;200.71;0.18;0;0.46
1989;2;3;0;0;-8.3;-8.3;0;0;0;0;369.87;395.91;59.66;0.06;202.44;200.71;0.18;0;0.46
1989;2;4;0;0;-9.8;-9.8;0;0;0;0;369.87;395.91;59.5;0.06;202.44;200.71;0.18;0;0.46
1989;2;5;0.14;0.14;-11.5;-11.5;0;0;0;0;369.87;395.91;59.35;0.06;202.58;200.85;0.18;0;0.46
1989;2;6;0.08;0.07;-8.5;-8.5;0;0;0;0;369.87;395.91;59.2;0.06;202.65;200.92;0.18;0;0.46
1989;2;7;0;0;-7;-7;0;0;0;0;369.87;395.91;59.04;0.05;202.65;200.92;0.18;0;0.46
1989;2;8;0;0;-6.7;-6.7;0;0;0;0;369.87;395.91;58.89;0.05;202.65;200.92;0.18;0;0.46
1989;2;9;0;0;-7.2;-7.1;0;0;0;0;369.87;395.91;58.74;0.05;202.65;200.92;0.18;0;0.46
1989;2;10;0;0;-7.8;-7.8;0;0;0;0;369.87;395.91;58.59;0.05;202.65;200.92;0.17;0;0.46
1989;2;11;0;0;-7.2;-7.2;0;0;0;0;369.87;395.91;58.44;0.05;202.65;200.92;0.17;0;0.46
1989;2;12;0.35;0.33;-9.3;-9.3;0;0;0;0;369.87;395.91;58.29;0.05;203;201.25;0.17;0;0.46
1989;2;13;4.13;4.04;-13.1;-13.1;0;0;0;0;369.87;395.91;58.14;0.05;207.13;205.29;0.17;0;0.46
1989;2;14;7.22;7.02;-14.8;-14.8;0;0;0;0;369.87;395.91;57.99;0.04;214.35;212.31;0.17;0;0.46
1989;2;15;2.09;2.05;-13.3;-13.3;0;0;0;0;369.87;395.91;57.84;0.04;216.44;214.36;0.17;0;0.46
1989;2;16;2.77;2.69;-9.9;-9.9;0;0;0;0;369.87;395.91;57.69;0.04;219.22;217.05;0.17;0;0.46
1989;2;17;0.16;0.16;-11.9;-11.9;0;0;0;0;369.87;395.91;57.54;0.04;219.38;217.21;0.17;0;0.46
1989;2;18;5.3;5.19;-9;-9;0;0;0;0;369.87;395.91;57.39;0.04;224.69;222.4;0.17;0;0.45
1989;2;19;0.86;0.83;-4.2;-4.2;0;0;0;0;369.87;395.91;57.24;0.04;225.54;223.23;0.17;0;0.46
1989;2;20;0.33;0.32;-6.3;-6.3;0;0;0;0;369.87;395.91;57.1;0.04;225.87;223.55;0.17;0;0.46
1989;2;21;3.36;3.27;-4.9;-4.9;0;0;0;0;369.87;395.91;56.95;0.04;229.22;226.82;0.17;0;0.47
1989;2;22;2.1;2.08;-5.4;-5.4;0;0;0;0;369.87;395.91;56.8;0.04;231.33;228.9;0.17;0;0.47
1989;2;23;1.04;1.11;-6.7;-6.7;0;0;0;0;369.87;395.91;56.66;0.04;232.37;230.01;0.17;0;0.48
1989;2;24;22.26;22.76;-7.9;-7.9;0;0;0;0;369.87;395.91;56.51;0.04;254.63;252.77;0.17;0;0.48
1989;2;25;15.79;16.18;-9.7;-9.7;0;0;0;0;369.87;395.91;56.37;0.04;270.42;268.95;0.17;0;0.49
1989;2;26;8.1;8.05;-12.1;-12.1;0;0;0;0;369.87;395.91;56.22;0.04;278.52;277;0.17;0;0.45
1989;2;27;1.96;1.87;-15.1;-15.1;0;0;0;0;369.87;395.91;56.08;0.04;280.47;278.87;0.17;0;0.67
1989;2;28;1.61;1.58;-15.7;-15.7;0;0;0;0;369.87;395.91;55.94;0.04;282.08;280.45;0.17;0;0.5
1989;3;1;0.13;0.12;-16.6;-16.6;0;0;0;0;369.87;395.91;55.79;0.04;282.21;280.57;0.17;0;0.49
1989;3;2;0.72;0.69;-14.1;-14.1;0;0;0;0;369.87;395.91;55.65;0.04;282.94;281.26;0.16;0;0.48
1989;3;3;10.18;10.01;-9.9;-9.9;0;0;0;0;369.87;395.91;55.51;0.04;293.12;291.27;0.16;0;0.47
1989;3;4;2.14;2.02;-10.5;-10.5;0;0;0;0;369.87;395.91;55.37;0.04;295.26;293.29;0.16;0;0.47
1989;3;5;0;0;-9;-9;0;0;0;0;369.87;395.91;55.22;0.04;295.26;293.29;0.16;0;0.49
1989;3;6;0;0;-6.1;-6.1;0;0;0;0;369.87;395.91;55.08;0.04;295.26;293.29;0.16;0;0.49
1989;3;7;0;0;-6.1;-6.1;0;0;0;0;369.87;395.91;54.94;0.03;295.26;293.29;0.16;0;0.5
1989;3;8;4.21;4.07;-9.2;-9.2;0;0;0;0;369.87;395.91;54.8;0.03;299.47;297.36;0.16;0;0.49
1989;3;9;0.08;0.07;-9.1;-9.1;0;0;0;0;369.87;395.91;54.66;0.03;299.55;297.43;0.16;0;0.47
1989;3;10;0;0;-5.9;-5.9;0;0;0;0;369.87;395.91;54.52;0.03;299.55;297.43;0.16;0;0.49
1989;3;11;0;0;-3.3;-3.3;0;0;0;0;369.87;395.91;54.38;0.03;299.55;297.43;0.16;0;0.56
1989;3;12;0.57;0.58;-4.2;-4.2;0;0;0;0;369.87;395.91;54.24;0.03;300.12;298.01;0.16;0;0.57
1989;3;13;2.67;2.57;-3.5;-3.5;0;0;0;0;369.87;395.91;54.1;0.03;302.79;300.58;0.16;0;0.59
1989;3;14;2.21;2.22;-8.6;-8.6;0;0;0;0;369.87;395.91;53.96;0.03;304.99;302.8;0.16;0;0.58
1989;3;15;2.38;2.35;-6.7;-6.7;0;0;0;0;369.87;395.91;53.83;0.03;307.37;305.15;0.16;0;0.55
1989;3;16;0.53;0.56;-4.7;-4.7;0;0;0;0;369.87;395.91;53.69;0.03;307.9;305.71;0.16;0;0.58
1989;3;17;3.52;3.6;-5.4;-5.4;0;0;0;0;369.87;395.91;53.55;0.03;311.42;309.31;0.16;0;0.57
1989;3;18;14.09;14.24;-5.6;-5.6;0;0;0;0;369.87;395.91;53.41;0.03;325.51;323.55;0.16;0;0.54
1989;3;19;0.2;0.21;-6.9;-6.9;0;0;0;0;369.87;395.91;53.27;0.03;325.71;323.76;0.16;0;0.53
1989;3;20;0.39;0.41;-6.2;-6.2;0;0;0;0;369.87;395.91;53.14;0.03;326.1;324.17;0.16;0;0.54
1989;3;21;4.31;4.35;-7.2;-7.2;0;0;0;0;369.87;395.91;53;0.03;330.41;328.52;0.16;0;0.54
1989;3;22;0.6;0.58;-7.4;-7.4;0;0;0;0;369.87;395.91;52.87;0.03;331.01;329.1;0.16;0;0.52
1989;3;23;1.77;1.69;-10.6;-10.6;0;0;0;0;369.87;395.91;52.73;0.03;332.78;330.79;0.16;0;0.51
1989;3;24;0.46;0.45;-8.9;-8.9;0;0;0;0;369.87;395.91;52.6;0.03;333.24;331.24;0.16;0;0.51
1989;3;25;0.38;0.36;-5.7;-5.7;0;0;0;0;369.87;395.91;52.46;0.03;333.62;331.6;0.15;0;0.53
1989;3;26;0;0;-4.3;-4.3;0;0;0;0;369.87;395.91;52.33;0.03;333.62;331.6;0.15;0;0.63
1989;3;27;0;0;-2.6;-2.6;0;0;0;0;369.87;395.91;52.19;0.03;333.62;331.6;0.15;0;0.73
1989;3;28;0;0;-2.4;-2.4;0;0;0;0;369.87;395.91;52.06;0.03;333.62;331.6;0.15;0;0.84
1989;3;29;0.17;0.16;-2.8;-2.8;0;0;0;0;369.87;395.91;51.93;0.03;333.79;331.76;0.15;0;0.94
1989;3;30;0;0;-2.3;-2.3;0;0;0;0;369.87;395.91;51.79;0.03;333.79;331.76;0.15;0;1.04
1989;3;31;0;0;-2.3;-2.3;0;0;0;0;369.87;395.91;51.66;0.03;333.79;331.76;0.15;0;1
1989;4;1;5.85;5.72;-4;-4;0;0;0;0;369.87;395.91;51.53;0.03;339.64;337.48;0.15;0;0.92
1989;4;2;4.21;3.98;-4.4;-4.4;0;0;0;0;369.87;395.91;51.4;0.03;343.85;341.46;0.15;0;0.86
1989;4;3;6.94;7.15;-4.6;-4.6;0;0;0;0;369.87;395.91;51.27;0.03;350.79;348.61;0.15;0;0.75
1989;4;4;18.81;19.19;-4;-4;0;0;0;0;369.87;395.91;51.13;0.03;369.6;367.8;0.15;0;0.72
1989;4;5;20.78;21.28;-5.9;-5.9;0;0;0;0;369.87;395.91;51;0.03;390.38;389.08;0.15;0;0.77
1989;4;6;3.29;3.25;-7.8;-7.8;0;0;0;0;369.87;395.91;50.87;0.03;393.66;392.33;0.15;0;0.67
1989;4;7;0.05;0.06;-8.1;-8.1;0;0;0;0;369.87;395.91;50.74;0.03;393.72;392.39;0.15;0;0.64
1989;4;8;2.03;2.13;-6.2;-6.2;0;0;0;0;369.87;395.91;50.61;0.03;395.75;394.52;0.15;0;0.64
1989;4;9;0.64;0.65;-4.4;-4.4;0;0;0;0;369.87;395.91;50.48;0.03;396.39;395.17;0.15;0;0.69
1989;4;10;0.34;0.34;-4.1;-4.1;0;0;0;0;369.87;395.91;50.35;0.03;396.73;395.51;0.15;0;0.69
1989;4;11;0.65;0.66;-2.9;-2.9;0;0;0;0;369.87;395.91;50.23;0.03;397.37;396.17;0.15;0;0.68
1989;4;12;8.01;8.25;-3.7;-3.7;0;0;0;0;369.87;395.91;50.1;0.03;405.38;404.42;0.15;0;0.69
1989;4;13;15.26;15.45;-4;-4;0;0;0;0;369.87;395.91;49.97;0.03;420.64;419.87;0.15;0;0.62
1989;4;14;6.6;6.42;-5.6;-5.6;0;0;0;0;369.87;395.91;49.84;0.03;427.24;426.29;0.15;0;0.68
1989;4;15;1.42;1.34;-5.6;-5.6;0;0;0;0;369.87;395.91;49.71;0.03;428.65;427.63;0.15;0;0.6
1989;4;16;1.71;1.75;-4.8;-4.8;0;0;0;0;369.87;395.91;49.59;0.03;430.36;429.38;0.15;0;0.65
1989;4;17;9.99;9.86;-5.9;-5.9;0;0;0;0;369.87;395.91;49.46;0.03;440.36;439.24;0.15;0;0.68
1989;4;18;1.89;1.83;-6.3;-6.3;0;0;0;0;369.87;395.91;49.33;0.03;442.25;441.07;0.15;0;0.66
1989;4;19;3.81;3.84;-7;-7;0;0;0;0;369.87;395.91;49.21;0.03;446.06;444.91;0.15;0;0.68
1989;4;20;1.15;1.2;-6.2;-6.2;0;0;0;0;369.87;395.91;49.08;0.03;447.2;446.11;0.15;0;0.67
1989;4;21;13.51;13.61;-5.2;-5.2;0;0;0;0;369.87;395.91;48.95;0.03;460.71;459.72;0.14;0;0.67
1989;4;22;14.31;14.49;-7.4;-7.4;0;0;0;0;369.87;395.91;48.83;0.03;475.02;474.21;0.14;0;0.65
1989;4;23;1.28;1.22;-7.7;-7.7;0;0;0;0;369.87;395.91;48.7;0.03;476.3;475.43;0.14;0;0.68
1989;4;24;0;0;-6;-6;0;0;0;0;369.87;395.91;48.58;0.03;476.3;475.43;0.14;0;0.71
1989;4;25;1.54;1.61;-4.7;-4.7;0;0;0;0;369.87;395.91;48.46;0.03;477.84;477.04;0.14;0;0.72
1989;4;26;6.62;6.85;-4.3;-4.3;0;0;0;0;369.87;395.91;48.33;0.03;484.46;483.89;0.14;0;0.7
1989;4;27;24.7;24.97;-5;-5;0;0;0;0;369.87;395.91;48.21;0.03;509.16;508.86;0.14;0;0.66
1989;4;28;8.34;8.29;-7.4;-7.4;0;0;0;0;369.87;395.91;48.09;0.03;517.5;517.15;0.14;0;0.63
1989;4;29;0.26;0.23;-7.6;-7.6;0;0;0;0;369.87;395.91;47.96;0.03;517.76;517.38;0.14;0;0.65
1989;4;30;0.88;0.8;-8;-8;0;0;0;0;369.87;395.91;47.84;0.03;518.64;518.18;0.14;0;0.67
1989;5;1;0.73;0.67;-5.4;-5.4;0;0;0;0;369.87;395.91;47.72;0.03;519.37;518.85;0.14;0;0.64
1989;5;2;0;0;-3.7;-3.7;0;0;0;0;369.87;395.91;47.59;0.03;519.37;518.85;0.14;0;0.68
1989;5;3;0.07;0.06;-3.7;-3.7;0;0;0;0;369.87;395.91;47.47;0.03;519.44;518.91;0.14;0;0.78
1989;5;4;0;0;-0.9;-0.9;0;0;0;0;369.87;395.91;47.35;0.03;519.44;518.91;0.14;0;1.12
1989;5;5;0;0;-0.5;-0.5;0;0;0;0;369.87;395.91;47.23;0.03;519.44;518.91;0.14;0;1.5
1989;5;6;2.91;2.82;-3.3;-3.3;0;0;0;0;369.87;395.91;47.11;0.03;522.34;521.73;0.14;0;1.49
1989;5;7;0.04;0.04;-5.2;-5.2;0;0;0;0;369.87;395.91;46.99;0.03;522.39;521.77;0.14;0;1.25
1989;5;8;0;0;-3.1;-3.1;0;0;0;0;369.87;395.91;46.87;0.03;522.39;521.77;0.14;0;1.29
1989;5;9;0;0;-0.7;-0.7;0;0;0;0;369.87;395.91;46.75;0.03;522.39;521.77;0.14;0;1.74
1989;5;10;2.11;2.1;-1.4;-1.4;0;0;0;0;369.87;395.91;46.63;0.03;524.5;523.87;0.14;0;1.98
1989;5;11;2.1;2.14;-1.1;-1.1;0;0;0;0;369.87;395.91;46.51;0.03;526.6;526;0.14;0;2.12
1989;5;12;2.21;2.29;-0.4;-0.4;0;0;0;0;369.87;395.91;46.39;0.03;528.81;528.29;0.14;0;2.52
1989;5;13;9.16;9.28;-1.2;-1.2;0;0;0;0;369.87;395.91;46.27;0.03;537.97;537.58;0.14;0;2.28
1989;5;14;6.88;6.73;-3.8;-3.8;0;0;0;0;369.87;395.91;46.15;0.03;544.85;544.3;0.14;0;1.89
1989;5;15;1.41;1.34;-3.1;-3.1;0;0;0;0;369.87;395.91;46.04;0.03;546.25;545.64;0.14;0;1.46
1989;5;16;0.32;0.31;-2;-2;0;0;0;0;369.87;395.91;45.92;0.03;546.57;545.96;0.14;0;1.39
1989;5;17;2.92;2.94;-1.2;-1.2;0;0;0;0;369.87;395.91;45.8;0.03;549.5;548.89;0.14;0;1.7
1989;5;18;1.84;1.85;-0.9;-0.9;0;0;0;0;369.87;395.91;45.68;0.03;551.33;550.75;0.14;0;2.72
1989;5;19;5.78;5.8;-1.1;-1.1;0;0;0;0;369.87;395.91;45.57;0.03;557.11;556.54;0.13;0;3.17
1989;5;20;0.33;0.34;-0.7;-0.7;0;0;0;0;369.87;395.91;45.45;0.03;557.45;556.88;0.13;0;3.16
1989;5;21;0;0;-0.4;-0.4;0;0;0;0;369.87;395.91;45.33;0.03;557.45;556.88;0.13;0;3.66
1989;5;22;0.13;0.13;0.4;0.4;0.85;0.88;0.13;0.13;369.87;395.91;45.22;0.03;557.44;556.88;0.13;0;5.09
1989;5;23;0.48;0.49;1;1;1.33;1.36;0.2;0.2;368.75;394.65;46.73;1.87;557.01;556.36;0.22;0.09;6.74
1989;5;24;0.12;0.12;0.6;0.7;1.09;1.15;0.17;0.17;367.75;393.51;48.01;3.45;555.92;555.13;0.79;0.66;7.31
1989;5;25;3.27;3.35;-0.1;-0.1;0;0;0;0;366.4;391.99;49.12;4.84;559.18;558.48;1.02;0.89;7.2
1989;5;26;4.02;4.11;-1.5;-1.5;0;0;0;0;366.4;391.99;48.73;4.53;563.21;562.59;0.65;0.52;6.12
1989;5;27;2.83;2.81;-1.6;-1.6;0;0;0;0;366.4;391.99;48.36;4.24;566.04;565.4;0.45;0.32;5.57
1989;5;28;3.03;3.08;-1.3;-1.3;0;0;0;0;366.4;391.99;48.01;3.97;569.07;568.48;0.41;0.28;5.8
1989;5;29;5.43;5.56;-1;-1;0;0;0;0;366.4;391.99;47.67;3.71;574.5;574.04;0.39;0.26;6.38
1989;5;30;3.57;3.7;-0.5;-0.5;0;0;0;0;366.4;391.99;47.34;3.48;578.08;577.74;0.37;0.24;6.04
1989;5;31;3.56;3.63;-0.1;0;0;0;0;0;366.4;391.99;47.04;3.26;581.64;581.37;0.35;0.23;5.55
1989;6;1;7.7;7.66;0.3;0.3;0.68;0.78;0.06;0.06;366.4;391.99;46.74;3.05;589.28;588.96;0.34;0.21;5.51
1989;6;2;10.92;10.84;-0.9;-0.9;0;0;0;0;366.4;391.99;46.45;2.85;600.21;599.8;0.33;0.2;4.78
1989;6;3;17.35;17.35;-2.4;-2.4;0;0;0;0;366.4;391.99;46.18;2.67;617.55;617.15;0.31;0.19;3.58
1989;6;4;10.19;10.21;-4;-4;0;0;0;0;366.4;391.99;45.92;2.5;627.75;627.36;0.3;0.17;3.04
1989;6;5;11.12;11.18;-5.4;-5.4;0;0;0;0;366.4;391.99;45.67;2.34;638.87;638.54;0.29;0.16;2.58
1989;6;6;0.22;0.2;-4.6;-4.6;0;0;0;0;366.4;391.99;45.42;2.19;639.09;638.74;0.28;0.15;2.28
1989;6;7;2.83;2.9;-4.8;-4.8;0;0;0;0;366.4;391.99;45.19;2.06;641.92;641.64;0.27;0.14;2.08
1989;6;8;4.15;4.14;-4;-4;0;0;0;0;366.4;391.99;44.96;1.92;646.07;645.78;0.26;0.13;2.08
1989;6;9;0.01;0.01;-3.8;-3.8;0;0;0;0;366.4;391.99;44.74;1.8;646.08;645.79;0.25;0.13;2.23
1989;6;10;0.14;0.15;-1.6;-1.6;0;0;0;0;366.4;391.99;44.53;1.69;646.22;645.94;0.24;0.12;2.73
1989;6;11;1.01;1.04;-0.2;-0.2;0;0;0;0;366.4;391.99;44.33;1.58;647.23;646.98;0.23;0.11;3.49
1989;6;12;1.98;1.98;0.1;0.1;0.4;0.46;0.06;0.06;366.4;391.99;44.13;1.48;649.15;648.9;0.23;0.1;4.2
1989;6;13;0.74;0.76;0.6;0.6;1.03;1.08;0.15;0.16;366.4;391.99;43.94;1.39;649.73;649.49;0.22;0.1;4.05
1989;6;14;0.83;0.86;2.5;2.6;2.15;2.18;0.32;0.32;366.31;391.88;45.31;3.06;646.66;645.98;0.68;0.56;5.96
1989;6;15;0.02;0.02;1.5;1.5;1.65;1.67;0.26;0.26;365.84;391.71;46.53;4.57;643.01;641.88;1.76;1.63;6.89
1989;6;16;4.7;4.6;-0.6;-0.6;0;0;0;0;364.49;390.19;47.66;5.97;647.7;646.47;1.69;1.55;5.53
1989;6;17;0;0;0.4;0.4;0.86;0.89;0.14;0.14;363.13;388.99;48.7;7.24;646.76;645.43;1.43;1.28;5.07
1989;6;18;2.27;2.27;1.3;1.3;1.55;1.56;0.21;0.21;362.75;388.92;49.64;8.39;645.29;643.5;1.94;1.76;5.9
1989;6;19;0.26;0.27;2.7;2.8;2.24;2.26;0.35;0.34;364.45;391.13;50.61;9.55;635.98;633.04;3.45;3.23;7.49
1989;6;20;0.52;0.5;1.6;1.6;1.73;1.73;0.26;0.26;365.38;391.92;51.67;10.81;629.66;626.73;4.17;3.9;7.71
1989;6;21;5.64;5.59;2.9;2.9;2.29;2.29;0.24;0.24;369.92;395.42;52.88;12.2;619.8;617.7;5.31;4.95;7.58
1989;6;22;14.56;14.6;3.4;3.5;2.5;2.51;0.04;0.04;377.06;401.01;54.38;13.87;611.87;611.15;7.74;7.2;9.93
1989;6;23;34.9;34.86;0.1;0.1;0.4;0.46;0;0;375.43;399.56;56.1;15.74;646.44;645.64;6.37;5.74;10.11
1989;6;24;1.02;0.99;1.3;1.3;1.55;1.56;0.19;0.18;375.19;399.44;57.79;17.54;643.01;642.03;4.29;3.72;6.03
1989;6;25;0.9;0.89;4.3;4.3;2.77;2.77;0.34;0.32;380.96;404.38;59.45;19.3;623.1;622.57;6.39;5.84;8.1
1989;6;26;5.48;5.58;3.5;3.5;2.51;2.51;0.22;0.21;386.11;408.67;61.33;21.25;608.68;608.92;9.03;8.35;9.9
1989;6;27;7.85;7.74;3.2;3.2;2.4;2.4;0.17;0.16;390.95;412.5;63.51;23.5;596.85;597.99;10.09;9.26;9.89
1989;6;28;8.04;7.98;1.1;1.1;1.43;1.44;0.1;0.09;390.55;412.19;65.82;25.86;600.21;601.28;8.27;7.39;11.95
1989;6;29;2.79;2.79;2.6;2.6;2.17;2.18;0.24;0.22;392.42;413.81;68.06;28.12;591.09;592.36;7.21;6.4;10.09
1989;6;30;4;3.97;3.2;3.3;2.42;2.44;0.24;0.23;395.87;416.73;70.26;30.31;578.01;579.67;8.56;7.75;10.79
1989;7;1;4.43;4.38;3.2;3.2;2.41;2.42;0.23;0.22;399.14;419.39;72.53;32.54;565.41;567.67;9.91;9.02;12.11
1989;7;2;10.82;10.66;2.4;2.4;2.1;2.11;0.1;0.1;401.12;421.22;74.86;34.82;562.65;564.75;10.13;9.18;11.01
1989;7;3;25.01;24.96;0;0;0;0;0;0;399.22;419.58;77.06;36.94;587.65;589.71;7.62;6.73;8.94
1989;7;4;4.71;4.73;2.3;2.3;2.06;2.07;0.18;0.16;400.16;420.48;78.98;38.74;582.3;584.36;6.75;5.97;9.81
1989;7;5;1.09;1.08;4.9;4.9;2.97;2.97;0.29;0.26;403.82;423.22;80.77;40.4;564.53;567.85;9.02;8.19;10.75
1989;7;6;1.45;1.56;6.7;6.7;3.44;3.45;0.33;0.29;409.56;427.74;82.72;42.2;538.74;543.69;12.57;11.51;15.27
1989;7;7;9.05;9.24;6.2;6.2;3.32;3.32;0.16;0.14;416.63;433.49;85.12;44.44;513.39;520.05;16.63;15.25;27.4
1989;7;8;5.19;5.17;6;6;3.27;3.27;0.23;0.21;421.95;437.68;88.07;47.2;488.18;496.47;18.84;17.16;28.57
1989;7;9;9.78;9.81;5.5;5.5;3.13;3.14;0.14;0.12;427.4;442.07;91.53;50.42;464.33;474.14;20.28;18.36;26.92
1989;7;10;10.18;10.19;5.5;5.5;3.13;3.14;0.1;0.08;432.36;446.05;95.45;54.05;440.2;451.61;21.87;19.76;24.08
1989;7;11;10.46;10.31;4.9;4.9;2.96;2.97;0.08;0.07;435.42;448.15;99.68;57.92;424.23;437.83;21.45;19.17;24.5
1989;7;12;9.12;9.15;5;5;2.99;3;0.1;0.08;438.02;449.94;104;61.79;407.74;423.6;20.38;17.98;22.79
1989;7;13;1;0.94;5.2;5.2;3.05;3.06;0.22;0.18;439.13;450.45;108.19;65.42;390.62;408.78;18.62;16.17;24.08
1989;7;14;2.61;2.55;2.4;2.4;2.12;2.11;0.14;0.11;438.47;449.73;111.97;68.55;384.64;404.01;15.36;13.03;19.99
1989;7;15;0.06;0.05;2.4;2.4;2.12;2.11;0.16;0.13;437.61;448.86;115.13;70.97;377.42;397.97;12.62;10.55;16.36
1989;7;16;0.68;0.62;2.1;2.1;2;1.98;0.15;0.12;436.66;447.9;117.61;72.66;371.5;393.18;11.19;9.36;16.24
1989;7;17;1.22;1.11;2.1;2.1;2;1.98;0.14;0.11;435.69;446.94;119.48;73.7;366.33;389.06;10.49;8.81;13.48
1989;7;18;2.95;2.81;1.4;1.4;1.66;1.63;0.1;0.08;434.3;445.74;120.83;74.2;365.14;388.38;9.77;8.21;10.36
1989;7;19;0.62;0.59;2.9;2.9;2.31;2.31;0.17;0.14;433.54;445;121.73;74.26;358.41;382.62;9.68;8.22;10.94
1989;7;20;0;0;5.3;5.3;3.08;3.08;0.24;0.19;434.11;445.2;122.39;74.08;344.51;370.65;11.09;9.59;14.54
1989;7;21;0;0;7.1;7.1;3.54;3.55;0.27;0.22;435.78;446.2;123.07;73.92;324.77;353.66;13.52;11.76;18.52
1989;7;22;4.28;4.4;8.3;8.3;3.82;3.82;0.21;0.17;438.83;448.46;124.06;74.05;300.84;332.75;17.01;14.86;23.09
1989;7;23;8.62;8.69;7.5;7.5;3.64;3.64;0.12;0.11;441.7;450.98;125.58;74.69;279.6;313.07;20.34;17.85;28.87
1989;7;24;4.83;4.91;7.4;7.4;3.62;3.62;0.15;0.16;443.23;452.7;127.64;75.86;259.9;293.23;21.4;18.87;30.55
1989;7;25;12.32;12.29;6.3;6.3;3.35;3.35;0.02;0.03;444.48;454.17;130.06;77.41;248.66;281.52;21.11;18.78;27.44
1989;7;26;1.24;1.17;4.7;4.7;2.92;2.91;0.14;0.08;443.09;453.38;132.51;79.02;242.89;274.99;18.26;15.43;25.28
1989;7;27;2.49;2.5;5.2;5.2;3.06;3.06;0.2;0.08;441.94;452.91;134.62;80.33;236.42;267.67;15.9;12.56;19.67
1989;7;28;2.17;2.15;4.8;4.8;2.94;2.94;0.2;0.08;440.74;452.34;136.27;81.22;230.38;260.84;14.76;11.63;19.64
1989;7;29;0.06;0.07;6.5;6.5;3.4;3.4;0.26;0.1;439.48;451.84;137.5;81.73;222.18;251.55;14.44;11.26;20.57
1989;7;30;1.24;1.31;6.3;6.3;3.35;3.35;0.24;0.1;438.42;451.5;138.39;81.96;214.17;242.48;14.72;11.39;19.94
1989;7;31;10.03;10.14;3.2;3.2;2.42;2.42;0.08;0.03;438.02;451.41;139.04;82.01;212.56;240.66;14.73;11.93;19.4
1989;8;1;8.53;8.37;-2;-1.9;0;0;0;0;435.85;449.66;139.43;81.83;221.09;249.03;11.67;9.97;9.95
1989;8;2;2.44;2.29;-2.9;-2.8;0;0;0;0;433.7;447.91;139.41;81.24;223.53;251.32;8.41;7.43;6.7
1989;8;3;0.12;0.11;-0.8;-0.7;0;0;0;0;432.16;446.17;138.33;80.21;223.65;251.43;7.18;6.38;5.99
1989;8;4;0;0;2.9;3;2.14;2.16;0.08;0.07;431.48;445.46;137.61;78.89;216.37;244.92;7.97;7.21;7.84
1989;8;5;1.98;2.08;4.5;4.5;2.62;2.62;0.06;0.07;430.47;444.93;136.78;77.5;211.56;239.53;9.35;8.51;10.01
1989;8;6;2.84;2.97;4.9;4.9;2.72;2.73;0.11;0.07;429.69;444.68;135.97;76.17;206.14;233.39;10.82;9.26;9.29
1989;8;7;0.93;0.98;5.4;5.4;2.86;2.86;0.19;0.08;428.63;444.25;135.24;74.95;199.97;226.4;11.87;9.51;14.16
1989;8;8;10.76;11.05;6;6;3;3;0.09;0.03;429.67;445.7;134.68;73.97;192.84;218.33;14.12;11.49;21.53
1989;8;9;3.51;3.47;4.1;4.1;2.5;2.5;0.14;0.06;428.95;445.41;134.38;73.29;187.9;212.74;14.35;11.8;17.91
1989;8;10;4;4.15;4.1;4.1;2.51;2.5;0.14;0.06;428.3;445.26;134.22;72.8;182.88;207.06;13.05;10.71;15.19
1989;8;11;7.99;8.07;4.8;4.8;2.7;2.7;0.1;0.04;428.64;445.94;134.16;72.43;176.91;200.29;13.69;11.29;12.2
1989;8;12;0.49;0.49;6.2;6.2;3.05;3.05;0.2;0.09;427.75;445.67;134.2;72.19;169.19;191.56;13.87;11.14;16.25
1989;8;13;1.79;1.89;7.4;7.4;3.32;3.32;0.2;0.09;427.37;445.92;134.3;72.03;159.9;181.04;14.11;10.97;21.19
1989;8;14;5.87;5.77;7;7;3.23;3.23;0.14;0.06;427.8;446.71;134.48;71.98;151.02;170.98;15.3;12.01;20.91
1989;8;15;0.1;0.11;9;9;3.64;3.65;0.24;0.11;427.39;447;134.78;72.08;139.63;158.09;15.91;12.31;27.7
1989;8;16;0.46;0.47;10.5;10.5;3.93;3.92;0.25;0.12;427.35;447.67;135.18;72.32;126.31;143;16.79;12.56;26.01
1989;8;17;11.95;11.68;7.9;7.9;3.42;3.43;0.05;0.03;429.19;449.49;135.77;72.77;116.1;131.45;18.82;14.64;25.65
1989;8;18;7.95;7.98;5.5;5.5;2.88;2.88;0.1;0.05;429.57;450.09;136.6;73.5;109;123.41;18.6;15.16;20.81
1989;8;19;0;0;7.2;7.2;3.27;3.28;0.21;0.1;428.71;449.83;137.5;74.3;99.79;112.98;16.47;13.26;20.04
1989;8;20;0;0;8.1;8.1;3.46;3.47;0.22;0.11;428.04;449.78;138.31;75;89.43;101.25;15.53;12.05;23.08
1989;8;21;0.47;0.48;8.2;8.2;3.48;3.49;0.22;0.1;427.49;449.82;138.97;75.56;78.92;89.35;15.61;11.98;21.96
1989;8;22;0.52;0.51;7.8;7.8;3.4;3.4;0.21;0.1;426.9;449.78;139.52;76.02;68.92;78.02;15.58;12;21.98
1989;8;23;0.99;0.92;6.7;6.7;3.16;3.17;0.18;0.09;426.24;449.57;139.96;76.36;60.31;68.28;15.04;11.72;18.9
1989;8;24;0.19;0.19;7.1;7.1;3.25;3.25;0.2;0.1;425.48;449.35;140.28;76.58;51.2;57.97;14.54;11.38;21.04
1989;8;25;0;0;6.1;6.1;3.02;3.03;0.18;0.09;424.53;448.89;140.48;76.68;43.37;49.1;13.93;10.94;18.32
1989;8;26;1.46;1.43;4.1;4.1;2.5;2.5;0.14;0.07;423.54;448.24;140.52;76.61;38.08;43.12;12.73;10.27;13.28
1989;8;27;6.24;6.23;3.9;3.9;2.44;2.44;0.09;0.05;423.5;448.28;140.45;76.43;33.14;37.52;12.68;10.6;15.26
1989;8;28;8.28;7.98;-1.3;-1.3;0;0;0;0;421.52;446.54;140.24;76.09;41.42;45.5;10.46;9.12;7.52
1989;8;29;1.49;1.36;-3.6;-3.5;0;0;0;0;419.56;444.81;139.75;75.44;42.91;46.86;7.45;6.81;5.03
1989;8;30;0.02;0.02;-1;-1;0;0;0;0;418.04;443.08;138.66;74.42;42.94;46.88;6.39;5.87;5.32
1989;8;31;0;0;2.4;2.5;1.95;1.98;0.09;0.06;417.5;442.26;137.63;73.16;37.08;41.53;7.06;6.57;7
1989;9;1;0.77;0.78;3.8;3.9;2.08;2.09;0.05;0.06;416.6;441.41;136.51;71.8;32.88;37.22;7.97;7.42;8.47
1989;9;2;13.08;13.07;0.6;0.6;0.85;0.85;0.02;0.02;415.24;440.16;135.36;70.41;43.3;47.62;7.77;7.18;5.95
1989;9;3;6.73;6.52;-1.4;-1.4;0;0;0;0;413.31;438.45;134.14;68.94;50.03;54.14;6.77;6.19;4.11
1989;9;4;3.68;3.55;-2.4;-2.4;0;0;0;0;413.31;438.45;130.04;64.51;53.72;57.69;5.48;4.97;3.3
1989;9;5;0.02;0.02;-1.1;-1;0;0;0;0;413.31;438.45;126.19;60.36;53.74;57.71;4.68;4.25;2.94
1989;9;6;0.05;0.06;0.4;0.5;0.69;0.78;0.08;0.1;413.53;438.71;122.57;56.48;52.52;56.33;4.3;3.93;2.68
1989;9;7;0;0;1.9;1.9;1.47;1.48;0.11;0.09;412.97;437.96;122.2;55.98;47;51.13;5.31;4.92;2.7
1989;9;8;0;0;4.1;4.1;2.14;2.14;0.06;0.07;413.28;437.59;121.74;55.38;38.89;44.03;6.96;6.44;3.04
1989;9;9;1.15;1.08;2.2;2.2;1.59;1.59;0.04;0.05;411.97;436.46;121.29;54.78;37.16;42.07;7.1;6.46;2.7
1989;9;10;3.01;2.94;2.6;2.6;1.72;1.72;0.04;0.04;411.06;435.65;120.83;54.17;35.7;40.42;6.81;6.17;2.65
1989;9;11;6.21;6.16;1.5;1.5;1.32;1.32;0.03;0.03;410.3;434.77;120.35;53.53;37.5;42.45;6.74;6.12;2.97
1989;9;12;5.98;5.97;1.9;1.9;1.48;1.48;0.03;0.03;409.63;434.01;119.87;52.89;38.62;43.73;6.77;6.13;3.07
1989;9;13;12.11;12.01;0.9;0.9;1.02;1.03;0.03;0.03;408.58;433.04;119.39;52.24;47.21;52.22;6.6;5.96;2.84
1989;9;14;4.13;4.16;0;0;0;0;0;0;406.68;431.36;118.86;51.54;51.34;56.38;5.71;5.1;2.29
1989;9;15;1.64;1.55;0.4;0.4;0.72;0.7;0.07;0.06;405.13;429.92;118.23;50.73;51.73;56.77;5.08;4.51;2.33
1989;9;16;0.02;0.02;5.2;5.2;2.39;2.4;0.06;0.07;405.97;430.27;117.59;49.91;41.89;47.43;6.44;5.84;4.19
1989;9;17;0.76;0.78;5.3;5.3;2.42;2.42;0.1;0.07;405.41;430.1;117.07;49.22;36.45;41.27;8.17;6.79;5.24
1989;9;18;0.44;0.44;5.1;5.1;2.37;2.37;0.13;0.07;404.76;429.86;116.68;48.68;30.98;35.07;8.99;6.87;6.12
1989;9;19;3.16;3.22;5.6;5.6;2.48;2.48;0.11;0.06;404.99;430.42;116.43;48.3;24.73;28;9.68;7.41;6.83
1989;9;20;0;0;6.5;6.5;2.67;2.66;0.15;0.08;404.64;430.55;116.33;48.1;17.33;19.62;10.22;7.69;7.33
1989;9;21;0.02;0.02;6.1;6.1;2.59;2.58;0.14;0.08;404.23;430.6;116.35;48.05;10.24;11.59;10.18;7.53;7.61
1989;9;22;0;0;6.1;6.1;2.58;2.58;0.14;0.08;403.85;430.67;116.44;48.09;3.03;3.43;10.02;7.43;6.93
1989;9;23;0.81;0.74;4.8;4.8;2.3;2.31;0.06;0;402.84;429.9;116.56;48.17;0;0;9.13;6.74;6.66
1989;9;24;0.44;0.43;3.9;3.9;2.09;2.09;0.05;0;401.06;428.32;116.59;48.16;0;0;7.4;5.35;6
1989;9;25;9.41;9.25;2;2;1.52;1.52;0.03;0.02;401.33;428.15;116.5;48.02;2.26;2.56;6.82;5.56;5.25
1989;9;26;2.95;2.84;1.2;1.2;1.17;1.19;0.03;0.03;400.22;427;116.35;47.81;2.73;3.09;6.16;5.53;3.48
1989;9;27;6.71;6.54;-0.5;-0.5;0;0;0;0;398.39;425.35;116.1;47.48;9.44;9.63;5.18;4.62;2.48
1989;9;28;5.19;5.02;-4.8;-4.7;0;0;0;0;398.39;425.35;113.22;44.43;14.63;14.65;4.02;3.53;2.16
1989;9;29;1.34;1.24;-2.5;-2.5;0;0;0;0;398.39;425.35;110.5;41.57;15.97;15.89;3.35;2.94;2.03
1989;9;30;0.06;0.05;-1.9;-1.9;0;0;0;0;398.39;425.35;107.95;38.9;16.02;15.94;3.06;2.71;1.89
1989;10;1;0;0;-0.1;0;0;0;0;0;398.39;425.35;105.56;36.4;0.8;0.8;2.87;2.53;1.81
1989;10;2;0;0;0.3;0.4;0.55;0.62;0.08;0.1;398.39;425.35;103.31;34.06;0.71;0.69;2.7;2.37;1.72
1989;10;3;0.28;0.25;-3.5;-3.5;0;0;0;0;398.54;425.51;101.19;31.87;0.39;0.27;2.54;2.22;1.61
1989;10;4;0;0;-1;-0.9;0;0;0;0;398.54;425.51;99.19;29.82;0.39;0.27;2.39;2.07;1.55
1989;10;5;0;0;0.3;0.4;0.55;0.62;0;0;398.59;425.57;97.31;27.91;0.16;0;2.26;1.94;1.54
1989;10;6;0.48;0.46;1.2;1.2;1.04;1.05;0;0;398.83;425.68;95.54;26.12;0;0;2.13;1.82;1.52
1989;10;7;9;8.82;-3.5;-3.5;0;0;0;0;398.83;425.68;93.88;24.44;9;8.82;2;1.7;1.45
1989;10;8;7.68;7.58;-6.2;-6.2;0;0;0;0;398.83;425.68;92.31;22.87;16.68;16.4;1.89;1.59;1.38
1989;10;9;1.4;1.28;-7.2;-7.2;0;0;0;0;398.83;425.68;90.83;21.4;18.07;17.68;1.79;1.49;1.34
1989;10;10;1.69;1.57;-7.4;-7.4;0;0;0;0;398.83;425.68;89.43;20.03;19.76;19.25;1.69;1.39;1.31
1989;10;11;0.08;0.07;-5.9;-5.9;0;0;0;0;398.83;425.68;88.11;18.74;19.84;19.32;1.59;1.3;1.26
1989;10;12;0.23;0.23;-6.1;-6;0;0;0;0;398.83;425.68;86.86;17.54;20.07;19.55;1.5;1.22;1.27
1989;10;13;0;0;-4;-3.9;0;0;0;0;398.83;425.68;85.69;16.42;20.07;19.55;1.42;1.14;1.24
1989;10;14;1.56;1.49;-4.4;-4.3;0;0;0;0;398.83;425.68;84.58;15.36;21.62;21.04;1.35;1.07;1.2
1989;10;15;2.7;2.64;-6.4;-6.4;0;0;0;0;398.83;425.68;83.52;14.38;24.32;23.68;1.27;1;1.17
1989;10;16;0;0;-4;-3.9;0;0;0;0;398.83;425.68;82.53;13.46;24.32;23.68;1.2;0.94;1.17
1989;10;17;0;0;-0.1;0;0;0;0;0;398.83;425.68;81.58;12.59;24.32;23.68;1.14;0.88;1.17
1989;10;18;0;0;0.3;0.4;0.55;0.62;0.08;0.1;399.11;426;80.69;11.79;23.03;22.22;1.08;0.82;1.15
1989;10;19;0;0;-0.8;-0.7;0;0;0;0;399.11;426;79.84;11.03;23.03;22.22;1.03;0.77;1.14
1989;10;20;0.08;0.08;-1.5;-1.4;0;0;0;0;399.11;426;79.04;10.32;23.12;22.3;0.97;0.72;1.11
1989;10;21;0;0;1.3;1.3;1.08;1.09;0.11;0.1;400.5;427.16;78.28;9.66;18.03;17.21;1.34;1.08;1.09
1989;10;22;0;0;3.9;3.9;1.85;1.85;0.06;0.06;402.34;427.71;80.59;12.36;6.63;7.47;3.56;3.21;1.14
1989;10;23;0;0;4.1;4.1;1.89;1.89;0.05;0.06;401.56;427.25;82.73;14.83;1.87;2.12;4.73;4.24;1.16
1989;10;24;0;0;3.5;3.5;1.75;1.75;0.02;0;400.12;426.07;84.68;17.07;0;0;4.58;3.51;1.15
1989;10;25;0;0;3.2;3.2;1.68;1.68;0.29;0.28;397.99;424.13;86.37;19;0;0;6.7;5.19;1.18
1989;10;26;0;0;2.9;2.9;1.6;1.6;0.49;0.53;395.68;421.95;87.75;20.57;0;0;5.98;4.99;1.2
1989;10;27;0;0;3;3;1.63;1.63;0.5;0.54;393.37;419.77;88.83;21.81;0;0;5.77;4.8;1.19
1989;10;28;0;0;0.5;0.5;0.69;0.69;0.22;0.23;391.35;417.91;89.66;22.76;0;0;4.07;3.06;1.16
1989;10;29;4.26;4.22;-1.1;-1.1;0;0;0;0;389.57;416.29;90.28;23.46;4.26;4.22;2.76;2.19;1.1
1989;10;30;2.35;2.21;0.6;0.6;0.75;0.76;0.07;0.06;388.46;415.23;90.74;23.99;4.42;4.28;2.9;2.46;1.11
1989;10;31;0.22;0.2;0.2;0.2;0.46;0.45;0.05;0.04;386.92;413.75;91.08;24.38;3.99;3.94;3.02;2.58;1.08
1989;11;1;0;0;0.9;0.9;0.76;0.76;0.03;0.02;385.89;412.62;91.34;24.68;1.95;2.19;3.1;2.65;1.08
1989;11;2;0.15;0.16;-0.5;-0.5;0;0;0;0;384.14;411.01;91.52;24.88;2.1;2.35;2.98;2.53;1.04
1989;11;3;4.2;4.36;-2;-2;0;0;0;0;384.14;411.01;89.93;23.28;6.3;6.71;2.33;1.91;1
1989;11;4;9.7;9.69;-4.5;-4.5;0;0;0;0;384.14;411.01;88.43;21.79;16;16.4;1.9;1.55;0.99
1989;11;5;4.9;5.04;-6.9;-6.9;0;0;0;0;384.14;411.01;87.02;20.39;20.91;21.44;1.73;1.42;0.94
1989;11;6;20.31;20.23;-9;-9;0;0;0;0;384.14;411.01;85.68;19.08;41.22;41.67;1.62;1.33;0.93
1989;11;7;0.75;0.71;-11;-11;0;0;0;0;384.14;411.01;84.42;17.85;41.97;42.38;1.53;1.24;0.98
1989;11;8;0.19;0.18;-11.1;-11.1;0;0;0;0;384.14;411.01;83.24;16.7;42.16;42.56;1.45;1.16;0.99
1989;11;9;7.26;7.29;-6.7;-6.7;0;0;0;0;384.14;411.01;82.11;15.63;49.42;49.85;1.37;1.09;0.98
1989;11;10;0.03;0.03;-9.4;-9.4;0;0;0;0;384.14;411.01;81.05;14.63;49.45;49.88;1.3;1.02;0.92
1989;11;11;0;0;-8.1;-8.1;0;0;0;0;384.14;411.01;80.05;13.69;49.45;49.88;1.23;0.95;0.92
1989;11;12;0;0;-7.5;-7.5;0;0;0;0;384.14;411.01;79.1;12.81;49.45;49.88;1.16;0.89;0.9
1989;11;13;0;0;-10;-10;0;0;0;0;384.14;411.01;78.2;11.99;49.45;49.88;1.1;0.83;0.89
1989;11;14;0;0;-8.9;-8.9;0;0;0;0;384.14;411.01;77.35;11.22;49.45;49.88;1.05;0.78;0.9
1989;11;15;0;0;-8.3;-8.3;0;0;0;0;384.14;411.01;76.54;10.5;49.45;49.88;0.99;0.73;0.89
1989;11;16;0;0;-11.1;-11.1;0;0;0;0;384.14;411.01;75.77;9.83;49.45;49.88;0.94;0.68;0.91
1989;11;17;0;0;-10.7;-10.7;0;0;0;0;384.14;411.01;75.05;9.2;49.45;49.88;0.89;0.64;0.93
1989;11;18;0;0;-9.6;-9.6;0;0;0;0;384.14;411.01;74.35;8.61;49.45;49.88;0.85;0.6;0.9
1989;11;19;0.05;0.05;-7.6;-7.6;0;0;0;0;384.14;411.01;73.69;8.05;49.49;49.93;0.81;0.56;0.88
1989;11;20;0;0;-8.2;-8.2;0;0;0;0;384.14;411.01;73.07;7.54;49.49;49.93;0.77;0.52;0.83
1989;11;21;0.05;0.05;-10.8;-10.8;0;0;0;0;384.14;411.01;72.47;7.06;49.54;49.98;0.73;0.49;0.82
1989;11;22;3;2.95;-6.7;-6.7;0;0;0;0;384.14;411.01;71.9;6.6;52.55;52.93;0.7;0.46;0.81
1989;11;23;0.15;0.14;-14.5;-14.5;0;0;0;0;384.14;411.01;71.36;6.18;52.69;53.07;0.67;0.43;0.77
1989;11;24;0;0;-15.9;-15.9;0;0;0;0;384.14;411.01;70.84;5.79;52.69;53.07;0.64;0.4;0.77
1989;11;25;0.66;0.62;-14.6;-14.6;0;0;0;0;384.14;411.01;70.35;5.42;53.35;53.69;0.61;0.38;0.74
1989;11;26;0.02;0.02;-15.9;-15.9;0;0;0;0;384.14;411.01;69.87;5.07;53.37;53.71;0.58;0.35;0.74
1989;11;27;0;0;-11.1;-11.1;0;0;0;0;384.14;411.01;69.42;4.75;53.37;53.71;0.56;0.33;0.74
1989;11;28;0;0;-11.2;-11.2;0;0;0;0;384.14;411.01;68.99;4.44;53.37;53.71;0.53;0.31;0.74
1989;11;29;0;0;-14.1;-14;0;0;0;0;384.14;411.01;68.57;4.16;53.37;53.71;0.51;0.29;0.74
1989;11;30;0;0;-11.6;-11.6;0;0;0;0;384.14;411.01;68.17;3.89;53.37;53.71;0.49;0.27;0.74
1989;12;1;0;0;-10.7;-10.7;0;0;0;0;384.14;411.01;67.78;3.64;53.37;53.71;0.47;0.25;0.71
1989;12;2;0;0;-9;-8.9;0;0;0;0;384.14;411.01;67.41;3.41;53.37;53.71;0.45;0.24;0.69
1989;12;3;0;0;-8;-8;0;0;0;0;384.14;411.01;67.06;3.19;53.37;53.71;0.44;0.22;0.69
1989;12;4;0;0;-9.8;-9.8;0;0;0;0;384.14;411.01;66.71;2.99;53.37;53.71;0.42;0.21;0.69
1989;12;5;0;0;-11;-11;0;0;0;0;384.14;411.01;66.38;2.8;53.37;53.71;0.4;0.19;0.69
1989;12;6;0;0;-10;-10;0;0;0;0;384.14;411.01;66.06;2.62;53.37;53.7;0.39;0.18;0.69
1989;12;7;0;0;-11.2;-11.2;0;0;0;0;384.14;411.01;65.75;2.46;53.37;53.7;0.38;0.17;0.69
1989;12;8;0;0;-10.8;-10.8;0;0;0;0;384.14;411.01;65.45;2.3;53.37;53.7;0.37;0.16;0.69
1989;12;9;0;0;-13.4;-13.4;0;0;0;0;384.14;411.01;65.16;2.15;53.37;53.7;0.35;0.15;0.69
1989;12;10;0;0;-17.2;-17.2;0;0;0;0;384.14;411.01;64.87;2.02;53.37;53.7;0.34;0.14;0.69
1989;12;11;0.05;0.05;-13.8;-13.8;0;0;0;0;384.14;411.01;64.6;1.89;53.42;53.76;0.33;0.13;0.69
1989;12;12;0.29;0.29;-15;-15;0;0;0;0;384.14;411.01;64.33;1.77;53.72;54.05;0.32;0.12;0.66
1989;12;13;1.73;1.71;-9;-9;0;0;0;0;384.14;411.01;64.07;1.66;55.45;55.76;0.31;0.12;0.66
1989;12;14;0.02;0.02;-9.5;-9.5;0;0;0;0;384.14;411.01;63.82;1.55;55.47;55.77;0.31;0.11;0.64
1989;12;15;2.81;2.8;-5;-5;0;0;0;0;384.14;411.01;63.57;1.46;58.28;58.58;0.3;0.1;0.61
1989;12;16;0.31;0.32;-4.8;-4.7;0;0;0;0;384.14;411.01;63.33;1.36;58.59;58.9;0.29;0.09;0.61
1989;12;17;12.57;12.88;-4;-3.9;0;0;0;0;384.14;411.01;63.1;1.28;71.16;71.78;0.28;0.09;0.69
1989;12;18;3.88;4.02;-7.4;-7.4;0;0;0;0;384.14;411.01;62.87;1.2;75.05;75.8;0.28;0.08;0.63
1989;12;19;24.87;24.98;-7.2;-7.2;0;0;0;0;384.14;411.01;62.65;1.12;99.92;100.78;0.27;0.08;0.67
1989;12;20;0;0;-10;-10;0;0;0;0;384.14;411.01;62.43;1.05;99.92;100.78;0.26;0.07;0.59
1989;12;21;0.09;0.1;-7.3;-7.3;0;0;0;0;384.14;411.01;62.21;0.99;100.01;100.88;0.26;0.07;0.6
1989;12;22;6.12;6.18;-4.7;-4.7;0;0;0;0;384.14;411.01;62;0.92;106.14;107.06;0.25;0.06;0.59
1989;12;23;1.6;1.55;-12.7;-12.7;0;0;0;0;384.14;411.01;61.79;0.87;107.74;108.61;0.25;0.06;0.57
1989;12;24;5.52;5.39;-14;-14;0;0;0;0;384.14;411.01;61.59;0.81;113.26;114;0.24;0.06;0.58
1989;12;25;0;0;-14.2;-14.2;0;0;0;0;384.14;411.01;61.39;0.76;113.26;114;0.24;0.05;0.57
1989;12;26;0;0;-10.4;-10.4;0;0;0;0;384.14;411.01;61.19;0.72;113.26;114;0.23;0.05;0.58
1989;12;27;0;0;-13.3;-13.3;0;0;0;0;384.14;411.01;61;0.67;113.26;113.99;0.23;0.05;0.57
1989;12;28;0;0;-15.4;-15.4;0;0;0;0;384.14;411.01;60.8;0.63;113.26;113.99;0.23;0.04;0.56
1989;12;29;0;0;-14.1;-14.1;0;0;0;0;384.14;411.01;60.62;0.59;113.26;113.99;0.22;0.04;0.56
1989;12;30;0;0;-14.1;-14.1;0;0;0;0;384.14;411.01;60.43;0.56;113.26;113.99;0.22;0.04;0.56
1989;12;31;0;0;-15;-15;0;0;0;0;384.14;411.01;60.25;0.52;113.26;113.99;0.22;0.04;0.55
1990;1;1;0;0;-13.9;-13.9;0;0;0;0;384.14;411.01;60.07;0.49;113.26;113.99;0.21;0.03;0.55
1990;1;2;0;0;-13.6;-13.6;0;0;0;0;384.14;411.01;59.89;0.46;113.26;113.99;0.21;0.03;0.55
1990;1;3;0;0;-15.4;-15.4;0;0;0;0;384.14;411.01;59.71;0.43;113.26;113.99;0.21;0.03;0.55
1990;1;4;0;0;-15.8;-15.8;0;0;0;0;384.14;411.01;59.54;0.41;113.26;113.99;0.21;0.03;0.54
1990;1;5;1.06;1;-15.1;-15.1;0;0;0;0;384.14;411.01;59.36;0.38;114.32;114.99;0.2;0.03;0.54
1990;1;6;4.98;4.86;-14.2;-14.2;0;0;0;0;384.14;411.01;59.19;0.36;119.3;119.85;0.2;0.03;0.53
1990;1;7;0;0;-19.9;-19.9;0;0;0;0;384.14;411.01;59.02;0.34;119.3;119.85;0.2;0.02;0.52
1990;1;8;0;0;-16.4;-16.4;0;0;0;0;384.14;411.01;58.86;0.32;119.3;119.85;0.2;0.02;0.52
1990;1;9;0;0;-15.5;-15.5;0;0;0;0;384.14;411.01;58.69;0.3;119.3;119.85;0.2;0.02;0.51
1990;1;10;0;0;-13.9;-13.9;0;0;0;0;384.14;411.01;58.52;0.28;119.3;119.85;0.19;0.02;0.51
1990;1;11;0;0;-13.7;-13.7;0;0;0;0;384.14;411.01;58.36;0.27;119.3;119.85;0.19;0.02;0.5
1990;1;12;0;0;-13;-13;0;0;0;0;384.14;411.01;58.2;0.25;119.3;119.85;0.19;0.02;0.5
1990;1;13;0;0;-13.5;-13.5;0;0;0;0;384.14;411.01;58.04;0.24;119.3;119.85;0.19;0.02;0.49
1990;1;14;0;0;-13.8;-13.8;0;0;0;0;384.14;411.01;57.88;0.22;119.3;119.85;0.19;0.02;0.49
1990;1;15;0;0;-14.3;-14.3;0;0;0;0;384.14;411.01;57.72;0.21;119.3;119.85;0.19;0.01;0.48
1990;1;16;0.12;0.12;-7.1;-7.1;0;0;0;0;384.14;411.01;57.56;0.2;119.42;119.97;0.18;0.01;0.47
1990;1;17;0.01;0.01;-9.5;-9.5;0;0;0;0;384.14;411.01;57.41;0.19;119.42;119.98;0.18;0.01;0.47
1990;1;18;1.07;1.05;-10.3;-10.3;0;0;0;0;384.14;411.01;57.25;0.18;120.49;121.03;0.18;0.01;0.45
1990;1;19;0;0;-14.2;-14.2;0;0;0;0;384.14;411.01;57.09;0.17;120.49;121.03;0.18;0.01;0.44
1990;1;20;1.05;1;-11.2;-11.2;0;0;0;0;384.14;411.01;56.94;0.16;121.55;122.03;0.18;0.01;0.43
1990;1;21;0.26;0.25;-7.7;-7.7;0;0;0;0;384.14;411.01;56.79;0.15;121.81;122.28;0.18;0.01;0.42
1990;1;22;0;0;-12.4;-12.4;0;0;0;0;384.14;411.01;56.64;0.14;121.81;122.28;0.18;0.01;0.41
1990;1;23;0;0;-9;-9;0;0;0;0;384.14;411.01;56.48;0.14;121.81;122.28;0.18;0.01;0.41
1990;1;24;1.62;1.57;-8.9;-8.9;0;0;0;0;384.14;411.01;56.34;0.13;123.43;123.85;0.17;0.01;0.4
1990;1;25;0.29;0.3;-10.8;-10.7;0;0;0;0;384.14;411.01;56.19;0.12;123.72;124.15;0.17;0.01;0.4
1990;1;26;9.4;9.42;-10.4;-10.3;0;0;0;0;384.14;411.01;56.04;0.12;133.12;133.57;0.17;0.01;0.4
1990;1;27;0.05;0.05;-17.7;-17.7;0;0;0;0;384.14;411.01;55.89;0.11;133.17;133.62;0.17;0.01;0.39
1990;1;28;4.99;5.19;-8.8;-8.7;0;0;0;0;384.14;411.01;55.74;0.11;138.16;138.81;0.17;0.01;0.39
1990;1;29;3.41;3.47;-7;-7;0;0;0;0;384.14;411.01;55.59;0.1;141.57;142.28;0.17;0.01;0.39
1990;1;30;1.3;1.36;-8.3;-8.2;0;0;0;0;384.14;411.01;55.45;0.1;142.86;143.64;0.17;0.01;0.39
1990;1;31;0.11;0.12;-10.6;-10.6;0;0;0;0;384.14;411.01;55.3;0.09;142.97;143.76;0.17;0.01;0.38
1990;2;1;0.03;0.03;-10.2;-10.2;0;0;0;0;384.14;411.01;55.16;0.09;143;143.79;0.17;0.01;0.36
1990;2;2;0.78;0.72;-11.2;-11.2;0;0;0;0;384.14;411.01;55.01;0.09;143.77;144.51;0.17;0.01;0.35
1990;2;3;0.67;0.66;-10.2;-10.2;0;0;0;0;384.14;411.01;54.87;0.08;144.44;145.17;0.17;0.01;0.35
1990;2;4;0.14;0.14;-10.6;-10.6;0;0;0;0;384.14;411.01;54.73;0.08;144.59;145.31;0.17;0.01;0.35
1990;2;5;0;0;-8.6;-8.6;0;0;0;0;384.14;411.01;54.58;0.08;144.59;145.31;0.17;0.01;0.37
1990;2;6;0;0;-8.3;-8.2;0;0;0;0;384.14;411.01;54.44;0.07;144.59;145.31;0.16;0.01;0.38
1990;2;7;0;0;-7.4;-7.4;0;0;0;0;384.14;411.01;54.3;0.07;144.59;145.31;0.16;0;0.39
1990;2;8;0.77;0.69;-5;-5;0;0;0;0;384.14;411.01;54.16;0.07;145.36;146;0.16;0;0.39
1990;2;9;0.86;0.78;-13.1;-13.1;0;0;0;0;384.14;411.01;54.02;0.06;146.22;146.78;0.16;0;0.34
1990;2;10;1.74;1.73;-16.5;-16.5;0;0;0;0;384.14;411.01;53.88;0.06;147.96;148.51;0.16;0;0.33
1990;2;11;7.49;7.41;-13.5;-13.5;0;0;0;0;384.14;411.01;53.74;0.06;155.45;155.92;0.16;0;0.32
1990;2;12;2.4;2.35;-16.8;-16.8;0;0;0;0;384.14;411.01;53.6;0.06;157.85;158.27;0.16;0;0.32
1990;2;13;15.29;15.18;-16.9;-16.9;0;0;0;0;384.14;411.01;53.46;0.06;173.14;173.45;0.16;0;0.31
1990;2;14;51.85;51.52;-8;-8;0;0;0;0;384.14;411.01;53.32;0.06;224.99;224.97;0.16;0;0.29
1990;2;15;23.2;22.83;-6.7;-6.7;0;0;0;0;384.14;411.01;53.19;0.05;248.18;247.8;0.16;0;0.25
1990;2;16;5.07;5.03;-12.7;-12.7;0;0;0;0;384.14;411.01;53.05;0.05;253.25;252.83;0.16;0;0.28
1990;2;17;0.29;0.29;-8;-8;0;0;0;0;384.14;411.01;52.91;0.05;253.54;253.12;0.16;0;0.38
1990;2;18;0;0;-7.6;-7.6;0;0;0;0;384.14;411.01;52.77;0.05;253.54;253.12;0.16;0;0.41
1990;2;19;0.12;0.13;-6.6;-6.6;0;0;0;0;384.14;411.01;52.64;0.05;253.66;253.25;0.16;0;0.34
1990;2;20;0;0;-4.3;-4.3;0;0;0;0;384.14;411.01;52.5;0.05;253.66;253.25;0.16;0;0.35
1990;2;21;0;0;-4.5;-4.5;0;0;0;0;384.14;411.01;52.37;0.05;253.66;253.25;0.16;0;0.37
1990;2;22;0;0;-4.9;-4.9;0;0;0;0;384.14;411.01;52.23;0.04;253.66;253.25;0.16;0;0.38
1990;2;23;0;0;-4.5;-4.5;0;0;0;0;384.14;411.01;52.1;0.04;253.66;253.25;0.16;0;0.39
1990;2;24;0;0;-5;-5;0;0;0;0;384.14;411.01;51.96;0.04;253.66;253.25;0.15;0;0.38
1990;2;25;0;0;-5.8;-5.8;0;0;0;0;384.14;411.01;51.83;0.04;253.66;253.25;0.15;0;0.4
1990;2;26;7.37;7.31;-7.4;-7.4;0;0;0;0;384.14;411.01;51.7;0.04;261.03;260.56;0.15;0;0.38
1990;2;27;25.62;25.52;-9.9;-9.9;0;0;0;0;384.14;411.01;51.56;0.04;286.65;286.08;0.15;0;0.35
1990;2;28;14.47;14.37;-11.8;-11.8;0;0;0;0;384.14;411.01;51.43;0.04;301.12;300.45;0.15;0;0.35
1990;3;1;5.29;5.13;-11.6;-11.6;0;0;0;0;384.14;411.01;51.3;0.04;306.4;305.58;0.15;0;0.33
1990;3;2;2.21;2.11;-16.6;-16.6;0;0;0;0;384.14;411.01;51.17;0.04;308.61;307.69;0.15;0;0.33
1990;3;3;0.62;0.59;-18;-18;0;0;0;0;384.14;411.01;51.04;0.04;309.23;308.28;0.15;0;0.32
1990;3;4;0;0;-12.8;-12.8;0;0;0;0;384.14;411.01;50.91;0.04;309.23;308.28;0.15;0;0.32
1990;3;5;0;0;-10.5;-10.5;0;0;0;0;384.14;411.01;50.77;0.04;309.23;308.28;0.15;0;0.32
1990;3;6;0;0;-9.3;-9.3;0;0;0;0;384.14;411.01;50.64;0.04;309.23;308.28;0.15;0;0.33
1990;3;7;0;0;-7.5;-7.5;0;0;0;0;384.14;411.01;50.51;0.04;309.23;308.28;0.15;0;0.34
1990;3;8;0;0;-5.1;-5.1;0;0;0;0;384.14;411.01;50.38;0.04;309.23;308.28;0.15;0;0.35
1990;3;9;1.02;1.01;-6.6;-6.5;0;0;0;0;384.14;411.01;50.26;0.04;310.25;309.29;0.15;0;0.34
1990;3;10;0.87;0.84;-6.6;-6.6;0;0;0;0;384.14;411.01;50.13;0.04;311.12;310.13;0.15;0;0.33
1990;3;11;0;0;-2.3;-2.3;0;0;0;0;384.14;411.01;50;0.04;311.12;310.13;0.15;0;0.38
1990;3;12;0.26;0.26;-2.4;-2.4;0;0;0;0;384.14;411.01;49.87;0.04;311.38;310.39;0.15;0;0.4
1990;3;13;0;0;-3.4;-3.4;0;0;0;0;384.14;411.01;49.74;0.04;311.38;310.39;0.15;0;0.41
1990;3;14;2.8;2.85;-4.3;-4.3;0;0;0;0;384.14;411.01;49.62;0.04;314.18;313.24;0.15;0;0.46
1990;3;15;0;0;-3.9;-3.9;0;0;0;0;384.14;411.01;49.49;0.03;314.18;313.24;0.15;0;0.52
1990;3;16;0;0;-3.7;-3.7;0;0;0;0;384.14;411.01;49.36;0.03;314.18;313.24;0.15;0;0.54
1990;3;17;0;0;-5.6;-5.6;0;0;0;0;384.14;411.01;49.23;0.03;314.18;313.24;0.15;0;0.54
1990;3;18;0;0;-5.2;-5.2;0;0;0;0;384.14;411.01;49.11;0.03;314.18;313.24;0.15;0;0.5
1990;3;19;0;0;-5.2;-5.2;0;0;0;0;384.14;411.01;48.98;0.03;314.18;313.24;0.15;0;0.53
1990;3;20;0.1;0.09;-3.8;-3.8;0;0;0;0;384.14;411.01;48.86;0.03;314.28;313.33;0.14;0;0.53
1990;3;21;0;0;-2.4;-2.4;0;0;0;0;384.14;411.01;48.73;0.03;314.28;313.33;0.14;0;0.58
1990;3;22;0;0;-1;-1;0;0;0;0;384.14;411.01;48.61;0.03;314.28;313.33;0.14;0;0.72
1990;3;23;3.71;3.62;-3.6;-3.6;0;0;0;0;384.14;411.01;48.48;0.03;317.99;316.95;0.14;0;0.65
1990;3;24;0.08;0.08;-3.5;-3.5;0;0;0;0;384.14;411.01;48.36;0.03;318.07;317.03;0.14;0;0.65
1990;3;25;10.03;10.06;-7.6;-7.6;0;0;0;0;384.14;411.01;48.23;0.03;328.09;327.09;0.14;0;0.59
1990;3;26;7.39;7.36;-12.4;-12.3;0;0;0;0;384.14;411.01;48.11;0.03;335.49;334.45;0.14;0;0.48
1990;3;27;7.55;7.51;-10.3;-10.3;0;0;0;0;384.14;411.01;47.99;0.03;343.03;341.96;0.14;0;0.43
1990;3;28;2.7;2.65;-9.6;-9.6;0;0;0;0;384.14;411.01;47.87;0.03;345.73;344.61;0.14;0;0.4
1990;3;29;1.75;1.68;-8.5;-8.5;0;0;0;0;384.14;411.01;47.74;0.03;347.48;346.29;0.14;0;0.38
1990;3;30;0.25;0.24;-6.1;-6.1;0;0;0;0;384.14;411.01;47.62;0.03;347.73;346.53;0.14;0;0.4
1990;3;31;0;0;-3.7;-3.7;0;0;0;0;384.14;411.01;47.5;0.03;347.73;346.53;0.14;0;0.48
1990;4;1;0;0;-2.6;-2.6;0;0;0;0;384.14;411.01;47.38;0.03;347.73;346.53;0.14;0;0.63
1990;4;2;0.2;0.21;-5;-5;0;0;0;0;384.14;411.01;47.26;0.03;347.93;346.74;0.14;0;0.66
1990;4;3;4.67;4.66;-5;-5;0;0;0;0;384.14;411.01;47.13;0.03;352.61;351.4;0.14;0;0.61
1990;4;4;6.97;7.01;-5.5;-5.5;0;0;0;0;384.14;411.01;47.01;0.03;359.58;358.41;0.14;0;0.58
1990;4;5;4.01;4.15;-6.2;-6.2;0;0;0;0;384.14;411.01;46.89;0.03;363.58;362.56;0.14;0;0.54
1990;4;6;3.96;4.1;-5.4;-5.4;0;0;0;0;384.14;411.01;46.77;0.03;367.54;366.66;0.14;0;0.51
1990;4;7;12.26;12.16;-3.7;-3.7;0;0;0;0;384.14;411.01;46.65;0.03;379.8;378.82;0.14;0;0.52
1990;4;8;8.38;8.44;-4.7;-4.7;0;0;0;0;384.14;411.01;46.53;0.03;388.18;387.26;0.14;0;0.52
1990;4;9;4.88;4.86;-5.7;-5.7;0;0;0;0;384.14;411.01;46.41;0.03;393.06;392.12;0.14;0;0.52
1990;4;10;1.23;1.14;-8;-8;0;0;0;0;384.14;411.01;46.3;0.03;394.29;393.26;0.14;0;0.51
1990;4;11;7.94;7.82;-9.3;-9.3;0;0;0;0;384.14;411.01;46.18;0.03;402.23;401.08;0.14;0;0.5
1990;4;12;4.65;4.61;-11.1;-11.1;0;0;0;0;384.14;411.01;46.06;0.03;406.88;405.69;0.14;0;0.49
1990;4;13;0;0;-9.9;-9.9;0;0;0;0;384.14;411.01;45.94;0.03;406.88;405.69;0.14;0;0.49
1990;4;14;4.46;4.47;-6.7;-6.7;0;0;0;0;384.14;411.01;45.82;0.03;411.35;410.16;0.14;0;0.5
1990;4;15;8.18;8.21;-6.9;-6.9;0;0;0;0;384.14;411.01;45.71;0.03;419.53;418.37;0.14;0;0.5
1990;4;16;0.58;0.56;-9;-9;0;0;0;0;384.14;411.01;45.59;0.03;420.11;418.93;0.13;0;0.5
1990;4;17;1.25;1.3;-9.8;-9.8;0;0;0;0;384.14;411.01;45.47;0.03;421.36;420.23;0.13;0;0.5
1990;4;18;14.11;14.13;-9.5;-9.5;0;0;0;0;384.14;411.01;45.36;0.03;435.47;434.36;0.13;0;0.5
1990;4;19;3.85;3.78;-8.5;-8.5;0;0;0;0;384.14;411.01;45.24;0.03;439.32;438.14;0.13;0;0.48
1990;4;20;0.99;1.01;-7.8;-7.8;0;0;0;0;384.14;411.01;45.12;0.03;440.31;439.15;0.13;0;0.49
1990;4;21;0.41;0.38;-7.9;-7.9;0;0;0;0;384.14;411.01;45.01;0.03;440.71;439.53;0.13;0;0.49
1990;4;22;2.04;2.12;-7;-7;0;0;0;0;384.14;411.01;44.89;0.03;442.76;441.65;0.13;0;0.51
1990;4;23;10.3;10.26;-7;-7;0;0;0;0;384.14;411.01;44.78;0.03;453.06;451.91;0.13;0;0.52
1990;4;24;3.34;3.26;-6.3;-6.3;0;0;0;0;384.14;411.01;44.66;0.03;456.4;455.17;0.13;0;0.51
1990;4;25;0.67;0.64;-6.7;-6.7;0;0;0;0;384.14;411.01;44.55;0.03;457.07;455.81;0.13;0;0.53
1990;4;26;0.71;0.65;-6.5;-6.5;0;0;0;0;384.14;411.01;44.44;0.03;457.78;456.46;0.13;0;0.59
1990;4;27;1.03;0.98;-6;-6;0;0;0;0;384.14;411.01;44.32;0.03;458.81;457.44;0.13;0;0.69
1990;4;28;0.84;0.8;-3.9;-3.9;0;0;0;0;384.14;411.01;44.21;0.03;459.66;458.24;0.13;0;0.77
1990;4;29;0.16;0.16;-3.1;-3.1;0;0;0;0;384.14;411.01;44.1;0.03;459.82;458.4;0.13;0;0.92
1990;4;30;0;0;-1.8;-1.8;0;0;0;0;384.14;411.01;43.98;0.03;459.82;458.4;0.13;0;1.12
1990;5;1;0;0;-0.8;-0.8;0;0;0;0;384.14;411.01;43.87;0.03;459.82;458.4;0.13;0;1.43
1990;5;2;0;0;0.5;0.5;0.95;0.98;0.15;0.15;384.14;411.01;43.76;0.03;459.66;458.24;0.13;0;1.73
1990;5;3;0.09;0.09;0.3;0.3;0.68;0.76;0.1;0.12;384.24;411.12;43.65;0.03;459.33;457.85;0.13;0;2
1990;5;4;0;0;-0.3;-0.2;0;0;0;0;384.24;411.12;43.53;0.03;459.33;457.85;0.13;0;2.08
1990;5;5;0.05;0.05;-0.5;-0.5;0;0;0;0;384.24;411.12;43.42;0.03;459.38;457.9;0.13;0;2.27
1990;5;6;0.64;0.56;-1.3;-1.3;0;0;0;0;384.24;411.12;43.31;0.03;460.02;458.46;0.13;0;2.29
1990;5;7;0.61;0.6;-1.9;-1.9;0;0;0;0;384.24;411.12;43.2;0.03;460.62;459.06;0.13;0;2.26
1990;5;8;0.44;0.44;-1.5;-1.5;0;0;0;0;384.24;411.12;43.09;0.03;461.06;459.5;0.13;0;2.39
1990;5;9;0.69;0.7;-0.7;-0.7;0;0;0;0;384.24;411.12;42.98;0.03;461.75;460.2;0.13;0;2.73
1990;5;10;0.38;0.39;-0.5;-0.5;0;0;0;0;384.24;411.12;42.87;0.03;462.13;460.59;0.13;0;3.06
1990;5;11;3.82;3.91;-1.6;-1.6;0;0;0;0;384.24;411.12;42.76;0.03;465.96;464.5;0.13;0;2.79
1990;5;12;2.74;2.84;-1.5;-1.5;0;0;0;0;384.24;411.12;42.65;0.03;468.7;467.34;0.13;0;2.38
1990;5;13;0.67;0.7;-1.1;-1.1;0;0;0;0;384.24;411.12;42.54;0.03;469.37;468.04;0.13;0;2.52
1990;5;14;0.56;0.61;0.1;0.1;0.4;0.45;0.06;0.07;384.24;411.12;42.43;0.03;469.86;468.58;0.13;0;3.6
1990;5;15;1.13;1.19;0;0;0;0;0;0;384.24;411.12;42.33;0.03;470.99;469.77;0.13;0;4.74
1990;5;16;0.06;0.07;0.6;0.7;1.09;1.15;0.17;0.18;384.29;411.18;42.22;0.03;470.7;469.45;0.13;0;5.2
1990;5;17;0.9;0.96;1;1.1;1.35;1.42;0.2;0.21;383.25;410;43.8;1.94;470.09;468.73;0.33;0.2;5.67
1990;5;18;2.6;2.54;0;0.1;0.4;0.45;0.05;0.06;381.89;408.47;45.14;3.58;472.46;471.01;0.82;0.7;4.92
1990;5;19;0.59;0.64;0.1;0.1;0.4;0.45;0.06;0.07;380.54;406.94;46.3;5.02;472.82;471.39;0.99;0.86;4.66
1990;5;20;5.02;5.21;0.1;0.2;0.56;0.63;0.06;0.07;379.25;405.48;47.32;6.29;477.43;476.13;1.11;0.99;6.56
1990;5;21;5.46;5.51;0.8;0.8;1.19;1.22;0.12;0.13;378.33;404.44;48.21;7.43;481.2;479.75;1.43;1.31;6.97
1990;5;22;6.34;6.36;0.9;0.9;1.26;1.29;0.12;0.12;377.34;403.69;49.04;8.48;485.05;483.3;1.89;1.76;6.71
1990;5;23;3.11;3.16;1.6;1.7;1.72;1.75;0.22;0.22;377.04;403.71;49.86;9.51;483.39;481.1;2.6;2.44;6.98
1990;5;24;10.56;10.72;1.9;1.9;1.83;1.85;0.11;0.1;377.6;404.72;50.74;10.6;486.5;483.41;3.68;3.48;7.89
1990;5;25;7;6.86;0.2;0.3;0.68;0.76;0.06;0.07;376.17;403.46;51.69;11.73;492.55;489.19;3.33;3.09;7.27
1990;5;26;1.3;1.32;-0.6;-0.6;0;0;0;0;374.48;401.89;52.59;12.8;493.84;490.51;2.29;2.04;4.05
1990;5;27;2.17;2.17;-1.6;-1.6;0;0;0;0;374.48;401.89;51.76;11.98;496.01;492.68;1.42;1.18;3.43
1990;5;28;3.18;3.14;-3.5;-3.5;0;0;0;0;374.48;401.89;50.97;11.21;499.19;495.82;1.01;0.82;3.1
1990;5;29;3.63;3.6;-5;-5;0;0;0;0;374.48;401.89;50.23;10.49;502.82;499.42;0.9;0.73;2.61
1990;5;30;0;0;-2.7;-2.6;0;0;0;0;374.48;401.89;49.53;9.82;502.82;499.42;0.85;0.68;2.14
1990;5;31;0.01;0.01;-1;-0.9;0;0;0;0;374.48;401.89;48.87;9.19;502.83;499.43;0.8;0.64;2.16
1990;6;1;0;0;2;2.1;1.93;1.97;0.3;0.3;375.38;402.92;48.25;8.6;499.66;495.88;0.83;0.67;2.75
1990;6;2;7.19;7.24;2;2.1;1.94;1.97;0.18;0.17;376.37;404.04;49.55;10.19;499.08;494.35;2.5;2.34;4.11
1990;6;3;1.52;1.47;-0.2;-0.2;0;0;0;0;374.98;402.47;50.74;11.66;500.6;495.82;2.75;2.59;4.23
1990;6;4;10.4;10.34;1.7;1.7;1.76;1.78;0.09;0.08;374.92;402.74;51.92;13.02;505.74;500.22;2.86;2.7;4.67
1990;6;5;8.32;8.5;2.8;2.8;2.25;2.26;0.15;0.14;377.69;404.92;53.1;14.38;501.69;496.63;4.54;4.32;5.38
1990;6;6;13.53;13.52;1.8;1.8;1.81;1.83;0.05;0.04;378.27;405.31;54.36;15.82;508.68;503.7;5.13;4.8;6.97
1990;6;7;9.22;9.25;2.7;2.7;2.2;2.22;0.13;0.12;381.69;408.1;55.74;17.36;503.19;498.47;6.09;5.68;6.17
1990;6;8;16.28;16.41;0;0;0;0;0;0;379.96;406.52;57.18;18.94;519.47;514.88;5.09;4.64;6.11
1990;6;9;5.14;5.14;-3.1;-3.1;0;0;0;0;379.96;406.52;56.01;17.72;524.61;520.02;2.75;2.35;3.68
1990;6;10;3.48;3.36;-4.3;-4.3;0;0;0;0;379.96;406.52;54.9;16.58;528.09;523.38;1.58;1.28;2.87
1990;6;11;2.56;2.56;0.8;0.9;1.25;1.31;0.14;0.14;380.14;406.72;53.86;15.52;529.91;525.12;1.32;1.08;2.79
1990;6;12;10.52;10.29;-0.1;-0.1;0;0;0;0;380.14;406.72;52.88;14.52;540.43;535.41;1.22;1.01;2.91
1990;6;13;12.73;12.61;-0.9;-0.9;0;0;0;0;380.14;406.72;51.95;13.59;553.16;548.02;1.15;0.94;2.75
1990;6;14;6.88;6.93;-0.7;-0.7;0;0;0;0;380.14;406.72;51.08;12.72;560.03;554.95;1.09;0.88;3.02
1990;6;15;3.42;3.41;-0.6;-0.6;0;0;0;0;380.14;406.72;50.26;11.91;563.45;558.36;1.03;0.83;3.04
1990;6;16;2.72;2.72;0.2;0.3;0.68;0.78;0.09;0.1;380.21;406.8;49.48;11.14;565.85;560.72;0.97;0.77;3.53
1990;6;17;0.06;0.07;2.7;2.8;2.24;2.26;0.29;0.28;380.12;407.07;51.58;13.46;560.15;554.32;1.85;1.66;4.58
1990;6;18;7.86;7.8;2;2.1;1.94;1.97;0.13;0.13;381.61;408.56;53.42;15.51;558.04;551.7;4.09;3.86;5.85
1990;6;19;0.8;0.82;4.1;4.1;2.7;2.71;0.34;0.32;386.44;412.49;55.3;17.58;539.34;533.42;6.95;6.59;6.78
1990;6;20;4.36;4.43;4.5;4.5;2.83;2.83;0.28;0.26;393.33;418.14;57.46;19.94;517.01;511.68;10.33;9.77;8.88
1990;6;21;14.66;14.74;2.5;2.5;2.12;2.14;0.04;0.03;396.33;420.69;59.98;22.65;515.61;510.36;11.03;10.31;12.57
1990;6;22;8.25;8.3;3;3.1;2.35;2.37;0.12;0.11;399.79;423.49;62.73;25.57;505.83;500.9;10.7;9.91;8.82
1990;6;23;11.88;12.05;2.7;2.7;2.21;2.22;0.07;0.06;402.29;425.3;65.57;28.54;502.71;498.57;10.41;9.58;11.42
1990;6;24;0.05;0.04;2.3;2.4;2.06;2.1;0.21;0.19;402.41;425.32;68.32;31.38;495.34;491.32;8.87;8.04;11.2
1990;6;25;0.03;0.03;6.7;6.8;3.43;3.45;0.35;0.32;407.38;429;70.99;34.1;471.09;468.31;10.32;9.45;12.27
1990;6;26;2.89;2.96;8;8;3.73;3.73;0.32;0.28;414.69;434.33;73.87;36.98;440.02;439.45;14.79;13.68;15.02
1990;6;27;9.76;9.64;7.2;7.2;3.54;3.54;0.15;0.14;422.39;440.13;77.26;40.36;410.63;412;19.28;17.78;17.08
1990;6;28;9.88;9.94;5.9;5.9;3.21;3.22;0.14;0.12;427.98;444.44;81.27;44.29;385.79;388.69;21.59;19.76;17.13
1990;6;29;7.08;7.24;6.6;6.6;3.4;3.4;0.15;0.12;432.04;447.06;85.7;48.58;363.82;369.55;21.2;19.14;16.9
1990;6;30;1.19;1.22;7.7;7.7;3.66;3.66;0.26;0.21;435.25;448.76;90.3;52.92;339.14;348.51;19.81;17.54;20.35
1990;7;1;18.39;18.38;5.1;5.1;3.02;3.03;0;0;439.55;451.93;94.97;57.22;322.35;334.02;21.29;18.8;22.32
1990;7;2;6.09;6.19;3;3;2.34;2.35;0.12;0.09;439.59;451.7;99.59;61.34;315.77;329.03;19.37;16.83;13.27
1990;7;3;23.58;23.56;1.9;1.9;1.89;1.89;0;0;439.01;451.32;103.79;64.94;329.26;342.59;15.39;13.15;9.57
1990;7;4;3.31;3.16;0.5;0.6;0.96;1.09;0.07;0.08;436.98;449.75;107.24;67.75;331.39;344.42;11.68;9.91;7.8
1990;7;5;12.41;12.36;4.2;4.2;2.75;2.76;0.05;0.04;438.98;451.24;110.07;69.89;320.13;334.48;13.27;11.71;8.36
1990;7;6;2.52;2.49;0.1;0.1;0.41;0.46;0.04;0.05;436.85;449.55;112.44;71.57;322.2;336.46;12.58;11.05;10.36
1990;7;7;7.11;6.98;0;0;0;0;0;0;434.68;447.81;114.21;72.63;329.31;343.44;9.13;7.8;8.2
1990;7;8;3.59;3.49;3.2;3.2;2.42;2.42;0.14;0.12;434.79;447.67;115.4;73.12;321.02;336.33;9.54;8.35;9.72
1990;7;9;6.1;6.34;7;7;3.52;3.52;0.18;0.14;437.42;449.32;116.44;73.44;302.08;320.43;13.73;12.27;15.63
1990;7;10;8.86;8.9;2.9;2.9;2.31;2.31;0.08;0.07;437.72;449.3;117.61;73.88;297.47;317.58;15.17;13.35;18.52
1990;7;11;0.15;0.14;2.6;2.6;2.19;2.19;0.17;0.13;436.79;448.33;118.78;74.28;290.99;312.34;12.97;11.08;12.74
1990;7;12;0;0;7.1;7.1;3.54;3.55;0.27;0.22;438.3;448.97;119.85;74.54;271.65;296.32;13.2;11.29;13.03
1990;7;13;0.28;0.29;8;8;3.75;3.75;0.27;0.23;440.14;450.09;121.03;74.86;249.51;277.15;15.69;13.52;15.7
1990;7;14;1.46;1.5;7.1;7.1;3.54;3.55;0.2;0.2;441.2;451.11;122.46;75.4;230.85;259.31;17.3;14.95;16.99
1990;7;15;0;0;6.4;6.4;3.37;3.38;0.11;0.1;440.88;451.08;124.05;76.08;218.56;246.93;16.36;14.16;16.6
1990;7;16;0;0;7;7.1;3.54;3.55;0.1;0.11;439.95;450.64;125.56;76.71;209.73;237.45;14.21;12.37;13.69
1990;7;17;1.52;1.46;6.8;6.8;3.47;3.47;0.16;0.1;439.08;450.41;126.85;77.16;201.52;228.16;13.93;11.4;15.29
1990;7;18;0.5;0.48;4.1;4.1;2.73;2.73;0.2;0.08;437.55;449.54;127.86;77.39;196.48;222.45;13.59;10.57;17.88
1990;7;19;0.02;0.02;4.9;5;2.99;3;0.22;0.09;436.13;448.81;128.56;77.37;190.26;215.41;12.43;9.72;16.07
1990;7;20;0;0;6.5;6.5;3.39;3.4;0.25;0.1;435.01;448.43;129;77.14;182.11;206.19;12.75;9.85;15.87
1990;7;21;0.05;0.05;9.2;9.2;4.01;4.01;0.29;0.12;434.42;448.66;129.29;76.83;170.5;193.04;14.51;10.92;18.22
1990;7;22;0.04;0.03;9.4;9.5;4.07;4.08;0.29;0.12;433.9;448.94;129.57;76.59;158.44;179.39;16.11;12;19.32
1990;7;23;0.35;0.32;8;8.1;3.76;3.78;0.26;0.11;433.2;448.97;129.88;76.45;148.1;167.67;16.11;12.18;20.18
1990;7;24;0.36;0.36;6.9;7;3.51;3.52;0.24;0.11;432.33;448.78;130.18;76.35;139.11;157.5;15.17;11.68;19.15
1990;7;25;0.46;0.43;6;6.1;3.29;3.3;0.22;0.1;431.34;448.41;130.41;76.22;131.25;148.6;14.14;11.04;17.33
1990;7;26;2.43;2.53;4.8;4.8;2.94;2.94;0.18;0.08;430.48;448.1;130.56;76.03;125.03;141.55;13.39;10.69;16.17
1990;7;27;0.02;0.02;6.6;6.6;3.42;3.42;0.23;0.1;429.54;447.82;130.62;75.79;116.49;131.89;13.28;10.53;16.95
1990;7;28;0.02;0.02;10.2;10.2;4.22;4.22;0.28;0.13;429.3;448.34;130.67;75.56;103.32;116.97;15.08;11.44;18.18
1990;7;29;4.7;4.48;9.8;9.8;4.13;4.14;0.18;0.09;429.98;449.44;130.84;75.5;90.57;102.55;17.68;13.39;21.19
1990;7;30;3.76;3.37;8.5;8.5;3.86;3.87;0.17;0.1;430.23;450.02;131.22;75.68;79.52;90.03;18.27;14.13;19.44
1990;7;31;6.02;5.7;6.7;6.7;3.45;3.45;0.13;0.07;430.53;450.52;131.77;76.05;70.77;80.12;17.64;13.98;17.72
1990;8;1;6.06;6.02;7.1;7.1;3.25;3.25;0.13;0.06;430.81;451.12;132.42;76.54;61.5;69.63;17.45;14.04;18.62
1990;8;2;0.42;0.42;8.6;8.6;3.57;3.57;0.23;0.11;430.25;451.18;133.13;77.1;50.35;57.01;17.21;13.55;22.35
1990;8;3;0.19;0.2;9.9;9.9;3.81;3.82;0.24;0.12;429.88;451.48;133.82;77.65;37.53;42.49;17.37;13.28;22.7
1990;8;4;0.01;0.01;9.8;9.8;3.79;3.8;0.24;0.12;429.45;451.71;134.49;78.18;24.84;28.12;17.66;13.4;22.14
1990;8;5;0.1;0.1;9.8;9.8;3.79;3.8;0.24;0.12;429.05;451.94;135.12;78.7;12.15;13.75;17.69;13.46;22.97
1990;8;6;14.51;14.46;6.6;6.7;3.16;3.17;0.02;0.01;430.86;453.55;135.83;79.32;3.31;3.75;19.32;15.59;19.95
1990;8;7;6.49;6.51;2.6;2.6;2.01;2.01;0.06;0.04;430.01;452.74;136.62;80.02;2.61;2.96;16.61;14.53;12.03
1990;8;8;1.64;1.63;1.8;1.8;1.68;1.69;0.04;0.05;428.38;451.31;137.21;80.49;1.82;2.06;11.51;10.65;11.34
1990;8;9;0;0;3.7;3.7;2.37;2.38;0.04;0;426.57;449.85;137.37;80.49;0;0;9.55;8.3;12.56
1990;8;10;0.04;0.04;5.2;5.2;2.8;2.81;0.57;0.54;424.01;447.57;137.09;79.99;0;0;12.77;10.82;14.38
1990;8;11;0.83;0.84;6;6;3;3;1.06;1.09;421.12;444.87;136.4;79.05;0;0;14.16;11.85;15.77
1990;8;12;3.69;3.67;5.9;5.9;2.98;2.98;0.87;0.89;419.05;442.85;135.42;77.8;0;0;15.04;12.5;14.8
1990;8;13;1.61;1.62;5.6;5.6;2.9;2.91;0.98;1.01;416.46;440.39;134.27;76.35;0;0;15.06;12.48;15.81
1990;8;14;8.54;8.32;5.7;5.7;2.92;2.93;0.54;0.57;415.95;439.62;133.04;74.82;0;0;16.11;13.53;16.53
1990;8;15;4.52;4.49;4.8;4.8;2.7;2.7;0.73;0.76;414.3;437.97;131.84;73.32;0;0;15.81;13.31;15.33
1990;8;16;0.71;0.75;5.7;5.7;2.93;2.93;1.04;1.07;411.47;435.34;130.63;71.81;0;0;15.33;12.79;17
1990;8;17;12.14;12.23;2.9;2.9;2.12;2.12;0.12;0.12;412.28;435.91;129.44;70.33;0.28;0.32;10.74;9.04;15.25
1990;8;18;0;0;2.9;2.9;2.11;2.12;0.03;0;410.38;434.28;128.32;68.92;0;0;8.91;7.67;10.09
1990;8;19;0;0;5;5;2.75;2.75;0.55;0.53;407.91;432.06;127.16;67.47;0;0;11.87;9.97;12.37
1990;8;20;0.04;0.03;6.9;7;3.22;3.23;1.19;1.24;404.84;429.15;125.87;65.88;0;0;13.89;11.39;14.93
1990;8;21;2.62;2.43;2.3;2.3;1.91;1.9;0.3;0.31;403.41;427.71;124.48;64.19;0;0;8.18;6.46;12.19
1990;8;22;0.22;0.2;1.7;1.7;1.65;1.64;0;0;401.6;426.09;123.05;62.46;0;0;5.97;5.32;10.99
1990;8;23;0;0;7.3;7.3;3.3;3.3;0.61;0.63;399.13;423.81;121.57;60.69;0;0;11.94;10.25;14.97
1990;8;24;0.01;0.01;10;10;3.83;3.83;1.41;1.47;395.88;420.69;120.04;58.87;0;0;16.39;13.15;17.08
1990;8;25;5.5;5.44;7.1;7.1;3.25;3.25;0.81;0.84;394.88;419.58;118.53;57.08;0;0;16.08;12.67;18.45
1990;8;26;2.4;2.17;6;6;3;3;0.95;1;392.88;417.5;117.11;55.4;0;0;14.7;11.79;17.23
1990;8;27;1.13;1.1;4.9;4.9;2.73;2.73;0.94;0.98;390.48;415.19;115.78;53.81;0;0;12.79;10.26;14.79
1990;8;28;1.21;1.12;5.2;5.2;2.8;2.81;0.96;1;388.13;412.87;114.47;52.26;0;0;12.26;9.91;15.66
1990;8;29;3.74;3.7;4.6;4.6;2.64;2.64;0.75;0.79;386.79;411.51;113.22;50.77;0;0;12;9.77;15.31
1990;8;30;3.15;2.98;5;5;2.75;2.75;0.82;0.87;385.25;409.88;112.04;49.37;0;0;12.42;10.2;15.22
1990;8;31;10.36;10.24;4.8;4.8;2.7;2.7;0.38;0.4;386.52;410.85;111.02;48.14;0;0;13.54;11.25;11.91
1990;9;1;2.98;3.05;4;4;2.1;2.11;0.59;0.62;385.09;409.5;110.19;47.12;0;0;12.65;10.49;11.73
1990;9;2;0.32;0.32;2.4;2.4;1.65;1.66;0.28;0.29;383.15;407.71;109.45;46.19;0;0;6.86;5.56;9.85
1990;9;3;2.25;2.15;1.2;1.2;1.19;1.19;0;0;382.16;406.76;108.69;45.26;0;0;4.93;4.33;6.4
1990;9;4;4.93;4.8;3.7;3.7;2.03;2.04;0.02;0;382.09;406.62;107.96;44.35;0;0;5.71;4.65;8.21
1990;9;5;1.08;0.97;0.7;0.7;0.91;0.92;0.01;0;380.72;405.33;107.26;43.49;0;0;5.66;4.61;4.97
1990;9;6;0.1;0.1;1.6;1.6;1.35;1.36;0;0;379.01;403.79;106.55;42.62;0;0;4.46;3.89;6.57
1990;9;7;8.01;8.02;0;0;0;0;0;0;377.27;402.22;105.8;41.7;8.01;8.02;3.96;3.48;4.17
1990;9;8;0.93;0.86;-1.8;-1.8;0;0;0;0;375.54;400.66;105;40.74;8.94;8.88;3.76;3.3;3.78
1990;9;9;0;0;1;1;1.07;1.09;0.1;0.09;375.09;400.25;104.19;39.78;5.29;5.21;4.2;3.75;3.99
1990;9;10;1.27;1.22;-0.3;-0.3;0;0;0;0;373.38;398.69;103.4;38.85;6.56;6.43;4.16;3.7;3.41
1990;9;11;3.62;3.47;-1.7;-1.7;0;0;0;0;373.38;398.69;101.02;36.35;10.18;9.9;3.31;2.88;2.76
1990;9;12;0.11;0.1;-1.2;-1.2;0;0;0;0;373.38;398.69;98.78;34.02;10.28;10;2.77;2.4;2.57
1990;9;13;0;0;1.4;1.4;1.27;1.28;0.1;0.08;373.45;398.29;98.22;33.59;6.43;6.39;3.12;2.79;2.44
1990;9;14;0;0;3;3;1.83;1.84;0.05;0.06;373.43;398.09;97.88;33.15;1.97;2.23;4.07;3.71;3.09
1990;9;15;4.88;4.84;1.6;1.6;1.35;1.36;0.03;0.03;373.18;397.75;97.57;32.76;2.97;3.36;4.48;4.04;2.98
1990;9;16;0.02;0.02;2.2;2.2;1.58;1.59;0.04;0.05;372.08;396.89;97.31;32.43;1.12;1.27;4.31;3.83;3.38
1990;9;17;1.14;1.15;1.6;1.6;1.35;1.36;0.03;0.04;371.07;396.04;97.06;32.11;0.27;0.31;4.02;3.55;3.79
1990;9;18;2.03;1.92;-0.9;-0.9;0;0;0;0;369.37;394.5;96.8;31.78;2.31;2.23;3.58;3.13;2.86
1990;9;19;0.16;0.16;2.6;2.6;1.72;1.72;0;0;368.64;393.78;96.5;31.42;0;0;3.55;3.11;3.64
1990;9;20;0.87;0.85;1.1;1.1;1.14;1.14;0;0;367.3;392.54;96.19;31.04;0;0;3.55;3.1;3.89
1990;9;21;0.88;0.83;0.2;0.2;0.51;0.5;0.02;0.02;365.87;391.2;95.85;30.64;0.26;0.27;3.33;2.89;2.95
1990;9;22;1.43;1.36;3;3;1.83;1.84;0;0;364.88;390.26;95.5;30.22;0;0;3.35;2.91;3.59
1990;9;23;10.54;10.59;3.1;3.1;1.86;1.87;0.01;0;367.33;392.5;95.22;29.88;0;0;5.13;4.26;5.45
1990;9;24;12.42;12.46;-0.1;-0.1;0;0;0;0;365.66;390.97;95.05;29.67;12.42;12.46;5.12;4.23;5.43
1990;9;25;0.06;0.07;-1;-1;0;0;0;0;364;389.45;94.9;29.48;12.48;12.53;3.56;3.05;2.67
1990;9;26;0.58;0.63;-0.4;-0.4;0;0;0;0;362.35;387.94;94.7;29.23;13.07;13.16;3.02;2.58;2.34
1990;9;27;0.54;0.49;-1.8;-1.8;0;0;0;0;362.35;387.94;92.86;27.35;13.6;13.65;2.49;2.09;2.09
1990;9;28;0;0;0.6;0.6;0.84;0.85;0.11;0.1;363.16;388.72;91.13;25.59;11.41;11.38;2.23;1.88;2
1990;9;29;0;0;4.8;4.8;2.3;2.31;0.06;0.07;365.39;390.56;91.33;25.78;1.76;1.99;3.73;3.37;2.45
1990;9;30;0.06;0.06;5;5;2.35;2.35;0.03;0;364.34;389.77;91.55;26.01;0;0;4.91;3.75;3.38
1990;10;1;9.17;9;4;4;1.87;1.87;0.14;0.14;366.19;391.31;91.82;26.29;0;0;9.2;7.39;5.83
1990;10;2;1.89;1.84;3.5;3.5;1.75;1.75;0.26;0.26;365.01;390.18;92.14;26.63;0;0;6.32;4.62;5.82
1990;10;3;0.4;0.42;3.4;3.4;1.74;1.73;0.04;0;363.46;388.81;92.43;26.93;0;0;4.77;3.14;4.68
1990;10;4;25.41;25.64;1.5;1.5;1.17;1.17;0;0;364.29;389.54;92.67;27.17;19.16;19.4;4.63;3.55;5.14
1990;10;5;0.34;0.34;-0.2;-0.2;0;0;0;0;362.63;388.03;92.88;27.37;19.5;19.74;3.86;3.33;3.41
1990;10;6;0;0;0.8;0.8;0.86;0.87;0.09;0.08;361.79;387.17;93.02;27.51;17.48;17.88;3.37;2.91;2.98
1990;10;7;0.71;0.7;0.4;0.4;0.6;0.62;0.06;0.06;360.64;386.12;93.09;27.56;16.89;17.26;3.29;2.84;2.66
1990;10;8;2.56;2.42;-1.7;-1.7;0;0;0;0;359.32;384.62;92.9;27.54;19.46;19.68;3.03;2.61;2.35
1990;10;9;0;0;0.1;0.1;0.28;0.32;0.04;0.04;358.07;383.21;92.63;27.43;19.22;19.42;2.78;2.43;2.06
1990;10;10;0;0;2.4;2.5;1.48;1.49;0.11;0.09;359.32;383.99;92.54;27.3;12.53;13.32;3.54;3.18;2.11
1990;10;11;0;0;3.1;3.1;1.65;1.66;0.04;0.05;359.85;384.37;92.5;27.22;7.3;8.26;4.31;3.88;2.14
1990;10;12;1.78;1.83;2.5;2.5;1.49;1.49;0.04;0.04;359.6;384.33;92.52;27.22;5.45;6.17;4.36;3.88;2.71
1990;10;13;0.35;0.38;3.6;3.6;1.78;1.78;0.07;0.05;359.34;384.4;92.59;27.27;2.04;2.3;4.71;3.71;4.35
1990;10;14;0;0;2.8;2.8;1.57;1.58;0.03;0;358.44;383.77;92.68;27.35;0;0;4.89;3.52;3.3
1990;10;15;0;0;2.5;2.5;1.5;1.49;0.25;0.25;356.56;382.03;92.73;27.38;0;0;6.13;4.85;3.08
1990;10;16;1.69;1.75;2.3;2.3;1.45;1.44;0.2;0.21;355.43;381;92.71;27.35;0;0;3.96;3.09;2.95
1990;10;17;4.63;4.74;2.1;2;1.37;1.34;0.03;0.03;355.59;381.17;92.67;27.3;0.36;0.41;3.65;3.19;3.13
1990;10;18;1.73;1.78;1;1;0.97;0.96;0.02;0.03;354.67;380.34;92.62;27.24;0.42;0.47;3.66;3.23;2.08
1990;10;19;0.24;0.26;-0.5;-0.5;0;0;0;0;353.07;378.86;92.56;27.16;0.65;0.73;3.18;2.76;1.81
1990;10;20;3.06;3.04;0.3;0.3;0.52;0.54;0.04;0.04;351.9;377.82;92.44;27.02;2.64;2.63;2.96;2.55;1.62
1990;10;21;0.47;0.45;1;1;0.97;0.96;0.02;0.03;351.16;377;92.28;26.84;1.25;1.42;3.06;2.66;1.63
1990;10;22;0.03;0.03;0.1;0.1;0.35;0.32;0.01;0.01;349.62;375.57;92.09;26.63;1.18;1.34;2.95;2.54;1.5
1990;10;23;0;0;-1.2;-1.2;0;0;0;0;348.05;374.11;91.86;26.38;1.18;1.34;2.72;2.32;1.41
1990;10;24;0.07;0.08;-1.9;-1.9;0;0;0;0;348.05;374.11;90.19;24.68;1.26;1.42;2.26;1.89;1.45
1990;10;25;2.03;2.07;-2.2;-2.2;0;0;0;0;348.05;374.11;88.61;23.1;3.29;3.49;1.95;1.63;1.38
1990;10;26;2.08;2.11;-1.9;-1.9;0;0;0;0;348.05;374.11;87.12;21.61;5.36;5.6;1.8;1.5;1.32
1990;10;27;17.95;17.97;-5.5;-5.5;0;0;0;0;348.05;374.11;85.72;20.23;23.32;23.57;1.69;1.41;1.27
1990;10;28;1.61;1.66;-9.6;-9.6;0;0;0;0;348.05;374.11;84.4;18.93;24.93;25.23;1.6;1.32;1.21
1990;10;29;9.22;9.15;-3.6;-3.6;0;0;0;0;348.05;374.11;83.15;17.71;34.15;34.38;1.51;1.23;1.28
1990;10;30;4.96;4.76;-6.3;-6.3;0;0;0;0;348.05;374.11;81.98;16.57;39.11;39.14;1.43;1.15;1.24
1990;10;31;11.3;11.25;-2;-2;0;0;0;0;348.05;374.11;80.86;15.51;50.41;50.39;1.35;1.08;1.31
1990;11;1;9.63;9.79;-5.7;-5.7;0;0;0;0;348.05;374.11;79.81;14.51;60.03;60.18;1.28;1.01;1.28
1990;11;2;1.78;1.81;-10.9;-10.9;0;0;0;0;348.05;374.11;78.82;13.58;61.82;61.99;1.21;0.94;1.19
1990;11;3;8.87;8.84;-12.7;-12.7;0;0;0;0;348.05;374.11;77.88;12.71;70.69;70.83;1.14;0.88;1.16
1990;11;4;0.7;0.65;-15.4;-15.4;0;0;0;0;348.05;374.11;76.99;11.89;71.39;71.48;1.08;0.83;1.12
1990;11;5;3.11;2.97;-17.6;-17.6;0;0;0;0;348.05;374.11;76.14;11.13;74.5;74.45;1.03;0.77;1.12
1990;11;6;0.02;0.02;-17.1;-17.1;0;0;0;0;348.05;374.11;75.34;10.41;74.52;74.47;0.97;0.72;1.02
1990;11;7;0;0;-14.4;-14.3;0;0;0;0;348.05;374.11;74.58;9.75;74.52;74.47;0.92;0.68;1.26
1990;11;8;0;0;-9.8;-9.8;0;0;0;0;348.05;374.11;73.86;9.12;74.52;74.47;0.88;0.63;1.4
1990;11;9;0;0;-7.7;-7.6;0;0;0;0;348.05;374.11;73.18;8.54;74.52;74.47;0.83;0.59;1.34
1990;11;10;0;0;-8.4;-8.4;0;0;0;0;348.05;374.11;72.52;7.99;74.52;74.47;0.79;0.56;1.32
1990;11;11;7.8;7.69;-7.2;-7.2;0;0;0;0;348.05;374.11;71.9;7.48;82.32;82.16;0.75;0.52;1.25
1990;11;12;1.28;1.24;-5.4;-5.4;0;0;0;0;348.05;374.11;71.31;7;83.6;83.4;0.72;0.49;1.1
1990;11;13;0;0;-10.9;-10.8;0;0;0;0;348.05;374.11;70.75;6.55;83.6;83.4;0.68;0.46;1.06
1990;11;14;7.06;6.91;-5.1;-5.1;0;0;0;0;348.05;374.11;70.21;6.13;90.66;90.31;0.65;0.43;1.06
1990;11;15;4.68;4.55;-6.8;-6.8;0;0;0;0;348.05;374.11;69.7;5.74;95.34;94.86;0.62;0.4;0.99
1990;11;16;0.04;0.04;-7.5;-7.5;0;0;0;0;348.05;374.11;69.21;5.37;95.38;94.9;0.6;0.37;0.96
1990;11;17;0.02;0.02;-3.2;-3.2;0;0;0;0;348.05;374.11;68.74;5.03;95.4;94.92;0.57;0.35;0.99
1990;11;18;0.93;0.88;-5;-4.9;0;0;0;0;348.05;374.11;68.29;4.7;96.33;95.8;0.54;0.33;0.96
1990;11;19;1.9;1.81;-8.5;-8.5;0;0;0;0;348.05;374.11;67.86;4.4;98.22;97.61;0.52;0.31;0.93
1990;11;20;0.48;0.5;-6.2;-6.1;0;0;0;0;348.05;374.11;67.45;4.12;98.7;98.11;0.5;0.29;0.93
1990;11;21;6.7;6.81;-5.1;-5;0;0;0;0;348.05;374.11;67.06;3.86;105.4;104.92;0.48;0.27;0.93
1990;11;22;24.13;24.78;-4.7;-4.7;0;0;0;0;348.05;374.11;66.67;3.61;129.54;129.7;0.46;0.25;0.93
1990;11;23;6.34;6.52;-9;-9;0;0;0;0;348.05;374.11;66.31;3.38;135.88;136.22;0.44;0.24;0.9
1990;11;24;0.88;0.93;-12.4;-12.4;0;0;0;0;348.05;374.11;65.96;3.17;136.77;137.15;0.43;0.22;0.92
1990;11;25;34.48;34.99;-9.6;-9.6;0;0;0;0;348.05;374.11;65.62;2.96;171.25;172.14;0.41;0.21;0.89
1990;11;26;1.87;1.87;-11.3;-11.3;0;0;0;0;348.05;374.11;65.29;2.77;173.12;174.01;0.4;0.19;0.89
1990;11;27;2.79;2.72;-13.4;-13.4;0;0;0;0;348.05;374.11;64.97;2.6;175.91;176.73;0.38;0.18;0.94
1990;11;28;0.05;0.04;-13.4;-13.4;0;0;0;0;348.05;374.11;64.67;2.43;175.95;176.77;0.37;0.17;0.84
1990;11;29;0.01;0.01;-16.5;-16.5;0;0;0;0;348.05;374.11;64.37;2.28;175.96;176.78;0.36;0.16;0.8
1990;11;30;2.42;2.31;-17.3;-17.3;0;0;0;0;348.05;374.11;64.08;2.13;178.38;179.09;0.35;0.15;0.79
1990;12;1;0.26;0.24;-21.2;-21.2;0;0;0;0;348.05;374.11;63.8;2;178.64;179.33;0.34;0.14;0.77
1990;12;2;0.3;0.28;-17.6;-17.6;0;0;0;0;348.05;374.11;63.53;1.87;178.94;179.61;0.33;0.13;0.77
1990;12;3;0.2;0.19;-12.9;-12.9;0;0;0;0;348.05;374.11;63.27;1.75;179.15;179.8;0.32;0.12;0.77
1990;12;4;0.3;0.29;-12.8;-12.8;0;0;0;0;348.05;374.11;63.01;1.64;179.44;180.09;0.31;0.11;0.74
1990;12;5;8.73;8.53;-17.5;-17.5;0;0;0;0;348.05;374.11;62.76;1.54;188.18;188.62;0.3;0.11;0.74
1990;12;6;0.06;0.06;-19.5;-19.5;0;0;0;0;348.05;374.11;62.52;1.44;188.24;188.68;0.29;0.1;0.74
1990;12;7;0;0;-19.5;-19.5;0;0;0;0;348.05;374.11;62.28;1.35;188.24;188.68;0.28;0.09;0.72
1990;12;8;0.01;0.01;-16.8;-16.8;0;0;0;0;348.05;374.11;62.05;1.26;188.25;188.69;0.28;0.09;0.69
1990;12;9;19.39;19.76;-11.9;-11.8;0;0;0;0;348.05;374.11;61.83;1.18;207.64;208.45;0.27;0.08;0.69
1990;12;10;19.5;19.72;-10.2;-10.2;0;0;0;0;348.05;374.11;61.6;1.11;227.14;228.17;0.26;0.08;0.69
1990;12;11;0.89;0.92;-14.2;-14.2;0;0;0;0;348.05;374.11;61.39;1.04;228.03;229.09;0.26;0.07;0.66
1990;12;12;5.17;5.02;-18.5;-18.5;0;0;0;0;348.05;374.11;61.17;0.97;233.19;234.11;0.25;0.07;0.65
1990;12;13;0.34;0.31;-18.4;-18.4;0;0;0;0;348.05;374.11;60.97;0.91;233.53;234.42;0.25;0.06;0.64
1990;12;14;0.38;0.36;-17.2;-17.3;0;0;0;0;348.05;374.11;60.76;0.86;233.91;234.78;0.24;0.06;0.63
1990;12;15;0.62;0.59;-17.8;-17.9;0;0;0;0;348.05;374.11;60.56;0.8;234.53;235.37;0.24;0.06;0.63
1990;12;16;0.18;0.18;-19.3;-19.3;0;0;0;0;348.05;374.11;60.36;0.75;234.71;235.55;0.23;0.05;0.63
1990;12;17;0;0;-20.9;-20.9;0;0;0;0;348.05;374.11;60.17;0.71;234.71;235.54;0.23;0.05;0.62
1990;12;18;0;0;-22.6;-22.6;0;0;0;0;348.05;374.11;59.98;0.66;234.71;235.54;0.23;0.05;0.62
1990;12;19;0.15;0.14;-22.4;-22.4;0;0;0;0;348.05;374.11;59.79;0.62;234.86;235.69;0.22;0.04;0.61
1990;12;20;0.28;0.26;-21.7;-21.8;0;0;0;0;348.05;374.11;59.6;0.58;235.14;235.94;0.22;0.04;0.6
1990;12;21;2.19;2.09;-16.9;-16.9;0;0;0;0;348.05;374.11;59.42;0.55;237.33;238.03;0.22;0.04;0.6
1990;12;22;0.48;0.45;-11.9;-11.9;0;0;0;0;348.05;374.11;59.24;0.51;237.82;238.49;0.21;0.04;0.6
1990;12;23;0;0;-9.7;-9.8;0;0;0;0;348.05;374.11;59.06;0.48;237.82;238.49;0.21;0.03;0.59
1990;12;24;0;0;-11.3;-11.3;0;0;0;0;348.05;374.11;58.89;0.45;237.82;238.49;0.21;0.03;0.58
1990;12;25;0.17;0.18;-14;-14;0;0;0;0;348.05;374.11;58.71;0.42;237.99;238.66;0.2;0.03;0.59
1990;12;26;1.97;1.95;-11.9;-11.9;0;0;0;0;348.05;374.11;58.54;0.4;239.95;240.62;0.2;0.03;0.58
1990;12;27;1.83;1.75;-11.9;-11.9;0;0;0;0;348.05;374.11;58.37;0.38;241.78;242.37;0.2;0.03;0.58
1990;12;28;0.14;0.14;-18.6;-18.6;0;0;0;0;348.05;374.11;58.2;0.35;241.93;242.5;0.2;0.02;0.57
1990;12;29;0.55;0.54;-11.2;-11.2;0;0;0;0;348.05;374.11;58.04;0.33;242.48;243.04;0.2;0.02;0.57
1990;12;30;0;0;-10.4;-10.4;0;0;0;0;348.05;374.11;57.87;0.31;242.48;243.04;0.19;0.02;0.57
1990;12;31;0.73;0.73;-9.2;-9.2;0;0;0;0;348.05;374.11;57.71;0.29;243.21;243.78;0.19;0.02;0.57
1991;1;1;5.21;5.16;-11.5;-11.5;0;0;0;0;348.05;374.11;57.54;0.28;248.43;248.94;0.19;0.02;0.48
1991;1;2;6.43;6.3;-12.1;-12.1;0;0;0;0;348.05;374.11;57.38;0.26;254.86;255.24;0.19;0.02;0.48
1991;1;3;0.52;0.5;-6;-6;0;0;0;0;348.05;374.11;57.22;0.24;255.37;255.74;0.19;0.02;0.48
1991;1;4;3.11;3.03;-9.5;-9.5;0;0;0;0;348.05;374.11;57.06;0.23;258.49;258.76;0.18;0.02;0.47
1991;1;5;2.48;2.52;-12.4;-12.4;0;0;0;0;348.05;374.11;56.91;0.22;260.97;261.28;0.18;0.02;0.47
1991;1;6;0.25;0.24;-14.2;-14.2;0;0;0;0;348.05;374.11;56.75;0.21;261.22;261.52;0.18;0.01;0.47
1991;1;7;1.76;1.68;-11.7;-11.7;0;0;0;0;348.05;374.11;56.6;0.19;262.98;263.2;0.18;0.01;0.47
1991;1;8;0.09;0.09;-13.7;-13.7;0;0;0;0;348.05;374.11;56.44;0.18;263.07;263.29;0.18;0.01;0.46
1991;1;9;0;0;-15.1;-15.1;0;0;0;0;348.05;374.11;56.29;0.17;263.07;263.29;0.18;0.01;0.46
1991;1;10;0;0;-12.5;-12.5;0;0;0;0;348.05;374.11;56.14;0.16;263.07;263.29;0.18;0.01;0.46
1991;1;11;0.02;0.02;-10;-10;0;0;0;0;348.05;374.11;55.99;0.16;263.09;263.31;0.18;0.01;0.45
1991;1;12;4.84;4.81;-9.5;-9.5;0;0;0;0;348.05;374.11;55.84;0.15;267.93;268.12;0.17;0.01;0.45
1991;1;13;6.59;6.63;-9.6;-9.6;0;0;0;0;348.05;374.11;55.69;0.14;274.52;274.75;0.17;0.01;0.45
1991;1;14;3.04;3.1;-10.1;-10.1;0;0;0;0;348.05;374.11;55.54;0.13;277.56;277.85;0.17;0.01;0.45
1991;1;15;0.02;0.02;-12.5;-12.5;0;0;0;0;348.05;374.11;55.39;0.12;277.58;277.87;0.17;0.01;0.45
1991;1;16;0.01;0.01;-16;-16;0;0;0;0;348.05;374.11;55.24;0.12;277.59;277.88;0.17;0.01;0.45
1991;1;17;0;0;-16;-16;0;0;0;0;348.05;374.11;55.1;0.11;277.59;277.88;0.17;0.01;0.45
1991;1;18;0;0;-15.3;-15.3;0;0;0;0;348.05;374.11;54.95;0.11;277.59;277.88;0.17;0.01;0.45
1991;1;19;0;0;-14.4;-14.4;0;0;0;0;348.05;374.11;54.81;0.1;277.59;277.88;0.17;0.01;0.44
1991;1;20;0;0;-15.4;-15.4;0;0;0;0;348.05;374.11;54.66;0.1;277.59;277.88;0.17;0.01;0.44
1991;1;21;0.4;0.4;-15.2;-15.2;0;0;0;0;348.05;374.11;54.52;0.09;277.98;278.28;0.17;0.01;0.45
1991;1;22;0.04;0.04;-14.2;-14.2;0;0;0;0;348.05;374.11;54.38;0.09;278.02;278.32;0.17;0.01;0.44
1991;1;23;0;0;-15.1;-15.1;0;0;0;0;348.05;374.11;54.23;0.08;278.02;278.32;0.16;0.01;0.44
1991;1;24;0;0;-14.5;-14.5;0;0;0;0;348.05;374.11;54.09;0.08;278.02;278.32;0.16;0.01;0.45
1991;1;25;0;0;-12.4;-12.4;0;0;0;0;348.05;374.11;53.95;0.08;278.02;278.32;0.16;0.01;0.46
1991;1;26;0;0;-11.2;-11.2;0;0;0;0;348.05;374.11;53.81;0.07;278.02;278.32;0.16;0.01;0.45
1991;1;27;0;0;-11.9;-11.9;0;0;0;0;348.05;374.11;53.67;0.07;278.02;278.32;0.16;0;0.44
1991;1;28;0;0;-13.2;-13.2;0;0;0;0;348.05;374.11;53.53;0.07;278.02;278.32;0.16;0;0.44
1991;1;29;0;0;-13.1;-13.1;0;0;0;0;348.05;374.11;53.39;0.06;278.02;278.32;0.16;0;0.44
1991;1;30;0;0;-14.1;-14.1;0;0;0;0;348.05;374.11;53.25;0.06;278.02;278.32;0.16;0;0.43
1991;1;31;0;0;-14.8;-14.8;0;0;0;0;348.05;374.11;53.11;0.06;278.02;278.32;0.16;0;0.44
1991;2;1;0;0;-15.9;-15.9;0;0;0;0;348.05;374.11;52.97;0.06;278.02;278.32;0.16;0;0.44
1991;2;2;0;0;-16.6;-16.6;0;0;0;0;348.05;374.11;52.84;0.06;278.02;278.32;0.16;0;0.44
1991;2;3;0;0;-16.6;-16.6;0;0;0;0;348.05;374.11;52.7;0.05;278.02;278.32;0.16;0;0.45
1991;2;4;0.39;0.36;-17;-17;0;0;0;0;348.05;374.11;52.56;0.05;278.41;278.68;0.16;0;0.46
1991;2;5;1.26;1.25;-20.4;-20.4;0;0;0;0;348.05;374.11;52.43;0.05;279.67;279.93;0.16;0;0.46
1991;2;6;1.5;1.53;-22.4;-22.4;0;0;0;0;348.05;374.11;52.29;0.05;281.16;281.46;0.16;0;0.44
1991;2;7;0.5;0.51;-21;-21;0;0;0;0;348.05;374.11;52.16;0.05;281.67;281.97;0.16;0;0.43
1991;2;8;1.61;1.61;-14.6;-14.6;0;0;0;0;348.05;374.11;52.02;0.05;283.27;283.58;0.16;0;0.44
1991;2;9;1.01;1.05;-16.9;-16.9;0;0;0;0;348.05;374.11;51.89;0.04;284.28;284.63;0.15;0;0.43
1991;2;10;7.1;7.18;-12.3;-12.3;0;0;0;0;348.05;374.11;51.76;0.04;291.38;291.81;0.15;0;0.43
1991;2;11;2.84;2.87;-17.5;-17.5;0;0;0;0;348.05;374.11;51.62;0.04;294.22;294.68;0.15;0;0.41
1991;2;12;1.08;1.04;-21.5;-21.5;0;0;0;0;348.05;374.11;51.49;0.04;295.3;295.72;0.15;0;0.41
1991;2;13;0.23;0.21;-22;-22;0;0;0;0;348.05;374.11;51.36;0.04;295.54;295.93;0.15;0;0.41
1991;2;14;0.24;0.22;-23.3;-23.3;0;0;0;0;348.05;374.11;51.22;0.04;295.77;296.15;0.15;0;0.41
1991;2;15;2.19;2.13;-20.5;-20.5;0;0;0;0;348.05;374.11;51.09;0.04;297.97;298.28;0.15;0;0.42
1991;2;16;8.05;7.97;-15.1;-15.1;0;0;0;0;348.05;374.11;50.96;0.04;306.01;306.25;0.15;0;0.42
1991;2;17;0.02;0.02;-14.9;-14.9;0;0;0;0;348.05;374.11;50.83;0.04;306.03;306.27;0.15;0;0.4
1991;2;18;0.02;0.02;-11.7;-11.7;0;0;0;0;348.05;374.11;50.7;0.04;306.05;306.29;0.15;0;0.4
1991;2;19;0;0;-10.2;-10.2;0;0;0;0;348.05;374.11;50.57;0.04;306.05;306.29;0.15;0;0.41
1991;2;20;0;0;-10;-10;0;0;0;0;348.05;374.11;50.44;0.04;306.05;306.29;0.15;0;0.41
1991;2;21;0.04;0.04;-9.7;-9.7;0;0;0;0;348.05;374.11;50.31;0.03;306.09;306.33;0.15;0;0.41
1991;2;22;0.12;0.1;-10.9;-10.9;0;0;0;0;348.05;374.11;50.18;0.03;306.2;306.43;0.15;0;0.41
1991;2;23;0.73;0.7;-10.7;-10.7;0;0;0;0;348.05;374.11;50.05;0.03;306.93;307.13;0.15;0;0.41
1991;2;24;0;0;-5.3;-5.3;0;0;0;0;348.05;374.11;49.92;0.03;306.93;307.13;0.15;0;0.42
1991;2;25;0;0;-4.2;-4.2;0;0;0;0;348.05;374.11;49.79;0.03;306.93;307.13;0.15;0;0.43
1991;2;26;0;0;-5.7;-5.7;0;0;0;0;348.05;374.11;49.67;0.03;306.93;307.13;0.15;0;0.44
1991;2;27;0;0;-6.7;-6.7;0;0;0;0;348.05;374.11;49.54;0.03;306.93;307.13;0.15;0;0.45
1991;2;28;1.17;1.22;-8.2;-8.2;0;0;0;0;348.05;374.11;49.41;0.03;308.1;308.35;0.15;0;0.46
1991;3;1;0.57;0.61;-7.9;-7.9;0;0;0;0;348.05;374.11;49.28;0.03;308.68;308.96;0.15;0;0.45
1991;3;2;0.07;0.08;-8.2;-8.2;0;0;0;0;348.05;374.11;49.16;0.03;308.75;309.04;0.15;0;0.44
1991;3;3;0.93;0.94;-7.5;-7.5;0;0;0;0;348.05;374.11;49.03;0.03;309.68;309.98;0.14;0;0.44
1991;3;4;0.01;0.01;-6.5;-6.5;0;0;0;0;348.05;374.11;48.91;0.03;309.68;309.99;0.14;0;0.46
1991;3;5;0.08;0.09;-4.7;-4.7;0;0;0;0;348.05;374.11;48.78;0.03;309.76;310.08;0.14;0;0.47
1991;3;6;0.37;0.4;-4.6;-4.6;0;0;0;0;348.05;374.11;48.66;0.03;310.13;310.48;0.14;0;0.48
1991;3;7;2.13;2.23;-4.4;-4.4;0;0;0;0;348.05;374.11;48.53;0.03;312.27;312.71;0.14;0;0.48
1991;3;8;5.24;5.41;-3.2;-3.3;0;0;0;0;348.05;374.11;48.41;0.03;317.51;318.12;0.14;0;0.51
1991;3;9;11.55;11.77;-3.3;-3.3;0;0;0;0;348.05;374.11;48.28;0.03;329.06;329.89;0.14;0;0.49
1991;3;10;0.8;0.73;-4.2;-4.2;0;0;0;0;348.05;374.11;48.16;0.03;329.86;330.62;0.14;0;0.44
1991;3;11;0.76;0.76;-5.5;-5.5;0;0;0;0;348.05;374.11;48.04;0.03;330.62;331.38;0.14;0;0.43
1991;3;12;0;0;-5.7;-5.7;0;0;0;0;348.05;374.11;47.91;0.03;330.62;331.38;0.14;0;0.44
1991;3;13;0;0;-6.1;-6.1;0;0;0;0;348.05;374.11;47.79;0.03;330.62;331.38;0.14;0;0.46
1991;3;14;0;0;-4.9;-4.9;0;0;0;0;348.05;374.11;47.67;0.03;330.62;331.38;0.14;0;0.48
1991;3;15;0;0;-5.5;-5.5;0;0;0;0;348.05;374.11;47.55;0.03;330.62;331.38;0.14;0;0.49
1991;3;16;0.01;0.01;-5;-5;0;0;0;0;348.05;374.11;47.42;0.03;330.63;331.39;0.14;0;0.51
1991;3;17;2.13;2.04;-5.4;-5.4;0;0;0;0;348.05;374.11;47.3;0.03;332.76;333.43;0.14;0;0.5
1991;3;18;7.94;7.69;-5.3;-5.3;0;0;0;0;348.05;374.11;47.18;0.03;340.7;341.12;0.14;0;0.47
1991;3;19;0.89;0.85;-4.1;-4.1;0;0;0;0;348.05;374.11;47.06;0.03;341.59;341.97;0.14;0;0.45
1991;3;20;4.52;4.33;-2.9;-2.9;0;0;0;0;348.05;374.11;46.94;0.03;346.11;346.3;0.14;0;0.49
1991;3;21;0.35;0.37;-2.5;-2.5;0;0;0;0;348.05;374.11;46.82;0.03;346.45;346.67;0.14;0;0.54
1991;3;22;11.6;11.89;-3.8;-3.8;0;0;0;0;348.05;374.11;46.7;0.03;358.05;358.56;0.14;0;0.52
1991;3;23;4.71;4.9;-4.2;-4.2;0;0;0;0;348.05;374.11;46.58;0.03;362.77;363.46;0.14;0;0.49
1991;3;24;0.72;0.75;-1.9;-1.9;0;0;0;0;348.05;374.11;46.46;0.03;363.48;364.21;0.14;0;0.52
1991;3;25;1.6;1.66;-3.6;-3.6;0;0;0;0;348.05;374.11;46.34;0.03;365.09;365.87;0.14;0;0.52
1991;3;26;11.22;10.94;-4.8;-4.8;0;0;0;0;348.05;374.11;46.22;0.03;376.31;376.81;0.14;0;0.5
1991;3;27;8.04;8;-5.9;-5.9;0;0;0;0;348.05;374.11;46.11;0.03;384.35;384.81;0.14;0;0.47
1991;3;28;1.5;1.45;-11.2;-11.2;0;0;0;0;348.05;374.11;45.99;0.03;385.85;386.26;0.14;0;0.46
1991;3;29;0.47;0.45;-14.1;-14;0;0;0;0;348.05;374.11;45.87;0.03;386.31;386.71;0.14;0;0.45
1991;3;30;0.01;0.01;-9.8;-9.7;0;0;0;0;348.05;374.11;45.75;0.03;386.32;386.72;0.14;0;0.45
1991;3;31;0;0;-7.9;-7.8;0;0;0;0;348.05;374.11;45.63;0.03;386.32;386.72;0.13;0;0.46
1991;4;1;0;0;-6.6;-6.5;0;0;0;0;348.05;374.11;45.52;0.03;386.32;386.72;0.13;0;0.47
1991;4;2;0.11;0.12;-3.5;-3.5;0;0;0;0;348.05;374.11;45.4;0.03;386.44;386.84;0.13;0;0.52
1991;4;3;10.12;9.79;-3.3;-3.3;0;0;0;0;348.05;374.11;45.29;0.03;396.56;396.63;0.13;0;0.58
1991;4;4;4.21;4.36;-4.2;-4.2;0;0;0;0;348.05;374.11;45.17;0.03;400.76;400.99;0.13;0;0.6
1991;4;5;9.7;9.52;-6.2;-6.2;0;0;0;0;348.05;374.11;45.05;0.03;410.46;410.51;0.13;0;0.55
1991;4;6;2.93;2.83;-5.3;-5.2;0;0;0;0;348.05;374.11;44.94;0.03;413.39;413.34;0.13;0;0.53
1991;4;7;0.25;0.23;-5.7;-5.6;0;0;0;0;348.05;374.11;44.82;0.03;413.63;413.57;0.13;0;0.55
1991;4;8;0.63;0.57;-6.5;-6.4;0;0;0;0;348.05;374.11;44.71;0.03;414.26;414.14;0.13;0;0.56
1991;4;9;0.06;0.06;-4.9;-4.8;0;0;0;0;348.05;374.11;44.59;0.03;414.32;414.2;0.13;0;0.58
1991;4;10;0;0;-4;-3.9;0;0;0;0;348.05;374.11;44.48;0.03;414.32;414.2;0.13;0;0.63
1991;4;11;0;0;-4.5;-4.4;0;0;0;0;348.05;374.11;44.37;0.03;414.32;414.2;0.13;0;0.65
1991;4;12;3.19;3.27;-4.6;-4.6;0;0;0;0;348.05;374.11;44.25;0.03;417.51;417.47;0.13;0;0.66
1991;4;13;3.72;3.72;-4.7;-4.7;0;0;0;0;348.05;374.11;44.14;0.03;421.23;421.19;0.13;0;0.64
1991;4;14;1.24;1.25;-5;-5;0;0;0;0;348.05;374.11;44.03;0.03;422.47;422.44;0.13;0;0.64
1991;4;15;0.21;0.21;-4.1;-4.1;0;0;0;0;348.05;374.11;43.91;0.03;422.68;422.65;0.13;0;0.71
1991;4;16;0.22;0.19;-2.6;-2.5;0;0;0;0;348.05;374.11;43.8;0.03;422.9;422.84;0.13;0;0.77
1991;4;17;14.52;14.55;-10.3;-10.3;0;0;0;0;348.05;374.11;43.69;0.03;437.42;437.39;0.13;0;0.71
1991;4;18;7.15;7.03;-12.8;-12.8;0;0;0;0;348.05;374.11;43.58;0.03;444.57;444.42;0.13;0;0.61
1991;4;19;1.95;1.87;-14.4;-14.4;0;0;0;0;348.05;374.11;43.47;0.03;446.52;446.29;0.13;0;0.57
1991;4;20;1.46;1.39;-14.9;-14.8;0;0;0;0;348.05;374.11;43.35;0.03;447.98;447.68;0.13;0;0.56
1991;4;21;2;1.98;-13.3;-13.2;0;0;0;0;348.05;374.11;43.24;0.03;449.98;449.66;0.13;0;0.52
1991;4;22;0.59;0.61;-12.6;-12.5;0;0;0;0;348.05;374.11;43.13;0.03;450.57;450.27;0.13;0;0.51
1991;4;23;4.64;4.61;-12;-11.9;0;0;0;0;348.05;374.11;43.02;0.03;455.21;454.88;0.13;0;0.49
1991;4;24;2.56;2.56;-11.8;-11.8;0;0;0;0;348.05;374.11;42.91;0.03;457.77;457.44;0.13;0;0.48
1991;4;25;0.42;0.44;-11.2;-11.2;0;0;0;0;348.05;374.11;42.8;0.03;458.19;457.88;0.13;0;0.49
1991;4;26;0.24;0.25;-8.3;-8.3;0;0;0;0;348.05;374.11;42.69;0.03;458.43;458.13;0.13;0;0.48
1991;4;27;2.3;2.28;-7.3;-7.2;0;0;0;0;348.05;374.11;42.59;0.03;460.73;460.41;0.13;0;0.49
1991;4;28;3.04;3.09;-7;-7;0;0;0;0;348.05;374.11;42.48;0.03;463.77;463.5;0.13;0;0.5
1991;4;29;3.34;3.34;-6.1;-6.1;0;0;0;0;348.05;374.11;42.37;0.02;467.1;466.84;0.13;0;0.54
1991;4;30;1.5;1.51;-5;-5;0;0;0;0;348.05;374.11;42.26;0.02;468.6;468.35;0.12;0;0.55
1991;5;1;6.25;6.22;-4.9;-4.9;0;0;0;0;348.05;374.11;42.15;0.02;474.85;474.57;0.12;0;0.57
1991;5;2;8.74;8.78;-4.3;-4.3;0;0;0;0;348.05;374.11;42.04;0.02;483.59;483.35;0.12;0;0.59
1991;5;3;9.92;9.9;-4.5;-4.5;0;0;0;0;348.05;374.11;41.94;0.02;493.51;493.25;0.12;0;0.58
1991;5;4;9.41;9.43;-8;-7.9;0;0;0;0;348.05;374.11;41.83;0.02;502.92;502.68;0.12;0;0.57
1991;5;5;5.46;5.51;-7.8;-7.8;0;0;0;0;348.05;374.11;41.72;0.02;508.38;508.19;0.12;0;0.58
1991;5;6;9.18;9.1;-8.4;-8.4;0;0;0;0;348.05;374.11;41.61;0.02;517.56;517.29;0.12;0;0.58
1991;5;7;1.18;1.12;-7.2;-7.2;0;0;0;0;348.05;374.11;41.51;0.02;518.74;518.41;0.12;0;0.57
1991;5;8;6.25;6.37;-6.3;-6.3;0;0;0;0;348.05;374.11;41.4;0.02;525;524.78;0.12;0;0.58
1991;5;9;2.5;2.56;-5.7;-5.7;0;0;0;0;348.05;374.11;41.3;0.02;527.49;527.34;0.12;0;0.63
1991;5;10;2.28;2.33;-3.3;-3.3;0;0;0;0;348.05;374.11;41.19;0.02;529.78;529.67;0.12;0;0.67
1991;5;11;20.97;20.73;-3.4;-3.4;0;0;0;0;348.05;374.11;41.08;0.02;550.75;550.4;0.12;0;0.67
1991;5;12;15;14.6;-4.2;-4.2;0;0;0;0;348.05;374.11;40.98;0.02;565.75;565;0.12;0;0.67
1991;5;13;0.47;0.42;-3.3;-3.3;0;0;0;0;348.05;374.11;40.87;0.02;566.22;565.42;0.12;0;0.72
1991;5;14;1.3;1.2;-2.3;-2.3;0;0;0;0;348.05;374.11;40.77;0.02;567.52;566.62;0.12;0;0.87
1991;5;15;3.6;3.45;-5.1;-5.1;0;0;0;0;348.05;374.11;40.66;0.02;571.11;570.07;0.12;0;0.88
1991;5;16;4.1;4;-9.4;-9.4;0;0;0;0;348.05;374.11;40.56;0.02;575.21;574.07;0.12;0;0.76
1991;5;17;3.93;3.77;-9.6;-9.6;0;0;0;0;348.05;374.11;40.46;0.02;579.14;577.84;0.12;0;0.69
1991;5;18;3.33;3.12;-8.4;-8.3;0;0;0;0;348.05;374.11;40.35;0.02;582.47;580.96;0.12;0;0.65
1991;5;19;0.43;0.39;-6;-5.9;0;0;0;0;348.05;374.11;40.25;0.02;582.9;581.35;0.12;0;0.63
1991;5;20;1.85;1.8;-4.1;-4.1;0;0;0;0;348.05;374.11;40.15;0.02;584.75;583.15;0.12;0;0.66
1991;5;21;0;0;0.1;0.2;0.56;0.63;0.08;0.1;348.05;374.11;40.05;0.02;584.66;583.05;0.12;0;0.8
1991;5;22;0.08;0.07;1;1.1;1.36;1.42;0.21;0.22;348.23;374.32;39.94;0.02;584.08;582.39;0.12;0;1.1
1991;5;23;2.18;2.07;-1.9;-1.9;0;0;0;0;348.23;374.32;39.84;0.02;586.25;584.47;0.12;0;1.36
1991;5;24;1.1;1.01;-6.7;-6.6;0;0;0;0;348.23;374.32;39.74;0.02;587.35;585.48;0.12;0;1.14
1991;5;25;1.03;0.97;-5.8;-5.8;0;0;0;0;348.23;374.32;39.64;0.02;588.38;586.45;0.12;0;0.92
1991;5;26;7;6.72;-4;-4;0;0;0;0;348.23;374.32;39.54;0.02;595.39;593.16;0.12;0;0.84
1991;5;27;0.08;0.07;-4.3;-4.3;0;0;0;0;348.23;374.32;39.43;0.02;595.47;593.23;0.12;0;0.81
1991;5;28;0;0;-2.6;-2.5;0;0;0;0;348.23;374.32;39.33;0.02;595.47;593.23;0.12;0;0.88
1991;5;29;0.19;0.2;-1.9;-1.8;0;0;0;0;348.23;374.32;39.23;0.02;595.65;593.43;0.12;0;1.03
1991;5;30;0.04;0.05;-1.1;-1;0;0;0;0;348.23;374.32;39.13;0.03;595.7;593.48;0.12;0;1.23
1991;5;31;0;0;-0.1;0;0;0;0;0;348.23;374.32;39.03;0.03;595.7;593.48;0.12;0;1.55
1991;6;1;0.13;0.13;0.5;0.6;0.95;1.08;0.14;0.16;348.23;374.32;38.93;0.03;595.68;593.45;0.12;0;1.89
1991;6;2;0.78;0.85;0.2;0.3;0.68;0.78;0.1;0.11;348.34;374.44;38.83;0.03;596.09;593.88;0.11;0;2.35
1991;6;3;7.78;7.78;-0.2;-0.1;0;0;0;0;348.34;374.44;38.73;0.03;603.88;601.66;0.11;0;2.62
1991;6;4;4.22;4.25;-1.7;-1.7;0;0;0;0;348.34;374.44;38.63;0.03;608.1;605.91;0.11;0;2.16
1991;6;5;0.8;0.85;-2.3;-2.3;0;0;0;0;348.34;374.44;38.54;0.03;608.9;606.76;0.11;0;1.75
1991;6;6;12.11;12.14;-0.5;-0.5;0;0;0;0;348.34;374.44;38.44;0.03;621.01;618.9;0.11;0;1.98
1991;6;7;2.53;2.62;-1.6;-1.6;0;0;0;0;348.34;374.44;38.34;0.03;623.54;621.52;0.11;0;1.76
1991;6;8;4.35;4.21;-0.8;-0.8;0;0;0;0;348.34;374.44;38.24;0.03;627.89;625.73;0.11;0;1.52
1991;6;9;0.25;0.24;1.8;1.9;1.84;1.87;0.29;0.28;348.76;374.92;38.14;0.03;626.81;624.51;0.11;0;1.77
1991;6;10;7.73;7.78;2.5;2.6;2.15;2.18;0.18;0.18;350.05;376.69;39.55;1.73;627.29;624.11;1.19;1.07;3.01
1991;6;11;0.7;0.69;0.9;0.9;1.29;1.31;0.19;0.19;349.44;376.31;40.88;3.32;625.4;621.9;2.04;1.9;4.55
1991;6;12;0.14;0.14;1.4;1.4;1.6;1.62;0.25;0.25;349.49;376.67;42.16;4.86;621.25;617.22;2.22;2.05;5.82
1991;6;13;2.66;2.78;3;3.1;2.34;2.37;0.31;0.3;353.13;380.84;43.47;6.41;610.81;605.56;3.8;3.6;8.98
1991;6;14;2.31;2.34;2.7;2.7;2.2;2.22;0.3;0.29;356.68;383.94;44.93;8.1;600.82;595.7;5.12;4.87;12.1
1991;6;15;1.24;1.35;3;3.1;2.35;2.37;0.28;0.27;360.32;387.14;46.56;9.95;589.19;584.27;5.65;5.31;12.49
1991;6;16;8.21;8.24;3.7;3.8;2.6;2.61;0.17;0.16;367.37;392.97;48.39;12.01;576.35;572.25;7.15;6.71;16.43
1991;6;17;54.13;53.96;1.9;2;1.87;1.92;0;0;371.49;397.5;50.49;14.32;614.35;608.69;8.32;7.8;33.17
1991;6;18;5.78;5.69;-3.1;-3.1;0;0;0;0;369.8;395.95;52.67;16.7;620.13;614.38;5.99;5.49;13.97
1991;6;19;2.26;2.3;-2.7;-2.7;0;0;0;0;369.8;395.95;51.63;15.62;622.39;616.68;2.88;2.49;6.01
1991;6;20;3.23;3.22;-2.1;-2.1;0;0;0;0;369.8;395.95;50.65;14.62;625.61;619.9;1.49;1.19;3.5
1991;6;21;0.39;0.36;1.2;1.3;1.53;1.56;0.19;0.19;369.92;396.08;49.72;13.69;625.47;619.69;1.19;0.96;4
1991;6;22;0.19;0.2;3.2;3.3;2.42;2.44;0.31;0.3;371.64;397.92;52.19;16.37;615.85;609.52;2.74;2.5;7.17
1991;6;23;1.98;2.08;5.1;5.2;3.02;3.03;0.35;0.33;379.48;404.71;54.51;18.88;591.89;585.95;7.23;6.87;12.78
1991;6;24;1.41;1.47;5.5;5.6;3.12;3.14;0.37;0.35;387.45;411.74;57.09;21.66;564.84;559.02;11.34;10.77;13.86
1991;6;25;0.58;0.59;7.5;7.6;3.62;3.64;0.36;0.32;397.47;420.01;60.15;24.93;529.12;524.34;14.87;14.05;18.05
1991;6;26;5.54;5.58;6.5;6.6;3.39;3.4;0.24;0.21;405.57;426.32;63.75;28.72;501.53;498.42;17.05;15.95;22.75
1991;6;27;16.02;16.11;1.8;1.9;1.84;1.87;0.01;0.01;405.82;426.7;67.6;32.71;509.03;505.7;14.05;12.84;22.44
1991;6;28;2.59;2.5;-2.1;-2.1;0;0;0;0;403.9;425.05;71.13;36.3;511.62;508.2;8.67;7.64;16.02
1991;6;29;1.45;1.35;-2.7;-2.6;0;0;0;0;402;423.39;74;39.15;513.07;509.55;5.5;4.72;10.62
1991;6;30;0;0;-0.2;-0.1;0;0;0;0;400.54;421.75;75.75;41.25;513.07;509.55;4.38;3.78;7.76
1991;7;1;0.11;0.11;3.9;4;2.67;2.7;0.27;0.25;401.77;422.78;77.46;42.81;501.95;498.62;5.89;5.35;9.98
1991;7;2;0.14;0.14;6.5;6.6;3.41;3.42;0.35;0.31;407.43;427.17;79.08;44.28;475.69;473.75;10.38;9.67;12.63
1991;7;3;1.6;1.62;6.5;6.6;3.41;3.42;0.32;0.28;413.27;431.7;81.02;46.06;448.38;447.95;14.63;13.57;15.92
1991;7;4;3.46;3.54;7.5;7.5;3.64;3.64;0.22;0.18;420.18;436.98;83.5;48.36;416.75;418.56;18.04;16.6;17.84
1991;7;5;10.12;10.22;7.6;7.6;3.66;3.66;0.11;0.09;426.38;441.29;86.57;51.21;392.37;397.56;20.3;18.46;20.03
1991;7;6;0.47;0.45;8.4;8.5;3.85;3.87;0.28;0.23;430.49;443.79;90.12;54.45;365.1;373.98;20.21;17.98;21.65
1991;7;7;3.16;3.17;9.4;9.4;4.05;4.06;0.25;0.2;435.44;447.02;94;57.9;334.23;347.47;20.81;18.23;22.87
1991;7;8;13.62;13.62;7.7;7.8;3.69;3.71;0.05;0.04;440.62;450.91;98.25;61.59;308.33;324.95;23.65;20.7;30.71
1991;7;9;9.75;9.87;6.1;6.2;3.31;3.32;0.11;0.08;443.52;453.08;102.88;65.52;287.61;306.97;24.54;21.36;27.15
1991;7;10;5.97;5.82;6.8;6.8;3.47;3.47;0.17;0.14;445.95;454.71;107.68;69.51;264.62;287.23;23.59;20.34;25.02
1991;7;11;1.44;1.45;8.6;8.6;3.88;3.89;0.26;0.22;448.14;456.27;112.5;73.39;236.59;262.28;23.32;20.01;26.52
1991;7;12;9.67;9.66;9;9.1;3.98;3.99;0.06;0.05;449.65;457.51;117.25;77.11;219.39;247.01;23.35;20.03;30.5
1991;7;13;8.03;8.02;7.7;7.7;3.68;3.69;0.05;0.06;449.83;457.98;121.81;80.57;208.15;235.67;22.06;18.98;27.88
1991;7;14;24.51;24.29;3.3;3.3;2.45;2.46;0;0;450.67;458.94;126.07;83.72;208.48;236.04;22.04;18.81;27.35
1991;7;15;0.62;0.58;5.8;5.9;3.23;3.25;0.24;0.1;448.93;457.93;129.87;86.42;202.76;229.57;19.88;16.11;23.15
1991;7;16;0.28;0.3;8.1;8.1;3.77;3.78;0.3;0.11;447.47;457.29;132.96;88.45;194.2;219.87;17.6;13.38;22.7
1991;7;17;13.98;13.89;4;4;2.69;2.7;0.03;0.01;447.61;457.73;135.43;89.92;189.68;214.75;18.5;14.71;19.65
1991;7;18;0;0;5.2;5.2;3.05;3.06;0.24;0.09;445.88;456.73;137.42;90.98;183.7;207.99;17.19;13.96;15.84
1991;7;19;0.77;0.78;9.4;9.4;4.05;4.06;0.3;0.12;444.86;456.53;138.94;91.62;172.63;195.45;17.03;13.16;24.42
1991;7;20;2;2.11;8.9;8.9;3.95;3.95;0.28;0.11;444;456.45;140.09;91.98;161.9;183.3;18.42;14;25.62
1991;7;21;2.41;2.53;6.6;6.6;3.42;3.42;0.23;0.09;442.94;456.08;140.97;92.14;153.8;174.13;17.97;14.01;22.17
1991;7;22;0.27;0.27;6.6;6.6;3.42;3.42;0.25;0.1;441.61;455.46;141.59;92.1;145.61;164.85;16.53;13.08;20.67
1991;7;23;0.65;0.71;8.3;8.3;3.82;3.82;0.28;0.11;440.61;455.22;141.97;91.87;135.21;153.08;16.54;12.91;21.85
1991;7;24;7.01;6.86;7.1;7.1;3.54;3.55;0.14;0.06;440.57;455.58;142.22;91.58;126.17;142.85;17.97;14.24;24.66
1991;7;25;17.35;17.44;3.6;3.6;2.56;2.56;0;0;441.32;456.33;142.55;91.4;123.62;139.97;19.17;16.1;16.7
1991;7;26;6.46;6.37;-0.1;-0.1;0;0;0;0;439.15;454.56;142.85;91.22;130.08;146.34;15.02;13.17;11.8
1991;7;27;3.37;3.15;0.8;0.8;1.24;1.25;0.1;0.09;437.47;453.16;142.82;90.69;130.42;146.5;10.67;9.64;7.56
1991;7;28;0.11;0.11;3.2;3.2;2.42;2.42;0.06;0.07;436.3;452.06;142.39;89.75;125.03;141.56;9.93;9.02;6.42
1991;7;29;1.72;1.77;5.6;5.6;3.17;3.17;0.14;0.09;435.13;451.4;141.72;88.56;119.45;135.24;11.3;9.58;9.74
1991;7;30;0.55;0.58;6.8;6.8;3.48;3.47;0.24;0.1;433.93;450.85;140.95;87.28;112.27;127.11;13.06;10.35;14.03
1991;7;31;22.27;21.94;5.7;5.7;3.2;3.19;0;0;436.64;453.25;140.38;86.25;105.77;119.75;17.69;14.73;13.2
1991;8;1;21.8;21.53;1.7;1.7;1.65;1.64;0;0;435.84;452.45;140.16;85.6;119.94;134.01;17.06;14.96;9.01
1991;8;2;3.22;3.08;2.8;2.8;2.1;2.09;0.09;0.1;435.44;451.73;140.05;85.07;114.2;129.3;13.19;11.96;6.31
1991;8;3;1.23;1.13;4.5;4.5;2.62;2.62;0.12;0.08;434.19;450.92;139.86;84.42;109.12;123.54;12.31;10.47;9.39
1991;8;4;6.42;6.54;6.1;6.1;3.03;3.03;0.14;0.06;433.97;451.12;139.6;83.7;102.64;116.2;13.98;11.34;11.72
1991;8;5;0;0;6.7;6.7;3.16;3.17;0.22;0.1;432.76;450.53;139.33;83;95.26;107.85;14.44;11.52;15.66
1991;8;6;0;0;8.4;8.4;3.53;3.53;0.24;0.11;431.87;450.31;139.05;82.32;85.69;97.02;14.52;11.24;16.69
1991;8;7;0.17;0.18;10.5;10.5;3.92;3.92;0.26;0.12;431.41;450.56;138.79;81.69;73.42;83.12;15.9;12.03;19.89
1991;8;8;2.87;2.55;10;10;3.83;3.83;0.19;0.1;431.52;451.1;138.65;81.23;61.44;69.56;17.45;13.23;22.67
1991;8;9;1.53;1.42;8.9;8.9;3.62;3.63;0.21;0.1;431.14;451.25;138.65;80.95;50.62;57.31;17.59;13.5;22.25
1991;8;10;2.6;2.58;9;9;3.65;3.65;0.2;0.1;430.97;451.61;138.76;80.82;39.51;44.73;17.49;13.53;23.61
1991;8;11;1.68;1.65;9.5;9.5;3.74;3.74;0.22;0.1;430.73;451.93;138.97;80.82;27.69;31.35;17.77;13.71;24.46
1991;8;12;9.49;9.6;7.8;7.8;3.4;3.4;0.1;0.04;431.62;453.03;139.33;81;17.8;20.16;18.9;15.02;24.25
1991;8;13;0.73;0.71;7.1;7.1;3.25;3.25;0.2;0.1;430.77;452.7;139.81;81.31;8.84;10.01;17.83;14.36;23.27
1991;8;14;0.91;0.92;6.4;6.4;3.09;3.1;0.19;0.09;429.86;452.29;140.23;81.59;0.72;0.82;15.76;12.61;22.46
1991;8;15;0.23;0.21;5;5;2.75;2.75;0.1;0;427.88;450.67;140.42;81.6;0;0;12.76;10.05;16.53
1991;8;16;0;0;6.6;6.6;3.14;3.14;0.64;0.6;425.22;448.32;140.2;81.18;0;0;16.02;13.35;16.4
1991;8;17;0.1;0.11;7;7;3.23;3.23;1.2;1.23;422.04;445.36;139.55;80.29;0;0;16.87;13.91;20.24
1991;8;18;2.69;2.75;5.4;5.5;2.87;2.88;0.9;0.92;419.69;443.15;138.57;79.04;0;0;15.71;12.91;20.19
1991;8;19;0.05;0.05;4;4;2.46;2.47;0.92;0.95;416.82;440.49;137.36;77.54;0;0;13.45;11.16;17.09
1991;8;20;0;0;4.5;4.6;2.63;2.64;0.98;1.01;413.89;437.77;135.94;75.82;0;0;12.86;10.8;14.48
1991;8;21;0.05;0.06;6.5;6.5;3.12;3.12;1.15;1.19;410.82;434.88;134.35;73.91;0;0;14.66;12.22;17.09
1991;8;22;0.05;0.06;8.7;8.7;3.58;3.59;1.32;1.37;407.59;431.83;132.62;71.87;0;0;17.54;14.35;20.16
1991;8;23;9.59;9.31;7.2;7.2;3.27;3.28;0.53;0.56;407.68;431.57;130.9;69.83;0;0;18.58;15.15;20.26
1991;8;24;0.55;0.56;7;7;3.23;3.23;1.16;1.2;404.76;428.81;129.27;67.89;0;0;17.94;14.71;19.23
1991;8;25;0.23;0.22;6.4;6.4;3.09;3.1;1.13;1.17;401.82;426.02;127.68;66;0;0;15.95;12.92;19.33
1991;8;26;0.36;0.32;6.4;6.5;3.11;3.12;1.13;1.17;398.94;423.26;126.05;64.07;0;0;15.11;12.26;21.73
1991;8;27;0.01;0.01;5.7;5.7;2.93;2.93;1.08;1.12;396.01;420.5;124.38;62.1;0;0;14.01;11.29;20.16
1991;8;28;0;0;4.8;4.9;2.71;2.73;1;1.05;393.18;417.82;122.69;60.12;0;0;12.67;10.22;17.39
1991;8;29;1.39;1.38;2.1;2.1;1.81;1.82;0.31;0.32;391.48;416.24;121;58.14;0;0;7.03;5.62;14.39
1991;8;30;0;0;3.7;3.7;2.38;2.38;0.44;0.46;389.24;414.16;119.33;56.2;0;0;9.13;7.93;11.57
1991;8;31;0;0;6.3;6.4;3.09;3.1;1.13;1.19;386.32;411.36;117.69;54.29;0;0;12.44;10.33;13.03
1991;9;1;0.55;0.56;6.2;6.2;2.6;2.6;0.86;0.9;383.86;409.02;116.07;52.42;0;0;13.12;10.56;15.54
1991;9;2;1.04;1.02;5.5;5.5;2.46;2.46;0.79;0.83;381.66;406.9;114.5;50.62;0;0;12.56;10.04;15.18
1991;9;3;0.41;0.42;5.6;5.6;2.48;2.48;0.83;0.87;379.22;404.58;112.99;48.88;0;0;12.32;9.87;14.91
1991;9;4;0.93;0.92;6.7;6.7;2.7;2.7;0.87;0.92;376.95;402.38;111.55;47.21;0;0;13.29;10.68;15.15
1991;9;5;1.14;1.16;6.1;6.1;2.58;2.58;0.82;0.86;374.8;400.32;110.16;45.63;0;0;13.12;10.44;15.27
1991;9;6;0;0;4.9;5;2.34;2.35;0.8;0.84;372.3;397.92;108.84;44.11;0;0;11.64;9.24;14.85
1991;9;7;0;0;3.4;3.4;1.96;1.95;0.66;0.7;369.94;395.67;107.56;42.66;0;0;9.38;7.42;13.79
1991;9;8;0;0;3.2;3.2;1.89;1.9;0.64;0.68;367.62;393.45;106.32;41.25;0;0;8.35;6.74;12.01
1991;9;9;0;0;4.6;4.6;2.25;2.26;0.76;0.81;365.19;391.12;105.12;39.89;0;0;9.38;7.67;11.24
1991;9;10;0;0;5.9;5.9;2.54;2.54;0.86;0.91;362.68;388.69;103.96;38.57;0;0;11.06;8.92;11.72
1991;9;11;2.17;2.12;5.6;5.6;2.48;2.48;0.73;0.78;361.19;387.16;102.86;37.33;0;0;11.6;9.21;12.19
1991;9;12;9.81;9.78;4.5;4.5;2.23;2.23;0.31;0.33;363.19;388.89;101.9;36.25;0;0;11.87;9.63;11.01
1991;9;13;4.04;3.87;4.1;4.1;2.14;2.14;0.55;0.59;362.65;388.18;101.16;35.41;0;0;11.47;9.4;9.66
1991;9;14;1.13;1.15;5;5;2.35;2.35;0.74;0.78;360.71;386.3;100.56;34.72;0;0;11.27;9.12;10.65
1991;9;15;4.16;4.1;4.5;4.5;2.23;2.23;0.57;0.6;360.2;385.7;100.04;34.11;0;0;10.85;8.68;10.48
1991;9;16;0.02;0.02;4.7;4.7;2.28;2.28;0.77;0.82;357.81;383.4;99.55;33.54;0;0;10.45;8.35;10.92
1991;9;17;0.94;0.88;4.3;4.3;2.18;2.19;0.7;0.74;355.9;381.5;99.06;32.98;0;0;9.67;7.64;11.87
1991;9;18;0;0;5.1;5.1;2.38;2.37;0.8;0.85;353.5;379.16;98.54;32.39;0;0;10.09;7.95;12.64
1991;9;19;0.05;0.05;6.9;6.9;2.74;2.74;0.92;0.98;351;376.73;98;31.77;0;0;11.96;9.4;12.95
1991;9;20;3.63;3.55;4.3;4.3;2.18;2.19;0.58;0.62;350.44;376.06;97.47;31.16;0;0;10.55;8.13;12.48
1991;9;21;0.32;0.33;3.4;3.4;1.94;1.95;0.34;0.34;348.66;374.39;96.95;30.59;0;0;5.6;3.76;10.41
1991;9;22;1.97;2.02;4.2;4.2;2.16;2.16;0.34;0.34;347.61;373.41;96.47;30.04;0;0;8.45;6.7;10.15
1991;9;23;5.23;5.11;3;3;1.84;1.84;0.23;0.23;348.17;373.82;96.03;29.55;0;0;5.81;4.08;9.96
1991;9;24;0;0;4.2;4.2;2.16;2.16;0.38;0.39;346.22;371.98;95.64;29.12;0;0;8.38;6.63;9.4
1991;9;25;0.31;0.32;5.4;5.4;2.44;2.44;0.8;0.86;343.99;369.81;95.27;28.7;0;0;9.7;7.57;10.34
1991;9;26;9.85;10.05;3.9;3.8;2.08;2.06;0.15;0.15;346.72;372.44;94.94;28.34;0;0;6.74;4.49;12.32
1991;9;27;21.1;21.07;-0.9;-0.9;0;0;0;0;345.17;371;94.71;28.08;21.1;21.07;5.18;3.85;4.36
1991;9;28;1.54;1.58;-3.4;-3.4;0;0;0;0;343.62;369.56;94.49;27.85;22.64;22.65;3.32;2.81;2.68
1991;9;29;15.62;15.94;0.4;0.4;0.72;0.7;0.01;0.01;342.59;368.53;94.24;27.57;37.19;37.6;2.94;2.53;2.39
1991;9;30;28.9;29.17;1.6;1.6;1.36;1.36;0;0;344.06;369.83;94;27.31;59.57;60.33;3.67;3.26;5.82
1991;10;1;1.17;1.23;-0.1;-0.1;0;0;0;0;342.51;368.39;93.8;27.09;3.04;3.08;3.6;3.17;4.08
1991;10;2;1.57;1.51;-1.9;-1.9;0;0;0;0;342.51;368.39;92.08;25.35;4.61;4.59;2.58;2.19;2.43
1991;10;3;0;0;0.8;0.8;0.84;0.87;0.06;0.05;342.51;368.2;91.91;25.36;1.74;1.62;2.58;2.24;2.04
1991;10;4;0;0;3.1;3.1;1.66;1.66;0;0;341.81;367.45;91.86;25.3;0;0;2.94;2.62;2.04
1991;10;5;0.01;0.01;2.9;2.9;1.6;1.6;0.02;0;340.26;366.03;91.77;25.21;0;0;3.17;2.37;2.12
1991;10;6;8.16;8.14;1.1;1.1;1.01;1.01;0.04;0.03;340.57;366.21;91.65;25.1;4.26;4.39;3.55;2.73;1.93
1991;10;7;2;2.07;0;0;0.08;0;0.01;0;339.2;364.79;91.53;24.97;6.03;6.46;3.07;2.63;1.78
1991;10;8;1.91;1.91;0.1;0.1;0.36;0.32;0.05;0.04;337.96;363.51;91.37;24.82;7.39;8.02;2.71;2.3;1.6
1991;10;9;0.03;0.03;0.9;0.9;0.92;0.92;0.05;0.06;337.48;363;91.19;24.63;5.23;5.92;2.82;2.41;1.53
1991;10;10;0;0;3.3;3.3;1.71;1.71;0.06;0.05;337.62;363.48;91.02;24.46;1.4;1.59;3.67;2.83;1.53
1991;10;11;4.08;4.1;3.3;3.3;1.71;1.71;0.02;0;338.62;364.56;90.92;24.36;0;0;4.75;3.41;1.62
1991;10;12;16.19;16.45;2.1;2.1;1.39;1.38;0;0;342.1;367.43;90.93;24.39;5.85;6.62;5.3;4.34;5.9
1991;10;13;1.47;1.5;-0.8;-0.8;0;0;0;0;340.57;366;91.04;24.53;7.31;8.12;4.21;3.7;3.87
1991;10;14;0.89;0.93;-2.3;-2.3;0;0;0;0;339.04;364.58;91.14;24.65;8.21;9.05;3.05;2.6;2.37
1991;10;15;0.68;0.69;-1.4;-1.4;0;0;0;0;339.04;364.58;89.57;23.07;8.88;9.74;2.25;1.86;1.98
1991;10;16;0.25;0.25;-1.7;-1.7;0;0;0;0;339.04;364.58;88.08;21.58;9.13;9.99;1.86;1.53;1.73
1991;10;17;0.06;0.06;-0.9;-0.9;0;0;0;0;339.04;364.58;86.68;20.2;9.19;10.05;1.7;1.41;1.57
1991;10;18;6.28;6.35;-3.9;-3.9;0;0;0;0;339.04;364.58;85.36;18.9;15.47;16.4;1.6;1.31;1.53
1991;10;19;4.68;4.65;-7.8;-7.8;0;0;0;0;339.04;364.58;84.11;17.69;20.15;21.05;1.52;1.23;1.37
1991;10;20;0.76;0.7;-11.2;-11.1;0;0;0;0;339.04;364.58;82.93;16.55;20.91;21.75;1.43;1.15;1.38
1991;10;21;0.43;0.4;-11.3;-11.3;0;0;0;0;339.04;364.58;81.82;15.49;21.33;22.15;1.36;1.08;1.4
1991;10;22;0.07;0.07;-9.5;-9.5;0;0;0;0;339.04;364.58;80.77;14.49;21.41;22.22;1.28;1.01;1.32
1991;10;23;0.05;0.05;-8.7;-8.7;0;0;0;0;339.04;364.58;79.77;13.56;21.46;22.27;1.21;0.94;1.24
1991;10;24;0;0;-4.4;-4.4;0;0;0;0;339.04;364.58;78.83;12.69;21.46;22.27;1.15;0.88;1.23
1991;10;25;0;0;-2.5;-2.5;0;0;0;0;339.04;364.58;77.93;11.88;21.46;22.27;1.09;0.83;1.23
1991;10;26;0.02;0.02;-3.3;-3.3;0;0;0;0;339.04;364.58;77.09;11.12;21.48;22.29;1.03;0.77;1.28
1991;10;27;0.07;0.08;-4.1;-4.1;0;0;0;0;339.04;364.58;76.29;10.4;21.55;22.37;0.98;0.72;1.24
1991;10;28;0.02;0.02;-4.3;-4.3;0;0;0;0;339.04;364.58;75.53;9.73;21.57;22.39;0.93;0.68;1.2
1991;10;29;0;0;-5.2;-5.2;0;0;0;0;339.04;364.58;74.8;9.11;21.57;22.39;0.88;0.63;1.14
1991;10;30;0;0;-5.4;-5.4;0;0;0;0;339.04;364.58;74.12;8.53;21.57;22.39;0.84;0.59;1.1
1991;10;31;0;0;-4.7;-4.7;0;0;0;0;339.04;364.58;73.46;7.98;21.57;22.39;0.8;0.55;1.11
1991;11;1;0;0;-4.3;-4.3;0;0;0;0;339.04;364.58;72.84;7.47;21.57;22.39;0.76;0.52;1.12
1991;11;2;0.25;0.25;-2.2;-2.2;0;0;0;0;339.04;364.58;72.25;6.99;21.82;22.64;0.72;0.49;1.04
1991;11;3;0.19;0.2;-2.6;-2.6;0;0;0;0;339.04;364.58;71.69;6.54;22;22.84;0.69;0.45;1
1991;11;4;12.26;12.32;-3.6;-3.6;0;0;0;0;339.04;364.58;71.15;6.12;34.26;35.16;0.66;0.43;0.97
1991;11;5;0.74;0.75;-12;-12;0;0;0;0;339.04;364.58;70.63;5.73;35;35.91;0.63;0.4;0.92
1991;11;6;2.53;2.43;-13.3;-13.3;0;0;0;0;339.04;364.58;70.14;5.36;37.54;38.34;0.6;0.37;0.88
1991;11;7;4.89;4.77;-8.7;-8.7;0;0;0;0;339.04;364.58;69.67;5.02;42.42;43.11;0.57;0.35;0.88
1991;11;8;0.15;0.15;-5.9;-5.9;0;0;0;0;339.04;364.58;69.22;4.7;42.58;43.26;0.55;0.33;0.89
1991;11;9;7.19;7.08;-9.3;-9.2;0;0;0;0;339.04;364.58;68.79;4.4;49.77;50.34;0.53;0.31;0.86
1991;11;10;0.22;0.21;-15.4;-15.4;0;0;0;0;339.04;364.58;68.37;4.12;49.99;50.55;0.51;0.29;0.78
1991;11;11;0;0;-14.3;-14.2;0;0;0;0;339.04;364.58;67.97;3.86;49.99;50.55;0.49;0.27;0.85
1991;11;12;0.02;0.02;-7.7;-7.6;0;0;0;0;339.04;364.58;67.59;3.61;50.01;50.57;0.47;0.25;0.88
1991;11;13;4.57;4.76;-5.6;-5.6;0;0;0;0;339.04;364.58;67.22;3.38;54.59;55.33;0.45;0.23;0.8
1991;11;14;27.59;27.76;-9.7;-9.7;0;0;0;0;339.04;364.58;66.87;3.16;82.18;83.09;0.43;0.22;0.78
1991;11;15;2.22;2.26;-15.8;-15.8;0;0;0;0;339.04;364.58;66.53;2.96;84.4;85.35;0.42;0.21;0.79
1991;11;16;5.7;5.56;-10;-10;0;0;0;0;339.04;364.58;66.2;2.77;90.1;90.91;0.4;0.19;0.78
1991;11;17;1.98;1.86;-12.4;-12.4;0;0;0;0;339.04;364.58;65.88;2.6;92.08;92.77;0.39;0.18;0.75
1991;11;18;0.7;0.68;-12.3;-12.3;0;0;0;0;339.04;364.58;65.57;2.43;92.77;93.45;0.37;0.17;0.74
1991;11;19;1.39;1.42;-9.3;-9.3;0;0;0;0;339.04;364.58;65.27;2.28;94.16;94.87;0.36;0.16;0.72
1991;11;20;3.29;3.34;-7.9;-7.9;0;0;0;0;339.04;364.58;64.98;2.13;97.45;98.21;0.35;0.15;0.71
1991;11;21;1.47;1.45;-8.7;-8.7;0;0;0;0;339.04;364.58;64.7;2;98.92;99.66;0.34;0.14;0.7
1991;11;22;1.1;1.12;-8.5;-8.5;0;0;0;0;339.04;364.58;64.43;1.87;100.02;100.78;0.33;0.13;0.69
1991;11;23;0.51;0.54;-10.1;-10.1;0;0;0;0;339.04;364.58;64.16;1.75;100.53;101.32;0.32;0.12;0.68
1991;11;24;0.92;0.95;-10.4;-10.3;0;0;0;0;339.04;364.58;63.9;1.64;101.45;102.27;0.31;0.11;0.67
1991;11;25;0.02;0.02;-10.8;-10.8;0;0;0;0;339.04;364.58;63.65;1.54;101.47;102.29;0.3;0.11;0.67
1991;11;26;0;0;-12.4;-12.4;0;0;0;0;339.04;364.58;63.41;1.44;101.47;102.29;0.29;0.1;0.67
1991;11;27;0;0;-8.4;-8.4;0;0;0;0;339.04;364.58;63.17;1.35;101.47;102.29;0.29;0.09;0.66
1991;11;28;0;0;-7.9;-7.9;0;0;0;0;339.04;364.58;62.94;1.26;101.47;102.29;0.28;0.09;0.66
1991;11;29;0;0;-10.4;-10.4;0;0;0;0;339.04;364.58;62.71;1.19;101.47;102.29;0.27;0.08;0.67
1991;11;30;0;0;-9.9;-9.9;0;0;0;0;339.04;364.58;62.48;1.11;101.47;102.29;0.27;0.08;0.72
1991;12;1;0;0;-8.4;-8.4;0;0;0;0;339.04;364.58;62.26;1.04;101.47;102.29;0.26;0.07;0.79
1991;12;2;0;0;-9.1;-9.1;0;0;0;0;339.04;364.58;62.05;0.98;101.47;102.29;0.26;0.07;0.79
1991;12;3;0;0;-9.6;-9.6;0;0;0;0;339.04;364.58;61.84;0.92;101.47;102.29;0.25;0.06;0.79
1991;12;4;0;0;-10.1;-10.1;0;0;0;0;339.04;364.58;61.63;0.86;101.47;102.29;0.25;0.06;0.79
1991;12;5;0.78;0.74;-12.4;-12.4;0;0;0;0;339.04;364.58;61.43;0.8;102.25;103.03;0.24;0.06;0.79
1991;12;6;0.44;0.41;-17.9;-17.9;0;0;0;0;339.04;364.58;61.23;0.76;102.69;103.44;0.24;0.05;0.79
1991;12;7;0.44;0.41;-16.4;-16.4;0;0;0;0;339.04;364.58;61.03;0.71;103.13;103.85;0.23;0.05;0.79
1991;12;8;0.11;0.1;-15.2;-15.2;0;0;0;0;339.04;364.58;60.84;0.66;103.24;103.95;0.23;0.05;0.79
1991;12;9;0.06;0.06;-17.3;-17.3;0;0;0;0;339.04;364.58;60.65;0.62;103.3;104.01;0.23;0.04;0.79
1991;12;10;0;0;-18;-17.9;0;0;0;0;339.04;364.58;60.46;0.59;103.3;104.01;0.22;0.04;0.8
1991;12;11;0;0;-16.8;-16.8;0;0;0;0;339.04;364.58;60.28;0.55;103.3;104.01;0.22;0.04;0.8
1991;12;12;0;0;-14.6;-14.6;0;0;0;0;339.04;364.58;60.09;0.52;103.3;104.01;0.22;0.04;0.8
1991;12;13;0;0;-13.7;-13.7;0;0;0;0;339.04;364.58;59.91;0.48;103.3;104.01;0.21;0.03;0.8
1991;12;14;0;0;-12.6;-12.6;0;0;0;0;339.04;364.58;59.74;0.46;103.3;104.01;0.21;0.03;0.78
1991;12;15;0;0;-11.6;-11.6;0;0;0;0;339.04;364.58;59.56;0.43;103.3;104.01;0.21;0.03;0.77
1991;12;16;0;0;-13.3;-13.3;0;0;0;0;339.04;364.58;59.39;0.4;103.3;104.01;0.2;0.03;0.73
1991;12;17;6.41;6.26;-12.6;-12.6;0;0;0;0;339.04;364.58;59.21;0.38;109.71;110.27;0.2;0.03;0.75
1991;12;18;12.86;12.78;-12.2;-12.2;0;0;0;0;339.04;364.58;59.04;0.36;122.57;123.05;0.2;0.02;0.73
1991;12;19;9.39;9.29;-10.6;-10.6;0;0;0;0;339.04;364.58;58.87;0.34;131.96;132.34;0.2;0.02;0.52
1991;12;20;9.07;8.88;-14;-14;0;0;0;0;339.04;364.58;58.71;0.32;141.03;141.22;0.2;0.02;0.56
1991;12;21;29.95;29.92;-15.3;-15.3;0;0;0;0;339.04;364.58;58.54;0.3;170.97;171.14;0.19;0.02;0.56
1991;12;22;57.29;57.1;-7.5;-7.5;0;0;0;0;339.04;364.58;58.38;0.28;228.27;228.24;0.19;0.02;0.56
1991;12;23;0.28;0.28;-4.8;-4.8;0;0;0;0;339.04;364.58;58.21;0.26;228.55;228.51;0.19;0.02;0.56
1991;12;24;2.11;1.99;-12.4;-12.4;0;0;0;0;339.04;364.58;58.05;0.25;230.66;230.5;0.19;0.02;0.56
1991;12;25;1.53;1.44;-16.1;-16.1;0;0;0;0;339.04;364.58;57.89;0.24;232.19;231.94;0.19;0.02;0.56
1991;12;26;2.27;2.23;-13.8;-13.8;0;0;0;0;339.04;364.58;57.73;0.22;234.46;234.18;0.19;0.02;0.56
1991;12;27;14.83;14.58;-12.8;-12.8;0;0;0;0;339.04;364.58;57.57;0.21;249.29;248.75;0.18;0.01;0.56
1991;12;28;0.15;0.14;-14;-14;0;0;0;0;339.04;364.58;57.42;0.2;249.44;248.9;0.18;0.01;0.56
1991;12;29;0;0;-13.2;-13.2;0;0;0;0;339.04;364.58;57.26;0.19;249.44;248.9;0.18;0.01;0.56
1991;12;30;0;0;-13.4;-13.4;0;0;0;0;339.04;364.58;57.11;0.18;249.44;248.9;0.18;0.01;0.56
1991;12;31;0;0;-13.9;-13.9;0;0;0;0;339.04;364.58;56.95;0.17;249.44;248.9;0.18;0.01;0.56
1992;1;1;0;0;-13.1;-13.1;0;0;0;0;339.04;364.58;56.8;0.16;249.44;248.9;0.18;0.01;0.56
1992;1;2;0;0;-11.3;-11.3;0;0;0;0;339.04;364.58;56.65;0.15;249.44;248.9;0.18;0.01;0.56
1992;1;3;0;0;-9;-8.9;0;0;0;0;339.04;364.58;56.49;0.14;249.44;248.9;0.18;0.01;0.56
1992;1;4;0;0;-12.5;-12.5;0;0;0;0;339.04;364.58;56.34;0.14;249.44;248.9;0.18;0.01;0.56
1992;1;5;0.13;0.12;-13.8;-13.8;0;0;0;0;339.04;364.58;56.19;0.13;249.57;249.01;0.17;0.01;0.56
1992;1;6;0;0;-14.3;-14.3;0;0;0;0;339.04;364.58;56.04;0.12;249.57;249.01;0.17;0.01;0.56
1992;1;7;0;0;-11.2;-11.1;0;0;0;0;339.04;364.58;55.9;0.12;249.57;249.01;0.17;0.01;0.56
1992;1;8;0.12;0.12;-12.1;-12;0;0;0;0;339.04;364.58;55.75;0.11;249.7;249.13;0.17;0.01;0.56
1992;1;9;1.5;1.54;-10.3;-10.3;0;0;0;0;339.04;364.58;55.6;0.1;251.2;250.68;0.17;0.01;0.56
1992;1;10;4.57;4.68;-10.4;-10.4;0;0;0;0;339.04;364.58;55.45;0.1;255.77;255.35;0.17;0.01;0.56
1992;1;11;0.15;0.16;-13.5;-13.5;0;0;0;0;339.04;364.58;55.31;0.1;255.93;255.51;0.17;0.01;0.55
1992;1;12;0;0;-14.6;-14.6;0;0;0;0;339.04;364.58;55.16;0.09;255.93;255.51;0.17;0.01;0.54
1992;1;13;0;0;-13.6;-13.6;0;0;0;0;339.04;364.58;55.02;0.09;255.93;255.51;0.17;0.01;0.53
1992;1;14;0.17;0.15;-13.1;-13.1;0;0;0;0;339.04;364.58;54.88;0.08;256.09;255.66;0.17;0.01;0.53
1992;1;15;0.04;0.03;-9.6;-9.6;0;0;0;0;339.04;364.58;54.73;0.08;256.13;255.69;0.17;0.01;0.53
1992;1;16;0;0;-12.1;-12.1;0;0;0;0;339.04;364.58;54.59;0.08;256.13;255.69;0.17;0.01;0.52
1992;1;17;0;0;-10.6;-10.6;0;0;0;0;339.04;364.58;54.45;0.07;256.13;255.69;0.16;0.01;0.52
1992;1;18;0;0;-11.8;-11.8;0;0;0;0;339.04;364.58;54.3;0.07;256.13;255.69;0.16;0;0.51
1992;1;19;1.89;1.83;-13.9;-13.9;0;0;0;0;339.04;364.58;54.16;0.07;258.01;257.52;0.16;0;0.51
1992;1;20;1.3;1.24;-13.9;-13.9;0;0;0;0;339.04;364.58;54.02;0.07;259.31;258.76;0.16;0;0.51
1992;1;21;0.21;0.21;-17.9;-17.9;0;0;0;0;339.04;364.58;53.88;0.06;259.52;258.97;0.16;0;0.5
1992;1;22;0.69;0.72;-15.5;-15.5;0;0;0;0;339.04;364.58;53.74;0.06;260.21;259.69;0.16;0;0.5
1992;1;23;0.22;0.23;-14.5;-14.5;0;0;0;0;339.04;364.58;53.6;0.06;260.43;259.92;0.16;0;0.5
1992;1;24;0.02;0.02;-13.9;-13.9;0;0;0;0;339.04;364.58;53.47;0.06;260.45;259.94;0.16;0;0.49
1992;1;25;0;0;-12.2;-12.2;0;0;0;0;339.04;364.58;53.33;0.06;260.45;259.94;0.16;0;0.48
1992;1;26;0.08;0.07;-12;-12;0;0;0;0;339.04;364.58;53.19;0.05;260.52;260.01;0.16;0;0.48
1992;1;27;0.01;0.01;-13.5;-13.5;0;0;0;0;339.04;364.58;53.05;0.05;260.53;260.02;0.16;0;0.48
1992;1;28;0;0;-11;-11;0;0;0;0;339.04;364.58;52.91;0.05;260.53;260.02;0.16;0;0.48
1992;1;29;0.04;0.04;-9.9;-9.9;0;0;0;0;339.04;364.58;52.78;0.05;260.57;260.06;0.16;0;0.48
1992;1;30;0;0;-8.4;-8.4;0;0;0;0;339.04;364.58;52.64;0.05;260.57;260.06;0.16;0;0.48
1992;1;31;0;0;-9.4;-9.4;0;0;0;0;339.04;364.58;52.51;0.05;260.57;260.06;0.16;0;0.48
1992;2;1;0;0;-11.3;-11.3;0;0;0;0;339.04;364.58;52.37;0.05;260.57;260.06;0.16;0;0.48
1992;2;2;0;0;-11.9;-11.9;0;0;0;0;339.04;364.58;52.24;0.04;260.57;260.06;0.16;0;0.48
1992;2;3;3.58;3.49;-12.1;-12.1;0;0;0;0;339.04;364.58;52.1;0.04;264.15;263.55;0.16;0;0.47
1992;2;4;18.2;17.95;-13;-13;0;0;0;0;339.04;364.58;51.97;0.04;282.35;281.5;0.15;0;0.47
1992;2;5;15.59;15.29;-10.2;-10.2;0;0;0;0;339.04;364.58;51.83;0.04;297.94;296.79;0.15;0;0.47
1992;2;6;0.8;0.77;-7.8;-7.8;0;0;0;0;339.04;364.58;51.7;0.04;298.74;297.56;0.15;0;0.47
1992;2;7;0;0;-9.1;-9.1;0;0;0;0;339.04;364.58;51.57;0.04;298.74;297.56;0.15;0;0.47
1992;2;8;0;0;-8.5;-8.5;0;0;0;0;339.04;364.58;51.44;0.04;298.74;297.56;0.15;0;0.46
1992;2;9;0;0;-8.8;-8.8;0;0;0;0;339.04;364.58;51.3;0.04;298.74;297.56;0.15;0;0.46
1992;2;10;3.81;3.81;-13.8;-13.8;0;0;0;0;339.04;364.58;51.17;0.04;302.55;301.37;0.15;0;0.46
1992;2;11;2;1.95;-13.1;-13.1;0;0;0;0;339.04;364.58;51.04;0.04;304.56;303.32;0.15;0;0.46
1992;2;12;1.64;1.45;-7.3;-7.3;0;0;0;0;339.04;364.58;50.91;0.04;306.19;304.77;0.15;0;0.46
1992;2;13;4.25;4.17;-9.3;-9.3;0;0;0;0;339.04;364.58;50.78;0.04;310.45;308.94;0.15;0;0.46
1992;2;14;1.25;1.2;-9.9;-9.9;0;0;0;0;339.04;364.58;50.65;0.04;311.69;310.14;0.15;0;0.46
1992;2;15;0.84;0.81;-10.1;-10.1;0;0;0;0;339.04;364.58;50.52;0.04;312.54;310.95;0.15;0;0.46
1992;2;16;4.3;4.17;-10.3;-10.3;0;0;0;0;339.04;364.58;50.39;0.04;316.84;315.12;0.15;0;0.46
1992;2;17;6.86;6.69;-17.5;-17.5;0;0;0;0;339.04;364.58;50.26;0.04;323.69;321.81;0.15;0;0.46
1992;2;18;1.03;1;-19.6;-19.6;0;0;0;0;339.04;364.58;50.13;0.04;324.73;322.81;0.15;0;0.45
1992;2;19;0;0;-18.2;-18.2;0;0;0;0;339.04;364.58;50;0.03;324.73;322.81;0.15;0;0.45
1992;2;20;0;0;-19.6;-19.6;0;0;0;0;339.04;364.58;49.87;0.03;324.73;322.81;0.15;0;0.44
1992;2;21;0.14;0.13;-18.7;-18.7;0;0;0;0;339.04;364.58;49.74;0.03;324.87;322.94;0.15;0;0.44
1992;2;22;0.04;0.04;-15.6;-15.6;0;0;0;0;339.04;364.58;49.62;0.03;324.91;322.98;0.15;0;0.44
1992;2;23;0.4;0.39;-10.8;-10.8;0;0;0;0;339.04;364.58;49.49;0.03;325.32;323.37;0.15;0;0.44
1992;2;24;0;0;-7.8;-7.8;0;0;0;0;339.04;364.58;49.36;0.03;325.32;323.37;0.15;0;0.44
1992;2;25;0.06;0.06;-6.9;-6.9;0;0;0;0;339.04;364.58;49.24;0.03;325.38;323.43;0.15;0;0.44
1992;2;26;0.05;0.05;-7.8;-7.8;0;0;0;0;339.04;364.58;49.11;0.03;325.43;323.48;0.15;0;0.44
1992;2;27;0;0;-9.5;-9.5;0;0;0;0;339.04;364.58;48.98;0.03;325.43;323.48;0.14;0;0.44
1992;2;28;0;0;-8.8;-8.8;0;0;0;0;339.04;364.58;48.86;0.03;325.43;323.48;0.14;0;0.44
1992;2;29;0;0;-8.3;-8.3;0;0;0;0;339.04;364.58;48.73;0.03;325.43;323.48;0.14;0;0.45
1992;3;1;0;0;-8.7;-8.7;0;0;0;0;339.04;364.58;48.61;0.03;325.43;323.48;0.14;0;0.45
1992;3;2;1.8;1.73;-10.4;-10.4;0;0;0;0;339.04;364.58;48.48;0.03;327.22;325.21;0.14;0;0.45
1992;3;3;0.01;0.01;-9;-9;0;0;0;0;339.04;364.58;48.36;0.03;327.23;325.22;0.14;0;0.44
1992;3;4;0.02;0.02;-4.6;-4.6;0;0;0;0;339.04;364.58;48.24;0.03;327.25;325.24;0.14;0;0.46
1992;3;5;0;0;-3.6;-3.6;0;0;0;0;339.04;364.58;48.11;0.03;327.25;325.24;0.14;0;0.47
1992;3;6;1.47;1.45;-4.3;-4.3;0;0;0;0;339.04;364.58;47.99;0.03;328.73;326.69;0.14;0;0.46
1992;3;7;0.14;0.14;-6.2;-6.2;0;0;0;0;339.04;364.58;47.87;0.03;328.87;326.83;0.14;0;0.46
1992;3;8;0.26;0.29;-7.7;-7.7;0;0;0;0;339.04;364.58;47.74;0.03;329.13;327.12;0.14;0;0.47
1992;3;9;0.33;0.34;-7.8;-7.8;0;0;0;0;339.04;364.58;47.62;0.03;329.46;327.46;0.14;0;0.47
1992;3;10;0;0;-8.5;-8.5;0;0;0;0;339.04;364.58;47.5;0.03;329.46;327.46;0.14;0;0.48
1992;3;11;1.58;1.52;-10.2;-10.2;0;0;0;0;339.04;364.58;47.38;0.03;331.04;328.98;0.14;0;0.47
1992;3;12;0.21;0.2;-10.9;-10.9;0;0;0;0;339.04;364.58;47.26;0.03;331.25;329.18;0.14;0;0.45
1992;3;13;3.93;3.86;-7.9;-7.9;0;0;0;0;339.04;364.58;47.14;0.03;335.18;333.04;0.14;0;0.45
1992;3;14;11.74;11.37;-7.4;-7.4;0;0;0;0;339.04;364.58;47.02;0.03;346.92;344.41;0.14;0;0.45
1992;3;15;28.79;28.29;-7.4;-7.4;0;0;0;0;339.04;364.58;46.9;0.03;375.71;372.7;0.14;0;0.44
1992;3;16;4.54;4.46;-9.5;-9.5;0;0;0;0;339.04;364.58;46.78;0.03;380.25;377.16;0.14;0;0.45
1992;3;17;0.15;0.14;-9.1;-9.1;0;0;0;0;339.04;364.58;46.66;0.03;380.39;377.3;0.14;0;0.44
1992;3;18;0;0;-8.8;-8.8;0;0;0;0;339.04;364.58;46.54;0.03;380.39;377.3;0.14;0;0.42
1992;3;19;0.82;0.78;-7.8;-7.8;0;0;0;0;339.04;364.58;46.42;0.03;381.22;378.08;0.14;0;0.43
1992;3;20;5.36;5.22;-5.6;-5.6;0;0;0;0;339.04;364.58;46.3;0.03;386.58;383.3;0.14;0;0.42
1992;3;21;3.43;3.25;-6;-6;0;0;0;0;339.04;364.58;46.18;0.03;390.01;386.55;0.14;0;0.45
1992;3;22;13.35;13.21;-9.1;-9.1;0;0;0;0;339.04;364.58;46.06;0.03;403.36;399.76;0.14;0;0.47
1992;3;23;12.58;12.56;-6.9;-6.9;0;0;0;0;339.04;364.58;45.94;0.03;415.94;412.32;0.14;0;0.46
1992;3;24;18.73;18.8;-8.9;-8.9;0;0;0;0;339.04;364.58;45.83;0.03;434.67;431.12;0.14;0;0.4
1992;3;25;1.44;1.44;-12.2;-12.2;0;0;0;0;339.04;364.58;45.71;0.03;436.12;432.56;0.14;0;0.5
1992;3;26;1.07;1.09;-12.6;-12.6;0;0;0;0;339.04;364.58;45.59;0.03;437.19;433.65;0.13;0;0.48
1992;3;27;0.34;0.33;-11.1;-11.1;0;0;0;0;339.04;364.58;45.48;0.03;437.53;433.98;0.13;0;0.44
1992;3;28;2.57;2.46;-14.3;-14.3;0;0;0;0;339.04;364.58;45.36;0.03;440.1;436.44;0.13;0;0.44
1992;3;29;1.92;1.85;-12.5;-12.5;0;0;0;0;339.04;364.58;45.24;0.03;442.01;438.29;0.13;0;0.43
1992;3;30;1.43;1.51;-10.5;-10.5;0;0;0;0;339.04;364.58;45.13;0.03;443.45;439.8;0.13;0;0.43
1992;3;31;20.61;21.03;-8.5;-8.5;0;0;0;0;339.04;364.58;45.01;0.03;464.05;460.83;0.13;0;0.43
1992;4;1;14.51;14.49;-9.2;-9.2;0;0;0;0;339.04;364.58;44.9;0.03;478.56;475.32;0.13;0;0.44
1992;4;2;0.49;0.46;-10.5;-10.5;0;0;0;0;339.04;364.58;44.78;0.03;479.05;475.78;0.13;0;0.44
1992;4;3;2.74;2.82;-8.1;-8.1;0;0;0;0;339.04;364.58;44.67;0.03;481.79;478.6;0.13;0;0.41
1992;4;4;6.21;6.35;-5.2;-5.2;0;0;0;0;339.04;364.58;44.55;0.03;488;484.95;0.13;0;0.48
1992;4;5;12.32;12.35;-5.3;-5.3;0;0;0;0;339.04;364.58;44.44;0.03;500.32;497.3;0.13;0;0.47
1992;4;6;1.44;1.47;-5.8;-5.8;0;0;0;0;339.04;364.58;44.33;0.03;501.76;498.77;0.13;0;0.44
1992;4;7;1.32;1.39;-6;-6;0;0;0;0;339.04;364.58;44.21;0.03;503.08;500.16;0.13;0;0.46
1992;4;8;1.22;1.23;-5.6;-5.6;0;0;0;0;339.04;364.58;44.1;0.03;504.3;501.39;0.13;0;0.51
1992;4;9;0.63;0.65;-5.7;-5.7;0;0;0;0;339.04;364.58;43.99;0.03;504.92;502.04;0.13;0;0.54
1992;4;10;0;0;-6.1;-6.1;0;0;0;0;339.04;364.58;43.87;0.03;504.92;502.04;0.13;0;0.55
1992;4;11;0;0;-6.5;-6.5;0;0;0;0;339.04;364.58;43.76;0.03;504.92;502.04;0.13;0;0.55
1992;4;12;0;0;-5.2;-5.2;0;0;0;0;339.04;364.58;43.65;0.03;504.92;502.04;0.13;0;0.56
1992;4;13;3.12;3.08;-7;-7;0;0;0;0;339.04;364.58;43.54;0.03;508.04;505.12;0.13;0;0.58
1992;4;14;0.05;0.04;-7;-7;0;0;0;0;339.04;364.58;43.43;0.03;508.09;505.16;0.13;0;0.54
1992;4;15;9.15;9.23;-7.4;-7.4;0;0;0;0;339.04;364.58;43.31;0.03;517.23;514.39;0.13;0;0.53
1992;4;16;4.52;4.45;-11;-11;0;0;0;0;339.04;364.58;43.2;0.03;521.75;518.84;0.13;0;0.49
1992;4;17;0.43;0.39;-11.5;-11.5;0;0;0;0;339.04;364.58;43.09;0.03;522.18;519.23;0.13;0;0.47
1992;4;18;3.94;3.78;-9.1;-9.1;0;0;0;0;339.04;364.58;42.98;0.03;526.12;523.01;0.13;0;0.48
1992;4;19;3.67;3.47;-4.7;-4.7;0;0;0;0;339.04;364.58;42.87;0.03;529.79;526.48;0.13;0;0.49
1992;4;20;1.27;1.2;-5.2;-5.2;0;0;0;0;339.04;364.58;42.76;0.03;531.06;527.68;0.13;0;0.5
1992;4;21;0;0;-4.8;-4.8;0;0;0;0;339.04;364.58;42.65;0.03;531.06;527.68;0.13;0;0.55
1992;4;22;0.24;0.22;-3.5;-3.5;0;0;0;0;339.04;364.58;42.55;0.03;531.3;527.9;0.13;0;0.61
1992;4;23;9.96;9.86;-4;-4;0;0;0;0;339.04;364.58;42.44;0.03;541.26;537.76;0.13;0;0.61
1992;4;24;0;0;-0.8;-0.8;0;0;0;0;339.04;364.58;42.33;0.03;541.26;537.76;0.13;0;0.63
1992;4;25;0;0;0.5;0.5;0.82;0.85;0.13;0.13;339.04;364.58;42.22;0.03;541.13;537.63;0.12;0;0.88
1992;4;26;0.12;0.12;0.7;0.7;0.96;1;0.15;0.15;339.3;364.88;42.11;0.03;540.5;536.91;0.12;0;1.07
1992;4;27;0.67;0.68;-0.5;-0.5;0;0;0;0;339.3;364.88;42;0.03;541.17;537.59;0.12;0;1.38
1992;4;28;12.02;12.02;-1.3;-1.3;0;0;0;0;339.3;364.88;41.9;0.03;553.19;549.61;0.12;0;1.43
1992;4;29;22.08;22.29;-5.4;-5.4;0;0;0;0;339.3;364.88;41.79;0.03;575.27;571.9;0.12;0;1.28
1992;4;30;3.63;3.6;-4.7;-4.7;0;0;0;0;339.3;364.88;41.68;0.03;578.9;575.5;0.12;0;0.82
1992;5;1;0.53;0.55;-1.9;-1.9;0;0;0;0;339.3;364.88;41.58;0.03;579.43;576.05;0.12;0;0.84
1992;5;2;1.08;1.12;-1.9;-1.9;0;0;0;0;339.3;364.88;41.47;0.03;580.51;577.17;0.12;0;0.95
1992;5;3;0.78;0.79;-1.6;-1.6;0;0;0;0;339.3;364.88;41.36;0.03;581.29;577.96;0.12;0;1
1992;5;4;5.19;5.29;-1;-1;0;0;0;0;339.3;364.88;41.26;0.03;586.48;583.25;0.12;0;1.35
1992;5;5;4.09;4.1;-0.9;-0.9;0;0;0;0;339.3;364.88;41.15;0.03;590.58;587.35;0.12;0;1.96
1992;5;6;0.71;0.67;-1;-1;0;0;0;0;339.3;364.88;41.05;0.03;591.28;588.02;0.12;0;2.54
1992;5;7;0;0;-0.8;-0.8;0;0;0;0;339.3;364.88;40.94;0.03;591.28;588.02;0.12;0;2.23
1992;5;8;0.05;0.04;-0.1;-0.1;0;0;0;0;339.3;364.88;40.84;0.03;591.33;588.06;0.12;0;2.27
1992;5;9;0.22;0.24;-0.6;-0.6;0;0;0;0;339.3;364.88;40.73;0.03;591.56;588.3;0.12;0;2.49
1992;5;10;0.87;0.95;-0.1;0;0;0;0;0;339.3;364.88;40.63;0.03;592.43;589.25;0.12;0;3.01
1992;5;11;5.7;5.75;-1.3;-1.2;0;0;0;0;339.3;364.88;40.52;0.03;598.12;595;0.12;0;3.2
1992;5;12;0;0;-1;-1;0;0;0;0;339.3;364.88;40.42;0.03;598.12;595;0.12;0;2.18
1992;5;13;0;0;2.5;2.5;2.09;2.1;0.33;0.32;339.26;364.83;41.94;1.86;595;591.52;0.4;0.28;2.95
1992;5;14;0.02;0.02;2.8;2.9;2.24;2.26;0.35;0.35;341.33;367.48;43.3;3.52;586.43;581.86;2.04;1.93;4.39
1992;5;15;0.17;0.19;3.2;3.3;2.38;2.4;0.37;0.36;345.44;372.14;44.71;5.21;573.27;567.43;4.01;3.86;5.78
1992;5;16;0;0;1.5;1.5;1.63;1.65;0.26;0.25;347.09;373.7;46.22;7.01;565.83;559.87;4.38;4.18;6.54
1992;5;17;0.15;0.13;0.9;0.9;1.26;1.29;0.2;0.2;347.36;374.02;47.76;8.81;561.6;555.45;3.59;3.33;6.49
1992;5;18;0;0;0.4;0.4;0.83;0.88;0.13;0.13;346.58;373.39;49.21;10.5;559.63;553.31;2.77;2.5;6.29
1992;5;19;0.12;0.13;-1.9;-1.9;0;0;0;0;345.29;371.94;50.43;11.98;559.75;553.44;2.06;1.81;5.77
1992;5;20;2.17;2.23;-3.6;-3.6;0;0;0;0;345.29;371.94;49.65;11.22;561.92;555.67;1.28;1.08;4.23
1992;5;21;0.49;0.49;-3.1;-3.1;0;0;0;0;345.29;371.94;48.91;10.5;562.41;556.16;0.93;0.76;2.68
1992;5;22;0.17;0.17;-1.6;-1.6;0;0;0;0;345.29;371.94;48.21;9.82;562.58;556.33;0.85;0.68;2.27
1992;5;23;0.53;0.54;-0.8;-0.8;0;0;0;0;345.29;371.94;47.55;9.19;563.1;556.87;0.8;0.64;2.51
1992;5;24;1.92;1.96;-0.3;-0.3;0;0;0;0;345.29;371.94;46.93;8.61;565.02;558.83;0.76;0.6;2.84
1992;5;25;1.49;1.33;0.8;0.8;1.19;1.22;0.17;0.17;345.57;372.25;46.35;8.05;565.66;559.22;0.72;0.56;3.59
1992;5;26;7.66;7.78;1.2;1.2;1.47;1.48;0.1;0.1;344.67;371.23;47.78;9.79;572.31;565.87;0.84;0.68;5.04
1992;5;27;6.98;7;0.8;0.8;1.19;1.22;0.09;0.09;343.74;370.48;49.03;11.23;577.74;571.12;1.42;1.27;5.63
1992;5;28;6.46;6.62;0.9;0.9;1.27;1.29;0.1;0.1;343.23;370.19;50.1;12.46;581.64;574.88;1.96;1.79;4.71
1992;5;29;5.99;6.05;1.9;1.9;1.83;1.85;0.15;0.14;344.58;371.4;51.07;13.58;581.16;574.47;2.79;2.57;5.33
1992;5;30;7.23;7.41;3;3;2.29;2.3;0.17;0.16;349.53;375.22;52.07;14.72;574.5;569.02;4.36;4.06;7.26
1992;5;31;7.15;7.3;3;3;2.29;2.3;0.17;0.16;355.14;379.97;53.24;16.01;565.45;560.75;6.05;5.62;7.11
1992;6;1;8.86;9.02;3.7;3.7;2.57;2.58;0.16;0.15;363.67;387.53;54.7;17.59;550.39;546.32;8.21;7.65;9.13
1992;6;2;7.08;7.29;3.4;3.4;2.48;2.48;0.19;0.17;370.31;393.14;56.53;19.54;536.87;533.85;9.5;8.81;15.6
1992;6;3;9.03;8.88;3.5;3.5;2.5;2.51;0.15;0.14;377.44;399.08;58.71;21.82;523.02;520.95;10.21;9.4;14.02
1992;6;4;4.06;4.16;2.5;2.5;2.14;2.14;0.21;0.2;380.18;401.35;61.12;24.31;514.59;513.17;9.44;8.54;9.93
1992;6;5;4.14;4.22;0.8;0.8;1.27;1.24;0.13;0.11;379.68;400.82;63.51;26.73;515.08;514.03;6.95;6.1;6.81
1992;6;6;5.31;5.25;-1.5;-1.5;0;0;0;0;377.9;399.27;65.6;28.81;520.39;519.28;4.63;3.91;3.94
1992;6;7;2.24;2.26;-0.8;-0.8;0;0;0;0;376.13;397.72;67.29;30.45;522.63;521.54;3.5;2.91;2.91
1992;6;8;7.98;7.96;-0.4;-0.4;0;0;0;0;374.38;396.17;68.58;31.65;530.61;529.5;3.17;2.66;2.61
1992;6;9;4.74;4.64;0.1;0.1;0.4;0.46;0.04;0.05;373.04;394.66;69.21;32.48;535.23;534.01;3.09;2.66;2.88
1992;6;10;3.21;3.17;0.5;0.5;0.97;0.99;0.1;0.1;371.58;393.43;69.88;33;537.54;536.17;3.19;2.82;3.57
1992;6;11;7.2;7.26;0.5;0.5;0.97;0.99;0.07;0.07;370.25;392.36;70.33;33.3;543.51;542.04;3.4;3.03;3.7
1992;6;12;3.88;3.86;0.9;0.9;1.29;1.31;0.13;0.12;369.6;391.95;70.61;33.43;544.29;542.57;3.81;3.43;3.1
1992;6;13;7.21;7.25;2.1;2.1;1.95;1.97;0.14;0.14;371.57;393.91;70.86;33.54;541.55;539.71;5.17;4.75;2.74
1992;6;14;0.18;0.19;2.9;3;2.31;2.33;0.24;0.21;373.73;395.79;71.2;33.75;531.27;529.71;6.42;5.93;3.81
1992;6;15;0;0;4.7;4.8;2.9;2.92;0.3;0.27;378.39;399.64;71.74;34.17;514.11;513.45;7.88;7.27;5.78
1992;6;16;3.75;3.87;4.8;4.9;2.93;2.95;0.24;0.21;384.66;405;72.61;34.92;495.4;495.73;10.03;9.25;8.16
1992;6;17;2.73;2.74;3.9;4;2.66;2.67;0.23;0.21;389.16;408.83;73.87;36.08;479.49;480.59;11.04;10.1;8.17
1992;6;18;8.79;8.96;3.5;3.6;2.52;2.54;0.13;0.11;394.13;413.09;75.5;37.58;467.39;469.43;11.56;10.52;9.53
1992;6;19;25.98;26.05;0.6;0.6;1.03;1.08;0;0;393.04;412.31;77.28;39.22;490.65;492.53;9.35;8.33;9.06
1992;6;20;1.54;1.6;2.2;2.2;2.02;2.01;0.19;0.17;393.62;412.71;78.94;40.71;484.37;486.81;7.3;6.4;9.07
1992;6;21;0.04;0.03;3.7;3.7;2.58;2.58;0.27;0.24;395.76;414.27;80.45;42.03;471.76;475.26;7.76;6.89;5.9
1992;6;22;2.21;2.27;5.1;5.1;3;3;0.27;0.24;400.3;417.97;81.98;43.35;453.1;457.91;10.05;9.05;6.74
1992;6;23;7.32;7.48;4.5;4.6;2.85;2.86;0.17;0.15;405.71;422.62;83.76;44.9;435.27;441.17;12.93;11.74;14.72
1992;6;24;6.64;6.48;3.1;3.1;2.37;2.37;0.15;0.13;408.19;424.39;85.8;46.68;426.33;433.6;13.12;11.77;10.35
1992;6;25;6.74;6.71;3;3;2.33;2.33;0.11;0.09;410.2;425.71;87.93;48.52;418.86;427.75;11.89;10.46;8.72
1992;6;26;3.01;3.05;3.8;3.8;2.61;2.61;0.16;0.13;411.74;426.54;90.01;50.25;409.14;420.04;11.03;9.55;8.57
1992;6;27;0.08;0.08;3.3;3.3;2.43;2.44;0.18;0.15;412.12;426.45;91.94;51.76;400.58;413.15;9.96;8.46;8.57
1992;6;28;0.09;0.1;4.3;4.3;2.77;2.77;0.21;0.17;413.43;427.03;93.68;53.03;388.57;403.4;9.66;8.14;9.26
1992;6;29;2.52;2.57;4.7;4.7;2.89;2.89;0.19;0.15;415.75;428.52;95.31;54.14;374.69;392.07;10.76;9.14;10.78
1992;6;30;1.36;1.38;5.6;5.6;3.15;3.14;0.22;0.18;418.54;430.28;96.99;55.23;357.43;377.96;12.2;10.37;12.75
1992;7;1;0.16;0.16;4.9;4.9;2.98;2.97;0.23;0.18;420.41;431.38;98.76;56.34;341.81;365.19;12.68;10.65;11.51
1992;7;2;3.41;3.18;4.6;4.6;2.88;2.88;0.17;0.14;422.66;432.99;100.61;57.48;327.1;352.82;13.13;10.98;12.51
1992;7;3;2.29;2.32;5.3;5.3;3.09;3.08;0.2;0.16;425.09;434.77;102.58;58.67;309.8;338.28;14;11.74;13.75
1992;7;4;16.04;15.91;4;4;2.7;2.7;0.01;0.01;429.36;438.55;104.78;60.06;296.63;326.96;16.64;14.25;13.18
1992;7;5;13.16;13.23;1.2;1.2;1.51;1.52;0.03;0.03;428.15;437.74;107.13;61.56;304.94;335.39;14.89;12.57;10.42
1992;7;6;6.29;6.26;1.5;1.5;1.68;1.69;0.08;0.06;426.94;436.85;109.25;62.82;306.64;337.36;10.97;9.05;7.21
1992;7;7;6.41;6.48;1.9;1.9;1.88;1.89;0.09;0.07;426.04;436.22;110.93;63.67;307.09;338.24;9.38;7.83;8.94
1992;7;8;2.41;2.25;3.5;3.5;2.53;2.53;0.16;0.13;426.14;436.26;112.26;64.18;299.22;331.47;9.69;8.24;11.4
1992;7;9;2.73;2.64;3.8;3.8;2.63;2.63;0.15;0.14;426.5;436.59;113.4;64.52;290.37;323.64;10.61;9.1;10.67
1992;7;10;8.37;8.37;3.6;3.6;2.56;2.56;0.09;0.08;427.68;437.78;114.49;64.83;283.03;317.07;12.04;10.45;11.02
1992;7;11;19.27;19.21;0.6;0.6;1.07;1.09;0;0;426.08;436.62;115.53;65.1;299.57;333.45;10.86;9.32;10.19
1992;7;12;3.45;3.37;1.3;1.3;1.57;1.57;0.13;0.12;424.81;435.71;116.34;65.18;298.76;332.65;8.89;7.55;5.88
1992;7;13;0.15;0.14;3.2;3.2;2.42;2.42;0.16;0.15;424.59;435.47;116.92;65.04;290.38;325.31;8.79;7.56;5.92
1992;7;14;0;0;5.8;5.8;3.21;3.22;0.2;0.2;425.25;436.34;117.41;64.85;277.18;312.2;10.32;9.04;6.94
1992;7;15;1.23;1.22;6.5;6.5;3.4;3.4;0.18;0.19;426.37;437.89;118.01;64.8;262.37;296.6;12.32;11.02;8.71
1992;7;16;0.82;0.84;6.2;6.2;3.32;3.32;0.09;0.1;427.06;439.19;118.8;65;248.64;281.5;13.35;12.12;12.37
1992;7;17;0;0;7.2;7.2;3.57;3.57;0.18;0.11;426.36;439.19;119.68;65.36;240.38;272.15;13.29;11.08;12.99
1992;7;18;0.07;0.07;8.4;8.5;3.86;3.87;0.28;0.12;425.92;439.57;120.54;65.75;230.37;260.82;13.8;10.38;15.02
1992;7;19;0.08;0.08;9.7;9.7;4.11;4.12;0.29;0.13;425.77;440.28;121.34;66.13;218.71;247.63;14.66;10.75;18.98
1992;7;20;4.95;5.05;10.4;10.4;4.26;4.26;0.22;0.09;426.84;442.09;122.18;66.63;205.93;233.15;16.74;12.39;20.81
1992;7;21;0.88;0.89;10.9;10.9;4.36;4.35;0.29;0.13;427.08;443.17;123.16;67.31;192.43;217.86;17.94;13.28;20.56
1992;7;22;15.43;14.82;8.2;8.2;3.79;3.8;0.01;0.01;429.94;445.98;124.35;68.26;181.98;206.03;19.74;15.34;18.65
1992;7;23;0.53;0.52;8.2;8.2;3.8;3.8;0.26;0.11;429.42;446.19;125.75;69.45;171.62;194.31;18.81;14.78;21.06
1992;7;24;1.01;0.97;8.6;8.6;3.88;3.89;0.25;0.11;429.11;446.56;127.14;70.65;160.7;181.94;16.99;12.99;23.17
1992;7;25;11.88;12.01;7.4;7.4;3.61;3.62;0.08;0.03;430.69;448.42;128.49;71.83;151.12;171.09;18.15;14.35;24.95
1992;7;26;0.25;0.26;8.7;8.7;3.91;3.91;0.26;0.12;430.15;448.6;129.87;73.06;139.97;158.47;18.15;14.32;22.86
1992;7;27;0.17;0.18;10.5;10.5;4.27;4.28;0.29;0.13;429.94;449.16;131.19;74.23;126.49;143.22;17.82;13.54;22.14
1992;7;28;0.69;0.66;8.9;9;3.96;3.97;0.25;0.12;429.57;449.43;132.38;75.29;114.9;130.09;17.64;13.36;21.29
1992;7;29;1.37;1.46;9.1;9.1;4;3.99;0.25;0.11;429.3;449.84;133.46;76.24;103.14;116.78;17.37;13.29;20.98
1992;7;30;1.19;1.26;9.3;9.3;4.03;4.04;0.25;0.12;429.04;450.24;134.43;77.1;91.12;103.16;17.59;13.47;21.56
1992;7;31;3.25;3.28;8.8;8.8;3.93;3.93;0.21;0.1;429.09;450.81;135.33;77.91;79.7;90.23;17.94;13.88;24
1992;8;1;6.77;6.89;8.4;8.4;3.52;3.53;0.14;0.06;429.71;451.78;136.24;78.74;68.74;77.83;18.77;14.87;24.52
1992;8;2;0.12;0.12;7.8;7.8;3.4;3.4;0.21;0.1;428.96;451.61;137.14;79.57;58.65;66.4;17.89;14.2;25.38
1992;8;3;7.64;7.82;9;9;3.65;3.65;0.13;0.06;429.81;452.78;138.02;80.38;46.89;53.09;18.55;14.77;24.11
1992;8;4;5.71;5.83;7.3;7.3;3.3;3.3;0.14;0.07;429.95;453.24;138.94;81.23;37.37;42.31;19.24;15.53;19.12
1992;8;5;0.21;0.21;9.8;9.8;3.8;3.8;0.24;0.12;429.5;453.4;139.85;82.09;24.69;27.95;18.65;14.78;24.55
1992;8;6;1.3;1.34;10.2;10.2;3.87;3.87;0.22;0.11;429.31;453.77;140.7;82.89;11.48;12.99;18.92;14.61;24.54
1992;8;7;1.74;1.63;10.8;10.8;3.97;3.98;0.11;0;429.03;453.92;141.47;83.61;0;0;19.01;14.52;24.97
1992;8;8;0.01;0.01;11.1;11.1;4.03;4.03;0.82;0.77;426.22;451.38;142.02;84.09;0;0;26.02;21.36;25.27
1992;8;9;0.04;0.04;11.1;11.1;4.04;4.03;1.5;1.54;422.75;448.09;142.09;84.03;0;0;25.04;20.25;24.3
1992;8;10;12.16;11.97;7;7;3.24;3.23;0.34;0.36;422.93;447.81;141.76;83.54;0;0;22.13;17.92;14.92
1992;8;11;1.18;1.2;4.7;4.7;2.67;2.67;0.92;0.95;420.27;445.31;141.2;82.78;0;0;18.03;14.95;13.89
1992;8;12;2.58;2.5;5.2;5.2;2.8;2.81;0.88;0.92;418;443.06;140.41;81.76;0;0;15.98;13.43;14.65
1992;8;13;0.72;0.78;5.7;5.7;2.93;2.93;1.04;1.07;415.15;440.4;139.37;80.45;0;0;15.68;13.1;14.07
1992;8;14;16.46;16.53;5.5;5.5;2.88;2.88;0.02;0.02;416.9;441.66;138.26;79.08;0;0;18.1;15.43;14.61
1992;8;15;2.23;2.26;4.9;4.9;2.72;2.73;0.88;0.9;414.57;439.43;137.24;77.79;0;0;17.69;15.09;14.9
1992;8;16;0;0;6.7;6.7;3.16;3.17;1.17;1.22;411.47;436.51;136.18;76.45;0;0;16.96;14.21;15.23
1992;8;17;0.04;0.04;9.7;9.7;3.78;3.78;1.39;1.45;408.18;433.38;134.93;74.92;0;0;19.4;15.89;18
1992;8;18;0.04;0.05;10.6;10.6;3.94;3.94;1.45;1.51;404.85;430.19;133.49;73.18;0;0;21.17;16.95;18.55
1992;8;19;1.09;1.06;9.9;9.9;3.81;3.82;1.31;1.37;401.96;427.38;131.91;71.28;0;0;20.92;16.6;18.91
1992;8;20;0.61;0.6;10.5;10.5;3.92;3.92;1.39;1.45;398.89;424.41;130.23;69.3;0;0;21.2;16.9;21.54
1992;8;21;2.16;2.12;8.7;8.7;3.58;3.59;1.15;1.2;396.52;422.06;128.5;67.27;0;0;19.69;15.61;20.35
1992;8;22;2.32;2.36;7.1;7.1;3.25;3.25;1.03;1.07;394.33;419.93;126.79;65.25;0;0;17.51;14.01;19.29
1992;8;23;2.19;2.28;5.9;5.9;2.98;2.98;0.95;0.99;392.19;417.89;125.11;63.28;0;0;15.53;12.57;15.48
1992;8;24;0.17;0.17;7.7;7.8;3.4;3.4;1.23;1.29;389.21;415.01;123.45;61.35;0;0;16.35;13.37;15.87
1992;8;25;0.15;0.17;9.2;9.2;3.68;3.68;1.34;1.4;386.13;412.05;121.8;59.43;0;0;17.95;14.44;17.74
1992;8;26;1.01;1.08;9.1;9.1;3.66;3.66;1.25;1.32;383.42;409.44;120.15;57.52;0;0;18.42;14.6;19.17
1992;8;27;0.22;0.23;9.8;9.8;3.8;3.8;1.37;1.44;380.37;406.47;118.52;55.63;0;0;19.02;15.03;21.34
1992;8;28;1.85;1.94;8.8;8.8;3.61;3.61;1.17;1.22;378.08;404.25;116.92;53.8;0;0;18.39;14.4;20.6
1992;8;29;1.96;2.05;6.8;6.8;3.2;3.19;1.02;1.07;375.99;402.24;115.39;52.04;0;0;16.23;12.63;22.77
1992;8;30;3.64;3.78;5.6;5.5;2.9;2.88;0.82;0.86;374.71;401.01;113.95;50.39;0;0;14.41;11.31;17.38
1992;8;31;16.63;16.6;4.8;4.7;2.7;2.67;0.01;0.01;378.99;404.74;112.75;49;0;0;15.27;12.46;16.8
1992;9;1;21.75;21.9;-3.3;-3.2;0;0;0;0;377.26;403.16;111.82;47.91;21.75;21.9;9.25;7.55;13.55
1992;9;2;0;0;0.4;0.5;0.69;0.78;0.11;0.12;376.02;402.13;111;46.94;20.14;20.07;5.61;4.97;7.85
1992;9;3;9.24;9.2;3;3;1.83;1.84;0.06;0.05;380.14;405.36;110.29;46.09;13.46;14.01;7.03;6.49;9.16
1992;9;4;14.09;14.17;-1;-0.9;0;0;0;0;378.4;403.79;109.76;45.43;27.55;28.18;6.77;6.19;6.39
1992;9;5;1.56;1.44;-6.1;-6;0;0;0;0;378.4;403.79;107;42.51;29.1;29.62;4.54;4.01;3.82
1992;9;6;0.02;0.02;-4.6;-4.6;0;0;0;0;378.4;403.79;104.41;39.78;29.12;29.64;3.31;2.89;3.06
1992;9;7;0;0;0.1;0.2;0.45;0.5;0.07;0.08;378.52;403.92;101.97;37.22;28.66;29.12;2.95;2.59;3.11
1992;9;8;1.15;1.17;2.9;3;1.83;1.84;0.13;0.1;380.46;405.01;101.98;37.43;20.57;21.6;4.2;3.84;4.36
1992;9;9;5.44;5.5;4.2;4.2;2.16;2.16;0.04;0.04;383.61;407.5;102.26;37.65;12.14;13.75;6.77;6.3;6.07
1992;9;10;5.06;5.2;3.6;3.6;2.02;2.01;0.06;0.04;384.35;408.46;102.67;38.03;9.12;10.33;8.12;6.93;6.22
1992;9;11;0.38;0.36;3.9;3.9;2.09;2.09;0.11;0.06;383.71;408.18;103.16;38.48;5.47;6.19;7.85;6.06;7.27
1992;9;12;0.2;0.19;4.2;4.2;2.16;2.16;0.11;0.07;383.19;408.04;103.6;38.89;1.24;1.4;7.17;5.33;6.89
1992;9;13;0.73;0.77;3.8;3.8;2.06;2.06;0.05;0;381.97;407.1;103.94;39.2;0;0;6.55;4.72;6.51
1992;9;14;4.6;4.51;2;2;1.52;1.52;0.04;0.03;381.71;406.77;104.18;39.39;0.22;0.25;5.82;4.65;4.63
1992;9;15;0.31;0.28;4;4;2.11;2.11;0.03;0;380.12;405.35;104.29;39.45;0;0;5.19;4.09;5.3
1992;9;16;0;0;5;5;2.34;2.35;0.43;0.42;377.95;403.36;104.25;39.34;0;0;8.95;7.25;6.35
1992;9;17;0.02;0.02;5.4;5.4;2.44;2.44;0.83;0.87;375.4;400.92;104.06;39.07;0;0;9.91;7.95;6.76
1992;9;18;0.02;0.02;5.1;5.1;2.37;2.37;0.8;0.85;372.89;398.52;103.72;38.65;0;0;9.91;7.87;7.05
1992;9;19;2.26;2.25;3.4;3.4;1.95;1.95;0.31;0.3;371.72;397.41;103.29;38.12;0;0;5.9;4.1;6.12
1992;9;20;1.61;1.65;2.5;2.5;1.68;1.69;0.02;0;370.6;396.41;102.81;37.55;0;0;4.76;3.71;6.36
1992;9;21;1.07;1.11;2.8;2.8;1.78;1.78;0;0;369.3;395.24;102.31;36.96;0;0;4.05;3.54;5.74
1992;9;22;0.26;0.28;3.5;3.5;2;1.98;0.02;0;367.69;393.8;101.77;36.34;0;0;4.23;3.18;5.85
1992;9;23;4.37;4.42;2.6;2.6;1.74;1.72;0.03;0;367.65;393.79;101.23;35.71;0;0;5.21;3.67;4.74
1992;9;24;5.1;5.07;2.4;2.4;1.66;1.66;0.01;0;367.93;393.99;100.75;35.15;0;0;5.41;4.4;3.4
1992;9;25;0.61;0.65;2;2;1.53;1.52;0;0;366.48;392.69;100.32;34.65;0;0;4.48;3.96;3.18
1992;9;26;0.04;0.04;3.8;3.8;2.07;2.06;0.02;0;364.81;391.17;99.9;34.16;0;0;4.2;3.13;3.91
1992;9;27;0.14;0.15;5;5;2.36;2.35;0.42;0.42;362.8;389.29;99.43;33.62;0;0;8.2;6.38;4.59
1992;9;28;3.82;3.9;3.4;3.4;1.97;1.95;0.27;0.27;362.38;388.9;98.94;33.06;0;0;5.79;3.91;5.19
1992;9;29;5.88;5.82;0.3;0.3;0.6;0.61;0.05;0.05;361.23;387.85;98.48;32.53;4.59;4.5;4.67;3.55;3.1
1992;9;30;1.22;1.2;0.4;0.4;0.68;0.7;0.06;0.06;360.03;386.75;98.03;32.02;4.65;4.51;3.69;3.21;2.42
1992;10;1;0.79;0.75;-0.1;-0.1;0;0;0;0;358.41;385.25;97.56;31.51;0.27;0.26;3.29;2.88;2.22
1992;10;2;3.52;3.64;-1.3;-1.3;0;0;0;0;356.81;383.75;97.08;30.96;3.79;3.9;3.04;2.64;1.96
1992;10;3;9.01;9.23;-0.6;-0.6;0;0;0;0;355.21;382.26;96.56;30.39;12.81;13.13;2.92;2.53;1.89
1992;10;4;20.19;20.58;-1.8;-1.8;0;0;0;0;355.21;382.26;94.65;28.43;33;33.71;2.5;2.14;2.13
1992;10;5;18.72;19.03;-1.2;-1.2;0;0;0;0;355.21;382.26;92.86;26.61;51.72;52.74;2.19;1.87;2.77
1992;10;6;3.32;3.36;-0.9;-0.9;0;0;0;0;355.21;382.26;91.17;24.9;55.04;56.1;2.02;1.73;2.43
1992;10;7;0.84;0.78;-1.5;-1.5;0;0;0;0;355.21;382.26;89.58;23.3;55.88;56.88;1.91;1.62;2.09
1992;10;8;0;0;-0.4;-0.4;0;0;0;0;355.21;382.26;88.08;21.8;55.88;56.88;1.8;1.52;1.95
1992;10;9;0.04;0.04;-1.2;-1.2;0;0;0;0;355.21;382.26;86.67;20.4;55.91;56.92;1.7;1.42;1.84
1992;10;10;3.12;3.21;-0.5;-0.5;0;0;0;0;355.21;382.26;85.34;19.09;59.03;60.13;1.6;1.33;1.8
1992;10;11;0.35;0.35;0.4;0.4;0.62;0.62;0.1;0.09;355.39;382.46;84.08;17.86;58.82;59.85;1.51;1.24;1.7
1992;10;12;3.1;3.13;-0.7;-0.7;0;0;0;0;355.39;382.46;82.89;16.71;61.92;62.98;1.43;1.16;1.6
1992;10;13;0.08;0.09;-1.3;-1.3;0;0;0;0;355.39;382.46;81.77;15.64;62;63.07;1.35;1.09;1.48
1992;10;14;0;0;-1.7;-1.7;0;0;0;0;355.39;382.46;80.71;14.64;62;63.07;1.28;1.02;1.43
1992;10;15;0.41;0.43;-2.9;-2.9;0;0;0;0;355.39;382.46;79.7;13.7;62.41;63.5;1.21;0.95;1.37
1992;10;16;3.35;3.48;-4.1;-4.1;0;0;0;0;355.39;382.46;78.75;12.82;65.76;66.98;1.15;0.89;1.33
1992;10;17;15.34;15.49;-3.4;-3.4;0;0;0;0;355.39;382.46;77.86;11.99;81.1;82.47;1.09;0.83;1.32
1992;10;18;7.12;7.09;-11;-10.9;0;0;0;0;355.39;382.46;77;11.22;88.22;89.56;1.03;0.78;1.27
1992;10;19;1.34;1.37;-13.3;-13.2;0;0;0;0;355.39;382.46;76.2;10.5;89.56;90.93;0.98;0.73;1.27
1992;10;20;0.83;0.85;-4.3;-4.3;0;0;0;0;355.39;382.46;75.43;9.83;90.39;91.78;0.93;0.68;1.31
1992;10;21;15.72;15.81;-5.6;-5.6;0;0;0;0;355.39;382.46;74.7;9.2;106.11;107.59;0.88;0.64;1.26
1992;10;22;1.27;1.2;-11.7;-11.6;0;0;0;0;355.39;382.46;74.01;8.61;107.38;108.79;0.84;0.6;1.16
1992;10;23;1.26;1.18;-13.4;-13.4;0;0;0;0;355.39;382.46;73.35;8.06;108.65;109.97;0.79;0.56;1.11
1992;10;24;1.98;1.92;-13;-13;0;0;0;0;355.39;382.46;72.73;7.54;110.63;111.89;0.76;0.52;1.11
1992;10;25;10.41;10.18;-8.5;-8.5;0;0;0;0;355.39;382.46;72.13;7.06;121.04;122.07;0.72;0.49;1.07
1992;10;26;4.47;4.39;-9.5;-9.5;0;0;0;0;355.39;382.46;71.56;6.61;125.51;126.46;0.69;0.46;1.02
1992;10;27;0.51;0.52;-8.9;-8.9;0;0;0;0;355.39;382.46;71.02;6.18;126.02;126.98;0.65;0.43;1.02
1992;10;28;1.99;1.84;-5.2;-5.2;0;0;0;0;355.39;382.46;70.5;5.79;128.01;128.82;0.62;0.4;0.97
1992;10;29;8.05;8.05;-6.8;-6.7;0;0;0;0;355.39;382.46;70.01;5.42;136.07;136.87;0.6;0.38;0.93
1992;10;30;1.84;1.88;-7.5;-7.4;0;0;0;0;355.39;382.46;69.53;5.07;137.9;138.75;0.57;0.35;0.93
1992;10;31;1.88;1.86;-4.5;-4.4;0;0;0;0;355.39;382.46;69.08;4.74;139.79;140.61;0.55;0.33;0.93
1992;11;1;1.87;1.9;-4.3;-4.3;0;0;0;0;355.39;382.46;68.65;4.44;141.66;142.51;0.52;0.31;0.93
1992;11;2;0.04;0.05;-2.4;-2.4;0;0;0;0;355.39;382.46;68.23;4.16;141.7;142.56;0.5;0.29;0.89
1992;11;3;5.09;4.93;-4;-4;0;0;0;0;355.39;382.46;67.83;3.89;146.79;147.49;0.48;0.27;0.89
1992;11;4;2.61;2.53;-3.1;-3.1;0;0;0;0;355.39;382.46;67.45;3.64;149.41;150.02;0.46;0.25;0.89
1992;11;5;0.15;0.15;-1;-1;0;0;0;0;355.39;382.46;67.08;3.41;149.55;150.17;0.45;0.24;0.95
1992;11;6;0;0;-4;-3.9;0;0;0;0;355.39;382.46;66.72;3.19;149.55;150.17;0.43;0.22;1
1992;11;7;0;0;-2.1;-2.1;0;0;0;0;355.39;382.46;66.38;2.99;149.55;150.17;0.41;0.21;0.98
1992;11;8;0;0;-3.7;-3.7;0;0;0;0;355.39;382.46;66.05;2.8;149.55;150.17;0.4;0.19;0.95
1992;11;9;0;0;-6.1;-6;0;0;0;0;355.39;382.46;65.73;2.62;149.55;150.17;0.38;0.18;0.92
1992;11;10;3.03;2.94;-7.4;-7.3;0;0;0;0;355.39;382.46;65.42;2.45;152.59;153.11;0.37;0.17;0.9
1992;11;11;8.17;8.09;-6.3;-6.3;0;0;0;0;355.39;382.46;65.12;2.3;160.75;161.2;0.36;0.16;0.88
1992;11;12;2.28;2.21;-11.5;-11.4;0;0;0;0;355.39;382.46;64.83;2.15;163.03;163.41;0.35;0.15;0.82
1992;11;13;4.94;4.81;-14.5;-14.4;0;0;0;0;355.39;382.46;64.54;2.01;167.97;168.22;0.34;0.14;0.82
1992;11;14;1.29;1.28;-13.5;-13.5;0;0;0;0;355.39;382.46;64.27;1.89;169.26;169.5;0.33;0.13;0.78
1992;11;15;1.87;1.86;-5.8;-5.7;0;0;0;0;355.39;382.46;64;1.77;171.13;171.36;0.32;0.12;0.85
1992;11;16;21.87;21.95;-4.9;-4.8;0;0;0;0;355.39;382.46;63.75;1.65;193.01;193.31;0.31;0.11;0.82
1992;11;17;12.48;12.54;-11.3;-11.3;0;0;0;0;355.39;382.46;63.49;1.55;205.49;205.85;0.3;0.11;0.77
1992;11;18;0.79;0.75;-15.4;-15.4;0;0;0;0;355.39;382.46;63.25;1.45;206.28;206.6;0.29;0.1;0.77
1992;11;19;9.33;9.25;-9.7;-9.7;0;0;0;0;355.39;382.46;63.01;1.36;215.61;215.85;0.29;0.09;0.74
1992;11;20;2.07;1.99;-12.5;-12.5;0;0;0;0;355.39;382.46;62.77;1.27;217.68;217.84;0.28;0.09;0.73
1992;11;21;15.54;15.33;-9.4;-9.4;0;0;0;0;355.39;382.46;62.55;1.19;233.22;233.17;0.27;0.08;0.69
1992;11;22;22.21;21.85;-4.1;-4.1;0;0;0;0;355.39;382.46;62.32;1.12;255.43;255.02;0.27;0.08;0.66
1992;11;23;0.07;0.07;-2.1;-2.1;0;0;0;0;355.39;382.46;62.1;1.05;255.5;255.09;0.26;0.07;0.66
1992;11;24;0;0;-5;-5;0;0;0;0;355.39;382.46;61.89;0.98;255.5;255.09;0.25;0.07;0.66
1992;11;25;0;0;-8.3;-8.2;0;0;0;0;355.39;382.46;61.68;0.92;255.5;255.09;0.25;0.06;0.66
1992;11;26;4.21;4.06;-6.7;-6.6;0;0;0;0;355.39;382.46;61.47;0.86;259.71;259.15;0.24;0.06;0.66
1992;11;27;0.6;0.57;-8.4;-8.4;0;0;0;0;355.39;382.46;61.27;0.81;260.31;259.72;0.24;0.06;0.66
1992;11;28;2.87;2.78;-9;-8.9;0;0;0;0;355.39;382.46;61.07;0.76;263.19;262.5;0.24;0.05;0.66
1992;11;29;5.02;4.81;-5.4;-5.4;0;0;0;0;355.39;382.46;60.87;0.71;268.21;267.31;0.23;0.05;0.62
1992;11;30;0.01;0.01;-7.2;-7.2;0;0;0;0;355.39;382.46;60.68;0.67;268.22;267.32;0.23;0.05;0.62
1992;12;1;0.18;0.2;-8.8;-8.8;0;0;0;0;355.39;382.46;60.49;0.63;268.4;267.52;0.22;0.04;0.62
1992;12;2;1.97;2.08;-8.5;-8.4;0;0;0;0;355.39;382.46;60.3;0.59;270.37;269.6;0.22;0.04;0.61
1992;12;3;15.4;15.5;-5.9;-5.8;0;0;0;0;355.39;382.46;60.12;0.55;285.78;285.1;0.22;0.04;0.6
1992;12;4;5.66;5.67;-9.5;-9.5;0;0;0;0;355.39;382.46;59.93;0.52;291.43;290.77;0.21;0.04;0.59
1992;12;5;33.98;34.16;-8.2;-8.2;0;0;0;0;355.39;382.46;59.75;0.49;325.42;324.93;0.21;0.03;0.59
1992;12;6;1.53;1.49;-13.8;-13.8;0;0;0;0;355.39;382.46;59.58;0.46;326.95;326.42;0.21;0.03;0.59
1992;12;7;3.43;3.42;-13.3;-13.3;0;0;0;0;355.39;382.46;59.4;0.43;330.37;329.84;0.21;0.03;0.59
1992;12;8;8.96;9.13;-10.2;-10.2;0;0;0;0;355.39;382.46;59.23;0.4;339.34;338.97;0.2;0.03;0.58
1992;12;9;1.14;1.15;-8.9;-8.9;0;0;0;0;355.39;382.46;59.05;0.38;340.47;340.12;0.2;0.03;0.56
1992;12;10;0.16;0.16;-10.5;-10.5;0;0;0;0;355.39;382.46;58.88;0.36;340.63;340.28;0.2;0.02;0.56
1992;12;11;0;0;-14.5;-14.5;0;0;0;0;355.39;382.46;58.72;0.34;340.63;340.28;0.2;0.02;0.55
1992;12;12;8.81;8.61;-10.4;-10.4;0;0;0;0;355.39;382.46;58.55;0.32;349.44;348.89;0.19;0.02;0.54
1992;12;13;0.27;0.27;-13.2;-13.2;0;0;0;0;355.39;382.46;58.38;0.3;349.72;349.16;0.19;0.02;0.53
1992;12;14;0;0;-9.6;-9.6;0;0;0;0;355.39;382.46;58.22;0.28;349.72;349.16;0.19;0.02;0.53
1992;12;15;0;0;-8;-8;0;0;0;0;355.39;382.46;58.05;0.26;349.71;349.16;0.19;0.02;0.55
1992;12;16;0;0;-11.3;-11.3;0;0;0;0;355.39;382.46;57.89;0.25;349.71;349.16;0.19;0.02;0.52
1992;12;17;0;0;-15;-15;0;0;0;0;355.39;382.46;57.73;0.23;349.71;349.16;0.19;0.02;0.51
1992;12;18;0;0;-12;-12;0;0;0;0;355.39;382.46;57.58;0.22;349.71;349.16;0.18;0.02;0.5
1992;12;19;0.11;0.11;-13.3;-13.3;0;0;0;0;355.39;382.46;57.42;0.21;349.83;349.27;0.18;0.01;0.5
1992;12;20;0.04;0.04;-9.7;-9.7;0;0;0;0;355.39;382.46;57.26;0.2;349.87;349.31;0.18;0.01;0.48
1992;12;21;0.22;0.23;-12.9;-12.9;0;0;0;0;355.39;382.46;57.1;0.18;350.09;349.54;0.18;0.01;0.47
1992;12;22;0;0;-13.5;-13.5;0;0;0;0;355.39;382.46;56.95;0.18;350.09;349.54;0.18;0.01;0.46
1992;12;23;0;0;-11;-11;0;0;0;0;355.39;382.46;56.8;0.16;350.09;349.54;0.18;0.01;0.46
1992;12;24;0;0;-10.6;-10.6;0;0;0;0;355.39;382.46;56.64;0.16;350.09;349.54;0.18;0.01;0.45
1992;12;25;0;0;-11.5;-11.5;0;0;0;0;355.39;382.46;56.49;0.15;350.09;349.54;0.18;0.01;0.44
1992;12;26;0;0;-12.5;-12.5;0;0;0;0;355.39;382.46;56.34;0.14;350.09;349.54;0.18;0.01;0.45
1992;12;27;0;0;-12;-12;0;0;0;0;355.39;382.46;56.19;0.13;350.09;349.54;0.17;0.01;0.42
1992;12;28;0;0;-15.8;-15.8;0;0;0;0;355.39;382.46;56.04;0.13;350.09;349.54;0.17;0.01;0.4
1992;12;29;0;0;-13.5;-13.5;0;0;0;0;355.39;382.46;55.89;0.12;350.09;349.54;0.17;0.01;0.41
1992;12;30;0;0;-14.1;-14.1;0;0;0;0;355.39;382.46;55.74;0.11;350.09;349.54;0.17;0.01;0.42
1992;12;31;0;0;-14;-14;0;0;0;0;355.39;382.46;55.59;0.11;350.09;349.54;0.17;0.01;0.42
1993;1;1;0;0;-16.1;-16.1;0;0;0;0;355.39;382.46;55.45;0.1;350.09;349.54;0.17;0.01;0.4
1993;1;2;0.03;0.03;-21.1;-21.1;0;0;0;0;355.39;382.46;55.3;0.1;350.12;349.57;0.17;0.01;0.39
1993;1;3;0.08;0.08;-22.5;-22.5;0;0;0;0;355.39;382.46;55.16;0.09;350.2;349.65;0.17;0.01;0.41
1993;1;4;0;0;-23.2;-23.2;0;0;0;0;355.39;382.46;55.01;0.09;350.2;349.65;0.17;0.01;0.44
1993;1;5;0;0;-18.8;-18.7;0;0;0;0;355.39;382.46;54.87;0.08;350.2;349.65;0.17;0.01;0.44
1993;1;6;0.03;0.03;-12.2;-12.2;0;0;0;0;355.39;382.46;54.72;0.08;350.23;349.68;0.17;0.01;0.45
1993;1;7;5.15;4.97;-9;-8.9;0;0;0;0;355.39;382.46;54.58;0.08;355.38;354.65;0.17;0.01;0.49
1993;1;8;1.16;1.1;-7.2;-7.2;0;0;0;0;355.39;382.46;54.44;0.07;356.54;355.75;0.16;0.01;0.46
1993;1;9;0.01;0.01;-10;-10;0;0;0;0;355.39;382.46;54.3;0.07;356.55;355.76;0.16;0;0.41
1993;1;10;0;0;-10.3;-10.3;0;0;0;0;355.39;382.46;54.16;0.07;356.55;355.76;0.16;0;0.4
1993;1;11;0.05;0.05;-8.1;-8.1;0;0;0;0;355.39;382.46;54.01;0.06;356.6;355.81;0.16;0;0.41
1993;1;12;1.08;1.02;-7.2;-7.2;0;0;0;0;355.39;382.46;53.87;0.06;357.69;356.83;0.16;0;0.41
1993;1;13;0.05;0.05;-8.5;-8.5;0;0;0;0;355.39;382.46;53.73;0.06;357.74;356.88;0.16;0;0.4
1993;1;14;0.38;0.34;-7.9;-7.9;0;0;0;0;355.39;382.46;53.59;0.06;358.12;357.22;0.16;0;0.39
1993;1;15;0;0;-9.1;-9.1;0;0;0;0;355.39;382.46;53.46;0.06;358.12;357.22;0.16;0;0.38
1993;1;16;0;0;-8.1;-8.1;0;0;0;0;355.39;382.46;53.32;0.05;358.12;357.22;0.16;0;0.38
1993;1;17;0;0;-6.7;-6.6;0;0;0;0;355.39;382.46;53.18;0.05;358.12;357.22;0.16;0;0.37
1993;1;18;0;0;-8.2;-8.2;0;0;0;0;355.39;382.46;53.04;0.05;358.12;357.22;0.16;0;0.36
1993;1;19;0.08;0.07;-11.1;-11.1;0;0;0;0;355.39;382.46;52.91;0.05;358.2;357.29;0.16;0;0.35
1993;1;20;0;0;-10;-10;0;0;0;0;355.39;382.46;52.77;0.05;358.2;357.29;0.16;0;0.34
1993;1;21;0;0;-8.9;-8.9;0;0;0;0;355.39;382.46;52.63;0.05;358.2;357.29;0.16;0;0.34
1993;1;22;0.01;0.01;-7.7;-7.7;0;0;0;0;355.39;382.46;52.5;0.04;358.21;357.3;0.16;0;0.34
1993;1;23;1.03;0.99;-6.5;-6.5;0;0;0;0;355.39;382.46;52.36;0.04;359.24;358.29;0.16;0;0.35
1993;1;24;0.86;0.83;-5.9;-5.9;0;0;0;0;355.39;382.46;52.23;0.04;360.1;359.12;0.16;0;0.35
1993;1;25;6.64;6.46;-10.6;-10.6;0;0;0;0;355.39;382.46;52.09;0.04;366.74;365.58;0.15;0;0.34
1993;1;26;1.25;1.2;-16.3;-16.3;0;0;0;0;355.39;382.46;51.96;0.04;367.99;366.78;0.15;0;0.34
1993;1;27;10.2;10.07;-13.8;-13.8;0;0;0;0;355.39;382.46;51.82;0.04;378.18;376.85;0.15;0;0.34
1993;1;28;4.07;3.95;-11;-11;0;0;0;0;355.39;382.46;51.69;0.04;382.25;380.8;0.15;0;0.33
1993;1;29;0.74;0.69;-11.5;-11.5;0;0;0;0;355.39;382.46;51.56;0.04;382.99;381.49;0.15;0;0.33
1993;1;30;0.3;0.29;-12;-12;0;0;0;0;355.39;382.46;51.42;0.04;383.3;381.78;0.15;0;0.33
1993;1;31;0;0;-13.1;-13.1;0;0;0;0;355.39;382.46;51.29;0.04;383.3;381.78;0.15;0;0.32
1993;2;1;0;0;-11.9;-11.9;0;0;0;0;355.39;382.46;51.16;0.04;383.3;381.78;0.15;0;0.32
1993;2;2;0;0;-10.1;-10.1;0;0;0;0;355.39;382.46;51.03;0.04;383.29;381.78;0.15;0;0.32
1993;2;3;0;0;-8;-8;0;0;0;0;355.39;382.46;50.9;0.03;383.29;381.78;0.15;0;0.32
1993;2;4;0;0;-7.5;-7.5;0;0;0;0;355.39;382.46;50.77;0.03;383.29;381.78;0.15;0;0.32
1993;2;5;0;0;-8.7;-8.7;0;0;0;0;355.39;382.46;50.64;0.03;383.29;381.78;0.15;0;0.32
1993;2;6;0.02;0.02;-8.4;-8.4;0;0;0;0;355.39;382.46;50.51;0.03;383.31;381.8;0.15;0;0.32
1993;2;7;0.04;0.03;-6.4;-6.4;0;0;0;0;355.39;382.46;50.38;0.03;383.35;381.83;0.15;0;0.32
1993;2;8;0;0;-8.7;-8.7;0;0;0;0;355.39;382.46;50.25;0.03;383.35;381.83;0.15;0;0.32
1993;2;9;0;0;-7.7;-7.7;0;0;0;0;355.39;382.46;50.12;0.03;383.35;381.83;0.15;0;0.33
1993;2;10;0;0;-8.2;-8.2;0;0;0;0;355.39;382.46;49.99;0.03;383.35;381.83;0.15;0;0.33
1993;2;11;0;0;-8.4;-8.4;0;0;0;0;355.39;382.46;49.86;0.03;383.35;381.83;0.15;0;0.33
1993;2;12;0;0;-8.8;-8.8;0;0;0;0;355.39;382.46;49.73;0.03;383.35;381.83;0.15;0;0.33
1993;2;13;0;0;-9.4;-9.4;0;0;0;0;355.39;382.46;49.61;0.03;383.35;381.83;0.15;0;0.32
1993;2;14;0;0;-10.3;-10.3;0;0;0;0;355.39;382.46;49.48;0.03;383.35;381.83;0.15;0;0.32
1993;2;15;0;0;-12.2;-12.2;0;0;0;0;355.39;382.46;49.35;0.03;383.35;381.83;0.15;0;0.32
1993;2;16;1.16;1.1;-15.3;-15.3;0;0;0;0;355.39;382.46;49.23;0.03;384.5;382.93;0.15;0;0.32
1993;2;17;5.3;5.18;-12.8;-12.8;0;0;0;0;355.39;382.46;49.1;0.03;389.81;388.11;0.15;0;0.31
1993;2;18;0.31;0.29;-9.3;-9.3;0;0;0;0;355.39;382.46;48.98;0.03;390.12;388.4;0.14;0;0.31
1993;2;19;5.89;5.77;-12.7;-12.7;0;0;0;0;355.39;382.46;48.85;0.03;396.01;394.17;0.14;0;0.3
1993;2;20;3.8;3.68;-15.2;-15.2;0;0;0;0;355.39;382.46;48.72;0.03;399.81;397.85;0.14;0;0.29
1993;2;21;16.75;16.58;-16.5;-16.5;0;0;0;0;355.39;382.46;48.6;0.03;416.56;414.43;0.14;0;0.29
1993;2;22;2.76;2.67;-21.2;-21.2;0;0;0;0;355.39;382.46;48.48;0.03;419.31;417.1;0.14;0;0.29
1993;2;23;0.79;0.75;-24.2;-24.2;0;0;0;0;355.39;382.46;48.35;0.03;420.11;417.85;0.14;0;0.29
1993;2;24;0.34;0.32;-20.8;-20.8;0;0;0;0;355.39;382.46;48.23;0.03;420.44;418.17;0.14;0;0.29
1993;2;25;0.03;0.03;-18.5;-18.5;0;0;0;0;355.39;382.46;48.1;0.03;420.48;418.19;0.14;0;0.29
1993;2;26;0.06;0.06;-19;-19;0;0;0;0;355.39;382.46;47.98;0.03;420.53;418.25;0.14;0;0.29
1993;2;27;0.21;0.22;-17.2;-17.2;0;0;0;0;355.39;382.46;47.86;0.03;420.74;418.48;0.14;0;0.28
1993;2;28;3.82;3.93;-14.4;-14.3;0;0;0;0;355.39;382.46;47.73;0.03;424.56;422.4;0.14;0;0.28
1993;3;1;2.93;3.01;-9.9;-9.9;0;0;0;0;355.39;382.46;47.61;0.03;427.49;425.42;0.14;0;0.28
1993;3;2;1.34;1.37;-8.6;-8.6;0;0;0;0;355.39;382.46;47.49;0.03;428.83;426.79;0.14;0;0.28
1993;3;3;5.01;4.93;-10.6;-10.6;0;0;0;0;355.39;382.46;47.37;0.03;433.84;431.71;0.14;0;0.29
1993;3;4;1.91;1.84;-16;-16;0;0;0;0;355.39;382.46;47.25;0.03;435.75;433.56;0.14;0;0.28
1993;3;5;0.06;0.05;-18.4;-18.4;0;0;0;0;355.39;382.46;47.13;0.03;435.81;433.61;0.14;0;0.28
1993;3;6;4.66;4.51;-14.6;-14.6;0;0;0;0;355.39;382.46;47.01;0.03;440.47;438.12;0.14;0;0.27
1993;3;7;5.84;5.62;-13.2;-13.2;0;0;0;0;355.39;382.46;46.89;0.03;446.3;443.74;0.14;0;0.27
1993;3;8;0.02;0.02;-13.6;-13.6;0;0;0;0;355.39;382.46;46.77;0.03;446.33;443.75;0.14;0;0.27
1993;3;9;0;0;-11.6;-11.6;0;0;0;0;355.39;382.46;46.65;0.03;446.33;443.75;0.14;0;0.28
1993;3;10;0;0;-11.9;-11.9;0;0;0;0;355.39;382.46;46.53;0.03;446.33;443.75;0.14;0;0.27
1993;3;11;0;0;-11.1;-11.1;0;0;0;0;355.39;382.46;46.41;0.03;446.33;443.75;0.14;0;0.28
1993;3;12;0;0;-9.5;-9.5;0;0;0;0;355.39;382.46;46.29;0.03;446.33;443.75;0.14;0;0.28
1993;3;13;0;0;-8.9;-8.9;0;0;0;0;355.39;382.46;46.17;0.03;446.33;443.75;0.14;0;0.29
1993;3;14;0;0;-10.1;-10.1;0;0;0;0;355.39;382.46;46.05;0.03;446.33;443.75;0.14;0;0.3
1993;3;15;0;0;-8.7;-8.7;0;0;0;0;355.39;382.46;45.93;0.03;446.33;443.75;0.14;0;0.31
1993;3;16;0.2;0.18;-9;-9;0;0;0;0;355.39;382.46;45.82;0.03;446.52;443.93;0.14;0;0.31
1993;3;17;3.68;3.57;-4.7;-4.7;0;0;0;0;355.39;382.46;45.7;0.03;450.2;447.5;0.13;0;0.31
1993;3;18;0.03;0.03;-1;-1;0;0;0;0;355.39;382.46;45.58;0.03;450.24;447.53;0.13;0;0.39
1993;3;19;0.02;0.02;-3.4;-3.4;0;0;0;0;355.39;382.46;45.47;0.03;450.26;447.55;0.13;0;0.42
1993;3;20;0;0;-3.7;-3.7;0;0;0;0;355.39;382.46;45.35;0.03;450.26;447.55;0.13;0;0.43
1993;3;21;0.64;0.65;-3.4;-3.4;0;0;0;0;355.39;382.46;45.23;0.03;450.9;448.2;0.13;0;0.43
1993;3;22;2.4;2.43;-4.4;-4.4;0;0;0;0;355.39;382.46;45.12;0.03;453.29;450.63;0.13;0;0.43
1993;3;23;2.03;1.99;-4.4;-4.4;0;0;0;0;355.39;382.46;45;0.03;455.32;452.62;0.13;0;0.41
1993;3;24;15.61;15.61;-4.9;-4.9;0;0;0;0;355.39;382.46;44.89;0.03;470.93;468.23;0.13;0;0.37
1993;3;25;7.7;7.56;-12;-11.9;0;0;0;0;355.39;382.46;44.77;0.03;478.63;475.79;0.13;0;0.32
1993;3;26;2.05;1.94;-16.6;-16.6;0;0;0;0;355.39;382.46;44.66;0.03;480.68;477.73;0.13;0;0.27
1993;3;27;0.89;0.86;-18.4;-18.4;0;0;0;0;355.39;382.46;44.54;0.03;481.57;478.59;0.13;0;0.27
1993;3;28;0.6;0.56;-19.5;-19.5;0;0;0;0;355.39;382.46;44.43;0.03;482.17;479.15;0.13;0;0.27
1993;3;29;0.02;0.01;-19;-19;0;0;0;0;355.39;382.46;44.31;0.03;482.18;479.16;0.13;0;0.27
1993;3;30;0;0;-16.1;-16.1;0;0;0;0;355.39;382.46;44.2;0.03;482.18;479.16;0.13;0;0.27
1993;3;31;0.09;0.08;-9.3;-9.3;0;0;0;0;355.39;382.46;44.09;0.03;482.26;479.24;0.13;0;0.31
1993;4;1;0;0;-6.7;-6.7;0;0;0;0;355.39;382.46;43.98;0.03;482.26;479.24;0.13;0;0.32
1993;4;2;3.88;3.82;-7.5;-7.5;0;0;0;0;355.39;382.46;43.86;0.03;486.15;483.06;0.13;0;0.32
1993;4;3;2.29;2.25;-7.5;-7.5;0;0;0;0;355.39;382.46;43.75;0.03;488.43;485.31;0.13;0;0.32
1993;4;4;4.93;4.9;-9.2;-9.2;0;0;0;0;355.39;382.46;43.64;0.03;493.36;490.21;0.13;0;0.31
1993;4;5;1.06;1.04;-8.8;-8.8;0;0;0;0;355.39;382.46;43.53;0.03;494.42;491.25;0.13;0;0.31
1993;4;6;8.78;8.6;-6.6;-6.6;0;0;0;0;355.39;382.46;43.42;0.03;503.19;499.85;0.13;0;0.31
1993;4;7;7.08;6.98;-7.9;-7.9;0;0;0;0;355.39;382.46;43.3;0.03;510.27;506.83;0.13;0;0.31
1993;4;8;3.31;3.16;-7.4;-7.4;0;0;0;0;355.39;382.46;43.19;0.03;513.58;509.99;0.13;0;0.3
1993;4;9;0.03;0.03;-6.7;-6.7;0;0;0;0;355.39;382.46;43.08;0.03;513.61;510.02;0.13;0;0.3
1993;4;10;5.33;5.23;-4.7;-4.7;0;0;0;0;355.39;382.46;42.97;0.03;518.94;515.25;0.13;0;0.32
1993;4;11;16.61;16.53;-5.8;-5.8;0;0;0;0;355.39;382.46;42.86;0.03;535.55;531.78;0.13;0;0.32
1993;4;12;7.11;7.12;-7;-7;0;0;0;0;355.39;382.46;42.75;0.03;542.66;538.9;0.13;0;0.31
1993;4;13;3.08;3.13;-8.7;-8.7;0;0;0;0;355.39;382.46;42.64;0.03;545.73;542.03;0.13;0;0.31
1993;4;14;0.23;0.23;-8;-8;0;0;0;0;355.39;382.46;42.53;0.03;545.96;542.26;0.13;0;0.31
1993;4;15;3.46;3.38;-7.5;-7.5;0;0;0;0;355.39;382.46;42.43;0.03;549.42;545.64;0.13;0;0.31
1993;4;16;2.89;2.82;-8.1;-8.1;0;0;0;0;355.39;382.46;42.32;0.03;552.31;548.46;0.12;0;0.31
1993;4;17;1.38;1.33;-8;-8;0;0;0;0;355.39;382.46;42.21;0.03;553.68;549.79;0.12;0;0.32
1993;4;18;1.5;1.44;-5;-5;0;0;0;0;355.39;382.46;42.1;0.03;555.19;551.23;0.12;0;0.33
1993;4;19;0.02;0.02;-3.4;-3.4;0;0;0;0;355.39;382.46;41.99;0.02;555.21;551.25;0.12;0;0.4
1993;4;20;0;0;-1.8;-1.8;0;0;0;0;355.39;382.46;41.89;0.02;555.21;551.25;0.12;0;0.55
1993;4;21;0.1;0.1;-1.3;-1.3;0;0;0;0;355.39;382.46;41.78;0.02;555.31;551.35;0.12;0;0.71
1993;4;22;0.1;0.09;-2.5;-2.5;0;0;0;0;355.39;382.46;41.67;0.02;555.4;551.44;0.12;0;0.81
1993;4;23;0.05;0.05;-2;-2;0;0;0;0;355.39;382.46;41.57;0.02;555.46;551.49;0.12;0;0.89
1993;4;24;0.11;0.11;-2;-2;0;0;0;0;355.39;382.46;41.46;0.02;555.57;551.6;0.12;0;0.88
1993;4;25;2.42;2.49;-2.6;-2.6;0;0;0;0;355.39;382.46;41.35;0.02;557.99;554.09;0.12;0;0.75
1993;4;26;0.83;0.84;-0.8;-0.8;0;0;0;0;355.39;382.46;41.25;0.02;558.82;554.93;0.12;0;0.91
1993;4;27;0.02;0.02;0.1;0.1;0.35;0.39;0.05;0.06;355.39;382.46;41.14;0.02;558.79;554.89;0.12;0;1.21
1993;4;28;0.74;0.77;-1.8;-1.8;0;0;0;0;355.39;382.46;41.04;0.02;559.53;555.66;0.12;0;1.19
1993;4;29;0.28;0.27;-1.4;-1.4;0;0;0;0;355.39;382.46;40.93;0.02;559.81;555.93;0.12;0;1.12
1993;4;30;0.9;0.89;-2.4;-2.4;0;0;0;0;355.39;382.46;40.83;0.02;560.71;556.82;0.12;0;1.02
1993;5;1;1.03;1.04;-2.4;-2.4;0;0;0;0;355.39;382.46;40.72;0.02;561.75;557.86;0.12;0;1.03
1993;5;2;0.38;0.35;-2.5;-2.5;0;0;0;0;355.39;382.46;40.62;0.02;562.12;558.21;0.12;0;1.26
1993;5;3;4.43;4.42;-2.1;-2.1;0;0;0;0;355.39;382.46;40.51;0.02;566.55;562.63;0.12;0;1.44
1993;5;4;0.52;0.51;-1.7;-1.7;0;0;0;0;355.39;382.46;40.41;0.02;567.07;563.14;0.12;0;1.79
1993;5;5;1.44;1.36;-1.9;-1.9;0;0;0;0;355.39;382.46;40.31;0.02;568.51;564.5;0.12;0;2.08
1993;5;6;2.01;2.02;-1.7;-1.7;0;0;0;0;355.39;382.46;40.2;0.02;570.52;566.52;0.12;0;2.11
1993;5;7;0.44;0.44;-2.2;-2.2;0;0;0;0;355.39;382.46;40.1;0.02;570.96;566.96;0.12;0;1.6
1993;5;8;0.18;0.17;-2;-2;0;0;0;0;355.39;382.46;40;0.02;571.14;567.13;0.12;0;1.55
1993;5;9;0.52;0.54;-1.4;-1.4;0;0;0;0;355.39;382.46;39.9;0.02;571.66;567.67;0.12;0;1.61
1993;5;10;0.06;0.06;-0.7;-0.7;0;0;0;0;355.39;382.46;39.79;0.02;571.72;567.73;0.12;0;1.74
1993;5;11;1.21;1.25;0.7;0.7;1.14;1.15;0.17;0.16;355.39;382.46;39.69;0.02;572.77;568.82;0.12;0;2.12
1993;5;12;1.67;1.72;-0.6;-0.6;0;0;0;0;355.39;382.46;39.59;0.02;574.44;570.54;0.12;0;2.1
1993;5;13;2.42;2.49;-1.5;-1.5;0;0;0;0;355.39;382.46;39.49;0.02;576.86;573.03;0.12;0;1.82
1993;5;14;3.13;3.18;-1.4;-1.4;0;0;0;0;355.39;382.46;39.39;0.02;580;576.21;0.12;0;1.78
1993;5;15;4.03;4.03;-1.5;-1.5;0;0;0;0;355.39;382.46;39.29;0.02;584.02;580.24;0.12;0;1.94
1993;5;16;1.41;1.45;-0.6;-0.6;0;0;0;0;355.39;382.46;39.19;0.02;585.43;581.69;0.12;0;2.24
1993;5;17;0.38;0.42;0.1;0.1;0.4;0.45;0.06;0.07;355.39;382.46;39.09;0.02;585.75;582.04;0.12;0;3
1993;5;18;0.34;0.38;0.9;1;1.32;1.36;0.2;0.2;355.52;382.61;38.99;0.02;585.56;581.83;0.12;0;3.66
1993;5;19;1.14;1.17;1.5;1.6;1.67;1.7;0.24;0.24;354.76;382.06;40.28;1.59;584.26;580.28;0.39;0.28;4.15
1993;5;20;0.07;0.08;2.1;2.1;1.93;1.94;0.3;0.3;355.04;382.69;41.45;3.02;579.12;574.51;1.62;1.49;5.17
1993;5;21;12.43;12.35;-1.6;-1.6;0;0;0;0;353.73;381.2;42.55;4.38;591.55;586.86;1.72;1.56;4.52
1993;5;22;0;0;-1.1;-1.1;0;0;0;0;353.73;381.2;42.2;4.1;591.55;586.86;0.85;0.7;2.98
1993;5;23;0;0;0.9;1;1.29;1.36;0.2;0.21;353.02;380.4;43.32;5.47;589.79;584.89;0.87;0.73;2.97
1993;5;24;0.37;0.31;2.2;2.3;1.99;2.02;0.31;0.3;354.42;382.29;44.39;6.75;582.16;576.19;2.34;2.2;3.83
1993;5;25;0.14;0.13;3.6;3.7;2.52;2.54;0.39;0.39;359.32;387.31;45.57;8.14;565.79;558.81;4.84;4.66;6.43
1993;5;26;0.65;0.69;4.8;4.8;2.87;2.88;0.36;0.34;366.6;393.23;47.06;9.86;544.85;538.78;7.24;6.94;8.66
1993;5;27;2.18;2.26;3.2;3.2;2.37;2.37;0.27;0.25;370.61;396.15;48.88;11.9;532.83;527.88;7.62;7.15;12.11
1993;5;28;8.08;8.13;0.9;0.9;1.28;1.29;0.09;0.08;370.33;395.9;50.84;14.06;537.03;532.11;5.77;5.23;8.43
1993;5;29;0.07;0.08;0.9;0.9;1.29;1.29;0.17;0.16;369.91;395.46;52.7;16.09;533.61;528.76;4.1;3.6;5.03
1993;5;30;6.03;6.04;2.4;2.4;2.05;2.06;0.17;0.16;372.77;397.93;54.45;17.95;527.47;522.77;4.84;4.36;6.38
1993;5;31;3.43;3.45;2.4;2.5;2.08;2.1;0.22;0.2;375.2;400.11;56.18;19.79;519.39;514.68;6.11;5.61;7.96
1993;6;1;1.95;2.01;3.5;3.5;2.5;2.51;0.29;0.27;379.39;403.65;57.99;21.7;504.87;500.58;7.37;6.81;8.22
1993;6;2;11.2;10.94;2.4;2.4;2.09;2.1;0.09;0.09;382.64;406.29;59.94;23.72;501.96;497.86;8.1;7.46;8.29
1993;6;3;10.77;10.5;-1;-0.9;0;0;0;0;380.87;404.71;61.86;25.7;512.72;508.36;6.1;5.45;5.92
1993;6;4;2.79;2.8;2;2.1;1.94;1.97;0.21;0.2;381.6;405.53;63.6;27.46;507.79;503.16;5.12;4.54;4.46
1993;6;5;2.5;2.53;4.1;4.1;2.7;2.71;0.24;0.21;386.79;409.92;65.28;29.15;489.98;485.86;7.59;7;5.79
1993;6;6;8.52;8.54;3.9;3.9;2.63;2.64;0.13;0.12;392.49;414.5;67.16;31.02;476.02;472.88;10.42;9.68;8.78
1993;6;7;3.95;3.84;4.4;4.5;2.82;2.83;0.22;0.2;397.37;418.27;69.33;33.19;458.86;456.82;11.73;10.8;12.16
1993;6;8;1.5;1.55;6.1;6.1;3.27;3.27;0.31;0.27;403.46;422.89;71.81;35.64;434.24;434.07;13.11;11.98;13.57
1993;6;9;1.57;1.55;6.7;6.7;3.42;3.42;0.32;0.29;409.94;427.87;74.64;38.4;406.39;408.15;15.12;13.77;15.02
1993;6;10;3.26;3.4;4.9;4.9;2.94;2.95;0.25;0.22;414.33;431.35;77.81;41.44;385.38;388.56;15.97;14.42;16.52
1993;6;11;10.22;10.21;4.2;4.2;2.73;2.74;0.08;0.07;419.14;435.2;81.22;44.68;368.26;372.82;16.67;15.01;15.45
1993;6;12;10.56;10.63;-1.3;-1.2;0;0;0;0;417.11;433.5;84.58;47.79;378.81;383.45;12.76;11.18;12.54
1993;6;13;4.68;4.76;-2;-2;0;0;0;0;415.08;431.82;87.4;50.31;383.5;388.21;7.88;6.63;8.54
1993;6;14;1.16;1.12;0;0.1;0.4;0.46;0.06;0.07;413.09;430.17;89.51;52.07;384.48;389.13;5.89;4.94;5.99
1993;6;15;5.47;5.41;0.9;0.9;1.3;1.31;0.11;0.11;411.57;429.03;90.99;53.18;387.67;391.99;5.64;4.86;5.58
1993;6;16;0.14;0.13;3.8;3.9;2.62;2.64;0.2;0.16;412.34;429.53;92.08;53.88;377.12;382.18;7.17;6.41;6.86
1993;6;17;9.58;9.42;0.9;1;1.34;1.38;0.06;0.06;411.22;428.71;92.94;54.37;382.96;387.71;7.64;6.82;6.58
1993;6;18;0;0;3.9;4;2.65;2.67;0.2;0.16;411.89;428.97;93.65;54.7;373.03;378.9;7.95;7.09;6.1
1993;6;19;1.2;1.21;7.2;7.2;3.54;3.54;0.25;0.2;415.71;431.36;94.4;55.06;352.85;361.64;10.48;9.4;8.89
1993;6;20;6.04;6.05;5.6;5.6;3.14;3.14;0.15;0.12;419.42;433.97;95.44;55.68;336.32;347.48;13.34;11.88;11.99
1993;6;21;11.36;11.63;4.2;4.2;2.74;2.74;0.07;0.05;423.08;436.9;96.91;56.69;323.43;336.39;15.4;13.66;11.17
1993;6;22;15.36;15.53;5.2;5.2;3.03;3.03;0.02;0.01;428.13;440.94;98.87;58.16;307.02;322.24;18.04;16.09;12.14
1993;6;23;16.4;16.54;5.2;5.2;3.03;3.03;0.01;0;432.9;444.76;101.43;60.19;290.25;307.77;20.63;18.43;16.72
1993;6;24;6.69;6.53;2.3;2.3;2.06;2.05;0.09;0.08;432.47;444.27;104.31;62.48;288.26;306.69;17.62;15.34;12.54
1993;6;25;0;0;2.8;2.8;2.25;2.26;0.17;0.14;431.73;443.55;106.99;64.52;281.12;300.51;12.95;10.93;9.63
1993;6;26;0.55;0.53;1.5;1.5;1.7;1.67;0.13;0.1;430.44;442.39;109.17;66.01;277.48;297.63;10.28;8.58;8.16
1993;6;27;3.64;3.51;3.6;3.6;2.56;2.54;0.15;0.12;430.93;442.49;110.9;67.01;268.58;290.51;10.39;8.81;9.05
1993;6;28;0.58;0.56;3;3;2.35;2.33;0.18;0.14;430.53;441.89;112.31;67.67;260.87;284.42;10.74;9.11;9.73
1993;6;29;0.95;1.01;4.4;4.4;2.81;2.8;0.19;0.16;431;442.07;113.51;68.1;249.11;274.45;11.21;9.51;9.74
1993;6;30;0.16;0.14;6.5;6.5;3.37;3.37;0.23;0.2;432.3;443.06;114.66;68.45;231.95;258.85;12.85;11.07;12.58
1993;7;1;1.63;1.68;6.3;6.3;3.35;3.35;0.1;0.09;433.4;444.21;115.91;68.91;216.25;243.62;14.41;12.57;14.82
1993;7;2;8.14;8.02;5;5;3;3;0.05;0.05;433.94;444.9;117.27;69.49;209.64;237.04;14.7;12.91;15.13
1993;7;3;4.51;4.46;4.6;4.6;2.88;2.88;0.06;0.06;433.56;444.91;118.66;70.12;203.89;230.85;13.63;12.01;15.74
1993;7;4;1.19;1.22;7.4;7.4;3.62;3.62;0.17;0.1;432.97;445.02;119.93;70.69;194.96;220.73;13.74;11.11;18.24
1993;7;5;1.7;1.7;9.8;9.8;4.13;4.14;0.28;0.11;432.9;445.77;121.1;71.2;182.94;207.13;15.86;11.8;20.6
1993;7;6;12.91;12.09;3;3;2.36;2.35;0.02;0.02;433.26;446.03;122.21;71.71;182.67;206.82;15.83;12.29;20.1
1993;7;7;0;0;1.9;1.9;1.9;1.89;0.1;0.06;431.35;444.61;123.16;72.09;180.88;204.78;11.99;10.03;14.78
1993;7;8;0;0;4.8;4.8;2.94;2.94;0.15;0.09;429.97;443.82;123.79;72.17;175.78;199.01;10.16;8.25;13.79
1993;7;9;2.22;2.29;5.6;5.6;3.17;3.17;0.2;0.08;429.17;443.65;124.16;72;169.54;191.95;11.53;8.85;15.61
1993;7;10;12.45;12.44;4.2;4.1;2.75;2.73;0.05;0.02;430.22;444.93;124.47;71.83;164.75;186.53;14.05;11.25;14.16
1993;7;11;36.98;37.12;-2.1;-2;0;0;0;0;428.11;443.2;124.77;71.68;201.73;223.65;11.83;9.97;11.18
1993;7;12;4.75;4.71;-4.9;-4.8;0;0;0;0;426.59;441.48;124.27;71.29;206.47;228.36;7.83;6.93;6.65
1993;7;13;0.9;0.84;-4.1;-4;0;0;0;0;426.59;441.48;120.06;66.7;207.38;229.2;5.9;5.25;5.7
1993;7;14;3.75;3.63;-3.1;-3;0;0;0;0;426.59;441.48;116.12;62.42;211.13;232.83;5.01;4.49;4.89
1993;7;15;2.87;2.72;2.5;2.6;2.17;2.19;0.23;0.23;428.37;443.07;112.42;58.41;204.83;226.34;6.02;5.51;6.38
1993;7;16;1.64;1.72;4.3;4.4;2.8;2.82;0.19;0.16;429.28;443.71;113.42;59.09;191.58;214.05;9.09;8.41;9.58
1993;7;17;2.24;2.36;6.9;6.9;3.5;3.5;0.08;0.09;430.3;444.4;114.4;59.77;178.39;201.97;11.54;10.54;13.1
1993;7;18;11.27;11.43;6.7;6.7;3.45;3.45;0.06;0.03;431.49;445.98;115.55;60.6;170.86;193.44;14.55;12.33;15.67
1993;7;19;14.56;14.77;5.4;5.4;3.11;3.11;0.04;0.01;432.98;447.75;116.96;61.72;164.54;186.29;17.48;14.37;16.89
1993;7;20;11.63;11.7;2;2;1.94;1.94;0.05;0.04;432.37;447.2;118.53;63.01;167.95;190.16;15.03;12.87;12.31
1993;7;21;4.73;4.62;0.1;0.1;0.46;0.46;0.05;0.05;430.32;445.52;119.91;64.09;172.24;194.34;10.05;8.87;8.76
1993;7;22;3.3;3.24;-0.2;-0.2;0;0;0;0;428.21;443.79;120.83;64.67;175.54;197.58;7.24;6.29;6.7
1993;7;23;0;0;1.9;1.9;1.88;1.89;0.08;0.06;427.23;442.89;121.3;64.78;170.16;192.6;7.1;6.25;6.46
1993;7;24;0.09;0.09;5.9;5.9;3.24;3.25;0.09;0.1;426.23;442.38;121.52;64.63;163.87;185.53;8.13;7.31;9.11
1993;7;25;14.75;14.79;5.8;5.8;3.22;3.22;0.02;0.01;428.22;444.5;121.76;64.53;157.33;178.12;12.4;10.69;10.43
1993;7;26;2.04;2.08;2.6;2.6;2.19;2.19;0.09;0.06;426.8;443.49;122.16;64.62;155.29;175.82;12.57;10.83;10.68
1993;7;27;0.48;0.48;4.2;4.2;2.76;2.76;0.13;0.08;425.51;442.69;122.53;64.69;150.81;170.75;10.06;8.49;10.44
1993;7;28;3.98;3.85;7;7;3.52;3.52;0.18;0.08;425.52;443.15;122.82;64.69;142.96;161.86;11.54;9.07;20.4
1993;7;29;0.02;0.02;9;9;3.97;3.97;0.27;0.12;425.05;443.41;123.12;64.74;132.6;150.13;13.42;10.15;22.33
1993;7;30;0.71;0.73;10.3;10.3;4.24;4.24;0.27;0.12;425.02;444.12;123.52;64.91;120.44;136.36;14.92;10.98;23.06
1993;7;31;7.53;7.6;5.8;5.8;3.21;3.22;0.12;0.05;425.56;444.99;124.05;65.25;113.37;128.36;15.55;12.02;18.52
1993;8;1;0.03;0.03;6.9;6.9;3.21;3.21;0.21;0.1;424.77;444.81;124.67;65.71;104.93;118.8;14.34;11.31;17.62
1993;8;2;4.05;4.05;7.1;7.1;3.25;3.25;0.16;0.08;424.9;445.38;125.31;66.21;96.09;108.8;14.3;11.16;18.26
1993;8;3;3.92;4.03;7.2;7.2;3.28;3.28;0.17;0.08;424.98;445.95;125.98;66.76;87.05;98.55;15;11.77;18.83
1993;8;4;6.16;6.3;7.1;7.1;3.25;3.25;0.14;0.06;425.49;446.85;126.73;67.4;78.04;88.35;15.83;12.56;20.9
1993;8;5;1.45;1.56;7.2;7.2;3.28;3.28;0.2;0.09;425.02;446.96;127.55;68.13;68.9;78;15.59;12.3;20.31
1993;8;6;2.15;2.25;6.1;6.1;3.02;3.03;0.17;0.08;424.51;446.94;128.33;68.83;61.11;69.19;14.58;11.51;17.75
1993;8;7;2.79;2.92;6.2;6.2;3.05;3.05;0.16;0.08;424.15;447.05;129.03;69.45;53.16;60.18;14.12;11.23;17.26
1993;8;8;3.49;3.54;4.6;4.6;2.64;2.64;0.13;0.06;423.67;446.9;129.64;69.98;47.23;53.47;13.66;11.03;15.57
1993;8;9;2.3;2.29;2.7;2.7;2.05;2.05;0.08;0.05;422.51;445.98;130.1;70.34;44.63;50.53;11.38;9.85;10.81
1993;8;10;8.35;8.05;3.3;3.3;2.25;2.26;0.05;0.04;422.64;445.92;130.38;70.52;42.45;48.06;10.81;9.51;10.16
1993;8;11;0.22;0.2;4.3;4.3;2.56;2.56;0.15;0.08;421.34;445.03;130.53;70.53;37.91;42.92;11.14;9.17;9.59
1993;8;12;0.68;0.69;7.2;7.2;3.28;3.28;0.19;0.1;420.69;444.88;130.55;70.41;29.9;33.86;11.78;9.14;12.79
1993;8;13;8.94;9.19;6.6;6.6;3.14;3.14;0.1;0.04;421.69;446.07;130.59;70.32;22.24;25.18;14.39;11.32;14.88
1993;8;14;2.15;2.2;7.3;7.3;3.3;3.3;0.18;0.09;421.41;446.23;130.77;70.38;13.63;15.43;15.3;12.08;16.67
1993;8;15;1.38;1.38;7.6;7.6;3.36;3.36;0.18;0.1;421.07;446.34;131.04;70.56;4.51;5.11;14.94;11.55;17.8
1993;8;16;0.39;0.39;8;8;3.45;3.45;0.11;0;419.8;445.48;131.27;70.69;0;0;13.57;10.1;18.27
1993;8;17;1.73;1.81;7.6;7.6;3.36;3.36;0.61;0.58;417.58;443.46;131.3;70.62;0;0;18.07;14.63;17
1993;8;18;1.25;1.28;6.7;6.7;3.16;3.17;1.08;1.12;414.83;440.83;131.04;70.22;0;0;17.09;13.89;19.64
1993;8;19;0.11;0.1;5.7;5.7;2.93;2.93;1.07;1.12;411.87;438.02;130.48;69.5;0;0;14.99;12.14;16.64
1993;8;20;0;0;6.8;6.8;3.18;3.19;1.17;1.22;408.8;435.1;129.65;68.47;0;0;15.16;12.38;17.63
1993;8;21;0;0;8.8;8.8;3.6;3.61;1.33;1.38;405.59;432.02;128.57;67.18;0;0;17.34;14.06;19.33
1993;8;22;1.97;1.95;9.6;9.6;3.76;3.76;1.22;1.27;403.02;429.48;127.33;65.71;0;0;19.27;15.45;25.77
1993;8;23;11.95;11.68;7.4;7.4;3.32;3.32;0.36;0.39;404.08;429.99;126.09;64.25;0;0;19.57;15.84;29.12
1993;8;24;15.58;15.42;5.8;5.8;2.95;2.96;0.08;0.09;406.29;431.6;125.11;63.06;0;0;19.73;16.53;25.35
1993;8;25;7.39;7.56;4.8;4.8;2.69;2.7;0.55;0.57;405.7;430.96;124.45;62.21;0;0;17.95;15.22;21.77
1993;8;26;1.34;1.37;4.7;4.7;2.66;2.67;0.9;0.94;403.26;428.63;123.91;61.48;0;0;15.12;12.69;17.97
1993;8;27;20.78;20.96;4.4;4.4;2.58;2.59;0;0;406.87;431.65;123.49;60.88;0;0;16.53;14.21;15.26
1993;8;28;7.72;7.56;-0.2;-0.2;0;0;0;0;404.99;429.97;123.23;60.46;7.72;7.56;11.08;9.54;8.6
1993;8;29;0.1;0.09;-1.5;-1.5;0;0;0;0;403.12;428.3;122.92;59.97;7.82;7.65;6.76;6.03;5.66
1993;8;30;0;0;1.1;1.1;1.31;1.34;0.1;0.08;402.19;427.45;122.43;59.29;4.14;3.92;6.12;5.54;4.76
1993;8;31;2.52;2.41;-0.7;-0.7;0;0;0;0;400.34;425.79;121.78;58.44;6.66;6.34;5.8;5.25;4.2
1993;9;1;0.46;0.43;-1.4;-1.4;0;0;0;0;398.88;424.13;120.7;57.42;7.13;6.76;5.18;4.68;3.86
1993;9;2;0;0;0.4;0.4;0.68;0.7;0.05;0.04;397.7;422.76;119.49;56.25;6;5.58;5.03;4.61;3.73
1993;9;3;5.33;5.24;-0.8;-0.8;0;0;0;0;397.7;422.76;116.12;52.64;11.33;10.82;4.41;4.05;3.07
1993;9;4;8.81;8.56;-2.3;-2.3;0;0;0;0;397.7;422.76;112.95;49.25;20.14;19.38;3.81;3.47;2.69
1993;9;5;2.58;2.43;-4.7;-4.6;0;0;0;0;397.7;422.76;109.98;46.09;22.72;21.81;3.54;3.2;2.42
1993;9;6;0;0;-1.9;-1.8;0;0;0;0;397.7;422.76;107.19;43.13;22.72;21.81;3.33;3;2.33
1993;9;7;0.3;0.31;0.3;0.4;0.62;0.7;0.08;0.09;397.97;423.07;104.56;40.35;21.83;20.77;3.13;2.81;2.38
1993;9;8;3.04;3.1;3.8;3.8;2.06;2.06;0.13;0.1;400.82;424.54;104.51;40.5;10.83;10.96;5.34;4.97;3.6
1993;9;9;2;2.11;3.9;3.9;2.1;2.09;0.05;0.06;401.07;424.44;104.75;40.68;5.7;6.46;7.01;6.5;4.44
1993;9;10;14.33;14.54;2.8;2.8;1.78;1.78;0.01;0.01;402.83;425.95;105.13;41;6.84;7.75;8.14;7.49;7.12
1993;9;11;2.58;2.54;-0.4;-0.4;0;0;0;0;400.95;424.29;105.58;41.4;9.42;10.28;6.98;6.29;4.1
1993;9;12;0.1;0.11;0.8;0.8;0.96;0.98;0.04;0.03;399.58;423.02;105.94;41.69;7.8;8.78;5.22;4.58;3.27
1993;9;13;4.18;4.35;1.8;1.7;1.44;1.4;0.03;0.03;398.71;422.26;106.14;41.8;8.38;9.48;5.07;4.48;4.16
1993;9;14;6.37;6.26;0.6;0.6;0.88;0.85;0.06;0.05;397.65;421.15;106.23;41.78;12.21;13.54;5.09;4.51;4.97
1993;9;15;1.09;1.13;-0.3;-0.3;0;0;0;0;395.81;419.51;106.18;41.62;13.31;14.67;4.55;3.98;2.97
1993;9;16;1.64;1.65;0.2;0.2;0.49;0.5;0.04;0.04;394.12;418.03;106;41.31;14.36;15.71;4.15;3.6;2.65
1993;9;17;1.32;1.37;1.3;1.3;1.23;1.23;0.07;0.07;393.33;417.19;105.7;40.88;12.37;13.99;4.46;3.93;2.56
1993;9;18;2.98;3.03;2.1;2.1;1.54;1.55;0.03;0.04;392.63;416.62;105.37;40.42;11.46;12.98;5.03;4.49;2.61
1993;9;19;5.93;5.97;3;3;1.83;1.84;0.03;0.04;392.96;416.99;105.09;40.01;10.08;11.41;5.91;5.35;3.14
1993;9;20;0.03;0.03;4.2;4.2;2.15;2.16;0.09;0.07;392.16;416.56;104.9;39.71;6.09;6.9;6.56;5.46;3.79
1993;9;21;0.62;0.64;5.6;5.6;2.48;2.48;0.13;0.07;391.98;416.81;104.78;39.5;0.36;0.41;7.44;5.61;4.78
1993;9;22;3.44;3.57;4.2;4.2;2.17;2.16;0.05;0;391.23;416.25;104.72;39.36;0;0;7.45;5.46;5.4
1993;9;23;2.3;2.41;3.7;3.6;2.03;2.01;0.05;0;390.05;415.27;104.67;39.23;0;0;6.72;4.78;6.8
1993;9;24;5.33;5.48;3.2;3.1;1.9;1.87;0.04;0;389.82;415.14;104.6;39.09;0;0;6.77;4.84;10.37
1993;9;25;29.47;29.4;1.8;1.8;1.45;1.44;0;0;391.29;416.05;104.58;39;19.59;20.1;7.24;5.94;8.4
1993;9;26;8.56;8.51;-3.4;-3.3;0;0;0;0;389.48;414.43;104.61;38.96;28.15;28.61;5.81;5.15;5.04
1993;9;27;0.68;0.7;-5.3;-5.2;0;0;0;0;389.48;414.43;102.22;36.46;28.83;29.31;3.9;3.36;3.63
1993;9;28;6.3;6.17;-3.2;-3.2;0;0;0;0;389.48;414.43;99.97;34.12;35.13;35.48;2.9;2.46;3.11
1993;9;29;1.24;1.16;-4.2;-4.2;0;0;0;0;389.48;414.43;97.86;31.92;36.37;36.64;2.59;2.22;2.81
1993;9;30;1.58;1.63;-4.4;-4.3;0;0;0;0;389.48;414.43;95.86;29.87;37.95;38.27;2.41;2.08;2.57
1993;10;1;7.26;7.51;-1.7;-1.7;0;0;0;0;389.48;414.43;93.99;27.95;2.26;2.29;2.27;1.94;2.38
1993;10;2;53.48;53.97;-2.1;-2.1;0;0;0;0;389.48;414.43;92.23;26.16;55.74;56.26;2.14;1.82;2.87
1993;10;3;3.94;3.9;-4.3;-4.3;0;0;0;0;389.48;414.43;90.57;24.48;59.68;60.16;2.02;1.7;2.81
1993;10;4;0.1;0.09;-5.1;-5.1;0;0;0;0;389.48;414.43;89;22.91;59.78;60.25;1.91;1.59;2.49
1993;10;5;1.48;1.5;-1.9;-1.9;0;0;0;0;389.48;414.43;87.53;21.44;61.26;61.75;1.8;1.49;2.61
1993;10;6;6.96;7.21;0;0;0.07;0;0.01;0;389.48;414.43;86.14;20.06;68.21;68.96;1.7;1.39;3.25
1993;10;7;2.21;2.29;-1.1;-1.1;0;0;0;0;389.48;414.43;84.83;18.77;70.43;71.25;1.6;1.31;2.91
1993;10;8;22.11;22.51;-0.7;-0.7;0;0;0;0;389.48;414.43;83.59;17.57;92.53;93.76;1.51;1.22;4.52
1993;10;9;5.08;4.94;-1.6;-1.6;0;0;0;0;389.48;414.43;82.42;16.44;97.62;98.7;1.43;1.14;3.56
1993;10;10;0.2;0.22;-1.3;-1.3;0;0;0;0;389.48;414.43;81.31;15.38;97.82;98.92;1.35;1.07;2.72
1993;10;11;0.19;0.21;0.9;0.9;0.9;0.92;0.14;0.14;389.86;414.85;80.27;14.4;96.51;97.45;1.28;1;2.53
1993;10;12;6.97;7.23;1.4;1.4;1.15;1.13;0.11;0.1;389.75;414.63;81.85;16.22;98.11;99.46;2.24;1.94;3.35
1993;10;13;1.83;1.91;0.2;0.2;0.46;0.45;0.06;0.06;388.2;413.19;83.18;17.75;99.17;100.69;2.82;2.47;4.19
1993;10;14;6.95;7.19;-0.4;-0.4;0;0;0;0;388.2;413.19;82;16.61;106.12;107.88;2.06;1.68;7.72
1993;10;15;1.58;1.65;-3.2;-3.2;0;0;0;0;388.2;413.19;80.89;15.55;107.7;109.53;1.47;1.14;4.09
1993;10;16;0.1;0.11;-3.6;-3.6;0;0;0;0;388.2;413.19;79.83;14.55;107.81;109.64;1.3;1.01;3.07
1993;10;17;3.77;3.86;-0.5;-0.5;0;0;0;0;388.2;413.19;78.84;13.62;111.58;113.5;1.22;0.95;2.71
1993;10;18;0.33;0.36;-1.1;-1.1;0;0;0;0;388.2;413.19;77.9;12.74;111.91;113.86;1.16;0.89;2.41
1993;10;19;4.05;4.05;-0.6;-0.6;0;0;0;0;388.2;413.19;77;11.93;115.96;117.91;1.1;0.83;2.29
1993;10;20;7.12;7.14;-0.9;-0.9;0;0;0;0;388.2;413.19;76.16;11.16;123.08;125.05;1.04;0.78;2.36
1993;10;21;21.35;21.49;-4.3;-4.3;0;0;0;0;388.2;413.19;75.36;10.45;144.43;146.54;0.99;0.73;2.18
1993;10;22;22.76;22.97;-7.3;-7.3;0;0;0;0;388.2;413.19;74.6;9.78;167.19;169.51;0.94;0.68;2.12
1993;10;23;3.45;3.43;-6.1;-6.1;0;0;0;0;388.2;413.19;73.88;9.15;170.64;172.94;0.89;0.64;2.06
1993;10;24;10.63;10.57;-4.5;-4.5;0;0;0;0;388.2;413.19;73.19;8.57;181.26;183.51;0.85;0.6;1.95
1993;10;25;0.44;0.45;-5.7;-5.7;0;0;0;0;388.2;413.19;72.54;8.02;181.71;183.96;0.81;0.56;1.81
1993;10;26;0;0;-8.3;-8.3;0;0;0;0;388.2;413.19;71.92;7.5;181.71;183.96;0.77;0.52;1.73
1993;10;27;0;0;-8.3;-8.3;0;0;0;0;388.2;413.19;71.33;7.03;181.71;183.96;0.73;0.49;1.72
1993;10;28;0;0;-5.5;-5.5;0;0;0;0;388.2;413.19;70.76;6.58;181.71;183.96;0.7;0.46;1.68
1993;10;29;0;0;-5.8;-5.7;0;0;0;0;388.2;413.19;70.22;6.16;181.71;183.96;0.67;0.43;1.61
1993;10;30;0;0;-7.2;-7.2;0;0;0;0;388.2;413.19;69.71;5.76;181.71;183.96;0.63;0.4;1.57
1993;10;31;1.14;1.16;-7.2;-7.2;0;0;0;0;388.2;413.19;69.22;5.39;182.84;185.12;0.61;0.38;1.52
1993;11;1;2.46;2.5;-2.7;-2.7;0;0;0;0;388.2;413.19;68.75;5.05;185.3;187.62;0.58;0.35;1.6
1993;11;2;1.88;1.93;-2.5;-2.5;0;0;0;0;388.2;413.19;68.3;4.73;187.18;189.55;0.56;0.33;1.57
1993;11;3;0.04;0.04;-3.7;-3.7;0;0;0;0;388.2;413.19;67.87;4.43;187.23;189.59;0.53;0.31;1.51
1993;11;4;0;0;-5.1;-5.1;0;0;0;0;388.2;413.19;67.46;4.14;187.23;189.59;0.51;0.29;1.43
1993;11;5;1.24;1.26;-3.9;-3.9;0;0;0;0;388.2;413.19;67.06;3.88;188.46;190.85;0.49;0.27;1.38
1993;11;6;10.83;10.95;-2.3;-2.3;0;0;0;0;388.2;413.19;66.68;3.63;199.29;201.8;0.47;0.25;1.51
1993;11;7;1.55;1.62;-3.5;-3.5;0;0;0;0;388.2;413.19;66.32;3.4;200.84;203.42;0.45;0.24;1.41
1993;11;8;0.32;0.3;-5.9;-5.9;0;0;0;0;388.2;413.19;65.96;3.19;201.17;203.72;0.43;0.22;1.29
1993;11;9;0.11;0.11;-6;-6;0;0;0;0;388.2;413.19;65.62;2.98;201.28;203.83;0.42;0.21;1.19
1993;11;10;0.38;0.41;-5.8;-5.8;0;0;0;0;388.2;413.19;65.3;2.8;201.66;204.24;0.4;0.19;1.17
1993;11;11;5.42;5.39;-4.6;-4.6;0;0;0;0;388.2;413.19;64.98;2.62;207.08;209.63;0.39;0.18;1.21
1993;11;12;8.1;8.2;-6.7;-6.7;0;0;0;0;388.2;413.19;64.67;2.45;215.17;217.83;0.38;0.17;1.15
1993;11;13;0.27;0.26;-10;-10;0;0;0;0;388.2;413.19;64.38;2.3;215.44;218.09;0.36;0.16;1.07
1993;11;14;4.58;4.52;-7.2;-7.2;0;0;0;0;388.2;413.19;64.09;2.15;220.01;222.61;0.35;0.15;1.14
1993;11;15;4.4;4.22;-12.2;-12.2;0;0;0;0;388.2;413.19;63.81;2.02;224.41;226.83;0.34;0.14;1.03
1993;11;16;2;1.88;-13.6;-13.6;0;0;0;0;388.2;413.19;63.54;1.89;226.41;228.71;0.33;0.13;1.01
1993;11;17;0.01;0.01;-15.1;-15.1;0;0;0;0;388.2;413.19;63.27;1.77;226.42;228.72;0.32;0.12;0.91
1993;11;18;0;0;-16.4;-16.3;0;0;0;0;388.2;413.19;63.02;1.66;226.42;228.72;0.31;0.12;1.01
1993;11;19;0.15;0.16;-16.9;-16.8;0;0;0;0;388.2;413.19;62.77;1.56;226.58;228.88;0.3;0.11;0.98
1993;11;20;0.1;0.11;-17.7;-17.6;0;0;0;0;388.2;413.19;62.52;1.46;226.68;228.99;0.3;0.1;0.95
1993;11;21;0.26;0.27;-17.5;-17.4;0;0;0;0;388.2;413.19;62.29;1.37;226.94;229.26;0.29;0.1;0.95
1993;11;22;0.28;0.28;-18.7;-18.6;0;0;0;0;388.2;413.19;62.06;1.28;227.22;229.54;0.28;0.09;0.95
1993;11;23;0.12;0.13;-15.7;-15.6;0;0;0;0;388.2;413.19;61.83;1.2;227.34;229.67;0.27;0.08;0.95
1993;11;24;0;0;-10.8;-10.8;0;0;0;0;388.2;413.19;61.61;1.13;227.34;229.67;0.27;0.08;0.95
1993;11;25;0;0;-8.6;-8.5;0;0;0;0;388.2;413.19;61.39;1.06;227.34;229.67;0.26;0.07;0.95
1993;11;26;0;0;-7.9;-7.8;0;0;0;0;388.2;413.19;61.18;0.99;227.34;229.66;0.26;0.07;0.95
1993;11;27;0;0;-7.8;-7.7;0;0;0;0;388.2;413.19;60.97;0.93;227.34;229.66;0.25;0.06;0.91
1993;11;28;0.04;0.04;-11.2;-11.1;0;0;0;0;388.2;413.19;60.77;0.88;227.38;229.71;0.25;0.06;0.9
1993;11;29;0.55;0.54;-17;-16.9;0;0;0;0;388.2;413.19;60.57;0.82;227.93;230.25;0.24;0.06;0.81
1993;11;30;0;0;-13.5;-13.4;0;0;0;0;388.2;413.19;60.37;0.77;227.93;230.25;0.24;0.05;0.75
1993;12;1;0.42;0.43;-11.6;-11.5;0;0;0;0;388.2;413.19;60.17;0.72;228.35;230.68;0.23;0.05;0.71
1993;12;2;0.47;0.46;-10.8;-10.8;0;0;0;0;388.2;413.19;59.98;0.68;228.82;231.13;0.23;0.05;0.68
1993;12;3;0.02;0.02;-6.5;-6.4;0;0;0;0;388.2;413.19;59.8;0.64;228.84;231.16;0.23;0.04;0.72
1993;12;4;0;0;-5.7;-5.6;0;0;0;0;388.2;413.19;59.61;0.6;228.84;231.16;0.22;0.04;0.7
1993;12;5;1.17;1.16;-7.2;-7.2;0;0;0;0;388.2;413.19;59.43;0.57;230.01;232.31;0.22;0.04;0.68
1993;12;6;0;0;-11.7;-11.7;0;0;0;0;388.2;413.19;59.25;0.53;230.01;232.31;0.22;0.04;0.66
1993;12;7;2.93;2.92;-10.4;-10.3;0;0;0;0;388.2;413.19;59.07;0.5;232.95;235.24;0.21;0.03;0.66
1993;12;8;12.59;12.44;-9.5;-9.5;0;0;0;0;388.2;413.19;58.89;0.47;245.54;247.68;0.21;0.03;0.65
1993;12;9;0.14;0.14;-9.1;-9.1;0;0;0;0;388.2;413.19;58.72;0.44;245.68;247.81;0.21;0.03;0.65
1993;12;10;0.29;0.27;-11.5;-11.5;0;0;0;0;388.2;413.19;58.55;0.42;245.97;248.09;0.2;0.03;0.63
1993;12;11;5.52;5.41;-14.5;-14.5;0;0;0;0;388.2;413.19;58.38;0.39;251.49;253.5;0.2;0.03;0.63
1993;12;12;4.83;4.75;-16.8;-16.8;0;0;0;0;388.2;413.19;58.21;0.37;256.32;258.25;0.2;0.03;0.63
1993;12;13;0.85;0.84;-12;-12;0;0;0;0;388.2;413.19;58.04;0.35;257.17;259.08;0.2;0.02;0.63
1993;12;14;3.13;3.16;-11.2;-11.2;0;0;0;0;388.2;413.19;57.88;0.33;260.3;262.25;0.2;0.02;0.63
1993;12;15;0.94;0.96;-12;-12;0;0;0;0;388.2;413.19;57.71;0.31;261.24;263.2;0.19;0.02;0.61
1993;12;16;7.38;7.33;-14.9;-14.9;0;0;0;0;388.2;413.19;57.55;0.3;268.63;270.53;0.19;0.02;0.61
1993;12;17;10.98;10.74;-13;-13;0;0;0;0;388.2;413.19;57.39;0.28;279.6;281.27;0.19;0.02;0.59
1993;12;18;0.1;0.1;-10.2;-10.2;0;0;0;0;388.2;413.19;57.23;0.26;279.7;281.37;0.19;0.02;0.57
1993;12;19;4.98;4.86;-11.9;-11.9;0;0;0;0;388.2;413.19;57.07;0.25;284.68;286.23;0.19;0.02;0.63
1993;12;20;4.74;4.62;-3.4;-3.4;0;0;0;0;388.2;413.19;56.91;0.24;289.42;290.85;0.19;0.02;0.82
1993;12;21;6.46;6.35;-9.1;-9.1;0;0;0;0;388.2;413.19;56.76;0.22;295.88;297.2;0.18;0.02;0.67
1993;12;22;1.64;1.59;-16.5;-16.5;0;0;0;0;388.2;413.19;56.6;0.21;297.52;298.79;0.18;0.01;0.61
1993;12;23;1.38;1.37;-17.8;-17.8;0;0;0;0;388.2;413.19;56.45;0.2;298.9;300.16;0.18;0.01;0.61
1993;12;24;12.71;12.78;-16.5;-16.5;0;0;0;0;388.2;413.19;56.3;0.19;311.61;312.94;0.18;0.01;0.6
1993;12;25;3.2;3.1;-17.6;-17.6;0;0;0;0;388.2;413.19;56.14;0.18;314.81;316.04;0.18;0.01;0.6
1993;12;26;1.76;1.75;-19.6;-19.6;0;0;0;0;388.2;413.19;55.99;0.17;316.58;317.79;0.18;0.01;0.58
1993;12;27;0.22;0.2;-20.3;-20.3;0;0;0;0;388.2;413.19;55.84;0.16;316.8;317.99;0.18;0.01;0.58
1993;12;28;0.02;0.02;-20;-20;0;0;0;0;388.2;413.19;55.69;0.16;316.82;318.01;0.18;0.01;0.58
1993;12;29;0.28;0.27;-16.2;-16.2;0;0;0;0;388.2;413.19;55.54;0.15;317.1;318.28;0.17;0.01;0.57
1993;12;30;1.1;1.06;-12.2;-12.2;0;0;0;0;388.2;413.19;55.4;0.14;318.2;319.34;0.17;0.01;0.56
1993;12;31;1.39;1.36;-9.5;-9.5;0;0;0;0;388.2;413.19;55.25;0.14;319.6;320.7;0.17;0.01;0.55
1994;1;1;10.35;10.2;-13.2;-13.2;0;0;0;0;388.2;413.19;55.1;0.13;329.95;330.9;0.17;0.01;0.5
1994;1;2;4.91;4.86;-15;-15;0;0;0;0;388.2;413.19;54.96;0.12;334.86;335.76;0.17;0.01;0.5
1994;1;3;1.16;1.12;-11.7;-11.7;0;0;0;0;388.2;413.19;54.81;0.12;336.02;336.88;0.17;0.01;0.5
1994;1;4;2.35;2.31;-10.7;-10.7;0;0;0;0;388.2;413.19;54.67;0.12;338.37;339.19;0.17;0.01;0.5
1994;1;5;0.46;0.47;-13.4;-13.4;0;0;0;0;388.2;413.19;54.52;0.11;338.83;339.66;0.17;0.01;0.5
1994;1;6;10.53;10.88;-10.8;-10.8;0;0;0;0;388.2;413.19;54.38;0.11;349.36;350.54;0.17;0.01;0.5
1994;1;7;7.79;8.03;-8;-8;0;0;0;0;388.2;413.19;54.24;0.1;357.14;358.57;0.17;0.01;0.5
1994;1;8;7.5;7.7;-7.4;-7.4;0;0;0;0;388.2;413.19;54.1;0.1;364.65;366.27;0.17;0.01;0.5
1994;1;9;0.39;0.4;-7.7;-7.7;0;0;0;0;388.2;413.19;53.95;0.09;365.03;366.67;0.16;0.01;0.5
1994;1;10;0.68;0.72;-9.2;-9.1;0;0;0;0;388.2;413.19;53.81;0.09;365.71;367.39;0.16;0.01;0.5
1994;1;11;2.27;2.25;-9.2;-9.2;0;0;0;0;388.2;413.19;53.67;0.09;367.98;369.64;0.16;0.01;0.5
1994;1;12;0;0;-10.7;-10.7;0;0;0;0;388.2;413.19;53.53;0.08;367.98;369.64;0.16;0.01;0.5
1994;1;13;0.03;0.02;-8.5;-8.5;0;0;0;0;388.2;413.19;53.39;0.08;368.01;369.66;0.16;0.01;0.49
1994;1;14;4.12;3.98;-8.9;-8.9;0;0;0;0;388.2;413.19;53.26;0.08;372.13;373.64;0.16;0.01;0.48
1994;1;15;0.24;0.23;-13.7;-13.7;0;0;0;0;388.2;413.19;53.12;0.08;372.37;373.87;0.16;0.01;0.49
1994;1;16;0.43;0.44;-15.3;-15.3;0;0;0;0;388.2;413.19;52.98;0.08;372.8;374.31;0.16;0.01;0.5
1994;1;17;0.94;0.93;-16.8;-16.8;0;0;0;0;388.2;413.19;52.84;0.07;373.74;375.24;0.16;0.01;0.5
1994;1;18;0.06;0.06;-17.5;-17.5;0;0;0;0;388.2;413.19;52.7;0.07;373.81;375.3;0.16;0;0.49
1994;1;19;0;0;-17.1;-17.1;0;0;0;0;388.2;413.19;52.57;0.07;373.81;375.3;0.16;0;0.47
1994;1;20;0.01;0.01;-16;-16;0;0;0;0;388.2;413.19;52.43;0.07;373.82;375.31;0.16;0;0.45
1994;1;21;0;0;-16.8;-16.8;0;0;0;0;388.2;413.19;52.3;0.07;373.82;375.31;0.16;0;0.44
1994;1;22;0;0;-13.8;-13.8;0;0;0;0;388.2;413.19;52.16;0.06;373.82;375.31;0.16;0;0.44
1994;1;23;1.73;1.68;-10.7;-10.7;0;0;0;0;388.2;413.19;52.03;0.06;375.55;376.99;0.16;0;0.43
1994;1;24;8.72;8.57;-9.6;-9.6;0;0;0;0;388.2;413.19;51.89;0.06;384.27;385.56;0.16;0;0.43
1994;1;25;6.86;6.52;-6.9;-6.9;0;0;0;0;388.2;413.19;51.76;0.06;391.12;392.08;0.16;0;0.43
1994;1;26;12.04;11.9;-12.8;-12.8;0;0;0;0;388.2;413.19;51.63;0.06;403.17;403.98;0.15;0;0.43
1994;1;27;0.73;0.72;-11.5;-11.5;0;0;0;0;388.2;413.19;51.49;0.06;403.9;404.7;0.15;0;0.43
1994;1;28;13.66;13.56;-14.7;-14.7;0;0;0;0;388.2;413.19;51.36;0.06;417.56;418.26;0.15;0;0.42
1994;1;29;2.61;2.57;-18.4;-18.4;0;0;0;0;388.2;413.19;51.23;0.06;420.17;420.83;0.15;0;0.42
1994;1;30;0.12;0.12;-11;-11;0;0;0;0;388.2;413.19;51.1;0.06;420.29;420.95;0.15;0;0.42
1994;1;31;0.93;0.89;-11.8;-11.8;0;0;0;0;388.2;413.19;50.97;0.06;421.22;421.84;0.15;0;0.42
1994;2;1;0;0;-13.4;-13.4;0;0;0;0;388.2;413.19;50.84;0.05;421.22;421.84;0.15;0;0.42
1994;2;2;0.23;0.23;-10.2;-10.2;0;0;0;0;388.2;413.19;50.7;0.05;421.45;422.07;0.15;0;0.42
1994;2;3;0.24;0.26;-9.8;-9.8;0;0;0;0;388.2;413.19;50.57;0.05;421.69;422.33;0.15;0;0.42
1994;2;4;0.93;0.98;-9.1;-9.1;0;0;0;0;388.2;413.19;50.44;0.05;422.62;423.31;0.15;0;0.42
1994;2;5;0.87;0.9;-8.6;-8.6;0;0;0;0;388.2;413.19;50.31;0.05;423.49;424.21;0.15;0;0.43
1994;2;6;4.29;4.36;-9.7;-9.7;0;0;0;0;388.2;413.19;50.19;0.05;427.78;428.57;0.15;0;0.43
1994;2;7;1.32;1.34;-8.1;-8.1;0;0;0;0;388.2;413.19;50.06;0.05;429.1;429.91;0.15;0;0.43
1994;2;8;5.57;5.46;-9.4;-9.4;0;0;0;0;388.2;413.19;49.93;0.05;434.67;435.37;0.15;0;0.43
1994;2;9;0.2;0.18;-11.9;-11.9;0;0;0;0;388.2;413.19;49.8;0.05;434.87;435.55;0.15;0;0.43
1994;2;10;4.26;4.19;-15.6;-15.6;0;0;0;0;388.2;413.19;49.67;0.05;439.13;439.74;0.15;0;0.43
1994;2;11;3.3;3.2;-16.7;-16.7;0;0;0;0;388.2;413.19;49.55;0.05;442.43;442.94;0.15;0;0.43
1994;2;12;0.29;0.27;-18.9;-18.9;0;0;0;0;388.2;413.19;49.42;0.05;442.71;443.21;0.15;0;0.43
1994;2;13;0.29;0.29;-19.3;-19.3;0;0;0;0;388.2;413.19;49.29;0.05;443;443.5;0.15;0;0.43
1994;2;14;0.07;0.07;-19.5;-19.5;0;0;0;0;388.2;413.19;49.16;0.05;443.07;443.57;0.15;0;0.43
1994;2;15;0.02;0.02;-17.3;-17.3;0;0;0;0;388.2;413.19;49.04;0.05;443.09;443.59;0.15;0;0.43
1994;2;16;0.11;0.11;-16.5;-16.5;0;0;0;0;388.2;413.19;48.91;0.05;443.2;443.7;0.15;0;0.43
1994;2;17;0.39;0.37;-16.8;-16.8;0;0;0;0;388.2;413.19;48.79;0.05;443.59;444.07;0.15;0;0.43
1994;2;18;0;0;-17.3;-17.3;0;0;0;0;388.2;413.19;48.66;0.05;443.59;444.07;0.15;0;0.43
1994;2;19;0;0;-16;-16;0;0;0;0;388.2;413.19;48.54;0.05;443.59;444.07;0.14;0;0.44
1994;2;20;0.65;0.65;-16.4;-16.4;0;0;0;0;388.2;413.19;48.41;0.05;444.24;444.72;0.14;0;0.44
1994;2;21;0.12;0.1;-16;-16;0;0;0;0;388.2;413.19;48.29;0.05;444.35;444.82;0.14;0;0.44
1994;2;22;0.04;0.04;-13.1;-13.1;0;0;0;0;388.2;413.19;48.17;0.05;444.39;444.86;0.14;0;0.44
1994;2;23;1.03;1.05;-11.9;-11.9;0;0;0;0;388.2;413.19;48.04;0.05;445.42;445.91;0.14;0;0.44
1994;2;24;2.98;2.93;-10.6;-10.6;0;0;0;0;388.2;413.19;47.92;0.05;448.4;448.84;0.14;0;0.43
1994;2;25;0.59;0.54;-10.3;-10.3;0;0;0;0;388.2;413.19;47.8;0.04;448.99;449.38;0.14;0;0.42
1994;2;26;0;0;-6.4;-6.4;0;0;0;0;388.2;413.19;47.67;0.04;448.99;449.38;0.14;0;0.42
1994;2;27;0.06;0.06;-6.1;-6.1;0;0;0;0;388.2;413.19;47.55;0.04;449.04;449.44;0.14;0;0.41
1994;2;28;4.27;4.34;-6.9;-6.9;0;0;0;0;388.2;413.19;47.43;0.04;453.31;453.78;0.14;0;0.41
1994;3;1;6.99;7.04;-6.4;-6.4;0;0;0;0;388.2;413.19;47.31;0.04;460.3;460.82;0.14;0;0.41
1994;3;2;3.15;3.04;-6.8;-6.8;0;0;0;0;388.2;413.19;47.19;0.04;463.45;463.86;0.14;0;0.41
1994;3;3;3.56;3.5;-6.6;-6.6;0;0;0;0;388.2;413.19;47.07;0.04;467.01;467.36;0.14;0;0.41
1994;3;4;3.52;3.51;-11;-11;0;0;0;0;388.2;413.19;46.95;0.04;470.53;470.87;0.14;0;0.41
1994;3;5;0;0;-7.7;-7.7;0;0;0;0;388.2;413.19;46.83;0.04;470.53;470.87;0.14;0;0.42
1994;3;6;1.49;1.32;-7.1;-7.1;0;0;0;0;388.2;413.19;46.71;0.04;472.01;472.19;0.14;0;0.44
1994;3;7;0.4;0.4;-6.5;-6.5;0;0;0;0;388.2;413.19;46.59;0.04;472.42;472.59;0.14;0;0.45
1994;3;8;1.1;1.05;-4;-4;0;0;0;0;388.2;413.19;46.47;0.04;473.51;473.64;0.14;0;0.46
1994;3;9;0.13;0.13;-1.5;-1.5;0;0;0;0;388.2;413.19;46.35;0.04;473.65;473.77;0.14;0;0.58
1994;3;10;0.01;0.01;-1.4;-1.4;0;0;0;0;388.2;413.19;46.23;0.04;473.66;473.78;0.14;0;0.76
1994;3;11;0;0;-2.6;-2.6;0;0;0;0;388.2;413.19;46.11;0.04;473.66;473.78;0.14;0;0.76
1994;3;12;0.85;0.88;-4.7;-4.7;0;0;0;0;388.2;413.19;45.99;0.04;474.51;474.66;0.14;0;0.74
1994;3;13;0.61;0.61;-4.5;-4.5;0;0;0;0;388.2;413.19;45.88;0.04;475.13;475.27;0.14;0;0.67
1994;3;14;0.37;0.36;-4;-4;0;0;0;0;388.2;413.19;45.76;0.04;475.5;475.63;0.14;0;0.7
1994;3;15;0.04;0.04;-4.2;-4.2;0;0;0;0;388.2;413.19;45.64;0.04;475.54;475.67;0.14;0;0.77
1994;3;16;1.07;0.97;-7.5;-7.5;0;0;0;0;388.2;413.19;45.52;0.04;476.62;476.64;0.14;0;0.7
1994;3;17;3.08;2.94;-11.8;-11.8;0;0;0;0;388.2;413.19;45.41;0.04;479.7;479.58;0.14;0;0.62
1994;3;18;0.61;0.59;-11.5;-11.5;0;0;0;0;388.2;413.19;45.29;0.04;480.31;480.17;0.13;0;0.71
1994;3;19;0.44;0.42;-8.6;-8.5;0;0;0;0;388.2;413.19;45.18;0.04;480.75;480.59;0.13;0;0.62
1994;3;20;3.19;3.02;-7.6;-7.6;0;0;0;0;388.2;413.19;45.06;0.04;483.94;483.61;0.13;0;0.62
1994;3;21;0.33;0.33;-6.6;-6.6;0;0;0;0;388.2;413.19;44.95;0.04;484.27;483.94;0.13;0;0.64
1994;3;22;0.05;0.05;-5.3;-5.3;0;0;0;0;388.2;413.19;44.83;0.04;484.32;483.99;0.13;0;0.82
1994;3;23;0.34;0.33;-3;-3;0;0;0;0;388.2;413.19;44.72;0.04;484.67;484.32;0.13;0;0.89
1994;3;24;0.92;0.88;-1.5;-1.5;0;0;0;0;388.2;413.19;44.6;0.04;485.59;485.2;0.13;0;1.33
1994;3;25;0.84;0.81;-1.2;-1.2;0;0;0;0;388.2;413.19;44.49;0.04;486.43;486.01;0.13;0;1.61
1994;3;26;6;5.83;-5.7;-5.7;0;0;0;0;388.2;413.19;44.37;0.04;492.43;491.84;0.13;0;1.17
1994;3;27;0.04;0.04;-8.9;-8.9;0;0;0;0;388.2;413.19;44.26;0.04;492.47;491.88;0.13;0;0.89
1994;3;28;0.43;0.41;-6.7;-6.6;0;0;0;0;388.2;413.19;44.15;0.04;492.89;492.29;0.13;0;0.85
1994;3;29;0.23;0.21;-3.5;-3.5;0;0;0;0;388.2;413.19;44.03;0.04;493.12;492.5;0.13;0;0.86
1994;3;30;0;0;-0.9;-0.9;0;0;0;0;388.2;413.19;43.92;0.04;493.12;492.5;0.13;0;1.29
1994;3;31;0.24;0.25;-2.3;-2.3;0;0;0;0;388.2;413.19;43.81;0.04;493.36;492.75;0.13;0;1.34
1994;4;1;17.03;17.13;-3.6;-3.6;0;0;0;0;388.2;413.19;43.7;0.04;510.39;509.88;0.13;0;1.04
1994;4;2;5.01;4.9;-11.4;-11.4;0;0;0;0;388.2;413.19;43.59;0.04;515.4;514.78;0.13;0;0.71
1994;4;3;1.31;1.27;-13.4;-13.4;0;0;0;0;388.2;413.19;43.47;0.04;516.71;516.05;0.13;0;0.62
1994;4;4;5.46;5.41;-9.4;-9.4;0;0;0;0;388.2;413.19;43.36;0.04;522.17;521.46;0.13;0;0.58
1994;4;5;3.15;3.18;-12;-12;0;0;0;0;388.2;413.19;43.25;0.04;525.32;524.64;0.13;0;0.43
1994;4;6;0.59;0.54;-13.2;-13.2;0;0;0;0;388.2;413.19;43.14;0.04;525.91;525.18;0.13;0;0.63
1994;4;7;0.58;0.59;-12.5;-12.5;0;0;0;0;388.2;413.19;43.03;0.04;526.49;525.77;0.13;0;0.65
1994;4;8;2.29;2.21;-11.3;-11.3;0;0;0;0;388.2;413.19;42.92;0.04;528.78;527.98;0.13;0;0.48
1994;4;9;6.63;6.63;-11.8;-11.8;0;0;0;0;388.2;413.19;42.81;0.04;535.41;534.61;0.13;0;0.54
1994;4;10;2.31;2.27;-13.2;-13.2;0;0;0;0;388.2;413.19;42.7;0.04;537.72;536.88;0.13;0;0.53
1994;4;11;3.77;3.7;-12;-12;0;0;0;0;388.2;413.19;42.59;0.04;541.49;540.58;0.13;0;0.49
1994;4;12;9.45;9.2;-11.1;-11.1;0;0;0;0;388.2;413.19;42.48;0.04;550.94;549.78;0.13;0;0.48
1994;4;13;17.73;17.28;-8.7;-8.7;0;0;0;0;388.2;413.19;42.37;0.04;568.67;567.06;0.13;0;0.45
1994;4;14;5.98;6.11;-7.4;-7.4;0;0;0;0;388.2;413.19;42.27;0.04;574.65;573.17;0.13;0;0.47
1994;4;15;3.84;3.99;-6.7;-6.7;0;0;0;0;388.2;413.19;42.16;0.04;578.49;577.16;0.13;0;0.48
1994;4;16;2.66;2.72;-4.4;-4.4;0;0;0;0;388.2;413.19;42.05;0.04;581.15;579.88;0.13;0;0.5
1994;4;17;6.12;6.06;-2.9;-2.9;0;0;0;0;388.2;413.19;41.94;0.04;587.26;585.94;0.12;0;0.55
1994;4;18;1;0.95;-3.8;-3.8;0;0;0;0;388.2;413.19;41.84;0.04;588.27;586.89;0.12;0;0.63
1994;4;19;5.54;5.58;-3.9;-3.9;0;0;0;0;388.2;413.19;41.73;0.04;593.8;592.47;0.12;0;0.64
1994;4;20;0.56;0.57;-3.9;-3.9;0;0;0;0;388.2;413.19;41.62;0.04;594.37;593.04;0.12;0;0.7
1994;4;21;0.7;0.66;-3.6;-3.6;0;0;0;0;388.2;413.19;41.52;0.04;595.06;593.7;0.12;0;0.74
1994;4;22;1.05;1.04;-3.9;-3.9;0;0;0;0;388.2;413.19;41.41;0.04;596.11;594.74;0.12;0;0.99
1994;4;23;0.11;0.11;-3.6;-3.6;0;0;0;0;388.2;413.19;41.3;0.04;596.22;594.85;0.12;0;1.13
1994;4;24;0.12;0.13;-3.3;-3.3;0;0;0;0;388.2;413.19;41.2;0.04;596.34;594.98;0.12;0;1.18
1994;4;25;7.95;7.71;-3.4;-3.4;0;0;0;0;388.2;413.19;41.09;0.04;604.29;602.69;0.12;0;0.93
1994;4;26;7.26;7.13;-2.5;-2.5;0;0;0;0;388.2;413.19;40.99;0.04;611.55;609.82;0.12;0;0.75
1994;4;27;0.14;0.13;-2.4;-2.3;0;0;0;0;388.2;413.19;40.88;0.04;611.68;609.95;0.12;0;0.84
1994;4;28;0.14;0.12;-1.5;-1.5;0;0;0;0;388.2;413.19;40.78;0.04;611.82;610.07;0.12;0;1.56
1994;4;29;0;0;-0.1;-0.1;0;0;0;0;388.2;413.19;40.67;0.04;611.82;610.07;0.12;0;1.72
1994;4;30;0;0;1.5;1.6;1.45;1.48;0.23;0.23;388.49;413.52;40.57;0.04;610.53;608.64;0.12;0;1.91
1994;5;1;0.6;0.55;-1;-1;0;0;0;0;388.49;413.52;40.47;0.04;611.14;609.19;0.12;0;1.76
1994;5;2;0.02;0.02;-2.7;-2.7;0;0;0;0;388.49;413.52;40.36;0.04;611.16;609.21;0.12;0;1.52
1994;5;3;0;0;-0.4;-0.3;0;0;0;0;388.49;413.52;40.26;0.04;611.16;609.21;0.12;0;1.76
1994;5;4;3.88;3.86;0.1;0.2;0.56;0.63;0.07;0.07;388.49;413.52;40.16;0.04;614.97;613;0.12;0;2.06
1994;5;5;6.21;6.19;-4.6;-4.6;0;0;0;0;388.49;413.52;40.05;0.04;621.17;619.19;0.12;0;2.06
1994;5;6;0.22;0.21;-5;-5;0;0;0;0;388.49;413.52;39.95;0.04;621.39;619.4;0.12;0;1.25
1994;5;7;0;0;-0.7;-0.6;0;0;0;0;388.49;413.52;39.85;0.04;621.39;619.4;0.12;0;1.6
1994;5;8;3.63;3.74;-0.6;-0.5;0;0;0;0;388.49;413.52;39.75;0.04;625.02;623.14;0.12;0;1.92
1994;5;9;0.92;0.89;-1.2;-1.2;0;0;0;0;388.49;413.52;39.65;0.04;625.94;624.03;0.12;0;2.15
1994;5;10;0.29;0.27;-1.8;-1.8;0;0;0;0;388.49;413.52;39.54;0.04;626.23;624.3;0.12;0;2.34
1994;5;11;1.51;1.52;-3.1;-3.1;0;0;0;0;388.49;413.52;39.44;0.04;627.74;625.82;0.12;0;2.18
1994;5;12;1.6;1.66;-2;-2;0;0;0;0;388.49;413.52;39.34;0.04;629.35;627.48;0.12;0;2.31
1994;5;13;0.67;0.73;-0.9;-0.9;0;0;0;0;388.49;413.52;39.24;0.04;630.02;628.21;0.12;0;2.4
1994;5;14;3.03;3.14;-0.3;-0.3;0;0;0;0;388.49;413.52;39.14;0.04;633.05;631.35;0.12;0;2.48
1994;5;15;0.19;0.21;-0.1;-0.1;0;0;0;0;388.49;413.52;39.04;0.04;633.24;631.56;0.12;0;2.67
1994;5;16;3.2;3.3;0.8;0.8;1.2;1.22;0.15;0.15;388.54;413.57;38.94;0.04;636.12;634.51;0.12;0;3.2
1994;5;17;7.35;7.55;1.1;1.1;1.41;1.42;0.13;0.12;387.39;412.27;41.23;2.75;642.37;640.84;0.3;0.18;4.21
1994;5;18;9.63;9.85;0.4;0.4;0.87;0.88;0.06;0.06;385.79;410.87;43.14;5.02;651.32;649.92;0.91;0.79;3.95
1994;5;19;4.99;4.79;-0.8;-0.8;0;0;0;0;385.79;410.87;42.76;4.7;656.31;654.72;0.72;0.59;3.49
1994;5;20;8.96;9.04;-2.1;-2.1;0;0;0;0;385.79;410.87;42.39;4.4;665.27;663.75;0.47;0.34;2.48
1994;5;21;0.81;0.85;-1.5;-1.5;0;0;0;0;385.79;410.87;42.05;4.12;666.08;664.6;0.41;0.29;2.08
1994;5;22;2.13;2.18;1.8;1.8;1.79;1.8;0.25;0.24;386.31;411.46;41.72;3.85;666.13;664.46;0.4;0.27;2.6
1994;5;23;1.81;1.9;2.5;2.5;2.1;2.1;0.3;0.29;386.31;411.87;43.72;6.2;661.39;659;1.85;1.72;3.78
1994;5;24;7.36;7.46;2;2;1.88;1.89;0.17;0.16;386.25;412.2;45.56;8.35;662.54;659.45;3.38;3.21;4.11
1994;5;25;3.54;3.44;3.7;3.8;2.56;2.57;0.32;0.31;390.3;415.65;47.45;10.52;647.74;644.58;5.89;5.61;6.7
1994;5;26;12.78;13;2.7;2.8;2.2;2.22;0.07;0.06;393.56;418.27;49.55;12.89;644.42;641.78;7.89;7.45;5.66
1994;5;27;1.33;1.3;-2;-1.9;0;0;0;0;391.75;416.65;51.74;15.33;645.75;643.08;5.91;5.38;3.78
1994;5;28;1.76;1.85;0.5;0.5;0.94;0.98;0.11;0.11;390;415.09;53.74;17.52;647.18;644.58;3.39;2.91;3.06
1994;5;29;7.42;7.31;0.5;0.5;0.92;0.98;0.06;0.07;388.61;413.93;55.43;19.34;653.07;650.15;2.78;2.38;2.96
1994;5;30;4.92;4.88;0.2;0.2;0.56;0.63;0.05;0.06;386.97;412.49;56.82;20.84;657.43;654.39;2.7;2.33;2.79
1994;5;31;0;0;2.6;2.7;2.17;2.18;0.28;0.27;388.13;413.36;58.03;22.12;648.14;645.27;3.99;3.6;2.88
1994;6;1;0;0;6.1;6.2;3.28;3.3;0.43;0.4;395.05;418.97;59.38;23.52;620.94;618.79;8.37;7.85;3.8
1994;6;2;1.33;1.29;7.7;7.8;3.67;3.68;0.44;0.42;405.42;427.59;61.34;25.56;581.31;579.86;14.63;13.82;7.18
1994;6;3;11.52;11.51;4.2;4.2;2.73;2.74;0.11;0.11;412.52;433.52;64.17;28.49;558.88;557.81;18.16;17.05;10.79
1994;6;4;8;8.01;1;1.1;1.4;1.44;0.1;0.09;411.6;432.8;67.49;31.9;562.29;561.04;14;12.83;11.17
1994;6;5;11.11;10.77;-4.5;-4.4;0;0;0;0;409.66;431.12;70.6;35.04;573.4;571.81;7.94;6.98;6.4
1994;6;6;1.17;1.13;-3.3;-3.3;0;0;0;0;409.66;431.12;68.51;32.79;574.58;572.94;4.6;3.89;4.36
1994;6;7;1.6;1.54;1.7;1.8;1.79;1.83;0.21;0.2;408.59;429.91;70.83;35.52;574.03;572.08;3.94;3.42;3.64
1994;6;8;3.98;4.13;2.8;2.8;2.25;2.26;0.18;0.16;409.53;430.71;73.06;37.67;566.54;564.77;5.96;5.49;4.31
1994;6;9;29.66;29.65;-1.8;-1.8;0;0;0;0;408.05;429.04;74.51;39.43;596.21;594.42;5.93;5.42;5.08
1994;6;10;0.4;0.38;-2.8;-2.7;0;0;0;0;408.05;429.04;72.17;36.9;596.61;594.8;4.02;3.57;4.41
1994;6;11;3.21;3.13;-3.9;-3.8;0;0;0;0;408.05;429.04;69.98;34.53;599.82;597.93;2.97;2.61;3.57
1994;6;12;1.29;1.23;-1.1;-1.1;0;0;0;0;408.05;429.04;67.92;32.31;601.11;599.16;2.7;2.37;2.96
1994;6;13;0.84;0.85;0.4;0.4;0.84;0.89;0.12;0.13;408.18;429.18;65.99;30.23;601.24;599.22;2.55;2.23;2.52
1994;6;14;1.06;1.05;1;1;1.36;1.38;0.16;0.16;408.48;429.52;64.17;28.29;600.78;598.58;2.42;2.12;2.54
1994;6;15;0.48;0.49;3.4;3.5;2.49;2.51;0.25;0.22;408.65;429.75;66.55;30.71;592.54;590.2;4.16;3.83;3.2
1994;6;16;0.23;0.22;2.3;2.3;2.04;2.05;0.21;0.19;408.73;429.65;68.58;32.74;585.05;583.09;5.88;5.43;3.85
1994;6;17;0.03;0.03;1.9;1.9;1.87;1.87;0.19;0.17;408.48;429.26;70.38;34.53;578.65;577.12;6.25;5.66;4.74
1994;6;18;0.1;0.11;4.9;5;2.95;2.98;0.3;0.27;411.28;431.3;72.09;36.19;560.77;560.17;8.24;7.52;6.2
1994;6;19;8.43;8.5;5.1;5.2;3.02;3.03;0.16;0.14;416.62;435.45;74.04;38.07;540.6;541.25;12.51;11.55;9.05
1994;6;20;9.04;8.92;2.7;2.8;2.24;2.26;0.1;0.1;417.94;436.45;76.32;40.26;535.54;536.54;13.3;12.12;11.25
1994;6;21;4.71;4.64;3.5;3.6;2.53;2.54;0.19;0.17;419.72;437.67;78.75;42.57;524.21;526.05;12.24;11.01;11.73
1994;6;22;0;0;6.1;6.2;3.28;3.3;0.34;0.3;422.86;439.9;81.28;44.92;501.81;505.09;13.2;11.91;12.5
1994;6;23;0.6;0.62;7.2;7.3;3.55;3.57;0.36;0.32;427.14;443.03;84.02;47.46;473.75;478.85;15.83;14.34;13.88
1994;6;24;6.36;6.52;7.6;7.6;3.64;3.64;0.18;0.14;432.41;446.83;87.18;50.35;445.16;452.91;19.2;17.39;16.22
1994;6;25;2.98;3.05;8;8;3.73;3.73;0.24;0.19;435.9;448.81;90.77;53.6;420.52;432.05;20.15;17.96;19.67
1994;6;26;3.02;2.92;7.9;7.9;3.7;3.7;0.23;0.19;439.03;450.63;94.64;57.02;395.79;410.89;19.87;17.34;21
1994;6;27;0.72;0.74;6.6;6.6;3.4;3.4;0.25;0.2;440.77;451.53;98.62;60.41;374.64;392.86;19.04;16.32;18.34
1994;6;28;2.05;1.93;6.4;6.5;3.37;3.37;0.22;0.18;442.52;452.53;102.55;63.63;353.68;374.77;18.49;15.71;15.27
1994;6;29;1.47;1.35;7.7;7.8;3.66;3.68;0.25;0.21;444.72;453.9;106.42;66.68;328.43;352.81;19.34;16.47;16.8
1994;6;30;1.81;1.88;7.9;8;3.71;3.73;0.25;0.2;446.88;455.32;110.32;69.66;302.17;330.05;20.72;17.68;23.82
1994;7;1;5.86;6.04;7.9;7.9;3.73;3.73;0.18;0.15;449.19;457.12;114.35;72.66;276.62;307.26;22.59;19.37;25.84
1994;7;2;0.05;0.05;9;9;3.97;3.97;0.25;0.24;450.43;458.38;118.51;75.75;249.99;281.33;23.43;20.23;27.38
1994;7;3;1.8;1.85;9.8;9.8;4.13;4.14;0.1;0.11;450.11;458.41;122.61;78.75;235.91;267.09;21.25;18.37;25.64
1994;7;4;1.74;1.76;10.1;10.1;4.2;4.2;0.2;0.12;449.4;458.47;126.36;81.42;222.92;252.38;20.27;16.23;25.2
1994;7;5;5.61;5.61;8;8;3.75;3.75;0.2;0.08;448.87;458.64;129.66;83.71;212.53;240.63;21.06;16.09;27.01
1994;7;6;11.66;11.31;7;7;3.52;3.52;0.06;0.04;449.16;459.29;132.59;85.72;203.36;230.24;21.57;17.13;26.99
1994;7;7;4.05;3.91;6.1;6.1;3.29;3.3;0.18;0.08;448.18;458.91;135.22;87.49;195.41;221.24;20.37;16.4;26.53
1994;7;8;1.88;1.92;4.3;4.3;2.79;2.79;0.19;0.08;446.66;458.04;137.4;88.87;189.8;214.89;17.32;13.99;22.51
1994;7;9;5.18;5.15;3;3;2.35;2.35;0.12;0.05;445.31;457.14;139.02;89.73;187.45;212.23;14.92;12.27;16.71
1994;7;10;0;0;5.1;5.1;3.02;3.03;0.23;0.09;443.63;456.14;140.1;90.07;181.53;205.53;13.87;11.26;15.48
1994;7;11;0.03;0.03;6.8;6.8;3.47;3.47;0.26;0.11;442.24;455.48;140.72;90;173.4;196.32;14.3;11.2;14.79
1994;7;12;1.58;1.63;6.8;6.8;3.47;3.47;0.24;0.1;441.13;455.07;141.03;89.65;165.1;186.93;15.26;11.87;16.53
1994;7;13;2.88;3.06;6;6;3.27;3.27;0.21;0.08;440.15;454.73;141.14;89.18;157.66;178.5;15.69;12.43;18.38
1994;7;14;0.89;0.88;7.6;7.6;3.66;3.66;0.25;0.11;439.16;454.43;141.15;88.64;148.15;167.74;15.94;12.6;20.75
1994;7;15;2.33;2.38;6.6;6.6;3.42;3.42;0.21;0.09;438.28;454.17;141.1;88.09;139.81;158.29;16.12;12.72;18.11
1994;7;16;0.03;0.03;9;9;3.97;3.97;0.28;0.12;437.43;454.06;141.01;87.56;128.39;145.37;16.52;12.89;19.15
1994;7;17;1.96;2.1;9.6;9.6;4.09;4.1;0.26;0.11;436.99;454.35;140.95;87.1;116.12;131.47;17.86;13.73;20.91
1994;7;18;3.15;3.23;8.3;8.3;3.82;3.82;0.22;0.1;436.58;454.54;140.98;86.78;105.45;119.39;18.46;14.38;23.28
1994;7;19;13.12;13.12;6.5;6.5;3.4;3.4;0.05;0.02;437.62;455.68;141.18;86.68;96.95;109.77;19.65;16.04;20.69
1994;7;20;12.13;12.16;6;6;3.27;3.27;0.06;0.03;438.33;456.5;141.66;86.9;89.1;100.88;20.65;17.36;17.69
1994;7;21;3.3;3.15;7;7;3.52;3.52;0.19;0.09;437.73;456.33;142.34;87.33;80.02;90.59;19.52;16.14;19.65
1994;7;22;0.8;0.81;8.3;8.3;3.82;3.82;0.25;0.11;436.88;456.11;143;87.75;69.27;78.42;18.2;14.51;21.05
1994;7;23;7.34;7.36;8.5;8.5;3.86;3.87;0.15;0.07;437.19;456.76;143.61;88.13;58.16;65.84;19.2;15.29;22.46
1994;7;24;3.27;2.99;7.3;7.3;3.59;3.59;0.18;0.09;436.7;456.61;144.23;88.53;48.65;55.08;19.2;15.43;22.42
1994;7;25;5.88;5.66;7;7;3.52;3.52;0.14;0.07;436.61;456.75;144.83;88.91;39.5;44.72;18.6;15.08;21.21
1994;7;26;10.57;10.47;7;7;3.52;3.52;0.08;0.04;437.26;457.46;145.45;89.33;30.29;34.29;19.71;16.22;22.03
1994;7;27;10.45;10.52;6.5;6.5;3.4;3.4;0.09;0.04;437.7;458.04;146.2;89.87;21.74;24.61;20.78;17.3;25.06
1994;7;28;3.41;3.5;6.6;6.6;3.43;3.42;0.19;0.08;436.96;457.76;147;90.48;13.12;14.85;19.68;16.23;22.56
1994;7;29;0.05;0.05;7.7;7.7;3.69;3.69;0.24;0.11;435.88;457.29;147.69;90.97;3.11;3.52;17.99;14.44;22.43
1994;7;30;1.06;1.05;8.7;8.7;3.91;3.91;0.14;0;434.21;456.05;148.08;91.15;0;0;15.94;12.13;22.8
1994;7;31;1.41;1.44;9.1;9.1;4;3.99;0.76;0.7;431.61;453.75;148.05;90.86;0;0;22;17.96;22.34
1994;8;1;5.82;5.75;7.6;7.6;3.37;3.36;0.83;0.85;429.77;451.89;147.58;90.11;0;0;21.72;17.82;20.59
1994;8;2;5.94;5.77;7.4;7.4;3.32;3.32;0.81;0.84;428.04;450.09;146.83;89.04;0;0;21.27;17.67;23.2
1994;8;3;1.16;1.18;8.7;8.7;3.59;3.59;1.25;1.28;424.97;447.23;145.86;87.72;0;0;21.54;17.81;26.08
1994;8;4;0;0;11.3;11.3;4.07;4.07;1.52;1.56;421.44;443.93;144.62;86.13;0;0;23.32;18.97;26.15
1994;8;5;0.58;0.55;11.4;11.4;4.08;4.08;1.47;1.51;418.11;440.79;143.14;84.27;0;0;23.88;19.07;26.94
1994;8;6;8;8.05;9.5;9.5;3.74;3.74;0.73;0.75;417.15;439.77;141.52;82.27;0;0;23.31;18.73;27.59
1994;8;7;1.52;1.58;8.8;8.8;3.6;3.61;1.22;1.25;414.28;437.09;139.9;80.26;0;0;21.95;17.81;24.02
1994;8;8;6.64;6.71;7.9;7.9;3.42;3.43;0.77;0.79;413.09;435.9;138.28;78.28;0;0;20.71;16.89;21.36
1994;8;9;0.2;0.21;9.5;9.5;3.74;3.74;1.38;1.42;409.82;432.83;136.68;76.31;0;0;21.25;17.35;26.14
1994;8;10;2.73;2.77;9.2;9.2;3.69;3.68;1.15;1.18;407.42;430.54;135.04;74.32;0;0;20.96;16.78;30.94
1994;8;11;10.78;10.86;6.3;6.3;3.07;3.07;0.41;0.42;407.83;430.8;133.45;72.39;0;0;19.39;15.73;24.78
1994;8;12;1.09;1.05;4;4;2.47;2.47;0.86;0.89;405.35;428.46;131.99;70.59;0;0;15.49;12.8;19.19
1994;8;13;9.27;9.29;4.2;4.2;2.53;2.53;0.42;0.43;405.46;428.44;130.63;68.92;0;0;14.63;12.41;18.38
1994;8;14;1.45;1.44;4.8;4.8;2.7;2.7;0.92;0.95;403.03;426.15;129.35;67.33;0;0;14.71;12.43;15.29
1994;8;15;0.04;0.04;6;6;3;3;1.11;1.15;400.05;423.36;128.07;65.75;0;0;14.74;12.2;15.26
1994;8;16;0.07;0.08;6.7;6.7;3.16;3.17;1.17;1.21;397.04;420.52;126.7;64.08;0;0;15.13;12.3;15.77
1994;8;17;7.77;7.83;6;6;3;3;0.6;0.62;396.83;420.25;125.31;62.39;0;0;15.78;12.9;13.85
1994;8;18;2.97;2.87;1.7;1.7;1.65;1.64;0.25;0.26;395.63;419.08;124.01;60.8;0;0;9.4;7.64;11.06
1994;8;19;4.43;4.33;3.4;3.4;2.3;2.29;0.02;0;395.09;418.56;122.78;59.31;0;0;7.53;6.22;9.31
1994;8;20;0;0;7.1;7.1;3.25;3.25;0.65;0.62;392.61;416.31;121.59;57.85;0;0;13.24;11.02;16.36
1994;8;21;1.99;2.06;7.8;7.8;3.4;3.4;1.1;1.15;390.27;414.1;120.38;56.38;0;0;15.06;12.21;20.73
1994;8;22;2.58;2.73;7.2;7.2;3.27;3.28;1.02;1.05;388.21;412.18;119.17;54.92;0;0;15.26;12.25;19.51
1994;8;23;1.76;1.86;7.9;7.9;3.42;3.43;1.12;1.17;385.83;409.94;117.97;53.49;0;0;15.89;12.77;21.23
1994;8;24;7.66;7.79;5.9;5.9;2.98;2.98;0.59;0.61;385.91;409.98;116.85;52.15;0;0;15.22;12.25;19.59
1994;8;25;9.12;8.87;1.9;1.9;1.73;1.73;0.17;0.17;386.16;410.03;115.88;50.97;2.64;2.65;9.15;7.45;13.31
1994;8;26;0.55;0.51;2.9;2.9;2.13;2.12;0;0;385.43;409.34;115.04;49.94;0;0;6.67;5.97;8.65
1994;8;27;0.06;0.06;6.7;6.7;3.17;3.17;0.58;0.6;383.08;407.17;114.23;48.94;0;0;11.25;9.67;11.8
1994;8;28;2.17;2.22;6.6;6.6;3.14;3.14;1;1.05;381.03;405.2;113.4;47.93;0;0;12.83;10.32;13.71
1994;8;29;3.64;3.66;6.1;6.1;3.03;3.03;0.87;0.91;379.64;403.83;112.56;46.91;0;0;13.05;10.48;16.61
1994;8;30;3.78;3.92;5.8;5.8;2.95;2.96;0.84;0.87;378.33;402.61;111.77;45.94;0;0;13.15;10.62;15.84
1994;8;31;8.19;8.44;5.8;5.8;2.96;2.96;0.55;0.56;378.84;403.12;111.06;45.07;0;0;14.04;11.46;16.19
1994;9;1;3.62;3.7;5.7;5.7;2.5;2.5;0.67;0.7;377.67;402.01;110.48;44.35;0;0;13.94;11.35;15.69
1994;9;2;10.77;10.64;4;4;2.11;2.11;0.26;0.28;379.5;403.53;110.02;43.77;0;0;12.89;10.6;12.12
1994;9;3;1.43;1.4;3.6;3.6;2;2.01;0.34;0.33;377.92;402.07;109.68;43.31;0;0;8.24;6.3;8.31
1994;9;4;0;0;4.6;4.6;2.26;2.26;0.42;0.4;375.76;400.1;109.33;42.84;0;0;10.12;8.17;7.36
1994;9;5;0.02;0.02;5.1;5.1;2.37;2.37;0.81;0.85;373.24;397.7;108.88;42.26;0;0;10.75;8.58;8.19
1994;9;6;0.99;1.03;6.7;6.7;2.7;2.7;0.87;0.91;371.01;395.59;108.33;41.58;0;0;12.45;9.91;12.19
1994;9;7;1.24;1.26;7.5;7.5;2.86;2.85;0.9;0.94;368.87;393.53;107.71;40.83;0;0;14.07;11.02;17.67
1994;9;8;15.09;15.32;4.8;4.7;2.31;2.28;0.08;0.07;372.77;397.2;107.16;40.17;0;0;14.16;11.17;14.56
1994;9;9;8.35;8.55;1.7;1.7;1.4;1.4;0.15;0.15;372.96;397.24;106.82;39.73;3;3.39;8.98;7.26;9.65
1994;9;10;2.46;2.51;2.1;2.1;1.54;1.55;0.04;0.04;372.45;396.88;106.61;39.44;2.02;2.29;6.05;5.36;5.83
1994;9;11;0.4;0.44;3.4;3.4;1.96;1.95;0.02;0;371.53;396.25;106.41;39.15;0;0;5.57;4.52;5.89
1994;9;12;1.48;1.52;4.9;4.9;2.33;2.33;0.39;0.38;369.99;394.84;106.17;38.83;0;0;9.25;7.54;8.89
1994;9;13;7.97;8.19;4;4;2.12;2.11;0.38;0.39;370.86;395.7;105.93;38.51;0;0;10.23;8.34;11.91
1994;9;14;14.47;14.59;2.1;2.1;1.57;1.55;0.04;0.04;372.91;397.24;105.78;38.28;4.71;5.33;7.68;6.43;8.13
1994;9;15;8.09;8.05;-2.3;-2.3;0;0;0;0;371.2;395.7;105.7;38.14;12.8;13.38;5.63;4.99;4.13
1994;9;16;5.71;5.78;-2.8;-2.8;0;0;0;0;369.84;394.16;105.33;37.93;18.52;19.16;4.19;3.66;1.97
1994;9;17;4.49;4.36;-3.9;-3.8;0;0;0;0;369.84;394.16;102.99;35.49;23.01;23.52;3.2;2.77;1.83
1994;9;18;0.5;0.47;-4.2;-4.2;0;0;0;0;369.84;394.16;100.8;33.21;23.51;23.99;2.7;2.34;1.79
1994;9;19;1.58;1.55;-3.8;-3.8;0;0;0;0;369.84;394.16;98.73;31.08;25.09;25.54;2.5;2.16;2.01
1994;9;20;0.22;0.23;-2.4;-2.4;0;0;0;0;369.84;394.16;96.78;29.08;25.31;25.77;2.35;2.02;1.8
1994;9;21;1.84;1.89;-0.4;-0.4;0;0;0;0;369.84;394.16;94.95;27.21;27.15;27.66;2.21;1.89;1.76
1994;9;22;0.04;0.04;3.3;3.3;1.92;1.93;0.15;0.12;374.06;397.56;93.23;25.46;16.36;17.62;3.07;2.73;1.75
1994;9;23;0.07;0.07;5.6;5.6;2.48;2.48;0.07;0.08;375.4;398.92;94.18;26.49;7.81;8.84;4.9;4.47;2.37
1994;9;24;0.45;0.47;6.3;6.3;2.63;2.62;0.1;0.08;375.86;399.87;95.11;27.5;1.38;1.57;6.52;5.04;7.32
1994;9;25;0.07;0.08;5.6;5.6;2.48;2.48;0.06;0;374.54;398.85;95.99;28.45;0;0;6.74;4.39;6.36
1994;9;26;18.7;18.89;3.2;3.2;1.9;1.9;0;0;379.42;403.33;96.87;29.4;0.35;0.4;8.16;6.11;5.23
1994;9;27;5.66;5.76;3.6;3.6;2.01;2.01;0.04;0;379.68;403.68;97.86;30.45;0;0;8.43;6.63;6.75
1994;9;28;0.82;0.79;2.9;2.9;1.81;1.81;0.02;0;378.21;402.36;98.82;31.47;0;0;6.08;4.86;4.47
1994;9;29;0;0;3.1;3.1;1.86;1.87;0.32;0.34;376.15;400.46;99.59;32.28;0;0;6.63;5.55;3.54
1994;9;30;0.52;0.54;3.7;3.7;2.04;2.04;0.36;0.35;374.24;398.72;100.12;32.81;0;0;4.88;3.28;4.13
1994;10;1;1.83;1.91;3.9;3.9;1.85;1.85;0.04;0;373.12;397.8;100.44;33.13;0;0;4.86;3.11;5.41
1994;10;2;0.63;0.68;3.6;3.6;1.78;1.78;0.04;0;371.58;396.47;100.61;33.27;0;0;4.87;3.16;5.6
1994;10;3;13.54;13.54;1.8;1.8;1.28;1.28;0.02;0.02;372.52;397.21;100.69;33.33;6.53;6.71;5.15;4.04;3.64
1994;10;4;1.34;1.23;-2.7;-2.7;0;0;0;0;370.82;395.67;100.73;33.34;7.87;7.94;4.43;3.87;2.7
1994;10;5;0.27;0.24;-5.6;-5.6;0;0;0;0;370.82;395.67;98.66;31.19;8.14;8.18;3.17;2.7;1.87
1994;10;6;0.1;0.09;-7.4;-7.4;0;0;0;0;370.82;395.67;96.7;29.19;8.24;8.27;2.47;2.09;1.76
1994;10;7;2.52;2.51;-8;-8;0;0;0;0;370.82;395.67;94.86;27.31;10.76;10.78;2.24;1.9;1.65
1994;10;8;2.38;2.36;-8.8;-8.8;0;0;0;0;370.82;395.67;93.13;25.56;13.15;13.14;2.1;1.78;1.53
1994;10;9;0.03;0.03;-5.6;-5.5;0;0;0;0;370.82;395.67;91.5;23.92;13.18;13.17;1.98;1.66;1.54
1994;10;10;0;0;-1.5;-1.4;0;0;0;0;370.82;395.67;89.97;22.38;13.18;13.17;1.87;1.56;1.58
1994;10;11;0;0;0;0;0;0;0;0;370.82;395.67;88.52;20.94;13.18;13.17;1.76;1.46;1.65
1994;10;12;0;0;0.9;0.9;0.9;0.92;0.07;0.06;371.89;396.63;87.15;19.6;10.26;10.25;1.68;1.38;1.77
1994;10;13;0.01;0.01;1.3;1.3;1.09;1.09;0.08;0.07;373.32;397.65;85.86;18.34;6.65;7.13;1.98;1.67;1.89
1994;10;14;0;0;2.8;2.8;1.57;1.58;0.04;0.05;372.87;397.28;87.09;19.73;3.13;3.54;2.69;2.35;1.9
1994;10;15;0;0;2.7;2.7;1.55;1.55;0.06;0.05;372.13;396.85;88.14;20.91;0.1;0.11;3.66;2.87;2.07
1994;10;16;0;0;1.2;1.2;1.04;1.05;0.02;0;370.44;395.35;89.01;21.9;0;0;3.66;2.68;2.1
1994;10;17;0.02;0.02;-0.4;-0.4;0;0;0;0;368.75;393.81;89.7;22.69;0.02;0.02;2.88;2.25;2.05
1994;10;18;0.03;0.03;-0.1;-0.1;0;0;0;0;367.06;392.28;90.21;23.27;0.05;0.05;2.51;2.08;2.02
1994;10;19;0.09;0.1;-1.2;-1.2;0;0;0;0;367.06;392.28;88.71;21.77;0.14;0.15;2.08;1.69;1.9
1994;10;20;0.57;0.59;-0.8;-0.9;0;0;0;0;367.06;392.28;87.3;20.38;0.71;0.74;1.77;1.44;1.63
1994;10;21;0.21;0.22;0.2;0.2;0.48;0.45;0.01;0.01;366.98;392.5;86.14;19.07;0.28;0.31;1.64;1.32;1.75
1994;10;22;0.12;0.12;0.9;0.9;0.93;0.92;0;0;365.46;391.13;86.88;19.92;0;0;1.73;1.38;1.71
1994;10;23;3.74;3.82;-0.7;-0.7;0;0;0;0;365.14;391.13;85.73;18.64;3.74;3.82;1.73;1.36;1.6
1994;10;24;3.25;3.17;-3.5;-3.5;0;0;0;0;365.14;391.13;84.5;17.44;6.99;6.99;1.58;1.22;1.52
1994;10;25;0.16;0.17;-5.4;-5.4;0;0;0;0;365.14;391.13;83.33;16.32;7.14;7.16;1.46;1.14;1.3
1994;10;26;9.02;9;-5.8;-5.8;0;0;0;0;365.14;391.13;82.23;15.28;16.16;16.16;1.35;1.06;1.22
1994;10;27;0;0;-7.8;-7.8;0;0;0;0;365.14;391.13;81.19;14.29;16.16;16.16;1.28;0.99;1.34
1994;10;28;11.29;11.25;-4.4;-4.4;0;0;0;0;365.14;391.13;80.2;13.38;27.46;27.41;1.21;0.93;1.34
1994;10;29;1.23;1.22;-4.3;-4.3;0;0;0;0;365.14;391.13;79.27;12.52;28.68;28.63;1.15;0.87;1.32
1994;10;30;0.61;0.57;-2.1;-2;0;0;0;0;365.14;391.13;78.39;11.72;29.29;29.2;1.09;0.81;1.28
1994;10;31;0;0;1.2;1.2;1.04;1.05;0.14;0.13;366.68;392.57;77.55;10.96;25.15;24.96;1.16;0.89;1.27
1994;11;1;0.02;0.02;-1;-0.9;0;0;0;0;366.68;392.57;76.75;10.26;25.17;24.98;1.13;0.86;1.16
1994;11;2;0.29;0.32;-1;-1;0;0;0;0;366.68;392.57;76;9.6;25.46;25.3;0.95;0.69;1.08
1994;11;3;0.24;0.26;-0.2;-0.2;0;0;0;0;366.68;392.57;75.28;8.99;25.7;25.56;0.89;0.62;1.06
1994;11;4;2.2;2.26;0.3;0.3;0.46;0.45;0.05;0.05;366.88;392.74;74.6;8.41;27.33;27.29;0.85;0.58;1.02
1994;11;5;2.85;2.95;0.3;0.2;0.41;0.37;0.05;0.04;367.34;392.95;73.96;7.87;29.2;29.61;0.81;0.55;1.03
1994;11;6;7.86;8.04;-1;-1;0;0;0;0;367.34;392.95;73.34;7.37;37.06;37.65;0.77;0.51;1.02
1994;11;7;11.75;11.68;-2.8;-2.8;0;0;0;0;367.34;392.95;72.75;6.9;48.81;49.33;0.73;0.48;1.05
1994;11;8;0.82;0.84;-4.8;-4.7;0;0;0;0;367.34;392.95;72.19;6.46;49.63;50.16;0.7;0.45;0.97
1994;11;9;0.21;0.23;-3.5;-3.5;0;0;0;0;367.34;392.95;71.66;6.04;49.84;50.4;0.67;0.42;0.9
1994;11;10;25.2;25.2;-4;-4;0;0;0;0;367.34;392.95;71.15;5.66;75.03;75.59;0.64;0.39;0.81
1994;11;11;10.17;9.89;-6.1;-6.1;0;0;0;0;367.34;392.95;70.66;5.3;85.21;85.48;0.61;0.37;0.84
1994;11;12;0.38;0.35;-7.1;-7.1;0;0;0;0;367.34;392.95;70.19;4.96;85.59;85.83;0.59;0.34;0.83
1994;11;13;1.1;1.05;-8.7;-8.6;0;0;0;0;367.34;392.95;69.74;4.64;86.69;86.89;0.56;0.32;0.85
1994;11;14;0;0;-4.4;-4.4;0;0;0;0;367.34;392.95;69.31;4.35;86.69;86.89;0.54;0.3;0.88
1994;11;15;1.29;1.24;-2.7;-2.7;0;0;0;0;367.34;392.95;68.9;4.07;87.98;88.12;0.52;0.28;0.89
1994;11;16;0.92;0.87;-5.7;-5.7;0;0;0;0;367.34;392.95;68.51;3.81;88.9;89;0.5;0.26;0.8
1994;11;17;0.13;0.12;-10.9;-10.8;0;0;0;0;367.34;392.95;68.12;3.57;89.03;89.11;0.48;0.25;0.73
1994;11;18;6.11;5.99;-9;-9;0;0;0;0;367.34;392.95;67.76;3.34;95.13;95.11;0.46;0.23;0.77
1994;11;19;7.84;7.65;-5.1;-5.1;0;0;0;0;367.34;392.95;67.41;3.13;102.97;102.75;0.44;0.22;0.83
1994;11;20;2.23;2.19;-1.5;-1.5;0;0;0;0;367.34;392.95;67.06;2.93;105.2;104.94;0.43;0.2;1.37
1994;11;21;0;0;-4.8;-4.7;0;0;0;0;367.34;392.95;66.73;2.74;105.2;104.94;0.41;0.19;1.07
1994;11;22;0.13;0.13;-4.2;-4.1;0;0;0;0;367.34;392.95;66.42;2.57;105.33;105.08;0.4;0.18;0.95
1994;11;23;0;0;-6.6;-6.5;0;0;0;0;367.34;392.95;66.11;2.41;105.33;105.08;0.38;0.17;0.88
1994;11;24;0;0;-7.4;-7.3;0;0;0;0;367.34;392.95;65.81;2.25;105.33;105.08;0.37;0.16;0.81
1994;11;25;0.17;0.17;-7.7;-7.6;0;0;0;0;367.34;392.95;65.52;2.11;105.5;105.25;0.36;0.15;0.76
1994;11;26;0.72;0.66;-7;-7;0;0;0;0;367.34;392.95;65.24;1.98;106.22;105.9;0.35;0.14;0.74
1994;11;27;2.63;2.57;-7;-7;0;0;0;0;367.34;392.95;64.97;1.86;108.85;108.47;0.34;0.13;0.69
1994;11;28;0;0;-10.2;-10.1;0;0;0;0;367.34;392.95;64.7;1.74;108.85;108.47;0.33;0.12;0.67
1994;11;29;0;0;-7.6;-7.6;0;0;0;0;367.34;392.95;64.44;1.63;108.85;108.47;0.32;0.11;0.65
1994;11;30;0;0;-9.7;-9.7;0;0;0;0;367.34;392.95;64.19;1.53;108.85;108.47;0.31;0.11;0.63
1994;12;1;0;0;-9.2;-9.1;0;0;0;0;367.34;392.95;63.95;1.43;108.85;108.47;0.3;0.1;0.61
1994;12;2;0;0;-9.4;-9.3;0;0;0;0;367.34;392.95;63.71;1.34;108.85;108.47;0.29;0.09;0.59
1994;12;3;0;0;-9.6;-9.5;0;0;0;0;367.34;392.95;63.48;1.26;108.85;108.47;0.29;0.09;0.57
1994;12;4;1.75;1.71;-8;-8;0;0;0;0;367.34;392.95;63.25;1.18;110.61;110.18;0.28;0.08;0.55
1994;12;5;2.03;1.95;-5.9;-5.9;0;0;0;0;367.34;392.95;63.02;1.11;112.64;112.13;0.27;0.08;0.53
1994;12;6;0.36;0.33;-9.8;-9.7;0;0;0;0;367.34;392.95;62.8;1.04;113;112.46;0.27;0.07;0.52
1994;12;7;0.04;0.05;-11.6;-11.5;0;0;0;0;367.34;392.95;62.59;0.97;113.04;112.51;0.26;0.07;0.51
1994;12;8;0.01;0.01;-10.6;-10.5;0;0;0;0;367.34;392.95;62.38;0.91;113.05;112.52;0.26;0.06;0.5
1994;12;9;4.36;4.25;-8.3;-8.2;0;0;0;0;367.34;392.95;62.17;0.86;117.41;116.77;0.25;0.06;0.49
1994;12;10;9.68;9.5;-5.7;-5.7;0;0;0;0;367.34;392.95;61.97;0.8;127.09;126.27;0.25;0.06;0.47
1994;12;11;1.28;1.25;-3.2;-3.2;0;0;0;0;367.34;392.95;61.77;0.76;128.37;127.52;0.24;0.05;0.5
1994;12;12;0;0;-6.6;-6.5;0;0;0;0;367.34;392.95;61.57;0.71;128.37;127.52;0.24;0.05;0.54
1994;12;13;0;0;-6.8;-6.7;0;0;0;0;367.34;392.95;61.38;0.67;128.37;127.52;0.23;0.05;0.52
1994;12;14;3.24;3.09;-10.7;-10.6;0;0;0;0;367.34;392.95;61.18;0.63;131.61;130.61;0.23;0.04;0.52
1994;12;15;0.02;0.02;-15.5;-15.4;0;0;0;0;367.34;392.95;60.99;0.59;131.63;130.63;0.23;0.04;0.52
1994;12;16;0.14;0.13;-13.8;-13.7;0;0;0;0;367.34;392.95;60.81;0.55;131.77;130.76;0.22;0.04;0.52
1994;12;17;0.36;0.35;-11.3;-11.3;0;0;0;0;367.34;392.95;60.63;0.52;132.13;131.11;0.22;0.04;0.52
1994;12;18;0;0;-10.4;-10.3;0;0;0;0;367.34;392.95;60.45;0.49;132.13;131.11;0.22;0.03;0.52
1994;12;19;1.32;1.35;-11.5;-11.4;0;0;0;0;367.34;392.95;60.27;0.46;133.44;132.46;0.21;0.03;0.52
1994;12;20;11.82;11.86;-10.3;-10.2;0;0;0;0;367.34;392.95;60.09;0.43;145.27;144.32;0.21;0.03;0.52
1994;12;21;1.74;1.63;-13.8;-13.8;0;0;0;0;367.34;392.95;59.91;0.41;147.01;145.95;0.21;0.03;0.52
1994;12;22;1.86;1.79;-15.4;-15.4;0;0;0;0;367.34;392.95;59.74;0.38;148.87;147.74;0.21;0.03;0.52
1994;12;23;0;0;-16.5;-16.5;0;0;0;0;367.34;392.95;59.57;0.36;148.87;147.74;0.2;0.03;0.51
1994;12;24;0.07;0.08;-17.7;-17.6;0;0;0;0;367.34;392.95;59.4;0.34;148.94;147.82;0.2;0.02;0.51
1994;12;25;0;0;-18;-18;0;0;0;0;367.34;392.95;59.23;0.32;148.94;147.82;0.2;0.02;0.51
1994;12;26;0.22;0.21;-17.5;-17.5;0;0;0;0;367.34;392.95;59.06;0.3;149.16;148.03;0.2;0.02;0.51
1994;12;27;0.61;0.58;-13;-13;0;0;0;0;367.34;392.95;58.9;0.29;149.77;148.61;0.2;0.02;0.51
1994;12;28;5.86;5.67;-5.7;-5.7;0;0;0;0;367.34;392.95;58.73;0.27;155.63;154.28;0.19;0.02;0.52
1994;12;29;0.1;0.1;-7.3;-7.3;0;0;0;0;367.34;392.95;58.57;0.26;155.72;154.38;0.19;0.02;0.53
1994;12;30;7.89;7.73;-7.6;-7.6;0;0;0;0;367.34;392.95;58.41;0.24;163.62;162.11;0.19;0.02;0.52
1994;12;31;2.1;2.07;-12.1;-12.1;0;0;0;0;367.34;392.95;58.25;0.23;165.72;164.18;0.19;0.02;0.51
1995;1;1;3.53;3.36;-15.3;-15.3;0;0;0;0;367.34;392.95;58.09;0.22;169.25;167.54;0.19;0.02;0.49
1995;1;2;3.39;3.3;-21;-21;0;0;0;0;367.34;392.95;57.93;0.21;172.64;170.84;0.19;0.01;0.47
1995;1;3;2.79;2.69;-21.3;-21.3;0;0;0;0;367.34;392.95;57.77;0.2;175.42;173.53;0.19;0.01;0.44
1995;1;4;0.18;0.16;-23.5;-23.5;0;0;0;0;367.34;392.95;57.62;0.19;175.61;173.69;0.18;0.01;0.42
1995;1;5;0;0;-24.2;-24.2;0;0;0;0;367.34;392.95;57.46;0.18;175.61;173.69;0.18;0.01;0.41
1995;1;6;0;0;-23.7;-23.7;0;0;0;0;367.34;392.95;57.31;0.17;175.61;173.69;0.18;0.01;0.43
1995;1;7;0.19;0.18;-19.8;-19.8;0;0;0;0;367.34;392.95;57.15;0.16;175.8;173.87;0.18;0.01;0.43
1995;1;8;0.03;0.03;-20.4;-20.4;0;0;0;0;367.34;392.95;57;0.15;175.83;173.9;0.18;0.01;0.43
1995;1;9;0.77;0.75;-16.4;-16.4;0;0;0;0;367.34;392.95;56.85;0.14;176.59;174.65;0.18;0.01;0.43
1995;1;10;17.29;17.14;-14;-14;0;0;0;0;367.34;392.95;56.7;0.14;193.88;191.79;0.18;0.01;0.43
1995;1;11;25.6;25.44;-15.2;-15.2;0;0;0;0;367.34;392.95;56.55;0.13;219.48;217.23;0.18;0.01;0.42
1995;1;12;7.71;7.53;-18.7;-18.7;0;0;0;0;367.34;392.95;56.4;0.13;227.19;224.76;0.18;0.01;0.42
1995;1;13;1.39;1.33;-21.1;-21.1;0;0;0;0;367.34;392.95;56.25;0.12;228.59;226.09;0.17;0.01;0.42
1995;1;14;0;0;-19.3;-19.3;0;0;0;0;367.34;392.95;56.1;0.12;228.59;226.09;0.17;0.01;0.42
1995;1;15;0.06;0.05;-14.5;-14.5;0;0;0;0;367.34;392.95;55.95;0.11;228.65;226.14;0.17;0.01;0.42
1995;1;16;0;0;-14.1;-14;0;0;0;0;367.34;392.95;55.81;0.11;228.65;226.14;0.17;0.01;0.41
1995;1;17;0;0;-13;-12.9;0;0;0;0;367.34;392.95;55.66;0.1;228.65;226.14;0.17;0.01;0.41
1995;1;18;0.21;0.22;-13.1;-13.1;0;0;0;0;367.34;392.95;55.52;0.1;228.86;226.36;0.17;0.01;0.4
1995;1;19;4.95;4.89;-14;-14;0;0;0;0;367.34;392.95;55.37;0.09;233.82;231.25;0.17;0.01;0.39
1995;1;20;0.06;0.07;-13.7;-13.7;0;0;0;0;367.34;392.95;55.23;0.09;233.88;231.32;0.17;0.01;0.39
1995;1;21;1.51;1.49;-15.2;-15.2;0;0;0;0;367.34;392.95;55.08;0.09;235.39;232.81;0.17;0.01;0.38
1995;1;22;3.79;3.69;-11.5;-11.5;0;0;0;0;367.34;392.95;54.94;0.08;239.18;236.5;0.17;0.01;0.38
1995;1;23;3.86;3.82;-8.2;-8.2;0;0;0;0;367.34;392.95;54.8;0.08;243.04;240.32;0.17;0.01;0.37
1995;1;24;2.25;2.22;-13.5;-13.5;0;0;0;0;367.34;392.95;54.65;0.08;245.29;242.54;0.17;0.01;0.37
1995;1;25;18.17;17.93;-10.5;-10.5;0;0;0;0;367.34;392.95;54.51;0.08;263.46;260.47;0.17;0.01;0.36
1995;1;26;6.93;6.99;-10.6;-10.6;0;0;0;0;367.34;392.95;54.37;0.07;270.39;267.46;0.16;0.01;0.37
1995;1;27;2.06;1.99;-16.3;-16.3;0;0;0;0;367.34;392.95;54.23;0.07;272.46;269.45;0.16;0;0.37
1995;1;28;5.07;5.04;-12.7;-12.7;0;0;0;0;367.34;392.95;54.09;0.07;277.53;274.49;0.16;0;0.36
1995;1;29;3.14;2.96;-13.5;-13.5;0;0;0;0;367.34;392.95;53.95;0.07;280.67;277.45;0.16;0;0.34
1995;1;30;6.07;5.89;-11.2;-11.2;0;0;0;0;367.34;392.95;53.81;0.07;286.74;283.34;0.16;0;0.34
1995;1;31;0.36;0.35;-13;-13;0;0;0;0;367.34;392.95;53.67;0.06;287.1;283.69;0.16;0;0.34
1995;2;1;0;0;-8.5;-8.5;0;0;0;0;367.34;392.95;53.53;0.06;287.1;283.69;0.16;0;0.35
1995;2;2;0.07;0.06;-8.4;-8.4;0;0;0;0;367.34;392.95;53.39;0.06;287.17;283.75;0.16;0;0.36
1995;2;3;0;0;-10.5;-10.5;0;0;0;0;367.34;392.95;53.25;0.06;287.17;283.75;0.16;0;0.32
1995;2;4;2.51;2.45;-9.5;-9.5;0;0;0;0;367.34;392.95;53.12;0.06;289.67;286.2;0.16;0;0.31
1995;2;5;0.94;0.92;-8.7;-8.7;0;0;0;0;367.34;392.95;52.98;0.06;290.61;287.12;0.16;0;0.31
1995;2;6;0.09;0.09;-9.9;-9.9;0;0;0;0;367.34;392.95;52.84;0.06;290.71;287.21;0.16;0;0.31
1995;2;7;0;0;-6.6;-6.6;0;0;0;0;367.34;392.95;52.71;0.06;290.71;287.21;0.16;0;0.31
1995;2;8;0.12;0.12;-8.7;-8.7;0;0;0;0;367.34;392.95;52.57;0.06;290.83;287.33;0.16;0;0.33
1995;2;9;4.11;3.99;-10.1;-10.1;0;0;0;0;367.34;392.95;52.44;0.05;294.94;291.32;0.16;0;0.34
1995;2;10;0.03;0.03;-10.7;-10.7;0;0;0;0;367.34;392.95;52.3;0.05;294.97;291.35;0.16;0;0.34
1995;2;11;0.88;0.9;-10.8;-10.8;0;0;0;0;367.34;392.95;52.17;0.05;295.85;292.25;0.16;0;0.34
1995;2;12;0.93;0.92;-9.2;-9.2;0;0;0;0;367.34;392.95;52.03;0.05;296.77;293.17;0.16;0;0.34
1995;2;13;1.18;1.21;-9.5;-9.5;0;0;0;0;367.34;392.95;51.9;0.05;297.95;294.38;0.16;0;0.33
1995;2;14;5.86;5.86;-9.4;-9.4;0;0;0;0;367.34;392.95;51.77;0.05;303.81;300.24;0.15;0;0.32
1995;2;15;0.1;0.1;-10.5;-10.5;0;0;0;0;367.34;392.95;51.63;0.05;303.92;300.34;0.15;0;0.33
1995;2;16;7.99;7.87;-9.8;-9.8;0;0;0;0;367.34;392.95;51.5;0.05;311.91;308.21;0.15;0;0.33
1995;2;17;4.07;4.08;-9;-9;0;0;0;0;367.34;392.95;51.37;0.05;315.98;312.29;0.15;0;0.33
1995;2;18;10.02;9.9;-10.6;-10.6;0;0;0;0;367.34;392.95;51.24;0.05;326;322.19;0.15;0;0.33
1995;2;19;0.04;0.04;-11.8;-11.8;0;0;0;0;367.34;392.95;51.1;0.05;326.04;322.23;0.15;0;0.33
1995;2;20;0.13;0.12;-6.7;-6.7;0;0;0;0;367.34;392.95;50.97;0.05;326.17;322.35;0.15;0;0.3
1995;2;21;0.04;0.03;-6.1;-6.1;0;0;0;0;367.34;392.95;50.84;0.05;326.21;322.38;0.15;0;0.34
1995;2;22;2.05;2.06;-7.7;-7.7;0;0;0;0;367.34;392.95;50.71;0.05;328.26;324.44;0.15;0;0.34
1995;2;23;7.66;7.73;-9.7;-9.7;0;0;0;0;367.34;392.95;50.58;0.05;335.92;332.17;0.15;0;0.33
1995;2;24;4.19;4.08;-12.5;-12.5;0;0;0;0;367.34;392.95;50.45;0.04;340.11;336.25;0.15;0;0.33
1995;2;25;6.91;6.85;-10.8;-10.8;0;0;0;0;367.34;392.95;50.32;0.04;347.02;343.1;0.15;0;0.35
1995;2;26;6.69;6.63;-12.6;-12.6;0;0;0;0;367.34;392.95;50.2;0.04;353.71;349.73;0.15;0;0.35
1995;2;27;0.97;0.94;-14.6;-14.6;0;0;0;0;367.34;392.95;50.07;0.04;354.68;350.67;0.15;0;0.32
1995;2;28;0.06;0.05;-10.4;-10.4;0;0;0;0;367.34;392.95;49.94;0.04;354.74;350.72;0.15;0;0.32
1995;3;1;0;0;-8.3;-8.3;0;0;0;0;367.34;392.95;49.81;0.04;354.74;350.72;0.15;0;0.33
1995;3;2;1.29;1.3;-10.1;-10.1;0;0;0;0;367.34;392.95;49.68;0.04;356.03;352.02;0.15;0;0.32
1995;3;3;3.54;3.53;-10.8;-10.8;0;0;0;0;367.34;392.95;49.55;0.04;359.57;355.55;0.15;0;0.31
1995;3;4;17.79;17.73;-13.3;-13.3;0;0;0;0;367.34;392.95;49.43;0.04;377.36;373.28;0.15;0;0.31
1995;3;5;0.45;0.45;-12.9;-12.9;0;0;0;0;367.34;392.95;49.3;0.04;377.82;373.73;0.15;0;0.31
1995;3;6;3.41;3.37;-13.3;-13.3;0;0;0;0;367.34;392.95;49.17;0.04;381.23;377.1;0.15;0;0.3
1995;3;7;0.29;0.26;-16.6;-16.6;0;0;0;0;367.34;392.95;49.05;0.04;381.51;377.36;0.15;0;0.29
1995;3;8;2.93;2.96;-14.2;-14.2;0;0;0;0;367.34;392.95;48.92;0.04;384.44;380.32;0.15;0;0.28
1995;3;9;0.36;0.35;-14.8;-14.8;0;0;0;0;367.34;392.95;48.8;0.04;384.8;380.67;0.15;0;0.27
1995;3;10;0;0;-11.7;-11.7;0;0;0;0;367.34;392.95;48.67;0.04;384.8;380.67;0.14;0;0.26
1995;3;11;0;0;-6.9;-6.9;0;0;0;0;367.34;392.95;48.55;0.04;384.8;380.67;0.14;0;0.26
1995;3;12;0;0;-6.2;-6.2;0;0;0;0;367.34;392.95;48.42;0.04;384.8;380.67;0.14;0;0.29
1995;3;13;0.82;0.84;-10.4;-10.4;0;0;0;0;367.34;392.95;48.3;0.04;385.62;381.51;0.14;0;0.29
1995;3;14;0.32;0.31;-14.5;-14.5;0;0;0;0;367.34;392.95;48.18;0.04;385.94;381.82;0.14;0;0.3
1995;3;15;1.15;1.12;-11.4;-11.4;0;0;0;0;367.34;392.95;48.05;0.04;387.08;382.94;0.14;0;0.31
1995;3;16;3.35;3.32;-13.1;-13.1;0;0;0;0;367.34;392.95;47.93;0.04;390.43;386.26;0.14;0;0.32
1995;3;17;0.44;0.43;-12.3;-12.3;0;0;0;0;367.34;392.95;47.81;0.04;390.87;386.69;0.14;0;0.31
1995;3;18;6.68;6.46;-8.2;-8.2;0;0;0;0;367.34;392.95;47.69;0.04;397.56;393.15;0.14;0;0.32
1995;3;19;4.01;3.77;-5.9;-5.9;0;0;0;0;367.34;392.95;47.56;0.04;401.56;396.92;0.14;0;0.32
1995;3;20;9.09;8.96;-12.9;-12.9;0;0;0;0;367.34;392.95;47.44;0.04;410.66;405.88;0.14;0;0.32
1995;3;21;4.05;3.94;-15.8;-15.8;0;0;0;0;367.34;392.95;47.32;0.04;414.71;409.82;0.14;0;0.34
1995;3;22;0.54;0.51;-14.6;-14.6;0;0;0;0;367.34;392.95;47.2;0.04;415.25;410.33;0.14;0;0.32
1995;3;23;0.08;0.08;-8.8;-8.8;0;0;0;0;367.34;392.95;47.08;0.04;415.33;410.41;0.14;0;0.31
1995;3;24;0;0;-6.2;-6.2;0;0;0;0;367.34;392.95;46.96;0.04;415.33;410.41;0.14;0;0.35
1995;3;25;0.51;0.48;-5.9;-5.8;0;0;0;0;367.34;392.95;46.84;0.04;415.84;410.89;0.14;0;0.36
1995;3;26;1.48;1.39;-7.1;-7.1;0;0;0;0;367.34;392.95;46.72;0.04;417.32;412.28;0.14;0;0.39
1995;3;27;10.67;10.48;-8.8;-8.8;0;0;0;0;367.34;392.95;46.6;0.04;427.99;422.76;0.14;0;0.39
1995;3;28;2.46;2.42;-16.9;-16.9;0;0;0;0;367.34;392.95;46.48;0.04;430.45;425.18;0.14;0;0.4
1995;3;29;17.48;17.3;-16.2;-16.2;0;0;0;0;367.34;392.95;46.36;0.04;447.93;442.48;0.14;0;0.38
1995;3;30;2.44;2.34;-18.4;-18.4;0;0;0;0;367.34;392.95;46.24;0.04;450.37;444.82;0.14;0;0.35
1995;3;31;1.73;1.68;-15.5;-15.5;0;0;0;0;367.34;392.95;46.12;0.04;452.11;446.5;0.14;0;0.33
1995;4;1;17.68;17.29;-8.5;-8.5;0;0;0;0;367.34;392.95;46.01;0.04;469.79;463.79;0.14;0;0.32
1995;4;2;1.5;1.44;-4.8;-4.8;0;0;0;0;367.34;392.95;45.89;0.04;471.29;465.23;0.14;0;0.35
1995;4;3;0;0;-2.4;-2.4;0;0;0;0;367.34;392.95;45.77;0.04;471.29;465.23;0.14;0;0.43
1995;4;4;0;0;-2.6;-2.5;0;0;0;0;367.34;392.95;45.65;0.04;471.29;465.23;0.14;0;0.55
1995;4;5;0;0;-2.5;-2.5;0;0;0;0;367.34;392.95;45.54;0.04;471.29;465.23;0.14;0;0.8
1995;4;6;0.89;0.81;-3.5;-3.5;0;0;0;0;367.34;392.95;45.42;0.04;472.18;466.04;0.14;0;0.64
1995;4;7;0.4;0.37;-2.1;-2.1;0;0;0;0;367.34;392.95;45.3;0.04;472.58;466.41;0.13;0;0.64
1995;4;8;7.9;7.76;-8.3;-8.3;0;0;0;0;367.34;392.95;45.19;0.04;480.48;474.17;0.13;0;0.61
1995;4;9;2.06;2;-11.9;-11.9;0;0;0;0;367.34;392.95;45.07;0.04;482.54;476.17;0.13;0;0.5
1995;4;10;0.52;0.5;-9.5;-9.5;0;0;0;0;367.34;392.95;44.96;0.04;483.06;476.67;0.13;0;0.54
1995;4;11;2.42;2.29;-7.8;-7.8;0;0;0;0;367.34;392.95;44.84;0.04;485.48;478.96;0.13;0;0.56
1995;4;12;2.83;2.68;-6.6;-6.6;0;0;0;0;367.34;392.95;44.73;0.04;488.31;481.64;0.13;0;0.54
1995;4;13;0.93;0.84;-8.6;-8.5;0;0;0;0;367.34;392.95;44.61;0.04;489.24;482.48;0.13;0;0.59
1995;4;14;2.89;2.79;-11.5;-11.5;0;0;0;0;367.34;392.95;44.5;0.04;492.13;485.27;0.13;0;0.62
1995;4;15;1.2;1.16;-10.7;-10.7;0;0;0;0;367.34;392.95;44.38;0.04;493.33;486.43;0.13;0;0.59
1995;4;16;2.13;2.06;-9.6;-9.6;0;0;0;0;367.34;392.95;44.27;0.04;495.46;488.49;0.13;0;0.57
1995;4;17;1.16;1.1;-9;-9;0;0;0;0;367.34;392.95;44.16;0.04;496.62;489.59;0.13;0;0.57
1995;4;18;0.06;0.06;-4.9;-4.9;0;0;0;0;367.34;392.95;44.05;0.04;496.68;489.65;0.13;0;0.71
1995;4;19;1.77;1.85;-4.7;-4.7;0;0;0;0;367.34;392.95;43.93;0.04;498.45;491.5;0.13;0;0.8
1995;4;20;14.41;14.65;-4.1;-4.1;0;0;0;0;367.34;392.95;43.82;0.04;512.87;506.15;0.13;0;0.78
1995;4;21;6.25;6.46;-3.2;-3.2;0;0;0;0;367.34;392.95;43.71;0.04;519.11;512.61;0.13;0;0.83
1995;4;22;8.24;8.42;-2.3;-2.3;0;0;0;0;367.34;392.95;43.6;0.04;527.35;521.03;0.13;0;1.08
1995;4;23;1.23;1.26;-1.2;-1.2;0;0;0;0;367.34;392.95;43.48;0.04;528.58;522.29;0.13;0;1.12
1995;4;24;1.36;1.39;-1.9;-1.9;0;0;0;0;367.34;392.95;43.37;0.04;529.94;523.68;0.13;0;1.07
1995;4;25;24.13;23.96;-3.6;-3.6;0;0;0;0;367.34;392.95;43.26;0.04;554.07;547.64;0.13;0;1.1
1995;4;26;15.59;15.39;-3.5;-3.5;0;0;0;0;367.34;392.95;43.15;0.04;569.66;563.03;0.13;0;1.02
1995;4;27;1.64;1.6;-3.6;-3.6;0;0;0;0;367.34;392.95;43.04;0.04;571.3;564.63;0.13;0;0.99
1995;4;28;0.54;0.5;-3.7;-3.7;0;0;0;0;367.34;392.95;42.93;0.04;571.83;565.13;0.13;0;1.12
1995;4;29;0.16;0.17;-2.8;-2.8;0;0;0;0;367.34;392.95;42.82;0.04;571.99;565.3;0.13;0;1.37
1995;4;30;2.85;2.77;-2.6;-2.6;0;0;0;0;367.34;392.95;42.71;0.04;574.84;568.07;0.13;0;1.49
1995;5;1;0.69;0.68;-1.9;-1.9;0;0;0;0;367.34;392.95;42.6;0.04;575.53;568.75;0.13;0;1.72
1995;5;2;0;0;-2.5;-2.5;0;0;0;0;367.34;392.95;42.49;0.04;575.53;568.75;0.13;0;2.1
1995;5;3;0;0;-1.8;-1.8;0;0;0;0;367.34;392.95;42.38;0.04;575.53;568.75;0.13;0;2.01
1995;5;4;0;0;-1.3;-1.3;0;0;0;0;367.34;392.95;42.28;0.04;575.53;568.75;0.13;0;1.9
1995;5;5;0;0;-0.8;-0.8;0;0;0;0;367.34;392.95;42.17;0.04;575.53;568.75;0.13;0;2.16
1995;5;6;0;0;0.2;0.2;0.56;0.63;0.08;0.1;367.34;392.95;42.06;0.04;575.44;568.65;0.13;0;2.46
1995;5;7;0;0;0.1;0.2;0.56;0.63;0.08;0.1;367.34;392.95;41.95;0.04;575.36;568.55;0.12;0;2.97
1995;5;8;0.38;0.33;-0.2;-0.1;0;0;0;0;367.34;392.95;41.84;0.04;575.73;568.88;0.12;0;2.7
1995;5;9;1.52;1.4;-1.3;-1.3;0;0;0;0;367.34;392.95;41.74;0.04;577.25;570.28;0.12;0;2.59
1995;5;10;0.66;0.66;-2.5;-2.5;0;0;0;0;367.34;392.95;41.63;0.04;577.91;570.94;0.12;0;2.43
1995;5;11;8.13;8.32;-2.7;-2.7;0;0;0;0;367.34;392.95;41.52;0.04;586.04;579.26;0.12;0;2.11
1995;5;12;8.55;8.82;-1.4;-1.4;0;0;0;0;367.34;392.95;41.42;0.04;594.59;588.08;0.12;0;1.99
1995;5;13;9.67;9.45;-3.3;-3.3;0;0;0;0;367.34;392.95;41.31;0.04;604.26;597.53;0.12;0;1.89
1995;5;14;4.41;4.26;-6.2;-6.1;0;0;0;0;367.34;392.95;41.21;0.04;608.67;601.79;0.12;0;1.7
1995;5;15;0.19;0.21;-4.6;-4.6;0;0;0;0;367.34;392.95;41.1;0.04;608.86;602;0.12;0;1.48
1995;5;16;1.76;1.83;-3;-3;0;0;0;0;367.34;392.95;41;0.04;610.62;603.83;0.12;0;1.4
1995;5;17;2.25;2.34;-1.7;-1.7;0;0;0;0;367.34;392.95;40.89;0.04;612.88;606.17;0.12;0;1.46
1995;5;18;5.66;5.73;-1.4;-1.4;0;0;0;0;367.34;392.95;40.79;0.04;618.54;611.9;0.12;0;1.44
1995;5;19;12.19;12.14;-3.2;-3.1;0;0;0;0;367.34;392.95;40.68;0.04;630.73;624.04;0.12;0;1.43
1995;5;20;3.25;3.13;-6;-5.9;0;0;0;0;367.34;392.95;40.58;0.04;633.99;627.17;0.12;0;1.29
1995;5;21;1.27;1.2;-5.5;-5.4;0;0;0;0;367.34;392.95;40.48;0.04;635.26;628.37;0.12;0;1.25
1995;5;22;0;0;-2.5;-2.5;0;0;0;0;367.34;392.95;40.37;0.04;635.26;628.37;0.12;0;1.38
1995;5;23;0;0;-0.2;-0.2;0;0;0;0;367.34;392.95;40.27;0.04;635.26;628.37;0.12;0;1.84
1995;5;24;0.02;0.02;0.8;0.9;1.25;1.29;0.2;0.2;367.43;393.05;40.16;0.04;634.81;627.89;0.12;0;2.59
1995;5;25;0.29;0.32;2.1;2.2;1.93;1.98;0.3;0.3;368.63;394.41;40.06;0.04;631.34;623.98;0.26;0.14;3.98
1995;5;26;10.25;10.48;2.1;2.2;1.95;1.98;0.12;0.11;369.22;395.44;42.28;2.66;634.83;626.83;1.79;1.67;6.28
1995;5;27;1.59;1.67;1.4;1.5;1.62;1.65;0.23;0.23;368.89;395.42;44.31;5.06;632.22;623.78;2.72;2.57;6.38
1995;5;28;0.45;0.5;1.5;1.6;1.67;1.7;0.26;0.25;368.98;395.88;46.2;7.28;627.2;618.12;3.07;2.88;6.82
1995;5;29;2.13;2.17;2.4;2.5;2.08;2.1;0.29;0.28;370.56;397.97;48.02;9.41;619.45;609.19;4.14;3.92;7.97
1995;5;30;2.15;2.21;1.6;1.7;1.72;1.75;0.24;0.23;371.12;398.71;49.82;11.49;614.93;604.25;4.58;4.33;8.5
1995;5;31;4.88;4.95;0.9;0.9;1.27;1.29;0.14;0.14;370.7;398.34;51.55;13.47;616.17;605.44;3.93;3.65;7.32
1995;6;1;25.06;24.69;-1.2;-1.1;0;0;0;0;369.04;396.79;53.11;15.25;641.24;630.13;2.86;2.57;4.72
1995;6;2;2.26;2.18;-1.8;-1.8;0;0;0;0;369.04;396.79;52.14;14.27;643.5;632.31;1.73;1.47;3.68
1995;6;3;0.22;0.25;-1.4;-1.3;0;0;0;0;369.04;396.79;51.23;13.36;643.72;632.56;1.19;0.98;2.83
1995;6;4;3.15;3.26;-1.2;-1.1;0;0;0;0;369.04;396.79;50.37;12.5;646.87;635.82;1.05;0.87;3.11
1995;6;5;13;12.99;-1.6;-1.5;0;0;0;0;369.04;396.79;49.56;11.7;659.87;648.81;0.99;0.81;3.6
1995;6;6;17.95;17.68;-2.6;-2.6;0;0;0;0;369.04;396.79;48.8;10.95;677.81;666.49;0.93;0.76;2.95
1995;6;7;0.58;0.57;-0.3;-0.2;0;0;0;0;369.04;396.79;48.08;10.25;678.39;667.06;0.88;0.71;3.4
1995;6;8;2.13;2.2;0;0;0;0;0;0;369.04;396.79;47.4;9.59;680.52;669.26;0.83;0.67;3.66
1995;6;9;4.22;4.33;0.5;0.5;0.93;0.99;0.11;0.11;369.14;396.91;46.76;8.98;684.33;673.12;0.79;0.62;4.05
1995;6;10;8.18;8.36;-0.3;-0.3;0;0;0;0;369.14;396.91;46.16;8.4;692.5;681.48;0.75;0.58;3.94
1995;6;11;14.36;14.44;-0.9;-0.9;0;0;0;0;369.14;396.91;45.58;7.87;706.86;695.92;0.71;0.55;3.84
1995;6;12;5.6;5.62;-1.9;-1.9;0;0;0;0;369.14;396.91;45.04;7.36;712.46;701.54;0.67;0.51;2.96
1995;6;13;9.96;10.05;-2.2;-2.2;0;0;0;0;369.14;396.91;44.52;6.89;722.42;711.59;0.63;0.48;2.84
1995;6;14;6.05;6.13;-2.6;-2.6;0;0;0;0;369.14;396.91;44.04;6.45;728.47;717.72;0.6;0.45;2.98
1995;6;15;0.21;0.21;-2.5;-2.5;0;0;0;0;369.14;396.91;43.57;6.04;728.68;717.93;0.57;0.42;2.71
1995;6;16;1.93;1.9;-2.4;-2.4;0;0;0;0;369.14;396.91;43.14;5.65;730.6;719.83;0.54;0.39;2.65
1995;6;17;0.06;0.05;-1.3;-1.3;0;0;0;0;369.14;396.91;42.72;5.29;730.66;719.88;0.51;0.37;2.98
1995;6;18;3.57;3.44;0.5;0.6;0.95;1.08;0.12;0.13;369.26;397.04;42.32;4.96;733.76;722.79;0.49;0.34;3.75
1995;6;19;0.04;0.04;3.9;3.9;2.64;2.64;0.34;0.32;369.61;397.77;44.48;7.44;727.43;715.67;1.44;1.29;5.25
1995;6;20;0.12;0.13;7.3;7.3;3.57;3.57;0.46;0.44;376.85;403.88;46.53;9.79;703.55;692.16;5.61;5.38;8.14
1995;6;21;5.73;5.66;5.4;5.4;3.08;3.09;0.26;0.25;385.71;410.87;48.89;12.45;680.09;669.9;9.98;9.51;12.51
1995;6;22;2.32;2.21;2.9;2.9;2.29;2.29;0.26;0.24;388.81;413.25;51.64;15.47;667.68;657.92;10.24;9.56;14.49
1995;6;23;2.84;2.73;-2.9;-2.8;0;0;0;0;387.01;411.65;54.42;18.49;670.53;660.65;6.64;5.95;8.93
1995;6;24;3.75;3.65;-2.3;-2.3;0;0;0;0;385.6;410.05;56.65;21.13;674.28;664.3;3.7;3.15;5.95
1995;6;25;1.44;1.39;0.6;0.6;1.07;1.08;0.13;0.12;383.87;408.51;58.69;23.26;675.42;665.37;2.76;2.34;4.33
1995;6;26;0.18;0.15;3.6;3.7;2.56;2.58;0.33;0.31;386.61;410.87;60.42;25.06;661.75;651.77;4.77;4.36;5.61
1995;6;27;0.89;0.91;6.1;6.1;3.27;3.27;0.4;0.38;394.38;417.3;62.25;26.94;633.35;624.17;9.62;9.04;9.12
1995;6;28;1.56;1.61;6.6;6.7;3.4;3.42;0.32;0.28;401.68;423.14;64.53;29.29;605.12;597.14;13.54;12.69;13.61
1995;6;29;0.11;0.11;6.2;6.3;3.31;3.32;0.34;0.3;407.1;427.21;67.32;32.13;579.86;573.41;14.75;13.63;14.98
1995;6;30;0.05;0.06;7.4;7.5;3.6;3.61;0.37;0.33;413.73;432.16;70.54;35.36;548.54;544.17;16.03;14.67;15.23
1995;7;1;0.9;0.96;7.1;7.2;3.56;3.57;0.35;0.31;419.73;436.7;74.17;38.95;517.64;515.28;17.83;16.22;17.1
1995;7;2;3.92;4.05;7.4;7.4;3.62;3.62;0.29;0.25;426.2;441.65;78.24;42.9;484.86;484.84;20.08;18.21;24.13
1995;7;3;13.84;13.72;5;5;2.99;3;0.04;0.03;431.67;445.97;82.75;47.23;462.7;464.21;22.17;20.05;28.47
1995;7;4;2.55;2.64;4.2;4.3;2.77;2.79;0.18;0.14;432.78;446.58;87.47;51.67;448.92;452.04;19.67;17.46;19.31
1995;7;5;11.76;11.84;4.1;4.2;2.75;2.76;0.06;0.05;435.54;448.61;92.05;55.88;435.06;439.92;18.09;15.93;16.92
1995;7;6;2.99;3.01;4.7;4.8;2.91;2.94;0.18;0.15;436.81;449.38;96.39;59.77;419.52;426.09;17.55;15.41;15.08
1995;7;7;0.25;0.25;6.5;6.5;3.39;3.4;0.26;0.21;438.76;450.4;100.46;63.28;397.74;407.33;17.15;14.95;16.23
1995;7;8;0.02;0.02;8.2;8.2;3.8;3.8;0.29;0.23;441.61;452.02;104.34;66.51;370;383.57;18.55;16.1;17.73
1995;7;9;0.39;0.36;8.8;8.8;3.93;3.93;0.29;0.24;444.56;453.8;108.23;69.62;340.1;357.97;20.67;17.82;18.36
1995;7;10;0.58;0.59;8.7;8.7;3.9;3.91;0.29;0.23;447.12;455.39;112.23;72.71;310.52;332.57;22.21;18.97;19.31
1995;7;11;3.73;3.83;7.3;7.3;3.59;3.59;0.22;0.17;449.13;456.75;116.36;75.8;285.42;311.1;22.95;19.48;19.98
1995;7;12;8.7;8.46;7.4;7.4;3.61;3.62;0.12;0.11;451.41;458.59;120.62;78.91;261.08;289.18;24.39;20.82;20.61
1995;7;13;9.81;9.82;7.1;7.2;3.56;3.57;0.05;0.05;452.31;459.4;124.97;82.04;246.13;275.88;24.32;20.81;23.83
1995;7;14;11.52;11.06;6.6;6.7;3.44;3.45;0.03;0.04;452.74;459.9;129.22;85.03;235.65;265.9;22.84;19.58;22.64
1995;7;15;7.34;7.3;5.8;5.9;3.23;3.25;0.05;0.06;452.29;459.83;133.17;87.71;227.11;257.13;20.79;17.92;22.52
1995;7;16;4.96;5.05;5.2;5.3;3.07;3.08;0.12;0.07;451.26;459.43;136.63;89.93;220.16;249.26;19.13;15.94;21.52
1995;7;17;3.27;3.38;5;5;2.99;3;0.2;0.07;449.93;458.81;139.48;91.6;213.61;241.85;18.07;14.49;21.09
1995;7;18;0.64;0.65;5.6;5.6;3.16;3.17;0.24;0.09;448.37;458.01;141.68;92.71;206.3;233.57;16.71;13.25;17.79
1995;7;19;0.01;0.01;9.2;9.2;4.01;4.01;0.32;0.12;447.26;457.77;143.32;93.34;194.33;220.01;17.3;13.36;23.68
1995;7;20;0.02;0.02;11.1;11.1;4.39;4.39;0.34;0.14;446.45;457.87;144.59;93.7;179.89;203.67;19.43;14.63;24.3
1995;7;21;6.09;6.14;10.2;10.2;4.21;4.22;0.21;0.08;446.42;458.53;145.7;94.02;166.52;188.53;21.63;16.58;24.31
1995;7;22;0.88;0.91;9.9;9.9;4.16;4.16;0.3;0.12;445.55;458.48;146.76;94.38;153.62;173.92;21.66;16.79;24.53
1995;7;23;1.55;1.55;8.3;8.4;3.84;3.84;0.26;0.11;444.61;458.26;147.7;94.71;142.66;161.51;20.21;15.77;24.08
1995;7;24;0.47;0.49;10.3;10.3;4.23;4.24;0.31;0.13;443.79;458.24;148.49;94.94;129.25;146.33;19.78;15.37;24.94
1995;7;25;0.59;0.61;10.3;10.3;4.24;4.24;0.3;0.12;443;458.24;149.14;95.1;115.84;131.15;20.27;15.57;23.88
1995;7;26;2.58;2.63;10.2;10.2;4.22;4.22;0.26;0.11;442.52;458.46;149.72;95.24;102.53;116.08;20.8;16.08;24.55
1995;7;27;5.97;5.56;9.5;9.5;4.07;4.08;0.16;0.08;442.61;458.88;150.3;95.43;90.09;102;21.53;16.95;25.31
1995;7;28;1.8;1.78;7.1;7.2;3.56;3.57;0.22;0.1;441.6;458.47;150.87;95.65;80.69;91.36;20.17;16.15;22.45
1995;7;29;0.23;0.23;6.4;6.5;3.39;3.4;0.23;0.1;440.29;457.78;151.29;95.72;72.22;81.77;17.61;14.24;20.83
1995;7;30;8.55;8.57;6.3;6.3;3.35;3.35;0.12;0.05;440.29;458.07;151.54;95.64;63.94;72.39;17.9;14.74;18.11
1995;7;31;1.12;1.13;6.9;6.9;3.5;3.5;0.23;0.1;439.19;457.57;151.71;95.48;54.94;62.2;18.04;14.74;18.46
1995;8;1;4.19;4.16;6.2;6.2;3.05;3.05;0.16;0.07;438.55;457.33;151.79;95.24;46.84;53.03;17.53;14.26;15.87
1995;8;2;1.41;1.4;6.3;6.3;3.07;3.07;0.19;0.09;437.49;456.8;151.74;94.89;38.63;43.74;16.81;13.72;16.26
1995;8;3;0.14;0.14;6.4;6.4;3.09;3.1;0.21;0.09;436.27;456.15;151.55;94.39;30.31;34.32;15.92;12.9;17
1995;8;4;0.32;0.28;6.5;6.5;3.12;3.12;0.2;0.09;435.14;455.56;151.2;93.74;21.86;24.75;15.44;12.42;16.58
1995;8;5;0.09;0.1;7.5;7.5;3.34;3.34;0.22;0.1;434.14;455.16;150.73;92.98;12.13;13.73;15.66;12.46;17.32
1995;8;6;0.34;0.36;8.1;8.1;3.46;3.47;0.22;0.1;433.3;454.91;150.2;92.17;1.62;1.84;16.31;12.84;16.6
1995;8;7;5.26;5.34;6.4;6.4;3.1;3.1;0.08;0;432.21;454.05;149.62;91.32;0;0;15.48;12.14;15
1995;8;8;8.89;8.89;5.2;5.2;2.8;2.81;0.27;0.25;431.41;453.18;148.95;90.39;0;0;19.01;16.12;16.91
1995;8;9;9.61;9.5;4.6;4.6;2.64;2.64;0.43;0.44;430.64;452.24;148.22;89.37;0;0;19.17;16.58;15.01
1995;8;10;0.25;0.25;7.8;7.8;3.4;3.4;1.26;1.29;427.38;449.23;147.38;88.22;0;0;20.36;17.37;20.98
1995;8;11;2.76;2.83;8.7;8.7;3.59;3.59;1.12;1.14;424.73;446.76;146.32;86.83;0;0;21;17.32;26.3
1995;8;12;9.8;9.77;7.1;7.1;3.25;3.25;0.51;0.52;424.15;446.04;145.12;85.28;0;0;20.91;17.24;22.84
1995;8;13;12.43;12.41;6.2;6.2;3.05;3.05;0.3;0.31;424.33;445.98;143.99;83.82;0;0;21.22;17.89;22.01
1995;8;14;12.78;12.78;5.5;5.5;2.88;2.88;0.26;0.26;424.6;446.02;143.07;82.56;0;0;21.15;18.08;18.94
1995;8;15;3.12;3.13;4.4;4.4;2.59;2.59;0.79;0.81;422.41;443.98;142.28;81.44;0;0;18.19;15.46;18.18
1995;8;16;4.84;4.76;2.7;2.7;2.06;2.05;0.3;0.28;421.12;442.77;141.44;80.27;0;0;11.7;9.45;11.92
1995;8;17;1.26;1.29;2.4;2.4;1.95;1.94;0.03;0;419.36;441.27;140.48;78.95;0;0;9.07;7.7;8.85
1995;8;18;2.58;2.38;3.4;3.4;2.29;2.29;0.03;0;417.96;439.98;139.35;77.47;0;0;8.23;6.9;7.05
1995;8;19;7.71;7.7;3.3;3.3;2.25;2.26;0.04;0;417.65;439.67;138.13;75.9;0;0;9.6;7.78;8.01
1995;8;20;5.01;4.98;4.2;4.2;2.53;2.53;0.36;0.34;416.43;438.53;136.94;74.35;0;0;13.44;11.39;11.61
1995;8;21;5.65;5.62;4.6;4.6;2.65;2.64;0.66;0.68;415.1;437.21;135.78;72.85;0;0;14.45;12.12;13.53
1995;8;22;0.84;0.85;4.4;4.4;2.6;2.59;0.92;0.94;412.41;434.73;134.62;71.35;0;0;13.69;11.26;11.87
1995;8;23;4.09;4.19;5.3;5.3;2.83;2.83;0.8;0.82;410.62;433.07;133.41;69.8;0;0;14.16;11.64;12.47
1995;8;24;8.07;8.07;5.1;5.1;2.78;2.78;0.54;0.55;410.14;432.5;132.21;68.27;0;0;15.28;12.69;14.82
1995;8;25;5.63;5.59;4.5;4.5;2.61;2.62;0.65;0.67;408.96;431.32;131.1;66.86;0;0;15.08;12.61;13.74
1995;8;26;2.14;2.06;2.8;2.8;2.1;2.09;0.37;0.35;407.23;429.73;130.05;65.5;0;0;9.81;7.7;10.19
1995;8;27;1.47;1.44;3;3;2.16;2.16;0.06;0;405.64;428.38;128.97;64.12;0;0;7.88;6.06;8.24
1995;8;28;14.4;13.89;-2.2;-2.1;0;0;0;0;403.74;426.71;127.8;62.66;14.4;13.89;6.61;5.41;5.96
1995;8;29;22.84;22.33;-4.3;-4.3;0;0;0;0;403.74;426.71;124.06;58.63;37.24;36.22;5.03;4.44;5.01
1995;8;30;4.48;4.36;-4.9;-4.9;0;0;0;0;403.74;426.71;120.55;54.86;41.71;40.58;4.31;3.86;4.4
1995;8;31;1.42;1.31;-5.7;-5.6;0;0;0;0;403.74;426.71;117.25;51.33;43.13;41.89;3.96;3.57;3.74
1995;9;1;3.26;3.15;-3.3;-3.3;0;0;0;0;403.74;426.71;114.15;48.03;46.39;45.04;3.7;3.34;3.19
1995;9;2;0.06;0.06;-1.3;-1.2;0;0;0;0;403.74;426.71;111.24;44.95;46.45;45.1;3.48;3.12;3.33
1995;9;3;3.59;3.66;-2.8;-2.8;0;0;0;0;403.74;426.71;108.5;42.06;50.04;48.76;3.27;2.92;3.34
1995;9;4;1.99;2;-4.3;-4.3;0;0;0;0;403.74;426.71;105.94;39.35;52.03;50.76;3.08;2.74;3.11
1995;9;5;0.15;0.15;-3.7;-3.6;0;0;0;0;403.74;426.71;103.52;36.83;52.18;50.91;2.9;2.56;2.67
1995;9;6;3.25;3.34;-1.9;-1.9;0;0;0;0;403.74;426.71;101.25;34.46;55.42;54.25;2.73;2.4;2.5
1995;9;7;14.36;14.43;0;0;0;0;0;0;403.74;426.71;99.11;32.25;69.78;68.68;2.57;2.24;2.88
1995;9;8;10.09;10.18;0.7;0.7;0.88;0.92;0.06;0.06;404.03;427.04;97.1;30.17;78.58;77.41;2.42;2.1;4.23
1995;9;9;2.63;2.64;-0.6;-0.6;0;0;0;0;404.03;427.04;95.21;28.24;81.21;80.05;2.28;1.96;3.32
1995;9;10;0.02;0.02;1.6;1.6;1.36;1.36;0.18;0.17;405.38;428.29;93.43;26.42;75.76;74.43;2.7;2.39;3.03
1995;9;11;2.06;2.07;2.9;2.9;1.8;1.81;0.21;0.2;406.88;429.42;94.69;27.83;64.94;63.85;5.3;4.92;3.24
1995;9;12;1.08;1.12;2.4;2.4;1.65;1.66;0.16;0.14;407.18;429.46;95.94;29.21;57.71;57.07;6.79;6.24;3.2
1995;9;13;7.33;7.5;2.2;2.2;1.61;1.59;0.1;0.08;408.16;429.74;97.23;30.6;54.95;55.64;7.07;6.36;5.36
1995;9;14;10.01;9.93;0.9;0.9;1.03;1.03;0.04;0.04;407.12;428.79;98.49;31.93;61.54;62.24;6.34;5.56;5.62
1995;9;15;2.27;2.27;0.8;0.8;0.95;0.98;0.08;0.08;405.72;427.6;99.61;33.07;61.66;62.3;5.2;4.46;4.56
1995;9;16;4.18;4.24;-0.6;-0.6;0;0;0;0;403.81;425.94;100.5;33.96;65.85;66.54;4.23;3.58;4.32
1995;9;17;0.7;0.7;0.3;0.3;0.58;0.61;0.07;0.07;402.06;424.45;101.14;34.56;65.83;66.44;3.78;3.2;3.55
1995;9;18;0.02;0.02;1.7;1.7;1.41;1.4;0.11;0.09;401.77;423.92;101.59;34.95;60.49;61.69;4.44;3.86;3.14
1995;9;19;3.98;4.06;1.5;1.4;1.31;1.28;0.08;0.06;401.31;423.14;101.94;35.24;59.99;62.07;5.05;4.4;3.6
1995;9;20;4.92;4.9;-0.5;-0.5;0;0;0;0;399.43;421.49;102.22;35.42;64.91;66.97;4.54;3.86;3.3
1995;9;21;2.42;2.37;-1;-1;0;0;0;0;397.55;419.86;102.36;35.46;67.33;69.34;3.84;3.22;3.04
1995;9;22;0.02;0.02;-0.3;-0.3;0;0;0;0;397.55;419.86;100.16;33.18;67.35;69.36;3.11;2.57;2.77
1995;9;23;0;0;-0.3;-0.3;0;0;0;0;397.55;419.86;98.1;31.05;67.35;69.36;2.63;2.19;2.55
1995;9;24;4.88;4.96;-0.8;-0.8;0;0;0;0;397.55;419.86;96.16;29.05;72.23;74.32;2.4;2.02;2.47
1995;9;25;1.87;1.9;-1.2;-1.2;0;0;0;0;397.55;419.86;94.33;27.18;74.09;76.22;2.24;1.89;2.33
1995;9;26;0;0;-0.6;-0.6;0;0;0;0;397.55;419.86;92.6;25.44;74.1;76.22;2.11;1.77;2.13
1995;9;27;1.07;0.98;2.2;2.2;1.59;1.59;0.11;0.09;397.47;419.62;93.35;26.19;69.24;71.64;2.87;2.49;2.19
1995;9;28;2.01;1.88;-2.3;-2.3;0;0;0;0;397.47;419.62;91.69;24.51;71.25;73.52;2.98;2.55;2.21
1995;9;29;0.52;0.49;-7.1;-7.1;0;0;0;0;397.47;419.62;90.12;22.94;71.77;74.01;2.14;1.74;1.88
1995;9;30;0.03;0.03;-5.9;-5.9;0;0;0;0;397.47;419.62;88.64;21.46;71.8;74.04;1.85;1.5;1.79
1995;10;1;3.98;3.88;-2.2;-2.2;0;0;0;0;397.47;419.62;87.24;20.09;3.79;3.9;1.73;1.4;1.85
1995;10;2;0.01;0.01;2.3;2.3;1.43;1.44;0.22;0.22;397.49;419.63;85.93;18.8;3.58;3.71;1.63;1.31;1.86
1995;10;3;0.02;0.02;2.5;2.5;1.48;1.49;0;0;398.52;420.59;84.68;17.59;0;0;1.73;1.41;1.51
1995;10;4;0.45;0.47;2.5;2.5;1.49;1.49;0;0;396.78;419.07;86.1;19.14;0;0;2.19;1.85;1.56
1995;10;5;0.74;0.76;3.3;3.3;1.71;1.71;0.02;0;395.11;417.64;87.23;20.38;0;0;2.86;2;1.79
1995;10;6;1.66;1.72;2.9;2.9;1.61;1.6;0.05;0;393.7;416.47;88.14;21.38;0;0;3.71;2.36;1.67
1995;10;7;0.11;0.11;3.9;3.9;1.85;1.85;0.05;0;391.84;414.88;88.87;22.18;0;0;3.84;2.33;1.98
1995;10;8;0.01;0.01;4.9;4.9;2.06;2.06;0.36;0.34;389.66;412.93;89.43;22.79;0;0;7.22;5.43;1.95
1995;10;9;0.08;0.08;5.8;5.8;2.23;2.23;0.72;0.74;387.16;410.61;89.84;23.23;0;0;8.72;6.6;2.29
1995;10;10;0.08;0.09;5.4;5.4;2.16;2.16;0.69;0.71;384.7;408.32;90.12;23.53;0;0;8.96;6.71;2.59
1995;10;11;0;0;4.8;4.8;2.04;2.04;0.65;0.68;382.27;406.06;90.29;23.7;0;0;8.55;6.41;2.35
1995;10;12;0;0;3.4;3.4;1.73;1.73;0.55;0.58;379.95;403.9;90.37;23.77;0;0;7.27;5.43;2.16
1995;10;13;0;0;3.3;3.3;1.71;1.71;0.55;0.57;377.65;401.77;90.38;23.76;0;0;6.75;5.14;2.11
1995;10;14;0;0;3.3;3.3;1.71;1.71;0.55;0.57;375.37;399.64;90.31;23.68;0;0;6.73;5.14;2.03
1995;10;15;0;0;2.6;2.6;1.52;1.52;0.48;0.51;373.16;397.58;90.2;23.55;0;0;6.11;4.67;1.94
1995;10;16;0;0;2.1;2.1;1.38;1.38;0.44;0.46;371.01;395.58;90.06;23.38;0;0;5.39;4.16;1.7
1995;10;17;0.01;0.01;2;2;1.34;1.34;0.23;0.22;369.09;393.82;89.87;23.17;0;0;3.45;2.33;1.6
1995;10;18;0;0;2.1;2.1;1.38;1.38;0.24;0.23;367.17;392.06;89.67;22.94;0;0;4.84;3.74;1.49
1995;10;19;0;0;2.8;2.8;1.57;1.58;0.5;0.52;365;390.01;89.44;22.68;0;0;5.75;4.53;1.77
1995;10;20;0;0;1.9;1.9;1.31;1.31;0.41;0.44;362.92;388.06;89.2;22.42;0;0;5.18;4;1.62
1995;10;21;0.07;0.07;0.4;0.4;0.62;0.62;0.1;0.1;361.2;386.48;88.95;22.14;0;0;3.03;2.28;1.62
1995;10;22;0.13;0.14;0.9;0.9;0.93;0.92;0;0;359.61;385.02;88.69;21.87;0;0;2.41;1.97;1.62
1995;10;23;0;0;0.8;0.8;0.88;0.87;0.14;0.14;357.84;383.38;88.44;21.59;0;0;3.21;2.65;1.55
1995;10;24;0;0;0.4;0.4;0.62;0.62;0.2;0.21;356.03;381.69;88.18;21.32;0;0;3.02;2.38;1.55
1995;10;25;0;0;-0.1;-0.1;0;0;0;0;354.42;380.2;87.92;21.05;0;0;2.42;1.94;1.51
1995;10;26;0;0;0.5;0.5;0.7;0.69;0.22;0.23;352.61;378.5;87.67;20.78;0;0;2.72;2.25;1.6
1995;10;27;0.01;0.01;1.5;1.5;1.17;1.17;0.18;0.19;350.84;376.84;87.41;20.52;0;0;2.37;1.9;1.58
1995;10;28;0.08;0.08;0;0;0;0;0;0;349.27;375.37;87.16;20.26;0.08;0.08;2.19;1.81;1.68
1995;10;29;0.6;0.62;-1;-1;0;0;0;0;347.98;373.91;86.76;20.01;0.68;0.7;2.14;1.79;1.54
1995;10;30;2.17;2.17;-1.8;-1.8;0;0;0;0;347.98;373.91;85.45;18.72;2.85;2.87;1.76;1.45;1.53
1995;10;31;0.02;0.02;-1.6;-1.6;0;0;0;0;347.98;373.91;84.21;17.52;2.86;2.89;1.52;1.23;1.48
1995;11;1;2.17;2.09;-2.6;-2.6;0;0;0;0;347.98;373.91;83.04;16.39;5.03;4.98;1.42;1.14;1.23
1995;11;2;5.63;5.42;-8.9;-8.9;0;0;0;0;347.98;373.91;81.93;15.34;10.66;10.4;1.34;1.07;1.11
1995;11;3;9;8.82;-9.7;-9.7;0;0;0;0;347.98;373.91;80.89;14.35;19.66;19.22;1.27;1;1.07
1995;11;4;4.65;4.51;-17.8;-17.7;0;0;0;0;347.98;373.91;79.9;13.43;24.31;23.73;1.2;0.93;1.05
1995;11;5;0.47;0.43;-18.7;-18.7;0;0;0;0;347.98;373.91;78.96;12.57;24.78;24.16;1.14;0.87;1.03
1995;11;6;3.52;3.47;-15;-15;0;0;0;0;347.98;373.91;78.08;11.76;28.3;27.63;1.08;0.82;1.01
1995;11;7;1.28;1.24;-8.8;-8.8;0;0;0;0;347.98;373.91;77.24;11.01;29.58;28.87;1.03;0.77;0.99
1995;11;8;0.57;0.54;-8.7;-8.7;0;0;0;0;347.98;373.91;76.44;10.3;30.15;29.41;0.97;0.72;0.98
1995;11;9;0;0;-8.3;-8.3;0;0;0;0;347.98;373.91;75.68;9.64;30.15;29.41;0.92;0.67;0.96
1995;11;10;0.06;0.06;-6.9;-6.8;0;0;0;0;347.98;373.91;74.97;9.02;30.2;29.47;0.88;0.63;0.94
1995;11;11;0.4;0.43;-3.6;-3.6;0;0;0;0;347.98;373.91;74.28;8.44;30.6;29.9;0.83;0.59;0.95
1995;11;12;0.1;0.11;-3.1;-3.1;0;0;0;0;347.98;373.91;73.63;7.9;30.69;30.01;0.79;0.55;0.94
1995;11;13;0.1;0.11;-3.6;-3.6;0;0;0;0;347.98;373.91;73.02;7.39;30.8;30.12;0.75;0.51;1.01
1995;11;14;0.46;0.43;-3.9;-3.9;0;0;0;0;347.98;373.91;72.43;6.92;31.25;30.55;0.72;0.48;1.04
1995;11;15;0.23;0.26;-6.3;-6.3;0;0;0;0;347.98;373.91;71.86;6.47;31.48;30.81;0.69;0.45;1.04
1995;11;16;4;3.99;-4.1;-4.1;0;0;0;0;347.98;373.91;71.33;6.06;35.48;34.8;0.65;0.42;1.08
1995;11;17;10.03;9.74;-5.1;-5.1;0;0;0;0;347.98;373.91;70.82;5.67;45.52;44.54;0.62;0.39;1.08
1995;11;18;2.94;2.82;-16.1;-16;0;0;0;0;347.98;373.91;70.33;5.31;48.45;47.36;0.6;0.37;1.03
1995;11;19;4.75;4.68;-18.2;-18.1;0;0;0;0;347.98;373.91;69.86;4.97;53.21;52.04;0.57;0.35;1.01
1995;11;20;7.9;7.82;-15.2;-15.2;0;0;0;0;347.98;373.91;69.41;4.65;61.11;59.86;0.55;0.32;1.01
1995;11;21;0;0;-13.8;-13.6;0;0;0;0;347.98;373.91;68.98;4.35;61.11;59.86;0.52;0.3;1
1995;11;22;0;0;-9.7;-9.6;0;0;0;0;347.98;373.91;68.57;4.07;61.11;59.86;0.5;0.28;0.99
1995;11;23;0;0;-9.5;-9.5;0;0;0;0;347.98;373.91;68.17;3.81;61.11;59.86;0.48;0.26;0.98
1995;11;24;0;0;-10.7;-10.6;0;0;0;0;347.98;373.91;67.79;3.57;61.11;59.86;0.46;0.25;0.89
1995;11;25;0.02;0.02;-11;-10.9;0;0;0;0;347.98;373.91;67.42;3.34;61.12;59.88;0.45;0.23;0.88
1995;11;26;0.46;0.48;-11.1;-11;0;0;0;0;347.98;373.91;67.07;3.12;61.59;60.36;0.43;0.22;0.87
1995;11;27;1.03;1.08;-6.5;-6.4;0;0;0;0;347.98;373.91;66.73;2.93;62.62;61.44;0.41;0.2;0.86
1995;11;28;4.86;4.76;-7;-6.9;0;0;0;0;347.98;373.91;66.4;2.74;67.47;66.2;0.4;0.19;0.86
1995;11;29;0.55;0.52;-9.3;-9.3;0;0;0;0;347.98;373.91;66.08;2.56;68.02;66.72;0.39;0.18;0.85
1995;11;30;0;0;-13.4;-13.3;0;0;0;0;347.98;373.91;65.77;2.4;68.02;66.72;0.37;0.17;0.84
1995;12;1;0;0;-14.2;-14.1;0;0;0;0;347.98;373.91;65.47;2.25;68.02;66.72;0.36;0.16;0.82
1995;12;2;0.04;0.04;-14.4;-14.3;0;0;0;0;347.98;373.91;65.19;2.1;68.06;66.76;0.35;0.15;0.8
1995;12;3;2.44;2.36;-15.6;-15.5;0;0;0;0;347.98;373.91;64.91;1.97;70.5;69.12;0.34;0.14;0.77
1995;12;4;0.2;0.2;-16.1;-16.1;0;0;0;0;347.98;373.91;64.63;1.84;70.7;69.32;0.33;0.13;0.75
1995;12;5;0.01;0.01;-18.1;-18.1;0;0;0;0;347.98;373.91;64.37;1.73;70.71;69.33;0.32;0.12;0.72
1995;12;6;0.03;0.03;-18.8;-18.7;0;0;0;0;347.98;373.91;64.11;1.62;70.74;69.36;0.31;0.11;0.7
1995;12;7;0.19;0.21;-14.8;-14.8;0;0;0;0;347.98;373.91;63.86;1.51;70.93;69.57;0.3;0.11;0.69
1995;12;8;0.03;0.03;-11;-11;0;0;0;0;347.98;373.91;63.61;1.42;70.96;69.6;0.29;0.1;0.69
1995;12;9;0;0;-12.1;-12;0;0;0;0;347.98;373.91;63.38;1.33;70.96;69.6;0.29;0.09;0.67
1995;12;10;0;0;-10.5;-10.4;0;0;0;0;347.98;373.91;63.14;1.24;70.96;69.6;0.28;0.09;0.66
1995;12;11;0.98;0.93;-9.9;-9.8;0;0;0;0;347.98;373.91;62.91;1.17;71.94;70.53;0.27;0.08;0.67
1995;12;12;3.51;3.39;-12.1;-12;0;0;0;0;347.98;373.91;62.69;1.09;75.44;73.92;0.27;0.08;0.68
1995;12;13;7.31;7.36;-17.1;-17.1;0;0;0;0;347.98;373.91;62.47;1.02;82.75;81.28;0.26;0.07;0.69
1995;12;14;5.56;5.68;-15;-15;0;0;0;0;347.98;373.91;62.26;0.96;88.31;86.96;0.26;0.07;0.68
1995;12;15;1.75;1.8;-13.7;-13.7;0;0;0;0;347.98;373.91;62.05;0.9;90.06;88.76;0.25;0.06;0.67
1995;12;16;0.1;0.11;-8.7;-8.7;0;0;0;0;347.98;373.91;61.84;0.84;90.16;88.87;0.25;0.06;0.66
1995;12;17;0.13;0.14;-9;-9;0;0;0;0;347.98;373.91;61.64;0.79;90.29;89.01;0.24;0.05;0.66
1995;12;18;13.79;13.72;-9.7;-9.7;0;0;0;0;347.98;373.91;61.44;0.74;104.09;102.73;0.24;0.05;0.66
1995;12;19;0.47;0.46;-10.8;-10.8;0;0;0;0;347.98;373.91;61.24;0.69;104.56;103.19;0.23;0.05;0.66
1995;12;20;7.61;7.44;-10.6;-10.6;0;0;0;0;347.98;373.91;61.05;0.65;112.17;110.63;0.23;0.05;0.65
1995;12;21;3.29;3.23;-6.9;-6.9;0;0;0;0;347.98;373.91;60.85;0.61;115.46;113.86;0.23;0.04;0.64
1995;12;22;0.59;0.62;-7.2;-7.2;0;0;0;0;347.98;373.91;60.67;0.57;116.05;114.48;0.22;0.04;0.62
1995;12;23;4.89;4.81;-6.8;-6.8;0;0;0;0;347.98;373.91;60.48;0.54;120.95;119.29;0.22;0.04;0.61
1995;12;24;2.16;2.04;-9.5;-9.5;0;0;0;0;347.98;373.91;60.3;0.5;123.11;121.33;0.22;0.03;0.61
1995;12;25;6.52;6.38;-9.9;-9.9;0;0;0;0;347.98;373.91;60.12;0.47;129.62;127.71;0.21;0.03;0.61
1995;12;26;6.24;6.16;-9.4;-9.4;0;0;0;0;347.98;373.91;59.94;0.44;135.87;133.87;0.21;0.03;0.61
1995;12;27;2.33;2.28;-15.3;-15.3;0;0;0;0;347.98;373.91;59.76;0.42;138.19;136.15;0.21;0.03;0.6
1995;12;28;0;0;-21.6;-21.6;0;0;0;0;347.98;373.91;59.59;0.39;138.19;136.15;0.2;0.03;0.6
1995;12;29;0.4;0.38;-19.2;-19.2;0;0;0;0;347.98;373.91;59.42;0.37;138.59;136.53;0.2;0.03;0.61
1995;12;30;0.72;0.73;-16.5;-16.5;0;0;0;0;347.98;373.91;59.25;0.34;139.31;137.26;0.2;0.02;0.61
1995;12;31;4.21;4.18;-10.6;-10.6;0;0;0;0;347.98;373.91;59.08;0.32;143.52;141.44;0.2;0.02;0.63
1996;1;1;1.45;1.42;-10.3;-10.3;0;0;0;0;347.98;373.91;58.91;0.3;144.97;142.86;0.2;0.02;0.57
1996;1;2;0.07;0.06;-13.8;-13.8;0;0;0;0;347.98;373.91;58.74;0.28;145.03;142.92;0.19;0.02;0.57
1996;1;3;0.54;0.51;-12;-12;0;0;0;0;347.98;373.91;58.58;0.27;145.58;143.43;0.19;0.02;0.57
1996;1;4;0;0;-15.2;-15.2;0;0;0;0;347.98;373.91;58.41;0.25;145.58;143.43;0.19;0.02;0.58
1996;1;5;0.02;0.02;-14;-14;0;0;0;0;347.98;373.91;58.25;0.24;145.6;143.45;0.19;0.02;0.58
1996;1;6;2.49;2.57;-11.9;-11.9;0;0;0;0;347.98;373.91;58.09;0.22;148.08;146.02;0.19;0.02;0.58
1996;1;7;2.57;2.61;-8.6;-8.6;0;0;0;0;347.98;373.91;57.93;0.21;150.66;148.63;0.19;0.01;0.58
1996;1;8;2.53;2.42;-9.5;-9.5;0;0;0;0;347.98;373.91;57.77;0.2;153.19;151.05;0.18;0.01;0.58
1996;1;9;0;0;-11;-11;0;0;0;0;347.98;373.91;57.62;0.19;153.19;151.05;0.18;0.01;0.58
1996;1;10;1.6;1.66;-8.4;-8.4;0;0;0;0;347.98;373.91;57.46;0.18;154.79;152.71;0.18;0.01;0.58
1996;1;11;2.2;2.3;-6.7;-6.6;0;0;0;0;347.98;373.91;57.3;0.17;156.99;155.01;0.18;0.01;0.58
1996;1;12;1.2;1.25;-6;-6;0;0;0;0;347.98;373.91;57.15;0.16;158.19;156.26;0.18;0.01;0.58
1996;1;13;0;0;-6.6;-6.6;0;0;0;0;347.98;373.91;56.99;0.15;158.19;156.26;0.18;0.01;0.58
1996;1;14;0;0;-9;-9;0;0;0;0;347.98;373.91;56.84;0.14;158.19;156.26;0.18;0.01;0.58
1996;1;15;0;0;-9.5;-9.5;0;0;0;0;347.98;373.91;56.69;0.13;158.19;156.26;0.18;0.01;0.58
1996;1;16;0;0;-12.1;-12.1;0;0;0;0;347.98;373.91;56.54;0.12;158.19;156.26;0.17;0.01;0.57
1996;1;17;0;0;-12.6;-12.6;0;0;0;0;347.98;373.91;56.39;0.12;158.19;156.26;0.17;0.01;0.55
1996;1;18;0;0;-12.9;-12.9;0;0;0;0;347.98;373.91;56.24;0.11;158.19;156.26;0.17;0.01;0.53
1996;1;19;0;0;-13.8;-13.8;0;0;0;0;347.98;373.91;56.09;0.1;158.19;156.26;0.17;0.01;0.51
1996;1;20;0;0;-14.9;-14.9;0;0;0;0;347.98;373.91;55.94;0.1;158.19;156.25;0.17;0.01;0.49
1996;1;21;0;0;-15.9;-15.9;0;0;0;0;347.98;373.91;55.79;0.1;158.19;156.25;0.17;0.01;0.47
1996;1;22;0.07;0.07;-15.5;-15.5;0;0;0;0;347.98;373.91;55.65;0.09;158.25;156.32;0.17;0.01;0.46
1996;1;23;1.68;1.72;-11;-11;0;0;0;0;347.98;373.91;55.5;0.08;159.93;158.04;0.17;0.01;0.43
1996;1;24;2.11;2.18;-8.7;-8.7;0;0;0;0;347.98;373.91;55.35;0.08;162.04;160.22;0.17;0.01;0.42
1996;1;25;0.75;0.8;-9;-9;0;0;0;0;347.98;373.91;55.21;0.08;162.79;161.03;0.17;0.01;0.42
1996;1;26;5.54;5.68;-9.3;-9.3;0;0;0;0;347.98;373.91;55.07;0.07;168.34;166.71;0.17;0.01;0.42
1996;1;27;0.66;0.65;-10;-10;0;0;0;0;347.98;373.91;54.92;0.07;169;167.35;0.17;0;0.42
1996;1;28;0.16;0.17;-13;-13;0;0;0;0;347.98;373.91;54.78;0.07;169.15;167.53;0.17;0;0.42
1996;1;29;0.06;0.07;-12;-12;0;0;0;0;347.98;373.91;54.64;0.06;169.21;167.59;0.16;0;0.42
1996;1;30;0;0;-14;-14;0;0;0;0;347.98;373.91;54.49;0.06;169.21;167.59;0.16;0;0.42
1996;1;31;0;0;-14.2;-14.2;0;0;0;0;347.98;373.91;54.35;0.06;169.21;167.59;0.16;0;0.43
1996;2;1;0;0;-12.4;-12.4;0;0;0;0;347.98;373.91;54.21;0.06;169.21;167.59;0.16;0;0.43
1996;2;2;0.78;0.8;-11.3;-11.3;0;0;0;0;347.98;373.91;54.07;0.05;169.99;168.4;0.16;0;0.43
1996;2;3;1.24;1.23;-10.2;-10.2;0;0;0;0;347.98;373.91;53.93;0.05;171.22;169.62;0.16;0;0.43
1996;2;4;0.6;0.59;-13;-13;0;0;0;0;347.98;373.91;53.79;0.05;171.83;170.22;0.16;0;0.43
1996;2;5;0.14;0.14;-15.7;-15.7;0;0;0;0;347.98;373.91;53.65;0.05;171.97;170.35;0.16;0;0.44
1996;2;6;0;0;-19;-19;0;0;0;0;347.98;373.91;53.51;0.05;171.97;170.35;0.16;0;0.44
1996;2;7;0;0;-17.9;-17.9;0;0;0;0;347.98;373.91;53.37;0.04;171.97;170.35;0.16;0;0.42
1996;2;8;1.3;1.23;-17.9;-17.9;0;0;0;0;347.98;373.91;53.24;0.04;173.27;171.58;0.16;0;0.39
1996;2;9;0.2;0.18;-17.1;-17.1;0;0;0;0;347.98;373.91;53.1;0.04;173.46;171.76;0.16;0;0.38
1996;2;10;0.17;0.16;-13.9;-13.9;0;0;0;0;347.98;373.91;52.96;0.04;173.63;171.92;0.16;0;0.38
1996;2;11;0.41;0.41;-15.3;-15.3;0;0;0;0;347.98;373.91;52.83;0.04;174.04;172.33;0.16;0;0.37
1996;2;12;1.59;1.61;-16.1;-16.1;0;0;0;0;347.98;373.91;52.69;0.04;175.63;173.94;0.16;0;0.33
1996;2;13;1.54;1.49;-14.2;-14.2;0;0;0;0;347.98;373.91;52.55;0.04;177.17;175.43;0.16;0;0.31
1996;2;14;2.17;2.05;-16.6;-16.6;0;0;0;0;347.98;373.91;52.42;0.04;179.34;177.48;0.16;0;0.31
1996;2;15;0.12;0.11;-15.4;-15.4;0;0;0;0;347.98;373.91;52.28;0.03;179.46;177.59;0.16;0;0.31
1996;2;16;2.83;2.71;-11.4;-11.4;0;0;0;0;347.98;373.91;52.15;0.03;182.29;180.3;0.15;0;0.32
1996;2;17;5.38;5.3;-12.2;-12.2;0;0;0;0;347.98;373.91;52.01;0.03;187.68;185.6;0.15;0;0.32
1996;2;18;1.08;1.06;-12.5;-12.5;0;0;0;0;347.98;373.91;51.88;0.03;188.76;186.66;0.15;0;0.32
1996;2;19;7.5;7.45;-13.8;-13.8;0;0;0;0;347.98;373.91;51.75;0.03;196.26;194.11;0.15;0;0.33
1996;2;20;0.45;0.44;-16.6;-16.6;0;0;0;0;347.98;373.91;51.61;0.03;196.71;194.55;0.15;0;0.33
1996;2;21;1.34;1.32;-15.3;-15.3;0;0;0;0;347.98;373.91;51.48;0.03;198.04;195.87;0.15;0;0.33
1996;2;22;0.4;0.37;-18.3;-18.3;0;0;0;0;347.98;373.91;51.35;0.03;198.44;196.24;0.15;0;0.34
1996;2;23;0.04;0.04;-21.3;-21.3;0;0;0;0;347.98;373.91;51.22;0.03;198.48;196.28;0.15;0;0.35
1996;2;24;0;0;-19.2;-19.2;0;0;0;0;347.98;373.91;51.09;0.03;198.48;196.28;0.15;0;0.34
1996;2;25;0;0;-14.4;-14.4;0;0;0;0;347.98;373.91;50.95;0.03;198.48;196.28;0.15;0;0.34
1996;2;26;0;0;-13.5;-13.5;0;0;0;0;347.98;373.91;50.82;0.03;198.48;196.28;0.15;0;0.33
1996;2;27;0;0;-12.8;-12.8;0;0;0;0;347.98;373.91;50.69;0.03;198.48;196.28;0.15;0;0.33
1996;2;28;0;0;-9.9;-9.9;0;0;0;0;347.98;373.91;50.56;0.03;198.48;196.28;0.15;0;0.32
1996;2;29;0;0;-10.2;-10.2;0;0;0;0;347.98;373.91;50.43;0.02;198.48;196.28;0.15;0;0.32
1996;3;1;1.43;1.37;-13.5;-13.5;0;0;0;0;347.98;373.91;50.3;0.02;199.91;197.65;0.15;0;0.32
1996;3;2;0.95;0.91;-19.3;-19.3;0;0;0;0;347.98;373.91;50.17;0.02;200.87;198.56;0.15;0;0.32
1996;3;3;0.6;0.57;-20.7;-20.7;0;0;0;0;347.98;373.91;50.05;0.02;201.46;199.13;0.15;0;0.32
1996;3;4;0.12;0.11;-21.1;-21.1;0;0;0;0;347.98;373.91;49.92;0.02;201.58;199.24;0.15;0;0.32
1996;3;5;0;0;-17.4;-17.4;0;0;0;0;347.98;373.91;49.79;0.02;201.58;199.24;0.15;0;0.32
1996;3;6;0;0;-13.2;-13.2;0;0;0;0;347.98;373.91;49.66;0.02;201.58;199.24;0.15;0;0.32
1996;3;7;0.42;0.43;-14.7;-14.7;0;0;0;0;347.98;373.91;49.53;0.02;202;199.67;0.15;0;0.32
1996;3;8;0;0;-13.3;-13.3;0;0;0;0;347.98;373.91;49.41;0.02;202;199.67;0.15;0;0.32
1996;3;9;0;0;-13.3;-13.3;0;0;0;0;347.98;373.91;49.28;0.02;202;199.67;0.15;0;0.32
1996;3;10;0;0;-13.3;-13.3;0;0;0;0;347.98;373.91;49.16;0.02;202;199.67;0.14;0;0.32
1996;3;11;0.59;0.55;-14.3;-14.3;0;0;0;0;347.98;373.91;49.03;0.02;202.59;200.22;0.14;0;0.32
1996;3;12;2.59;2.55;-18.9;-18.9;0;0;0;0;347.98;373.91;48.9;0.02;205.18;202.77;0.14;0;0.32
1996;3;13;0.08;0.09;-15.2;-15.2;0;0;0;0;347.98;373.91;48.78;0.02;205.26;202.86;0.14;0;0.32
1996;3;14;0;0;-9;-9;0;0;0;0;347.98;373.91;48.65;0.02;205.26;202.86;0.14;0;0.32
1996;3;15;0.01;0.01;-8.4;-8.4;0;0;0;0;347.98;373.91;48.53;0.02;205.27;202.87;0.14;0;0.33
1996;3;16;4.99;5.05;-6.8;-6.8;0;0;0;0;347.98;373.91;48.4;0.02;210.26;207.92;0.14;0;0.32
1996;3;17;3.17;3.16;-6.2;-6.2;0;0;0;0;347.98;373.91;48.28;0.02;213.43;211.08;0.14;0;0.31
1996;3;18;2.74;2.68;-6.9;-6.9;0;0;0;0;347.98;373.91;48.16;0.02;216.17;213.76;0.14;0;0.31
1996;3;19;1.42;1.42;-6.7;-6.7;0;0;0;0;347.98;373.91;48.03;0.02;217.59;215.18;0.14;0;0.31
1996;3;20;0;0;-7.5;-7.5;0;0;0;0;347.98;373.91;47.91;0.02;217.59;215.18;0.14;0;0.31
1996;3;21;2.89;2.86;-7.7;-7.7;0;0;0;0;347.98;373.91;47.79;0.02;220.48;218.04;0.14;0;0.31
1996;3;22;8.57;8.45;-7.4;-7.4;0;0;0;0;347.98;373.91;47.66;0.02;229.05;226.49;0.14;0;0.31
1996;3;23;10.99;10.82;-4.3;-4.3;0;0;0;0;347.98;373.91;47.54;0.02;240.04;237.31;0.14;0;0.31
1996;3;24;0;0;-3.2;-3.1;0;0;0;0;347.98;373.91;47.42;0.02;240.04;237.31;0.14;0;0.38
1996;3;25;2.01;1.8;-3;-3;0;0;0;0;347.98;373.91;47.3;0.02;242.05;239.11;0.14;0;0.48
1996;3;26;0.54;0.49;-4.2;-4.2;0;0;0;0;347.98;373.91;47.18;0.02;242.59;239.6;0.14;0;0.65
1996;3;27;2.82;2.76;-6.5;-6.5;0;0;0;0;347.98;373.91;47.06;0.02;245.41;242.36;0.14;0;0.49
1996;3;28;0.08;0.07;-8.9;-8.9;0;0;0;0;347.98;373.91;46.94;0.02;245.49;242.43;0.14;0;0.4
1996;3;29;1.34;1.25;-13.3;-13.3;0;0;0;0;347.98;373.91;46.82;0.02;246.83;243.68;0.14;0;0.36
1996;3;30;2.06;1.96;-15;-15;0;0;0;0;347.98;373.91;46.7;0.02;248.88;245.64;0.14;0;0.33
1996;3;31;0.5;0.47;-15.5;-15.5;0;0;0;0;347.98;373.91;46.58;0.02;249.38;246.11;0.14;0;0.31
1996;4;1;3.78;3.87;-11.9;-11.9;0;0;0;0;347.98;373.91;46.46;0.02;253.16;249.98;0.14;0;0.32
1996;4;2;1.98;1.9;-9.7;-9.7;0;0;0;0;347.98;373.91;46.34;0.02;255.15;251.88;0.14;0;0.32
1996;4;3;1.66;1.61;-10.7;-10.7;0;0;0;0;347.98;373.91;46.22;0.02;256.8;253.49;0.14;0;0.32
1996;4;4;2.25;2.22;-10.2;-10.2;0;0;0;0;347.98;373.91;46.1;0.02;259.06;255.71;0.14;0;0.32
1996;4;5;0.02;0.02;-6.8;-6.8;0;0;0;0;347.98;373.91;45.98;0.02;259.08;255.73;0.14;0;0.32
1996;4;6;0;0;-5.5;-5.5;0;0;0;0;347.98;373.91;45.87;0.02;259.08;255.73;0.13;0;0.37
1996;4;7;0.23;0.22;-5;-5;0;0;0;0;347.98;373.91;45.75;0.02;259.31;255.95;0.13;0;0.47
1996;4;8;1.37;1.39;-5.1;-5.1;0;0;0;0;347.98;373.91;45.63;0.02;260.68;257.34;0.13;0;0.48
1996;4;9;0.67;0.65;-5.8;-5.8;0;0;0;0;347.98;373.91;45.52;0.02;261.34;257.99;0.13;0;0.54
1996;4;10;0.52;0.5;-6.3;-6.3;0;0;0;0;347.98;373.91;45.4;0.02;261.87;258.49;0.13;0;0.6
1996;4;11;5.99;5.88;-5.8;-5.8;0;0;0;0;347.98;373.91;45.28;0.02;267.86;264.37;0.13;0;0.56
1996;4;12;0.73;0.67;-6.2;-6.2;0;0;0;0;347.98;373.91;45.17;0.02;268.58;265.04;0.13;0;0.62
1996;4;13;4.88;4.69;-6.8;-6.8;0;0;0;0;347.98;373.91;45.05;0.02;273.47;269.73;0.13;0;0.59
1996;4;14;0.08;0.08;-9.6;-9.6;0;0;0;0;347.98;373.91;44.94;0.02;273.55;269.81;0.13;0;0.54
1996;4;15;0.14;0.13;-10.9;-10.9;0;0;0;0;347.98;373.91;44.82;0.02;273.69;269.94;0.13;0;0.53
1996;4;16;0;0;-8.8;-8.8;0;0;0;0;347.98;373.91;44.71;0.02;273.69;269.94;0.13;0;0.58
1996;4;17;0;0;-6;-6;0;0;0;0;347.98;373.91;44.59;0.02;273.69;269.94;0.13;0;0.71
1996;4;18;0;0;-5.4;-5.4;0;0;0;0;347.98;373.91;44.48;0.02;273.68;269.94;0.13;0;0.89
1996;4;19;0;0;-2.8;-2.8;0;0;0;0;347.98;373.91;44.36;0.02;273.68;269.94;0.13;0;1.13
1996;4;20;0;0;-1.8;-1.8;0;0;0;0;347.98;373.91;44.25;0.02;273.68;269.94;0.13;0;1.3
1996;4;21;0;0;-1.8;-1.8;0;0;0;0;347.98;373.91;44.14;0.02;273.68;269.94;0.13;0;1.29
1996;4;22;0;0;-0.2;-0.2;0;0;0;0;347.98;373.91;44.02;0.02;273.68;269.94;0.13;0;1.3
1996;4;23;0.5;0.5;0.6;0.6;0.91;0.93;0.14;0.14;348.13;374.09;43.91;0.02;273.66;269.87;0.13;0;1.42
1996;4;24;2.99;2.92;-1.3;-1.2;0;0;0;0;348.13;374.09;43.8;0.02;276.65;272.79;0.13;0;1.37
1996;4;25;4.61;4.66;-1.8;-1.8;0;0;0;0;348.13;374.09;43.69;0.02;281.26;277.44;0.13;0;0.89
1996;4;26;3.01;3.09;-1;-1;0;0;0;0;348.13;374.09;43.58;0.02;284.27;280.54;0.13;0;0.88
1996;4;27;1.07;1.11;-0.8;-0.8;0;0;0;0;348.13;374.09;43.46;0.02;285.34;281.64;0.13;0;0.93
1996;4;28;1.67;1.5;-1.5;-1.5;0;0;0;0;348.13;374.09;43.35;0.02;287.01;283.14;0.13;0;1.05
1996;4;29;4.25;4.19;-1.9;-1.9;0;0;0;0;348.13;374.09;43.24;0.02;291.26;287.33;0.13;0;1.01
1996;4;30;7.07;6.98;-1.8;-1.8;0;0;0;0;348.13;374.09;43.13;0.02;298.33;294.31;0.13;0;1.1
1996;5;1;2.72;2.72;-2;-2;0;0;0;0;348.13;374.09;43.02;0.02;301.05;297.04;0.13;0;1.02
1996;5;2;3.83;3.95;-2.8;-2.8;0;0;0;0;348.13;374.09;42.91;0.02;304.88;300.99;0.13;0;0.63
1996;5;3;12.73;12.58;-5.4;-5.4;0;0;0;0;348.13;374.09;42.8;0.02;317.61;313.56;0.13;0;0.55
1996;5;4;1.24;1.28;-6.9;-6.9;0;0;0;0;348.13;374.09;42.69;0.02;318.85;314.85;0.13;0;0.53
1996;5;5;1.07;1.14;-3.5;-3.5;0;0;0;0;348.13;374.09;42.58;0.02;319.92;315.99;0.13;0;0.52
1996;5;6;0.17;0.16;-1.3;-1.3;0;0;0;0;348.13;374.09;42.47;0.02;320.09;316.14;0.13;0;0.55
1996;5;7;0.02;0.02;-0.2;-0.2;0;0;0;0;348.13;374.09;42.37;0.02;320.11;316.17;0.12;0;1.04
1996;5;8;5.29;5.18;-0.9;-0.9;0;0;0;0;348.13;374.09;42.26;0.02;325.4;321.34;0.12;0;1.11
1996;5;9;13.69;13.6;-2.2;-2.2;0;0;0;0;348.13;374.09;42.15;0.02;339.09;334.94;0.12;0;1.17
1996;5;10;4.4;4.46;-1.5;-1.5;0;0;0;0;348.13;374.09;42.04;0.02;343.49;339.4;0.12;0;0.8
1996;5;11;0.91;0.91;-0.2;-0.2;0;0;0;0;348.13;374.09;41.93;0.02;344.4;340.31;0.12;0;0.78
1996;5;12;8.32;8.21;-0.7;-0.7;0;0;0;0;348.13;374.09;41.83;0.02;352.72;348.52;0.12;0;0.96
1996;5;13;10.54;10.43;-0.6;-0.6;0;0;0;0;348.13;374.09;41.72;0.02;363.26;358.95;0.12;0;0.9
1996;5;14;2.58;2.55;0.4;0.4;0.83;0.88;0.11;0.11;348.13;374.09;41.61;0.02;365.74;361.39;0.12;0;0.99
1996;5;15;6.06;5.94;1.3;1.3;1.52;1.54;0.15;0.15;347.51;373.38;42.6;1.26;370.02;365.35;0.26;0.14;2.25
1996;5;16;1.66;1.74;3.4;3.4;2.45;2.44;0.35;0.34;350.4;376.58;43.55;2.44;360.79;355.36;2.18;2.05;3.26
1996;5;17;3.38;3.47;2.3;2.3;2.03;2.02;0.26;0.25;353.49;379.14;44.63;3.77;353.44;348.49;3.8;3.61;3.45
1996;5;18;4.53;4.73;1.8;1.8;1.82;1.8;0.18;0.16;355.36;380.51;45.88;5.25;349.98;345.8;4.04;3.73;3.26
1996;5;19;9.18;9.43;1.1;1.1;1.45;1.42;0.09;0.08;355.51;380.37;47.22;6.79;355.17;351.67;3.4;3.01;3.49
1996;5;20;13.65;13.6;-1.7;-1.7;0;0;0;0;353.9;378.89;48.51;8.25;368.82;365.26;2.36;1.98;1.91
1996;5;21;6.57;6.71;-3.5;-3.5;0;0;0;0;353.9;378.89;47.94;7.72;375.38;371.98;1.3;0.97;1.31
1996;5;22;0.68;0.66;-3.7;-3.7;0;0;0;0;353.9;378.89;47.4;7.23;376.07;372.63;0.8;0.55;1.27
1996;5;23;2.1;2.02;-2.2;-2.2;0;0;0;0;353.9;378.89;46.88;6.76;378.17;374.65;0.68;0.47;1.14
1996;5;24;0.1;0.11;1;1.1;1.38;1.42;0.18;0.17;354.17;379.2;46.4;6.33;377.39;373.81;0.63;0.44;1.73
1996;5;25;8.28;8.24;1.9;2;1.87;1.89;0.12;0.12;354.48;379.55;47.77;8.01;381.43;377.25;1.26;1.08;2.64
1996;5;26;1.9;1.85;1.5;1.5;1.63;1.65;0.19;0.18;354.59;379.82;49.11;9.5;378.92;374.45;2.32;2.12;3.81
1996;5;27;19.44;19.37;-1.1;-1.1;0;0;0;0;354.59;379.82;48.47;8.89;398.36;393.82;1.76;1.56;2.89
1996;5;28;7.78;7.65;-5;-5;0;0;0;0;354.59;379.82;47.86;8.32;406.14;401.47;0.91;0.71;1.84
1996;5;29;0;0;-1.3;-1.2;0;0;0;0;354.59;379.82;47.29;7.79;406.14;401.47;0.73;0.54;1.58
1996;5;30;0;0;5;5.1;2.95;2.96;0.38;0.36;360.44;385.27;48.95;9.64;388.06;383.26;3.17;2.94;3.32
1996;5;31;0.58;0.59;6.9;6.9;3.41;3.42;0.43;0.4;373.33;396.6;50.84;11.72;352.87;348.84;8.86;8.43;5.98
1996;6;1;4.43;4.29;6.5;6.6;3.39;3.4;0.26;0.23;383.73;405.08;53.3;14.39;325.24;322.88;12.59;11.83;8.63
1996;6;2;1.16;1.14;4.8;4.8;2.92;2.92;0.28;0.25;389.56;409.63;56.33;17.6;304.51;303.69;12.52;11.49;7.85
1996;6;3;7.72;7.85;4.5;4.5;2.83;2.83;0.16;0.14;396.75;415.64;59.71;21.13;284.59;285.17;12.87;11.67;7.36
1996;6;4;2.58;2.55;5;5;2.97;2.98;0.26;0.23;402.4;420.25;63.37;24.87;262.44;264.37;13.66;12.33;7.53
1996;6;5;1.36;1.25;6.6;6.6;3.4;3.4;0.24;0.19;407.6;423.71;67.2;28.71;240.26;245.25;13.66;12.15;11.74
1996;6;6;0.35;0.34;6.9;6.9;3.47;3.47;0.26;0.21;412.18;426.8;71.11;32.53;217.58;225.73;13.7;11.95;13.42
1996;6;7;0.25;0.25;7.3;7.3;3.56;3.57;0.27;0.22;416.75;429.93;75.05;36.27;193.38;204.91;14.31;12.32;14.68
1996;6;8;1.57;1.5;7.6;7.6;3.63;3.64;0.25;0.2;421.53;433.32;79.05;39.94;167.96;183.05;15.55;13.31;13.76
1996;6;9;5.29;5.18;7.2;7.3;3.56;3.57;0.16;0.15;425.93;437.05;83.17;43.63;144.92;161.85;17.27;14.84;13.48
1996;6;10;2.48;2.41;7.1;7.1;3.51;3.52;0.09;0.09;426.78;437.93;87.31;47.25;133.35;150.79;16.12;13.75;13.75
1996;6;11;2.8;2.73;6.8;6.9;3.46;3.47;0.08;0.09;426.96;438.64;91.2;50.56;124.29;140.72;13.79;11.78;14.08
1996;6;12;10.32;10.5;6.2;6.2;3.29;3.3;0.07;0.04;428.39;440.6;94.75;53.54;116.19;131.55;14.82;12.19;15.1
1996;6;13;0.55;0.51;4.8;4.8;2.92;2.92;0.2;0.09;427.35;440.23;97.95;56.2;109.97;124.51;14.58;11.36;17.02
1996;6;14;0.09;0.1;5.2;5.2;3.02;3.03;0.22;0.09;426.32;439.91;100.67;58.41;103.22;116.87;12.53;9.55;13.73
1996;6;15;0.32;0.33;4;4;2.67;2.67;0.19;0.08;425.1;439.32;102.87;60.12;98.01;110.97;11.27;8.63;12.44
1996;6;16;2.55;2.53;1.9;1.9;1.87;1.87;0.08;0.05;423.69;438.28;104.56;61.33;97;109.82;9.4;7.75;11.5
1996;6;17;0.52;0.52;3.8;3.8;2.61;2.61;0.12;0.08;422.44;437.56;105.78;62.1;92.79;105.06;8.65;7.16;10.72
1996;6;18;1.79;1.85;4.6;4.6;2.86;2.86;0.18;0.08;421.64;437.35;106.66;62.54;87.44;99;9.8;7.7;11.98
1996;6;19;1.31;1.29;4;4;2.67;2.67;0.17;0.08;420.67;436.92;107.3;62.77;82.67;93.6;10.2;8.03;10.36
1996;6;20;6.55;6.7;4.1;4.1;2.71;2.71;0.12;0.05;420.92;437.61;107.82;62.91;77.65;87.92;11.16;9;10.01
1996;6;21;14.06;14.3;3.2;3.2;2.41;2.4;0.04;0.01;421.98;438.77;108.37;63.12;77.02;87.2;12.73;10.59;9.64
1996;6;22;24.75;24.72;-0.3;-0.3;0;0;0;0;419.93;437.06;108.91;63.32;101.77;111.92;10.32;8.85;9.03
1996;6;23;6.61;6.45;-4;-4;0;0;0;0;417.9;435.36;109.2;63.27;108.38;118.37;6.93;6.12;6.24
1996;6;24;1.61;1.66;-3.3;-3.3;0;0;0;0;417.9;435.36;105.47;59.21;109.99;120.03;5.26;4.62;5.66
1996;6;25;6.46;6.39;-2;-2;0;0;0;0;417.9;435.36;101.98;55.4;116.45;126.42;4.44;3.94;4.2
1996;6;26;6.2;6.25;-0.7;-0.7;0;0;0;0;417.9;435.36;98.7;51.84;122.65;132.67;4.07;3.65;3.96
1996;6;27;0.38;0.34;0.1;0.1;0.4;0.46;0.06;0.07;417.9;435.37;95.62;48.51;122.93;132.9;3.81;3.43;3.63
1996;6;28;0.17;0.18;3.7;3.8;2.59;2.61;0.26;0.24;418.74;436;96.66;49.37;110.72;121.18;5.74;5.28;3.9
1996;6;29;5.97;6.13;3.8;3.8;2.61;2.61;0.13;0.1;420.71;437.32;97.6;50.12;99.93;111.87;9.33;8.59;5.36
1996;6;30;0.95;0.9;2.3;2.3;2.05;2.05;0.12;0.12;420.03;436.6;98.6;50.91;95.09;107.56;9.48;8.5;5.68
1996;7;1;18.42;18.51;2.8;2.8;2.26;2.27;0;0;421.79;438.17;99.65;51.73;96.5;109.25;10.33;9.27;6.86
1996;7;2;17.35;17.4;1;1;1.38;1.39;0;0;420.62;437.25;100.74;52.56;109.75;122.53;9.78;8.73;4.95
1996;7;3;0.01;0.01;2.6;2.6;2.19;2.19;0.15;0.14;420.17;436.68;101.72;53.27;103;116.52;8.3;7.31;4.81
1996;7;4;0.71;0.74;6.1;6.1;3.3;3.3;0.08;0.1;419.54;436.52;102.56;53.82;96.48;109.23;8.25;7.33;7.04
1996;7;5;9.57;9.53;5.9;5.8;3.24;3.22;0.07;0.04;420.82;438.04;103.39;54.36;90.25;102.18;10.96;9.12;9.17
1996;7;6;16.18;16.18;4.7;4.7;2.91;2.91;0.01;0;423.31;440.54;104.42;55.14;84.93;96.16;14.83;12.21;10.92
1996;7;7;12.53;12.93;3.5;3.4;2.52;2.49;0.06;0.02;424.02;441.48;105.74;56.24;83.31;94.32;15.29;12.8;8.28
1996;7;8;34.94;34.82;-0.8;-0.8;0;0;0;0;421.97;439.77;107.07;57.35;118.25;129.14;11.11;9.42;9.35
1996;7;9;1.54;1.43;-3;-2.9;0;0;0;0;419.94;438.06;108.07;58.1;119.8;130.57;6.97;6.1;4.89
1996;7;10;9.61;9.37;-1.4;-1.3;0;0;0;0;418.43;436.36;108.17;58.38;129.4;139.94;5.56;4.89;4.13
1996;7;11;0.65;0.62;1.1;1.2;1.47;1.52;0.18;0.18;417.62;435.41;107.94;58.29;126.43;136.54;5.8;5.27;4.03
1996;7;12;0.93;0.95;3.2;3.3;2.43;2.46;0.24;0.21;418.33;435.98;108.03;58.05;115.42;125.89;7.8;7.26;4.48
1996;7;13;3.74;3.89;5.1;5.1;3.03;3.03;0.18;0.14;420.72;437.51;108.23;57.93;100.97;113.23;10.61;9.81;6.27
1996;7;14;1.05;1.06;7.1;7.1;3.55;3.55;0.09;0.1;420.84;437.73;108.67;58.05;91.97;104.13;11.25;10.21;9.35
1996;7;15;9.77;10.04;8.1;8.1;3.78;3.78;0.08;0.05;422.55;439.89;109.34;58.43;82.89;93.84;13.55;11.28;12.31
1996;7;16;0.78;0.74;7.2;7.2;3.57;3.57;0.23;0.1;422.03;440.01;110.23;59.04;74.62;84.48;14.66;11.36;13.65
1996;7;17;0.17;0.18;6;6;3.27;3.27;0.22;0.1;421.17;439.77;111.14;59.71;67.53;76.46;12.87;9.79;12.24
1996;7;18;0;0;4.9;4.9;2.96;2.97;0.2;0.09;420.1;439.27;111.93;60.26;61.62;69.77;11.29;8.65;11.17
1996;7;19;0.05;0.05;3.7;3.8;2.62;2.63;0.17;0.08;418.84;438.52;112.53;60.63;57.03;64.57;9.96;7.81;11.28
1996;7;20;0.23;0.24;3.2;3.2;2.42;2.42;0.15;0.07;417.5;437.65;112.92;60.79;53.21;60.25;8.97;7.17;11.52
1996;7;21;0.3;0.32;3.3;3.3;2.46;2.46;0.15;0.07;416.22;436.84;113.1;60.76;49.31;55.83;8.57;6.86;11.1
1996;7;22;0.05;0.06;5.2;5.2;3.05;3.06;0.19;0.09;415.35;436.52;113.14;60.58;42.99;48.67;9.23;7.2;11.89
1996;7;23;2.24;2.25;7.6;7.6;3.66;3.66;0.2;0.1;415.59;437.31;113.16;60.39;33.62;38.06;11.42;8.64;13.63
1996;7;24;5.07;5.1;6.1;6.1;3.3;3.3;0.14;0.07;416.15;438.24;113.29;60.36;25.97;29.4;13.2;10.13;20.46
1996;7;25;1.27;1.22;3;3;2.36;2.35;0.14;0.07;415.04;437.47;113.53;60.45;22.58;25.57;11.66;9.23;12.61
1996;7;26;0.03;0.03;6.2;6.2;3.32;3.32;0.2;0.1;414.41;437.4;113.75;60.53;14.99;16.97;10.59;8.26;13.42
1996;7;27;13.41;13.69;7.3;7.3;3.59;3.59;0.06;0.02;417.21;440.31;114.08;60.74;5.79;6.56;14.25;11.28;16.78
1996;7;28;13.59;13.5;5.6;5.6;3.17;3.17;0.02;0;419.32;442.23;114.76;61.34;0;0;16.99;13.9;19.39
1996;7;29;2.5;2.61;6.2;6.2;3.32;3.32;0.58;0.54;417.27;440.43;115.63;62.14;0;0;19.43;16.44;18.7
1996;7;30;5.56;5.5;4.3;4.3;2.79;2.79;0.7;0.72;415.87;438.99;116.36;62.77;0;0;16.08;13.39;14.36
1996;7;31;0;0;6.3;6.3;3.34;3.35;1.25;1.28;412.68;436;116.78;63.06;0;0;15.61;13.01;15.4
1996;8;1;1.05;1.13;7.6;7.6;3.37;3.36;1.17;1.2;409.8;433.32;116.86;62.97;0;0;16.52;13.43;18.04
1996;8;2;13.47;13.57;6.3;6.3;3.07;3.07;0.22;0.23;410.96;434.21;116.75;62.67;0;0;17.87;14.7;22.12
1996;8;3;13.2;13.09;3.9;3.9;2.45;2.44;0.1;0.1;412.17;435.08;116.71;62.45;0;0;13.47;10.79;17.48
1996;8;4;2.06;2.1;3.4;3.4;2.29;2.29;0.07;0;410.65;433.81;116.75;62.3;0;0;10.73;8.53;14.77
1996;8;5;0.98;1.05;4.2;4.2;2.54;2.53;0.48;0.46;408.47;431.88;116.67;62.02;0;0;12.49;10.36;14.86
1996;8;6;2.59;2.69;5.3;5.3;2.83;2.83;0.89;0.91;406.29;429.86;116.37;61.5;0;0;13.5;11.15;13.04
1996;8;7;10.19;10.1;6.3;6.3;3.07;3.07;0.45;0.47;406.61;429.93;115.97;60.87;0;0;16.24;13.55;14.71
1996;8;8;4.81;4.87;5.8;5.8;2.95;2.96;0.78;0.8;405.15;428.52;115.58;60.25;0;0;16.73;13.88;19.29
1996;8;9;0.47;0.51;6.6;6.6;3.15;3.14;1.13;1.17;402.24;425.8;115.14;59.58;0;0;16.16;13.17;17.74
1996;8;10;11.21;11.1;6.8;6.8;3.19;3.19;0.4;0.42;403.06;426.32;114.65;58.87;0;0;17.47;14.3;17.06
1996;8;11;14.69;14.65;5.4;5.4;2.86;2.86;0.13;0.14;405.02;427.91;114.31;58.31;0;0;18.41;15.38;16.58
1996;8;12;17.88;17.81;2.1;2.1;1.82;1.82;0;0;406.16;428.61;114.21;58;6.91;7.33;12.57;10.67;12.2
1996;8;13;4.69;4.7;0.6;0.6;1.01;1;0.06;0.04;404.83;427.36;114.22;57.8;9.54;10.16;8.72;7.81;7.53
1996;8;14;1.25;1.19;3.6;3.6;2.35;2.35;0.06;0.07;404.62;427.13;114.18;57.54;4.38;4.96;7.56;6.8;6.96
1996;8;15;5.39;5.4;3.2;3.2;2.22;2.22;0.06;0.05;404.58;427.23;114.08;57.22;2.34;2.65;8.36;7.16;7.71
1996;8;16;0.47;0.47;2.7;2.7;2.04;2.05;0.08;0.06;403.3;426.25;113.95;56.86;0.04;0.05;7.99;6.84;6.86
1996;8;17;0.01;0.01;5.1;5.1;2.77;2.78;0.04;0;401.38;424.61;113.69;56.38;0;0;6.8;5.42;9.22
1996;8;18;0.07;0.08;5;5;2.75;2.75;0.55;0.53;398.98;422.45;113.23;55.69;0;0;10.68;8.63;10.38
1996;8;19;5.81;5.99;4.9;4.9;2.73;2.73;0.66;0.67;398.06;421.61;112.64;54.86;0;0;12.13;9.98;9.47
1996;8;20;7.16;7.2;4.2;4.2;2.53;2.53;0.54;0.56;397.71;421.2;112.04;54.03;0;0;12.83;10.71;12.5
1996;8;21;4.23;4.36;4.7;4.7;2.67;2.67;0.74;0.76;396.3;419.89;111.5;53.28;0;0;13.23;11.08;11.33
1996;8;22;8.3;8.25;4.3;4.3;2.56;2.56;0.48;0.5;396.43;419.86;111.03;52.6;0;0;13.39;11.22;10.84
1996;8;23;1.03;1.04;6.6;6.6;3.15;3.14;1.09;1.13;393.79;417.36;110.59;51.97;0;0;14.81;12.3;14.39
1996;8;24;25.54;25.31;5.2;5.2;2.8;2.81;0;0;399.7;422.39;110.33;51.52;0;0;17.46;14.69;16.39
1996;8;25;5.06;5.13;3;3;2.15;2.16;0.28;0.29;398.96;421.73;110.37;51.39;0;0;12.19;10.4;11.08
1996;8;26;8.14;8.17;3.4;3.4;2.29;2.29;0.02;0;399.38;422.11;110.57;51.44;0;0;9.3;7.82;8.6
1996;8;27;6.17;6.28;4.7;4.7;2.68;2.67;0.34;0.32;398.89;421.7;110.8;51.51;0;0;12.92;10.76;10.73
1996;8;28;24.96;25.09;1.6;1.6;1.58;1.6;0;0;398.92;421.73;111.01;51.55;18.25;18.34;9.21;7.64;11.97
1996;8;29;1.72;1.74;0.6;0.6;0.98;1;0.09;0.08;397.38;420.37;111.14;51.51;18.77;18.89;6.7;5.96;7.43
1996;8;30;2.55;2.43;1.2;1.2;1.38;1.39;0.12;0.11;396.66;419.67;111.12;51.32;17.38;17.5;5.99;5.36;5.89
1996;8;31;2.94;2.93;0.9;0.9;1.21;1.21;0.08;0.06;395.63;418.67;110.96;50.97;17.61;17.9;5.84;5.23;5.17
1996;9;1;5.59;5.53;-0.2;-0.2;0;0;0;0;393.78;417.04;110.67;50.48;23.19;23.43;5.23;4.64;4.67
1996;9;2;1.35;1.33;0.5;0.5;0.76;0.78;0.07;0.07;392.38;415.86;110.22;49.83;22.93;23.04;4.93;4.38;4.27
1996;9;3;2.65;2.7;2.1;2.1;1.55;1.55;0.1;0.08;392.59;415.7;109.69;49.1;19.4;20.2;5.63;5.07;4.25
1996;9;4;5.95;6.11;2.7;2.7;1.75;1.75;0.08;0.07;393.97;416.46;109.22;48.43;15.55;17.42;6.94;6.29;4.66
1996;9;5;2.91;2.8;0.2;0.2;0.51;0.5;0.04;0.04;392.36;415.03;108.82;47.83;17.68;19.48;6.45;5.75;4.21
1996;9;6;2.52;2.46;-2.9;-2.9;0;0;0;0;392.36;415.03;105.94;44.75;20.2;21.94;4.65;4.02;3.73
1996;9;7;3.5;3.38;-5.4;-5.3;0;0;0;0;392.36;415.03;103.22;41.88;23.7;25.32;3.51;3.02;3.14
1996;9;8;0.07;0.06;-4;-4;0;0;0;0;392.36;415.03;100.68;39.18;23.77;25.38;3.13;2.73;3
1996;9;9;0.06;0.05;-4;-3.9;0;0;0;0;392.36;415.03;98.29;36.67;23.82;25.43;2.91;2.55;2.83
1996;9;10;0.06;0.06;-1.5;-1.5;0;0;0;0;392.36;415.03;96.04;34.31;23.88;25.49;2.73;2.39;2.75
1996;9;11;0.33;0.36;-0.6;-0.6;0;0;0;0;392.36;415.03;93.92;32.11;24.22;25.85;2.57;2.23;2.75
1996;9;12;1.79;1.81;-0.4;-0.4;0;0;0;0;392.36;415.03;91.93;30.04;26.01;27.66;2.42;2.09;2.79
1996;9;13;11.06;10.67;-6.3;-6.3;0;0;0;0;392.36;415.03;90.06;28.11;37.07;38.33;2.28;1.95;2.42
1996;9;14;4.74;4.52;-5.6;-5.6;0;0;0;0;392.36;415.03;88.3;26.31;41.81;42.85;2.15;1.83;2.27
1996;9;15;0.19;0.17;-4.3;-4.3;0;0;0;0;392.36;415.03;86.64;24.62;41.99;43.02;2.03;1.71;2.24
1996;9;16;0.23;0.22;-4.1;-4.1;0;0;0;0;392.36;415.03;85.08;23.04;42.23;43.24;1.91;1.6;2.25
1996;9;17;0.37;0.41;-3.1;-3;0;0;0;0;392.36;415.03;83.61;21.56;42.6;43.65;1.8;1.5;2.21
1996;9;18;4.8;4.97;-2.9;-2.8;0;0;0;0;392.36;415.03;82.22;20.17;47.4;48.62;1.7;1.4;2.2
1996;9;19;1.38;1.43;-1;-1;0;0;0;0;392.36;415.03;80.91;18.88;48.78;50.05;1.6;1.31;2.18
1996;9;20;4.41;4.44;-1.1;-1.1;0;0;0;0;392.36;415.03;79.68;17.67;53.19;54.48;1.51;1.23;2.17
1996;9;21;2.3;2.32;-0.7;-0.7;0;0;0;0;392.36;415.03;78.51;16.53;55.48;56.8;1.43;1.15;2.15
1996;9;22;3.52;3.55;-0.4;-0.4;0;0;0;0;392.36;415.03;77.41;15.47;59.01;60.35;1.35;1.08;2.06
1996;9;23;8.59;8.32;-1.1;-1.1;0;0;0;0;392.36;415.03;76.37;14.48;67.6;68.67;1.28;1.01;2.18
1996;9;24;5.93;5.87;-2.6;-2.5;0;0;0;0;392.36;415.03;75.39;13.55;73.53;74.55;1.21;0.94;2.19
1996;9;25;0.3;0.31;-4.2;-4.1;0;0;0;0;392.36;415.03;74.46;12.68;73.83;74.86;1.14;0.88;2.13
1996;9;26;0.12;0.11;-3.9;-3.8;0;0;0;0;392.36;415.03;73.58;11.87;73.95;74.97;1.08;0.83;1.95
1996;9;27;1.2;1.16;-1.6;-1.5;0;0;0;0;392.36;415.03;72.75;11.11;75.14;76.12;1.02;0.77;1.92
1996;9;28;1.46;1.38;-2.1;-2.1;0;0;0;0;392.36;415.03;71.96;10.4;76.61;77.5;0.97;0.72;1.92
1996;9;29;0.02;0.02;0.7;0.8;0.93;0.98;0.14;0.15;392.77;415.49;71.21;9.73;75;75.7;0.92;0.68;1.82
1996;9;30;0.04;0.05;4.2;4.2;2.16;2.16;0.22;0.2;395.81;417.93;73.18;12.01;59.27;60.5;3.62;3.3;1.95
1996;10;1;0.9;0.93;1.6;1.6;1.22;1.21;0.12;0.1;395.73;417.56;75.08;14.18;2.73;2.83;5.12;4.64;2.02
1996;10;2;30.84;30.77;-3.5;-3.5;0;0;0;0;395.73;417.56;74.12;13.27;33.57;33.59;3.35;2.8;2.08
1996;10;3;0.16;0.14;-5.1;-5.1;0;0;0;0;395.88;417.73;73.21;12.42;33.18;33.11;1.72;1.28;1.91
1996;10;4;0;0;-4.5;-4.4;0;0;0;0;395.88;417.73;72.35;11.62;33.18;33.11;1.19;0.84;1.92
1996;10;5;2.53;2.48;-3.2;-3.1;0;0;0;0;395.88;417.73;71.53;10.88;35.71;35.59;1.05;0.76;1.88
1996;10;6;1.11;1.11;-1.5;-1.5;0;0;0;0;395.88;417.73;70.76;10.18;36.81;36.7;0.99;0.71;1.86
1996;10;7;0.1;0.1;-0.3;-0.3;0;0;0;0;395.88;417.73;70.02;9.53;36.91;36.8;0.94;0.66;1.84
1996;10;8;0.3;0.3;0.2;0.2;0.4;0.45;0.06;0.07;395.93;417.79;69.33;8.92;36.95;36.8;0.89;0.62;1.86
1996;10;9;0.32;0.29;0.8;0.8;0.85;0.87;0.11;0.1;396.62;418.52;68.67;8.35;34.6;34.18;0.91;0.64;1.82
1996;10;10;3.28;3.33;-0.9;-0.9;0;0;0;0;396.62;418.52;68.04;7.82;37.89;37.51;0.88;0.61;1.79
1996;10;11;0.35;0.36;-1.2;-1.2;0;0;0;0;396.62;418.52;67.44;7.32;38.24;37.87;0.78;0.52;1.67
1996;10;12;0;0;-1;-1;0;0;0;0;396.62;418.52;66.87;6.85;38.24;37.87;0.73;0.48;1.59
1996;10;13;0.17;0.18;-1;-1;0;0;0;0;396.62;418.52;66.33;6.41;38.4;38.05;0.7;0.45;1.52
1996;10;14;0.44;0.47;-0.7;-0.7;0;0;0;0;396.62;418.52;65.82;6;38.85;38.52;0.67;0.42;1.49
1996;10;15;11.2;11.46;0.7;0.7;0.83;0.81;0.04;0.03;397.17;418.96;65.32;5.62;48.23;48.26;0.64;0.39;1.82
1996;10;16;13.01;12.94;0.4;0.4;0.62;0.62;0.02;0.02;397.55;419.28;64.85;5.26;59.93;59.93;0.62;0.38;2.46
1996;10;17;22.45;22.7;-2.4;-2.4;0;0;0;0;397.55;419.28;64.4;4.93;82.38;82.63;0.62;0.37;2.31
1996;10;18;2.75;2.77;-5;-5;0;0;0;0;397.55;419.28;63.97;4.62;85.13;85.4;0.61;0.37;2.15
1996;10;19;6;5.86;-7.2;-7.2;0;0;0;0;397.55;419.28;63.56;4.32;91.13;91.26;0.6;0.36;2.02
1996;10;20;3.19;3.1;-5.2;-5.2;0;0;0;0;397.55;419.28;63.17;4.05;94.32;94.36;0.58;0.34;1.89
1996;10;21;14.42;14.12;-3.2;-3.2;0;0;0;0;397.55;419.28;62.79;3.79;108.75;108.48;0.56;0.33;2.23
1996;10;22;0.1;0.1;-3.2;-3.2;0;0;0;0;397.55;419.28;62.42;3.55;108.85;108.58;0.54;0.31;2.25
1996;10;23;0;0;-8.1;-8;0;0;0;0;397.55;419.28;62.07;3.33;108.85;108.58;0.52;0.29;2.07
1996;10;24;0;0;-4.2;-4.2;0;0;0;0;397.55;419.28;61.74;3.12;108.85;108.58;0.5;0.28;2
1996;10;25;0;0;-3;-3;0;0;0;0;397.55;419.28;61.41;2.92;108.85;108.58;0.48;0.26;1.95
1996;10;26;4.96;4.9;-3.2;-3.2;0;0;0;0;397.55;419.28;61.1;2.74;113.8;113.48;0.46;0.24;1.92
1996;10;27;0.01;0.01;-5.5;-5.5;0;0;0;0;397.55;419.28;60.8;2.57;113.81;113.49;0.45;0.23;1.73
1996;10;28;0.02;0.02;-1.5;-1.5;0;0;0;0;397.55;419.28;60.51;2.4;113.84;113.51;0.43;0.21;1.7
1996;10;29;4.89;4.81;-5.2;-5.2;0;0;0;0;397.55;419.28;60.22;2.25;118.72;118.32;0.41;0.2;1.71
1996;10;30;0.66;0.62;-8.5;-8.5;0;0;0;0;397.55;419.28;59.95;2.11;119.38;118.94;0.4;0.19;1.58
1996;10;31;0.01;0.01;-9.2;-9.1;0;0;0;0;397.55;419.28;59.68;1.98;119.39;118.95;0.38;0.18;1.53
1996;11;1;5.18;4.98;-5.4;-5.4;0;0;0;0;397.55;419.28;59.43;1.86;124.57;123.93;0.37;0.17;1.68
1996;11;2;0;0;-2.7;-2.7;0;0;0;0;397.55;419.28;59.18;1.74;124.57;123.93;0.36;0.16;1.55
1996;11;3;0;0;-2.5;-2.4;0;0;0;0;397.55;419.28;58.93;1.64;124.57;123.93;0.35;0.15;1.52
1996;11;4;0;0;-2.7;-2.6;0;0;0;0;397.55;419.28;58.7;1.53;124.57;123.93;0.34;0.14;1.43
1996;11;5;5.18;5.2;-5.7;-5.6;0;0;0;0;397.55;419.28;58.47;1.44;129.74;129.13;0.33;0.13;1.35
1996;11;6;0.01;0.01;-5.7;-5.7;0;0;0;0;397.55;419.28;58.24;1.35;129.75;129.14;0.32;0.12;1.31
1996;11;7;3.32;3.22;-3.4;-3.3;0;0;0;0;397.55;419.28;58.02;1.27;133.08;132.36;0.31;0.12;1.3
1996;11;8;0.72;0.67;-8.3;-8.2;0;0;0;0;397.55;419.28;57.81;1.19;133.8;133.03;0.3;0.11;1.21
1996;11;9;0;0;-11.8;-11.7;0;0;0;0;397.55;419.28;57.6;1.12;133.8;133.03;0.29;0.1;1.06
1996;11;10;1.14;1.22;-7.7;-7.6;0;0;0;0;397.55;419.28;57.4;1.05;134.94;134.25;0.28;0.1;1.17
1996;11;11;6.99;7.23;-5.5;-5.5;0;0;0;0;397.55;419.28;57.2;0.99;141.92;141.48;0.28;0.09;1.11
1996;11;12;10.14;10.42;-3.1;-3.2;0;0;0;0;397.55;419.28;57;0.93;152.07;151.9;0.27;0.08;1.21
1996;11;13;20.1;20.35;-2.6;-2.6;0;0;0;0;397.55;419.28;56.8;0.87;172.17;172.25;0.26;0.08;1.2
1996;11;14;38.94;39.19;-4.8;-4.8;0;0;0;0;397.55;419.28;56.62;0.82;211.11;211.44;0.26;0.07;1.01
1996;11;15;8.52;8.72;-5.7;-5.6;0;0;0;0;397.55;419.28;56.43;0.77;219.63;220.16;0.25;0.07;1.39
1996;11;16;0.21;0.22;-5.7;-5.7;0;0;0;0;397.55;419.28;56.25;0.72;219.84;220.38;0.25;0.07;1.24
1996;11;17;3;3.04;-5.7;-5.6;0;0;0;0;397.55;419.28;56.07;0.68;222.84;223.42;0.24;0.06;1.17
1996;11;18;15.69;16.11;-6.9;-6.9;0;0;0;0;397.55;419.28;55.89;0.64;238.53;239.53;0.24;0.06;1.1
1996;11;19;2.13;2.19;-10;-10;0;0;0;0;397.55;419.28;55.72;0.6;240.66;241.72;0.23;0.05;1.02
1996;11;20;5.7;5.78;-10.8;-10.8;0;0;0;0;397.55;419.28;55.54;0.57;246.37;247.5;0.23;0.05;1.04
1996;11;21;1.57;1.5;-16;-16;0;0;0;0;397.55;419.28;55.37;0.54;247.93;249;0.22;0.05;0.95
1996;11;22;2.75;2.78;-16.7;-16.7;0;0;0;0;397.55;419.28;55.21;0.51;250.69;251.78;0.22;0.05;0.98
1996;11;23;1.04;1.01;-19.3;-19.3;0;0;0;0;397.55;419.28;55.04;0.48;251.72;252.79;0.21;0.04;1.02
1996;11;24;1.77;1.69;-19.6;-19.6;0;0;0;0;397.55;419.28;54.88;0.45;253.49;254.48;0.21;0.04;1.09
1996;11;25;6.09;5.97;-14.3;-14.3;0;0;0;0;397.55;419.28;54.72;0.43;259.58;260.45;0.21;0.04;1.07
1996;11;26;5.81;5.69;-12.8;-12.8;0;0;0;0;397.55;419.28;54.56;0.4;265.39;266.14;0.2;0.04;1.02
1996;11;27;3.31;3.3;-14.7;-14.7;0;0;0;0;397.55;419.28;54.4;0.38;268.7;269.44;0.2;0.03;0.93
1996;11;28;2.82;2.73;-15.6;-15.6;0;0;0;0;397.55;419.28;54.24;0.36;271.52;272.17;0.2;0.03;0.93
1996;11;29;8.16;8.09;-18.5;-18.5;0;0;0;0;397.55;419.28;54.09;0.34;279.68;280.26;0.2;0.03;0.93
1996;11;30;14.18;14.01;-14;-14;0;0;0;0;397.55;419.28;53.93;0.32;293.86;294.27;0.19;0.03;0.92
1996;12;1;2.36;2.27;-15.8;-15.8;0;0;0;0;397.55;419.28;53.78;0.31;296.21;296.54;0.19;0.03;0.89
1996;12;2;6.11;6.02;-14.8;-14.8;0;0;0;0;397.55;419.28;53.63;0.29;302.32;302.56;0.19;0.02;0.88
1996;12;3;0.52;0.51;-15.3;-15.3;0;0;0;0;397.55;419.28;53.48;0.28;302.85;303.07;0.19;0.02;0.82
1996;12;4;0;0;-11.7;-11.7;0;0;0;0;397.55;419.28;53.33;0.26;302.85;303.07;0.18;0.02;0.81
1996;12;5;0;0;-12.5;-12.5;0;0;0;0;397.55;419.28;53.18;0.25;302.85;303.07;0.18;0.02;0.71
1996;12;6;0;0;-10.8;-10.8;0;0;0;0;397.55;419.28;53.04;0.24;302.85;303.07;0.18;0.02;0.7
1996;12;7;0;0;-10.7;-10.7;0;0;0;0;397.55;419.28;52.89;0.23;302.85;303.07;0.18;0.02;0.69
1996;12;8;0;0;-12.7;-12.7;0;0;0;0;397.55;419.28;52.75;0.22;302.85;303.07;0.18;0.02;0.68
1996;12;9;0.31;0.32;-9.6;-9.6;0;0;0;0;397.55;419.28;52.6;0.2;303.16;303.39;0.17;0.02;0.68
1996;12;10;2.83;2.91;-7.4;-7.4;0;0;0;0;397.55;419.28;52.46;0.2;305.99;306.3;0.17;0.02;0.67
1996;12;11;0.09;0.09;-8.7;-8.7;0;0;0;0;397.55;419.28;52.32;0.19;306.07;306.39;0.17;0.01;0.66
1996;12;12;0.07;0.08;-10.5;-10.5;0;0;0;0;397.55;419.28;52.18;0.18;306.15;306.47;0.17;0.01;0.65
1996;12;13;3.82;3.84;-10.2;-10.2;0;0;0;0;397.55;419.28;52.04;0.17;309.96;310.31;0.17;0.01;0.64
1996;12;14;0.6;0.56;-8.7;-8.7;0;0;0;0;397.55;419.28;51.9;0.16;310.56;310.87;0.17;0.01;0.63
1996;12;15;0;0;-10.3;-10.3;0;0;0;0;397.55;419.28;51.76;0.16;310.56;310.87;0.17;0.01;0.62
1996;12;16;0;0;-10.3;-10.2;0;0;0;0;397.55;419.28;51.62;0.15;310.56;310.87;0.16;0.01;0.6
1996;12;17;0.48;0.46;-13.3;-13.3;0;0;0;0;397.55;419.28;51.49;0.15;311.04;311.33;0.16;0.01;0.59
1996;12;18;0.72;0.68;-9.9;-9.9;0;0;0;0;397.55;419.28;51.35;0.14;311.76;312.01;0.16;0.01;0.58
1996;12;19;1.48;1.51;-10.2;-10.2;0;0;0;0;397.55;419.28;51.22;0.14;313.24;313.52;0.16;0.01;0.58
1996;12;20;4.87;4.82;-7.1;-7.1;0;0;0;0;397.55;419.28;51.08;0.13;318.11;318.34;0.16;0.01;0.58
1996;12;21;0.52;0.53;-9.6;-9.6;0;0;0;0;397.55;419.28;50.95;0.13;318.63;318.87;0.16;0.01;0.58
1996;12;22;3.26;3.31;-7.3;-7.3;0;0;0;0;397.55;419.28;50.81;0.12;321.89;322.18;0.16;0.01;0.58
1996;12;23;5.93;5.98;-7.1;-7.1;0;0;0;0;397.55;419.28;50.68;0.12;327.82;328.16;0.16;0.01;0.58
1996;12;24;1.54;1.58;-9.1;-9.1;0;0;0;0;397.55;419.28;50.55;0.11;329.36;329.74;0.16;0.01;0.58
1996;12;25;2.33;2.29;-10.6;-10.6;0;0;0;0;397.55;419.28;50.41;0.11;331.68;332.03;0.16;0.01;0.58
1996;12;26;0;0;-20.6;-20.6;0;0;0;0;397.55;419.28;50.28;0.11;331.68;332.03;0.16;0.01;0.58
1996;12;27;0;0;-23.7;-23.6;0;0;0;0;397.55;419.28;50.15;0.1;331.68;332.03;0.16;0.01;0.58
1996;12;28;0.02;0.02;-23.4;-23.4;0;0;0;0;397.55;419.28;50.02;0.1;331.7;332.05;0.15;0.01;0.58
1996;12;29;0;0;-24.6;-24.6;0;0;0;0;397.55;419.28;49.89;0.1;331.7;332.05;0.15;0.01;0.58
1996;12;30;0.73;0.73;-23.2;-23.2;0;0;0;0;397.55;419.28;49.76;0.1;332.43;332.78;0.15;0.01;0.58
1996;12;31;1.84;1.9;-20.3;-20.3;0;0;0;0;397.55;419.28;49.63;0.1;334.27;334.68;0.15;0.01;0.58
1997;1;1;4.25;4.33;-14.6;-14.6;0;0;0;0;397.55;419.28;49.5;0.09;338.52;339.01;0.15;0.01;0.58
1997;1;2;2.34;2.4;-14.6;-14.6;0;0;0;0;397.55;419.28;49.38;0.09;340.86;341.41;0.15;0.01;0.58
1997;1;3;1.16;1.2;-10.1;-10.1;0;0;0;0;397.55;419.28;49.25;0.09;342.01;342.61;0.15;0.01;0.58
1997;1;4;4.89;5.01;-10.9;-10.9;0;0;0;0;397.55;419.28;49.12;0.09;346.91;347.62;0.15;0.01;0.58
1997;1;5;0.23;0.24;-15.2;-15.2;0;0;0;0;397.55;419.28;48.99;0.08;347.14;347.86;0.15;0.01;0.58
1997;1;6;0.84;0.88;-15.4;-15.4;0;0;0;0;397.55;419.28;48.87;0.08;347.97;348.74;0.15;0.01;0.58
1997;1;7;0.78;0.81;-14.1;-14.1;0;0;0;0;397.55;419.28;48.74;0.08;348.76;349.55;0.15;0.01;0.58
1997;1;8;0.06;0.06;-15.8;-15.8;0;0;0;0;397.55;419.28;48.62;0.08;348.82;349.61;0.15;0.01;0.58
1997;1;9;1.3;1.32;-13;-13;0;0;0;0;397.55;419.28;48.49;0.08;350.11;350.93;0.15;0.01;0.58
1997;1;10;0.14;0.14;-13.7;-13.7;0;0;0;0;397.55;419.28;48.37;0.08;350.25;351.07;0.15;0.01;0.58
1997;1;11;0;0;-14.5;-14.5;0;0;0;0;397.55;419.28;48.24;0.08;350.26;351.07;0.15;0.01;0.58
1997;1;12;0;0;-15;-15;0;0;0;0;397.55;419.28;48.12;0.08;350.26;351.07;0.15;0.01;0.58
1997;1;13;0;0;-11.7;-11.7;0;0;0;0;397.55;419.28;47.99;0.08;350.26;351.07;0.15;0.01;0.58
1997;1;14;0;0;-8.8;-8.8;0;0;0;0;397.55;419.28;47.87;0.07;350.26;351.06;0.15;0.01;0.58
1997;1;15;0;0;-8.6;-8.5;0;0;0;0;397.55;419.28;47.74;0.07;350.26;351.06;0.14;0;0.58
1997;1;16;0;0;-9.6;-9.5;0;0;0;0;397.55;419.28;47.62;0.07;350.26;351.06;0.14;0;0.57
1997;1;17;0;0;-10.8;-10.8;0;0;0;0;397.55;419.28;47.5;0.07;350.26;351.06;0.14;0;0.57
1997;1;18;0;0;-12.5;-12.5;0;0;0;0;397.55;419.28;47.38;0.07;350.26;351.06;0.14;0;0.57
1997;1;19;1.2;1.21;-12.9;-12.9;0;0;0;0;397.55;419.28;47.26;0.07;351.46;352.27;0.14;0;0.56
1997;1;20;3.83;3.86;-10.1;-10.1;0;0;0;0;397.55;419.28;47.13;0.07;355.28;356.13;0.14;0;0.56
1997;1;21;4.2;4.28;-8.1;-8.1;0;0;0;0;397.55;419.28;47.01;0.07;359.48;360.42;0.14;0;0.55
1997;1;22;0;0;-8.8;-8.8;0;0;0;0;397.55;419.28;46.89;0.07;359.48;360.42;0.14;0;0.55
1997;1;23;0.02;0.02;-8.8;-8.8;0;0;0;0;397.55;419.28;46.77;0.07;359.5;360.44;0.14;0;0.55
1997;1;24;0;0;-7.1;-7.1;0;0;0;0;397.55;419.28;46.65;0.07;359.5;360.44;0.14;0;0.54
1997;1;25;0.01;0.01;-7.3;-7.3;0;0;0;0;397.55;419.28;46.53;0.07;359.51;360.44;0.14;0;0.54
1997;1;26;0.48;0.51;-9.5;-9.5;0;0;0;0;397.55;419.28;46.41;0.07;359.99;360.95;0.14;0;0.53
1997;1;27;0.04;0.04;-11.1;-11.1;0;0;0;0;397.55;419.28;46.3;0.07;360.03;361;0.14;0;0.53
1997;1;28;0.04;0.04;-11.6;-11.6;0;0;0;0;397.55;419.28;46.18;0.07;360.07;361.04;0.14;0;0.53
1997;1;29;0;0;-11.3;-11.3;0;0;0;0;397.55;419.28;46.06;0.07;360.07;361.04;0.14;0;0.52
1997;1;30;0;0;-10.9;-10.9;0;0;0;0;397.55;419.28;45.94;0.07;360.07;361.04;0.14;0;0.52
1997;1;31;0;0;-11.8;-11.8;0;0;0;0;397.55;419.28;45.82;0.06;360.07;361.04;0.14;0;0.51
1997;2;1;0;0;-13.4;-13.4;0;0;0;0;397.55;419.28;45.7;0.06;360.07;361.03;0.14;0;0.52
1997;2;2;0;0;-13.2;-13.2;0;0;0;0;397.55;419.28;45.59;0.06;360.07;361.03;0.14;0;0.48
1997;2;3;0;0;-13.3;-13.3;0;0;0;0;397.55;419.28;45.47;0.06;360.07;361.03;0.14;0;0.47
1997;2;4;0.01;0.01;-12.9;-12.9;0;0;0;0;397.55;419.28;45.35;0.06;360.08;361.04;0.14;0;0.46
1997;2;5;4.74;4.58;-10.3;-10.3;0;0;0;0;397.55;419.28;45.24;0.06;364.82;365.62;0.14;0;0.46
1997;2;6;0.35;0.33;-12;-12;0;0;0;0;397.55;419.28;45.12;0.06;365.18;365.95;0.14;0;0.46
1997;2;7;0;0;-9.1;-9.1;0;0;0;0;397.55;419.28;45.01;0.06;365.18;365.95;0.14;0;0.45
1997;2;8;0;0;-8.3;-8.3;0;0;0;0;397.55;419.28;44.89;0.06;365.18;365.95;0.14;0;0.45
1997;2;9;0;0;-9.1;-9.1;0;0;0;0;397.55;419.28;44.78;0.06;365.18;365.95;0.13;0;0.44
1997;2;10;0;0;-9.1;-9.1;0;0;0;0;397.55;419.28;44.66;0.06;365.18;365.95;0.13;0;0.46
1997;2;11;0.17;0.17;-9.1;-9.1;0;0;0;0;397.55;419.28;44.55;0.06;365.35;366.12;0.13;0;0.44
1997;2;12;2.12;2.07;-6.6;-6.6;0;0;0;0;397.55;419.28;44.43;0.06;367.47;368.19;0.13;0;0.45
1997;2;13;4.26;4.21;-12.5;-12.5;0;0;0;0;397.55;419.28;44.32;0.06;371.73;372.4;0.13;0;0.45
1997;2;14;5.45;5.36;-12.9;-12.9;0;0;0;0;397.55;419.28;44.21;0.06;377.18;377.76;0.13;0;0.41
1997;2;15;3.02;2.87;-12.8;-12.8;0;0;0;0;397.55;419.28;44.09;0.06;380.2;380.63;0.13;0;0.5
1997;2;16;0.17;0.16;-13.7;-13.7;0;0;0;0;397.55;419.28;43.98;0.06;380.37;380.79;0.13;0;0.43
1997;2;17;0;0;-12.7;-12.7;0;0;0;0;397.55;419.28;43.87;0.06;380.38;380.79;0.13;0;0.42
1997;2;18;8.36;8.33;-13.2;-13.2;0;0;0;0;397.55;419.28;43.76;0.06;388.74;389.12;0.13;0;0.44
1997;2;19;3;2.97;-14.8;-14.8;0;0;0;0;397.55;419.28;43.64;0.06;391.74;392.09;0.13;0;0.43
1997;2;20;1.51;1.44;-10.6;-10.6;0;0;0;0;397.55;419.28;43.53;0.06;393.25;393.53;0.13;0;0.4
1997;2;21;0;0;-11.1;-11.1;0;0;0;0;397.55;419.28;43.42;0.06;393.25;393.53;0.13;0;0.41
1997;2;22;0;0;-7.8;-7.8;0;0;0;0;397.55;419.28;43.31;0.06;393.25;393.53;0.13;0;0.43
1997;2;23;0;0;-6.8;-6.8;0;0;0;0;397.55;419.28;43.2;0.06;393.25;393.53;0.13;0;0.46
1997;2;24;0.17;0.19;-7.8;-7.8;0;0;0;0;397.55;419.28;43.09;0.06;393.42;393.72;0.13;0;0.47
1997;2;25;0.37;0.4;-5.8;-5.8;0;0;0;0;397.55;419.28;42.98;0.06;393.79;394.12;0.13;0;0.47
1997;2;26;7.79;7.75;-7.1;-7.1;0;0;0;0;397.55;419.28;42.87;0.06;401.58;401.87;0.13;0;0.47
1997;2;27;8;7.79;-12;-12;0;0;0;0;397.55;419.28;42.76;0.06;409.58;409.66;0.13;0;0.45
1997;2;28;0;0;-7.9;-7.9;0;0;0;0;397.55;419.28;42.65;0.06;409.58;409.66;0.13;0;0.49
1997;3;1;0.02;0.02;-6.4;-6.4;0;0;0;0;397.55;419.28;42.54;0.06;409.6;409.68;0.13;0;0.44
1997;3;2;0;0;-6.6;-6.6;0;0;0;0;397.55;419.28;42.43;0.06;409.6;409.68;0.13;0;0.47
1997;3;3;0.04;0.04;-5.2;-5.2;0;0;0;0;397.55;419.28;42.32;0.06;409.64;409.72;0.13;0;0.47
1997;3;4;0.58;0.55;-5.2;-5.2;0;0;0;0;397.55;419.28;42.22;0.06;410.23;410.27;0.13;0;0.46
1997;3;5;2.08;2.05;-4.7;-4.7;0;0;0;0;397.55;419.28;42.11;0.06;412.31;412.32;0.13;0;0.48
1997;3;6;11.39;11.31;-7.3;-7.3;0;0;0;0;397.55;419.28;42;0.06;423.7;423.63;0.13;0;0.47
1997;3;7;0;0;-6.9;-6.9;0;0;0;0;397.55;419.28;41.89;0.06;423.7;423.63;0.13;0;0.48
1997;3;8;0;0;-5.2;-5.2;0;0;0;0;397.55;419.28;41.78;0.06;423.7;423.63;0.13;0;0.51
1997;3;9;0.16;0.16;-5.3;-5.3;0;0;0;0;397.55;419.28;41.68;0.06;423.86;423.79;0.13;0;0.55
1997;3;10;0;0;-3.9;-3.9;0;0;0;0;397.55;419.28;41.57;0.06;423.86;423.79;0.13;0;0.63
1997;3;11;0;0;-3.1;-3.1;0;0;0;0;397.55;419.28;41.47;0.06;423.86;423.79;0.12;0;0.74
1997;3;12;0;0;-3.5;-3.5;0;0;0;0;397.55;419.28;41.36;0.06;423.86;423.79;0.12;0;0.8
1997;3;13;0;0;-6.3;-6.3;0;0;0;0;397.55;419.28;41.25;0.06;423.86;423.79;0.12;0;0.8
1997;3;14;1.85;1.76;-6.4;-6.4;0;0;0;0;397.55;419.28;41.15;0.06;425.71;425.55;0.12;0;0.78
1997;3;15;1.08;1.05;-7.2;-7.2;0;0;0;0;397.55;419.28;41.04;0.06;426.79;426.6;0.12;0;0.78
1997;3;16;1.54;1.46;-5.7;-5.7;0;0;0;0;397.55;419.28;40.94;0.06;428.33;428.06;0.12;0;0.76
1997;3;17;2.77;2.65;-5.3;-5.3;0;0;0;0;397.55;419.28;40.83;0.06;431.1;430.71;0.12;0;0.76
1997;3;18;0.62;0.62;-4.3;-4.3;0;0;0;0;397.55;419.28;40.73;0.06;431.72;431.33;0.12;0;0.75
1997;3;19;10.63;10.49;-8.9;-8.9;0;0;0;0;397.55;419.28;40.62;0.06;442.35;441.82;0.12;0;0.71
1997;3;20;5.88;5.68;-11;-11;0;0;0;0;397.55;419.28;40.52;0.06;448.23;447.5;0.12;0;0.61
1997;3;21;2.61;2.49;-12.2;-12.2;0;0;0;0;397.55;419.28;40.42;0.06;450.84;449.99;0.12;0;0.57
1997;3;22;0.13;0.12;-10.8;-10.8;0;0;0;0;397.55;419.28;40.31;0.06;450.97;450.11;0.12;0;0.57
1997;3;23;2.01;2;-9.4;-9.4;0;0;0;0;397.55;419.28;40.21;0.06;452.98;452.11;0.12;0;0.58
1997;3;24;3.32;3.26;-10.1;-10.1;0;0;0;0;397.55;419.28;40.11;0.06;456.3;455.37;0.12;0;0.56
1997;3;25;1.4;1.34;-10.7;-10.7;0;0;0;0;397.55;419.28;40.01;0.06;457.7;456.71;0.12;0;0.56
1997;3;26;0.12;0.12;-6.9;-6.9;0;0;0;0;397.55;419.28;39.9;0.06;457.83;456.83;0.12;0;0.54
1997;3;27;0.74;0.73;-4.2;-4.2;0;0;0;0;397.55;419.28;39.8;0.06;458.57;457.56;0.12;0;0.57
1997;3;28;7.2;6.97;-8.7;-8.7;0;0;0;0;397.55;419.28;39.7;0.06;465.77;464.53;0.12;0;0.56
1997;3;29;9.81;9.64;-13.7;-13.7;0;0;0;0;397.55;419.28;39.6;0.06;475.58;474.17;0.12;0;0.53
1997;3;30;2.87;2.79;-12.3;-12.3;0;0;0;0;397.55;419.28;39.5;0.06;478.45;476.96;0.12;0;0.53
1997;3;31;0.06;0.05;-9;-9;0;0;0;0;397.55;419.28;39.4;0.06;478.51;477.01;0.12;0;0.53
1997;4;1;0;0;-7.3;-7.2;0;0;0;0;397.55;419.28;39.29;0.06;478.51;477.01;0.12;0;0.59
1997;4;2;0;0;-5.5;-5.5;0;0;0;0;397.55;419.28;39.19;0.06;478.51;477.01;0.12;0;0.69
1997;4;3;0.8;0.73;-5.4;-5.4;0;0;0;0;397.55;419.28;39.09;0.06;479.31;477.74;0.12;0;0.7
1997;4;4;4.29;4.03;-10.2;-10.2;0;0;0;0;397.55;419.28;38.99;0.06;483.59;481.77;0.12;0;0.62
1997;4;5;7.15;6.99;-9.7;-9.7;0;0;0;0;397.55;419.28;38.89;0.06;490.74;488.76;0.12;0;0.56
1997;4;6;13.66;13.41;-8.7;-8.7;0;0;0;0;397.55;419.28;38.79;0.06;504.4;502.17;0.12;0;0.57
1997;4;7;0.08;0.07;-10.8;-10.8;0;0;0;0;397.55;419.28;38.7;0.06;504.48;502.24;0.12;0;0.53
1997;4;8;0;0;-8.7;-8.7;0;0;0;0;397.55;419.28;38.6;0.06;504.48;502.24;0.12;0;0.52
1997;4;9;0;0;-6.2;-6.2;0;0;0;0;397.55;419.28;38.5;0.06;504.48;502.24;0.12;0;0.49
1997;4;10;0;0;-5.6;-5.6;0;0;0;0;397.55;419.28;38.4;0.06;504.48;502.24;0.12;0;0.57
1997;4;11;6.11;5.96;-6.6;-6.6;0;0;0;0;397.55;419.28;38.3;0.06;510.58;508.2;0.12;0;0.64
1997;4;12;0.32;0.29;-11.6;-11.6;0;0;0;0;397.55;419.28;38.2;0.06;510.9;508.49;0.12;0;0.61
1997;4;13;0.03;0.03;-10.2;-10.2;0;0;0;0;397.55;419.28;38.1;0.06;510.93;508.52;0.11;0;0.54
1997;4;14;0.08;0.07;-8.6;-8.6;0;0;0;0;397.55;419.28;38.01;0.06;511.01;508.59;0.11;0;0.55
1997;4;15;6.46;6.36;-10.2;-10.2;0;0;0;0;397.55;419.28;37.91;0.06;517.47;514.95;0.11;0;0.55
1997;4;16;2.29;2.19;-14.5;-14.4;0;0;0;0;397.55;419.28;37.81;0.06;519.76;517.14;0.11;0;0.44
1997;4;17;0.01;0.01;-13.1;-13;0;0;0;0;397.55;419.28;37.72;0.06;519.77;517.15;0.11;0;0.46
1997;4;18;0;0;-7.6;-7.5;0;0;0;0;397.55;419.28;37.62;0.06;519.77;517.15;0.11;0;0.53
1997;4;19;0.01;0.01;-7.2;-7.1;0;0;0;0;397.55;419.28;37.52;0.06;519.78;517.16;0.11;0;0.51
1997;4;20;8.16;8.18;-10;-9.9;0;0;0;0;397.55;419.28;37.43;0.06;527.94;525.34;0.11;0;0.51
1997;4;21;0.38;0.37;-10.6;-10.5;0;0;0;0;397.55;419.28;37.33;0.06;528.32;525.71;0.11;0;0.46
1997;4;22;0.57;0.53;-11.7;-11.7;0;0;0;0;397.55;419.28;37.24;0.06;528.89;526.24;0.11;0;0.52
1997;4;23;0.13;0.12;-9.3;-9.2;0;0;0;0;397.55;419.28;37.14;0.06;529.02;526.36;0.11;0;0.55
1997;4;24;0;0;-7;-6.9;0;0;0;0;397.55;419.28;37.05;0.06;529.02;526.36;0.11;0;0.59
1997;4;25;0;0;-4;-3.9;0;0;0;0;397.55;419.28;36.95;0.06;529.02;526.36;0.11;0;0.77
1997;4;26;6.21;6.12;-3.3;-3.2;0;0;0;0;397.55;419.28;36.86;0.06;535.22;532.48;0.11;0;0.79
1997;4;27;20.84;20.91;-3.8;-3.8;0;0;0;0;397.55;419.28;36.76;0.06;556.07;553.39;0.11;0;0.75
1997;4;28;0.75;0.74;-2.7;-2.7;0;0;0;0;397.55;419.28;36.67;0.06;556.82;554.13;0.11;0;0.8
1997;4;29;9.41;9.28;-4.6;-4.6;0;0;0;0;397.55;419.28;36.58;0.06;566.23;563.41;0.11;0;0.8
1997;4;30;3.7;3.54;-5.2;-5.2;0;0;0;0;397.55;419.28;36.48;0.06;569.93;566.95;0.11;0;0.67
1997;5;1;0.85;0.8;-4.5;-4.4;0;0;0;0;397.55;419.28;36.39;0.06;570.78;567.75;0.11;0;0.68
1997;5;2;0;0;-1.5;-1.4;0;0;0;0;397.55;419.28;36.3;0.06;570.78;567.75;0.11;0;0.75
1997;5;3;0;0;2.2;2.3;2;2.02;0.31;0.31;398.14;419.94;36.2;0.06;568.19;564.86;0.13;0.02;1.15
1997;5;4;0.08;0.09;0.7;0.8;1.13;1.22;0.18;0.19;398.55;420.41;36.11;0.06;566.48;562.92;0.37;0.26;1.58
1997;5;5;3.69;3.79;-0.7;-0.7;0;0;0;0;398.55;420.41;36.02;0.06;570.17;566.72;0.26;0.15;1.79
1997;5;6;23.65;23.98;-2.4;-2.4;0;0;0;0;398.55;420.41;35.93;0.06;593.82;590.7;0.19;0.09;1.78
1997;5;7;12.24;12.49;-7;-6.9;0;0;0;0;398.55;420.41;35.84;0.06;606.06;603.18;0.2;0.09;1.31
1997;5;8;8.41;8.31;-8.3;-8.2;0;0;0;0;398.55;420.41;35.74;0.06;614.47;611.5;0.2;0.1;0.9
1997;5;9;4.41;4.42;-8.1;-8.1;0;0;0;0;398.55;420.41;35.65;0.06;618.88;615.91;0.2;0.1;0.81
1997;5;10;0.51;0.56;-4.8;-4.8;0;0;0;0;398.55;420.41;35.56;0.06;619.39;616.48;0.2;0.09;0.91
1997;5;11;0.46;0.48;-1.8;-1.8;0;0;0;0;398.55;420.41;35.47;0.06;619.85;616.96;0.2;0.09;1.13
1997;5;12;3.19;3.26;0.2;0.2;0.63;0.63;0.08;0.08;398.55;420.41;35.38;0.06;622.95;620.14;0.19;0.09;1.47
1997;5;13;2.56;2.62;1.5;1.5;1.64;1.65;0.22;0.21;398.8;420.69;35.29;0.06;624.32;621.45;0.19;0.09;2.25
1997;5;14;0.56;0.53;1.8;1.8;1.78;1.8;0.27;0.27;399.52;421.5;35.2;0.06;621.74;618.45;0.43;0.33;3.31
1997;5;15;0.34;0.33;2;2;1.88;1.89;0.29;0.28;398.85;421.23;38.76;4.18;616.94;613;1.77;1.66;4.05
1997;5;16;0.72;0.73;2.5;2.5;2.1;2.1;0.32;0.31;398.8;421.62;41.87;7.79;610.12;605.32;3.44;3.28;4.64
1997;5;17;3.58;3.26;3.6;3.6;2.5;2.51;0.25;0.25;402.03;424.1;44.81;11.16;596.19;591.72;6.05;5.74;5.05
1997;5;18;9.49;9.19;2.5;2.5;2.09;2.1;0.12;0.12;403.32;424.96;47.71;14.44;594.53;590.31;7.24;6.72;5.2
1997;5;19;0.7;0.72;3.5;3.5;2.47;2.47;0.31;0.29;404.88;425.91;50.59;17.61;583.04;579.75;7.27;6.6;5.56
1997;5;20;8.09;8.19;1.7;1.7;1.76;1.75;0.12;0.11;404.63;425.53;53.33;20.57;585.15;582.35;6.48;5.75;5.53
1997;5;21;3.64;3.72;-0.3;-0.3;0;0;0;0;402.71;423.88;55.8;23.19;588.78;586.07;4.63;3.95;5.01
1997;5;22;3.4;3.34;-1.6;-1.6;0;0;0;0;400.81;422.23;57.86;25.33;592.18;589.41;3.31;2.74;3.56
1997;5;23;1.53;1.6;-0.4;-0.4;0;0;0;0;399.37;420.59;59.24;27;593.71;591.01;2.88;2.43;2.95
1997;5;24;6.42;6.43;0.1;0.2;0.56;0.63;0.05;0.06;397.96;419;60.26;28.25;599.91;597.19;2.79;2.45;2.91
1997;5;25;2.94;3.09;1.2;1.2;1.47;1.48;0.16;0.15;396.69;418.04;61.26;29.18;600.38;597.54;3.22;2.92;3.59
1997;5;26;1.01;0.99;0.3;0.3;0.68;0.76;0.08;0.09;395.02;416.64;62.03;29.88;600.54;597.56;3.43;3.11;4.16
1997;5;27;0.01;0.01;1;1;1.36;1.36;0.18;0.17;394.34;416.02;62.63;30.39;596.52;593.63;3.85;3.47;4.69
1997;5;28;2.4;2.34;-2.6;-2.5;0;0;0;0;394.34;416.02;60.82;28.44;598.91;595.98;3.26;2.88;4.26
1997;5;29;0;0;-0.1;-0.1;0;0;0;0;394.34;416.02;59.11;26.61;598.91;595.98;2.31;1.99;3.77
1997;5;30;0;0;-0.1;-0.1;0;0;0;0;394.34;416.02;57.51;24.9;598.91;595.97;1.99;1.74;4.21
1997;5;31;0.86;0.92;0.6;0.7;1.01;1.15;0.12;0.13;393.1;414.61;58.28;25.87;598.98;596;2.05;1.82;4.73
1997;6;1;8.04;8.11;-1.3;-1.3;0;0;0;0;393.1;414.61;56.72;24.21;607.02;604.11;2.01;1.78;4.48
1997;6;2;3.06;3;0.2;0.2;0.56;0.64;0.07;0.08;393.14;414.67;55.26;22.66;609.84;606.83;1.81;1.59;3.53
1997;6;3;6.97;6.93;0.6;0.6;1.03;1.08;0.08;0.08;392.16;413.55;56.07;23.68;615.12;611.86;2.08;1.87;3.87
1997;6;4;1.22;1.27;1.9;1.9;1.86;1.87;0.22;0.21;392.33;414.04;56.92;24.51;609.12;605.34;3.71;3.48;4.59
1997;6;5;3.95;4.12;2.4;2.4;2.1;2.1;0.21;0.19;394.12;415.5;57.78;25.36;601.35;598.09;5.69;5.36;4.53
1997;6;6;8.43;8.63;4;4.1;2.69;2.71;0.18;0.16;400.46;421.17;58.94;26.52;582.54;579.54;9.63;9.08;5.84
1997;6;7;1.29;1.33;5.9;5.9;3.22;3.22;0.39;0.36;407.15;426.82;60.69;28.29;553.57;551.3;13.59;12.75;8.77
1997;6;8;14.74;14.94;5.3;5.3;3.05;3.06;0.04;0.03;415.4;433.77;63.24;30.87;529.97;528.74;17.32;16.16;12.3
1997;6;9;3;3.1;4.5;4.5;2.83;2.83;0.24;0.21;418.69;436.27;66.47;34.12;511.2;511.14;17.3;15.9;13.19
1997;6;10;7.16;7.33;5.7;5.7;3.17;3.17;0.19;0.16;424.08;440.48;70.14;37.76;486.55;488.16;17.42;15.86;13.45
1997;6;11;9.33;9.37;6.4;6.4;3.35;3.35;0.16;0.14;430.17;445.19;74.25;41.76;458.19;461.74;20.25;18.45;13.5
1997;6;12;11.46;11.36;5.3;5.3;3.05;3.06;0.1;0.09;434.95;448.93;78.84;46.19;434.44;439.44;22.42;20.34;14.85
1997;6;13;10.71;10.86;4.5;4.5;2.83;2.83;0.11;0.09;438.37;451.64;83.8;50.91;413.98;420.24;22.79;20.54;13.02
1997;6;14;12.23;12.29;3.8;3.9;2.62;2.64;0.06;0.04;440.7;453.42;88.91;55.7;399.48;406.98;21.91;19.63;12.04
1997;6;15;0.96;1.02;4.5;4.5;2.83;2.83;0.2;0.16;441.22;453.44;93.84;60.23;384.76;394.35;18.86;16.62;12.62
1997;6;16;6.49;6.65;4.9;5;2.96;2.98;0.14;0.11;442.83;454.42;98.41;64.27;368.31;380.07;17.74;15.51;12.36
1997;6;17;12.76;12.7;3.9;3.9;2.63;2.64;0.05;0.04;444.63;455.67;102.68;67.93;355.73;369.25;19.13;16.82;14.77
1997;6;18;7.42;7.4;2.2;2.2;1.99;2.01;0.08;0.07;443.54;454.81;106.61;71.17;355.37;369.16;16.97;14.73;11.29
1997;6;19;32.69;32.71;1.8;1.8;1.81;1.83;0;0;442.66;454.28;109.96;73.78;378.56;392.08;14.14;12.24;10.03
1997;6;20;1.39;1.35;0.9;1;1.34;1.38;0.12;0.12;440.71;452.78;112.6;75.66;377.93;391.3;11.59;10.06;8.76
1997;6;21;3.06;3.15;2.5;2.5;2.14;2.14;0.14;0.11;439.94;452.06;114.54;76.84;372.41;386.62;10.66;9.34;7.78
1997;6;22;39.8;39.98;1.9;1.9;1.86;1.87;0;0;439.58;452.04;115.99;77.54;400.04;413.9;12.07;10.8;11.62
1997;6;23;5.58;5.63;-1.3;-1.3;0;0;0;0;437.4;450.28;117.05;77.88;405.62;419.53;10.72;9.53;9.48
1997;6;24;3.11;3.08;-2.4;-2.4;0;0;0;0;437.4;450.28;112.51;72.87;408.73;422.61;7.77;6.78;7.49
1997;6;25;1.74;1.8;-0.9;-0.9;0;0;0;0;437.4;450.28;108.25;68.19;410.47;424.41;6.14;5.36;6.3
1997;6;26;10.45;10.73;1.3;1.3;1.57;1.56;0.08;0.07;435.6;448.96;109.44;68.78;418.25;432.14;6.29;5.62;6.02
1997;6;27;44.89;45.45;1.1;1.1;1.45;1.44;0;0;434.13;447.81;110.06;68.83;459.12;473.53;7.27;6.58;8.73
1997;6;28;11.27;11.62;3.2;3.2;2.41;2.4;0.09;0.07;435.43;448.85;110.48;68.71;451.43;466.92;10.62;9.75;12.04
1997;6;29;10.2;10.5;3.9;4;2.66;2.67;0.11;0.09;437.6;450.69;111.14;68.84;436.91;453.31;15.14;13.94;16.6
1997;6;30;10.79;10.7;0.6;0.6;1.07;1.08;0.05;0.05;435.87;449.32;112.03;69.23;444.97;461.27;13.57;12.22;12.51
1997;7;1;6.09;6.04;0;0;0;0;0;0;433.71;447.58;112.76;69.44;451.06;467.31;9.27;8.09;9.26
1997;7;2;0.97;1.01;2;2;1.94;1.94;0.19;0.17;432.78;446.79;113.16;69.31;445.32;461.94;8.28;7.27;7.63
1997;7;3;4.11;4.24;4;4;2.69;2.7;0.16;0.12;433.54;447.17;113.42;69.03;434.5;452.57;10.34;9.28;7.67
1997;7;4;4.73;4.67;3.8;3.8;2.62;2.63;0.14;0.12;434.22;447.42;113.77;68.85;424.74;444.35;12.18;10.89;8.4
1997;7;5;17.99;17.74;1.2;1.2;1.5;1.52;0;0;432.96;446.48;114.21;68.73;437.64;456.93;11.3;9.92;8.12
1997;7;6;5.5;5.17;-0.6;-0.6;0;0;0;0;430.82;444.74;114.51;68.46;443.13;462.1;8.68;7.47;6.68
1997;7;7;2.08;1.96;-0.2;-0.2;0;0;0;0;428.69;443.01;114.51;67.89;445.22;464.06;6.8;5.83;5.32
1997;7;8;0.18;0.16;2.7;2.7;2.23;2.23;0.17;0.14;428.02;442.44;114.25;67.08;438.15;457.38;7.39;6.51;5.51
1997;7;9;1.77;1.75;3.8;3.8;2.63;2.63;0.18;0.14;428.33;442.36;113.94;66.22;428.78;449.5;9.14;8.15;7.15
1997;7;10;10.57;10.63;3.5;3.5;2.53;2.53;0.07;0.06;430.01;443.47;113.82;65.55;421.36;443.77;11.58;10.34;8.44
1997;7;11;5.71;5.87;2.6;2.6;2.19;2.19;0.11;0.09;429.73;443.17;113.96;65.14;417.85;441.14;11.91;10.49;9.23
1997;7;12;3.83;3.91;3.4;3.4;2.49;2.49;0.15;0.12;429.97;443.15;114.28;64.9;410.25;434.88;11.23;9.78;8.57
1997;7;13;1.16;1.14;5;5;2.99;3;0.21;0.17;430.86;443.52;114.73;64.77;397.01;423.59;11.63;10.12;9.47
1997;7;14;4.86;4.86;5.4;5.4;3.1;3.11;0.17;0.14;432.81;444.8;115.42;64.84;381.77;410.54;13.35;11.65;10.9
1997;7;15;1.75;1.69;3.1;3.1;2.4;2.39;0.16;0.13;432.72;444.42;116.32;65.1;373.43;403.89;13.04;11.2;10.94
1997;7;16;0.07;0.07;6.4;6.4;3.37;3.38;0.26;0.21;434.32;445.24;117.36;65.46;354.96;388.41;13.1;11.15;10.82
1997;7;17;21.8;21.83;6.1;6.1;3.3;3.3;0;0;439.59;449.64;118.82;66.19;336.8;372.49;18.63;16.39;14.09
1997;7;18;11.1;10.93;2.7;2.7;2.23;2.23;0.05;0.05;439.67;449.62;120.81;67.43;334.67;371.58;19.09;16.62;14.47
1997;7;19;8.78;8.32;0.6;0.6;1.07;1.09;0.05;0.05;437.82;448.21;122.87;68.69;341.14;377.55;13.74;11.51;9.58
1997;7;20;2.19;2.1;1;1;1.37;1.39;0.09;0.08;436.07;446.85;124.5;69.52;340.65;377.04;9.96;8.23;8.55
1997;7;21;0.03;0.03;1.2;1.2;1.51;1.52;0.11;0.09;434.39;445.49;125.62;69.84;337.88;374.59;8.48;7.09;8.1
1997;7;22;0.1;0.1;5.2;5.2;3.05;3.06;0.2;0.19;434.57;445.64;126.38;69.83;325.22;362.84;9.75;8.45;8.47
1997;7;23;4.67;4.76;5.8;5.8;3.21;3.22;0.15;0.14;435.8;446.91;127.1;69.82;310.85;348.86;12.93;11.51;10.28
1997;7;24;11.06;11.03;5.1;5.1;3.03;3.03;0.06;0.06;437.75;448.92;128.09;70.12;298.01;335.88;16.24;14.66;12.95
1997;7;25;5.64;5.38;3.4;3.4;2.5;2.49;0.05;0.05;437.54;448.93;129.37;70.75;291.78;329.42;15.88;14.26;12.63
1997;7;26;3.72;3.6;2.2;2.2;2.04;2.02;0.05;0.05;436.15;447.82;130.62;71.37;290.9;328.71;12.53;11.02;10.5
1997;7;27;0;0;6;6;3.27;3.27;0.09;0.1;435.04;447.08;131.61;71.72;284.43;322.03;10.54;9.2;11.67
1997;7;28;2.55;2.67;6.4;6.4;3.37;3.38;0.15;0.09;434.28;446.94;132.33;71.84;277.65;314.35;11.58;9.45;14.35
1997;7;29;4.44;4.48;5.1;5.1;3.03;3.03;0.17;0.07;433.67;446.9;132.91;71.86;271.97;307.92;13.2;10.37;13.71
1997;7;30;0.03;0.03;5.9;5.9;3.24;3.25;0.24;0.1;432.43;446.35;133.38;71.82;265.21;300.27;12.89;10.09;12.89
1997;7;31;8.97;8.93;5.5;5.5;3.13;3.14;0.1;0.04;432.9;447.2;133.8;71.78;258.67;292.87;14.04;11.19;13.23
1997;8;1;5.22;5.06;0.9;0.9;1.2;1.21;0.07;0.05;431.29;445.9;134.19;71.73;260.93;295.04;12.22;10.3;10.54
1997;8;2;1.86;1.84;3.1;3.1;2.19;2.19;0.05;0.06;430.05;444.93;134.4;71.52;257.99;292.09;9.38;8.36;8.72
1997;8;3;0.22;0.22;6.4;6.4;3.1;3.1;0.15;0.09;428.94;444.39;134.41;71.11;251.66;284.93;10;8.17;10.97
1997;8;4;0.18;0.19;7.7;7.7;3.38;3.38;0.24;0.1;428.05;444.2;134.31;70.63;243.56;275.76;11.88;8.98;13.74
1997;8;5;0.87;0.93;8.3;8.3;3.51;3.51;0.24;0.1;427.49;444.33;134.21;70.18;234.42;265.41;13.18;9.87;17.46
1997;8;6;11.97;12.07;6.8;6.8;3.19;3.19;0.07;0.03;428.98;446.08;134.26;69.94;226.54;256.49;15.66;12.34;17.31
1997;8;7;11.74;11.77;5.9;5.9;2.98;2.98;0.06;0.03;430.18;447.49;134.65;70.08;219.53;248.54;17.46;14.36;17.75
1997;8;8;4.49;4.52;5.8;5.8;2.95;2.96;0.15;0.07;429.89;447.66;135.31;70.52;212.54;240.64;16.58;13.6;19.04
1997;8;9;0.77;0.7;5.1;5.1;2.77;2.78;0.18;0.08;428.81;447.09;136;71.01;206.33;233.6;14.23;11.45;18.78
1997;8;10;0.27;0.29;6.2;6.2;3.05;3.05;0.2;0.09;427.85;446.73;136.56;71.36;198.69;224.95;12.97;10.21;16.48
1997;8;11;1.76;1.83;7.6;7.6;3.37;3.36;0.21;0.09;427.46;446.95;136.99;71.59;189.22;214.23;13.81;10.63;17.25
1997;8;12;0.8;0.85;8;8;3.45;3.45;0.22;0.1;426.97;447.11;137.37;71.79;179.19;202.88;14.82;11.29;17.58
1997;8;13;0.2;0.21;7.7;7.7;3.38;3.38;0.22;0.1;426.34;447.1;137.72;71.99;169.48;191.88;14.84;11.32;17.06
1997;8;14;1.48;1.47;6.9;6.9;3.21;3.21;0.19;0.09;425.84;447.12;138.04;72.17;160.72;181.97;14.54;11.22;16.09
1997;8;15;1.08;1.14;7.1;7.1;3.25;3.25;0.2;0.09;425.29;447.14;138.33;72.34;151.68;171.74;14.38;11.18;16.68
1997;8;16;4.9;4.87;6.2;6.2;3.05;3.05;0.14;0.07;425.4;447.55;138.62;72.51;143.73;162.73;14.79;11.69;16.61
1997;8;17;10.31;10.13;4.3;4.3;2.56;2.56;0.06;0.03;426.27;448.34;138.98;72.77;138.16;156.42;15.48;12.77;14.51
1997;8;18;2.75;2.82;4.3;4.3;2.56;2.56;0.14;0.06;425.51;447.96;139.41;73.09;132.62;150.15;14.47;12.09;12.23
1997;8;19;1.07;1.09;4.3;4.3;2.56;2.56;0.15;0.07;424.45;447.33;139.75;73.33;127.09;143.89;12.79;10.5;12.63
1997;8;20;6.91;7.06;4.5;4.5;2.62;2.62;0.1;0.05;424.6;447.69;140;73.46;121.26;137.29;13.15;10.86;13.11
1997;8;21;3.72;3.82;3.6;3.6;2.36;2.35;0.12;0.06;423.87;447.26;140.19;73.53;117.07;132.54;13.14;10.92;11.54
1997;8;22;0.3;0.3;5.1;5.1;2.78;2.78;0.17;0.08;422.82;446.67;140.28;73.5;110.71;125.34;12.32;10.01;11.55
1997;8;23;0.14;0.16;6.6;6.6;3.14;3.14;0.19;0.1;422.05;446.42;140.27;73.36;102.42;115.96;12.58;9.85;12.5
1997;8;24;6.04;6.14;6;6;3;3;0.12;0.06;422.4;447.02;140.23;73.2;94.8;107.33;14.04;11.13;13.18
1997;8;25;6.22;6.41;5.9;5.9;2.98;2.98;0.12;0.06;422.71;447.6;140.3;73.17;87.28;98.81;15.23;12.34;15.49
1997;8;26;8.78;8.65;6.4;6.4;3.1;3.1;0.08;0.05;423.75;448.61;140.54;73.33;79.07;89.53;16.4;13.42;14.73
1997;8;27;2.99;2.82;6.2;6.2;3.05;3.05;0.14;0.08;423.52;448.62;140.94;73.66;71.16;80.57;16.1;13.06;13.02
1997;8;28;33.62;33.61;5.8;5.8;2.97;2.96;0;0;429.33;453.24;141.69;74.37;63.4;71.78;21.24;18.11;17.99
1997;8;29;8.38;8.32;-1.6;-1.5;0;0;0;0;427.31;451.48;142.81;75.46;71.78;80.11;18.29;16.17;12.38
1997;8;30;2.59;2.52;0.4;0.5;0.81;0.92;0.08;0.1;425.51;449.95;143.73;76.32;72.87;80.92;10.88;9.93;8.32
1997;8;31;0.18;0.16;6.8;6.8;3.18;3.19;0.09;0.1;425.63;449.72;144.23;76.7;62.28;70.51;10.13;9.36;13.05
1997;9;1;0.27;0.27;8.1;8.1;2.96;2.96;0.12;0.09;424.86;449.38;144.48;76.81;53.9;61.02;12.12;10.25;12.19
1997;9;2;5.33;5.03;7.8;7.9;2.92;2.92;0.1;0.06;425.22;449.8;144.65;76.83;45.28;51.27;14.65;11.66;12.73
1997;9;3;0.33;0.33;8.2;8.2;2.98;2.98;0.17;0.09;424.53;449.6;144.81;76.85;36.09;40.86;15.18;11.98;13.13
1997;9;4;1.75;1.88;6.9;6.9;2.74;2.74;0.15;0.08;423.92;449.44;144.95;76.86;28.12;31.84;14.75;11.6;12.61
1997;9;5;1.5;1.58;6.3;6.3;2.63;2.62;0.14;0.07;423.22;449.15;145.03;76.81;20.7;23.43;14.14;11.25;13.91
1997;9;6;6.95;6.99;5.9;5.9;2.54;2.54;0.09;0.05;423.62;449.63;145.09;76.75;13.57;15.37;14.69;11.99;14.54
1997;9;7;8.96;9.17;4.7;4.7;2.27;2.28;0.06;0.03;424.13;450.17;145.23;76.8;7.81;8.85;15.56;13.11;12.9
1997;9;8;0;0;6;6;2.56;2.56;0.15;0.08;423.14;449.61;145.42;76.9;0.48;0.54;14.62;12.14;11.98
1997;9;9;0;0;5.4;5.4;2.43;2.44;0.07;0;421.19;447.94;145.45;76.83;0;0;11.82;9.28;11.06
1997;9;10;0.01;0.01;5.2;5.2;2.39;2.4;0.45;0.43;418.8;445.77;145.13;76.37;0;0;13.88;11.46;8.96
1997;9;11;0.02;0.02;7.2;7.2;2.8;2.8;0.96;1;415.92;443.04;144.43;75.5;0;0;15.61;12.91;10.26
1997;9;12;0.59;0.62;6.8;6.8;2.73;2.72;0.9;0.94;413.23;440.49;143.41;74.28;0;0;15.86;12.85;11.13
1997;9;13;10.58;10.54;3.7;3.7;2.03;2.04;0.14;0.14;413.64;440.54;142.27;72.92;0;0;11.19;8.66;10.44
1997;9;14;0.24;0.21;1.2;1.2;1.17;1.19;0.01;0;411.79;438.86;141.11;71.55;0;0;9.03;7.66;7.21
1997;9;15;0;0;2.9;2.9;1.81;1.81;0.31;0.32;409.59;436.83;139.86;70.08;0;0;9.88;8.76;6.2
1997;9;16;0;0;5;5;2.35;2.35;0.81;0.84;406.91;434.3;138.47;68.45;0;0;11.71;9.87;6.33
1997;9;17;0;0;5.2;5.2;2.4;2.4;0.82;0.86;404.24;431.75;136.94;66.69;0;0;12.49;10.22;6.98
1997;9;18;0;0;6;6;2.56;2.56;0.88;0.92;401.52;429.15;135.31;64.82;0;0;13.26;10.81;7.3
1997;9;19;0;0;4;4;2.1;2.11;0.72;0.76;398.97;426.73;133.62;62.88;0;0;11.57;9.34;6.72
1997;9;20;1.44;1.48;3.7;3.7;2.03;2.04;0.34;0.33;397.2;425.08;131.9;60.91;0;0;7.42;5.56;7.59
1997;9;21;0.23;0.24;3.5;3.5;1.98;1.98;0.05;0;395.42;423.48;130.18;58.97;0;0;6.63;4.88;7.45
1997;9;22;1.01;1.05;2.7;2.7;1.75;1.75;0.02;0;393.89;422.09;128.49;57.05;0;0;5.95;4.83;6.64
1997;9;23;1.01;1;3;3;1.83;1.84;0;0;392.4;420.7;126.83;55.18;0;0;5.24;4.71;5.78
1997;9;24;0;0;2.7;2.7;1.75;1.75;0.3;0.31;390.34;418.75;125.22;53.35;0;0;7.61;6.7;5.85
1997;9;25;0;0;4.7;4.7;2.28;2.28;0.77;0.82;387.8;416.31;123.62;51.57;0;0;9.9;8.25;6.76
1997;9;26;0;0;5.4;5.4;2.44;2.44;0.83;0.87;385.23;413.81;122.06;49.82;0;0;11.19;9.07;6.99
1997;9;27;0;0;4;4;2.11;2.11;0.71;0.76;382.79;411.45;120.53;48.11;0;0;10.18;8.1;6.77
1997;9;28;0;0;3.5;3.5;1.97;1.98;0.67;0.71;380.4;409.14;119.04;46.45;0;0;9.1;7.34;6.09
1997;9;29;0;0;3;3;1.83;1.84;0.62;0.66;378.08;406.89;117.59;44.84;0;0;8.25;6.73;5.74
1997;9;30;0;0;4.3;4.3;2.18;2.19;0.74;0.78;375.65;404.53;116.18;43.28;0;0;9.14;7.52;5.34
1997;10;1;1.2;1.14;3.1;3.1;1.66;1.66;0.26;0.26;374.16;403.05;114.84;41.8;0;0;5.83;4.14;6.84
1997;10;2;3.8;3.65;1.4;1.4;1.15;1.13;0.03;0.03;373.7;402.4;113.58;40.42;0.59;0.67;5.03;3.98;4.64
1997;10;3;0.69;0.66;0;0;0;0;0;0;372.03;400.84;112.43;39.16;1.28;1.33;4.22;3.72;2.77
1997;10;4;0;0;1.9;1.9;1.3;1.31;0;0;370.82;399.71;111.35;37.98;0;0;3.91;3.47;2.29
1997;10;5;0;0;4.6;4.6;2;2;0.31;0.33;368.86;397.82;110.33;36.86;0;0;7.46;6.44;2.73
1997;10;6;0.13;0.14;4;4;1.87;1.87;0.58;0.62;366.68;395.71;109.34;35.78;0;0;8.09;6.5;3.18
1997;10;7;2.38;2.48;3.7;3.7;1.81;1.8;0.26;0.26;365.67;394.75;108.4;34.77;0;0;5.36;3.74;4.36
1997;10;8;0.55;0.56;4.5;4.5;1.98;1.98;0.32;0.32;363.94;393.09;107.53;33.83;0;0;8.29;6.56;5.18
1997;10;9;0.04;0.04;5.4;5.4;2.16;2.16;0.67;0.72;361.67;390.86;106.71;32.95;0;0;9.49;7.53;6.43
1997;10;10;13.95;13.86;2.7;2.7;1.55;1.55;0.05;0.05;365.05;393.57;106;32.2;1.53;1.73;6.59;5.27;6.23
1997;10;11;2.59;2.57;-0.8;-0.8;0;0;0;0;363.43;392.04;105.48;31.66;4.12;4.3;5.06;4.51;4.42
1997;10;12;12.33;12.06;-4;-4;0;0;0;0;362.08;390.52;104.87;31.19;16.45;16.36;3.68;3.24;2.61
1997;10;13;1.21;1.13;-8.3;-8.2;0;0;0;0;362.08;390.52;102.9;29.18;17.66;17.49;2.71;2.34;2.01
1997;10;14;3.98;3.73;-10.2;-10.1;0;0;0;0;362.08;390.52;101.05;27.31;21.64;21.22;2.25;1.93;1.75
1997;10;15;1.12;1.08;-8.4;-8.3;0;0;0;0;362.08;390.52;99.3;25.55;22.76;22.3;2.09;1.78;1.51
1997;10;16;3.32;3.27;-4.3;-4.3;0;0;0;0;362.08;390.52;97.66;23.91;26.08;25.57;1.97;1.66;1.46
1997;10;17;0;0;-2.9;-2.9;0;0;0;0;362.08;390.52;96.1;22.37;26.08;25.57;1.86;1.56;1.38
1997;10;18;0;0;0.7;0.8;0.82;0.87;0.1;0.11;362.93;391.47;94.64;20.94;23.59;22.76;1.77;1.47;1.37
1997;10;19;0;0;1.7;1.7;1.23;1.24;0.13;0.11;365.65;393.79;93.25;19.59;16.69;16.04;2.54;2.24;1.44
1997;10;20;0;0;2;2;1.33;1.34;0.1;0.08;367.99;395.47;91.95;18.33;11.06;11.06;3.04;2.72;1.4
1997;10;21;1.55;1.55;-0.6;-0.6;0;0;0;0;367.99;395.47;90.72;17.16;12.61;12.62;2.28;1.94;1.36
1997;10;22;0;0;-1.1;-1.1;0;0;0;0;367.99;395.47;89.55;16.05;12.61;12.61;1.53;1.21;1.19
1997;10;23;0;0;-1.5;-1.5;0;0;0;0;367.99;395.47;88.45;15.03;12.61;12.61;1.35;1.05;1.11
1997;10;24;0.02;0.02;-3.8;-3.8;0;0;0;0;367.99;395.47;87.4;14.06;12.63;12.63;1.28;0.98;1.03
1997;10;25;0.03;0.03;-4.9;-4.9;0;0;0;0;367.99;395.47;86.42;13.16;12.66;12.66;1.21;0.91;0.95
1997;10;26;0.12;0.11;-4.6;-4.6;0;0;0;0;367.99;395.47;85.48;12.31;12.78;12.77;1.15;0.86;0.98
1997;10;27;1.4;1.33;-6.1;-6;0;0;0;0;367.99;395.47;84.59;11.53;14.18;14.1;1.09;0.8;0.96
1997;10;28;0.61;0.64;-9.9;-9.9;0;0;0;0;367.99;395.47;83.75;10.79;14.79;14.74;1.04;0.75;0.97
1997;10;29;0;0;-10;-10;0;0;0;0;367.99;395.47;82.95;10.1;14.79;14.74;0.99;0.7;1.02
1997;10;30;0.02;0.02;-6.8;-6.8;0;0;0;0;367.99;395.47;82.19;9.45;14.81;14.76;0.94;0.66;1.18
1997;10;31;0;0;-3.8;-3.8;0;0;0;0;367.99;395.47;81.46;8.84;14.81;14.76;0.89;0.61;1.31
1997;11;1;0;0;-2.6;-2.6;0;0;0;0;367.99;395.47;80.78;8.28;14.81;14.76;0.85;0.58;1.07
1997;11;2;0;0;-2.4;-2.4;0;0;0;0;367.99;395.47;80.12;7.75;14.81;14.76;0.81;0.54;0.97
1997;11;3;0;0;-1.8;-1.8;0;0;0;0;367.99;395.47;79.49;7.25;14.81;14.76;0.77;0.5;0.98
1997;11;4;0.1;0.11;-2.1;-2.1;0;0;0;0;367.99;395.47;78.9;6.79;14.91;14.87;0.74;0.47;0.97
1997;11;5;2.13;2.22;-3.2;-3.3;0;0;0;0;367.99;395.47;78.33;6.35;17.04;17.09;0.7;0.44;0.98
1997;11;6;12.04;12.33;-1.7;-1.8;0;0;0;0;367.99;395.47;77.78;5.95;29.07;29.42;0.67;0.41;1.07
1997;11;7;18.24;18.55;-2.1;-2.1;0;0;0;0;367.99;395.47;77.26;5.57;47.32;47.97;0.64;0.39;2.66
1997;11;8;5.42;5.31;-4.2;-4.2;0;0;0;0;367.99;395.47;76.76;5.21;52.73;53.28;0.61;0.36;1.29
1997;11;9;9.82;9.93;-9.2;-9.2;0;0;0;0;367.99;395.47;76.28;4.88;62.56;63.21;0.59;0.34;1.16
1997;11;10;0.35;0.38;-11.1;-11.1;0;0;0;0;367.99;395.47;75.83;4.57;62.91;63.59;0.56;0.32;1.23
1997;11;11;2.56;2.65;-8.8;-8.8;0;0;0;0;367.99;395.47;75.38;4.28;65.46;66.24;0.54;0.3;1.09
1997;11;12;24.01;24.39;-7.6;-7.6;0;0;0;0;367.99;395.47;74.96;4;89.47;90.63;0.52;0.28;1.01
1997;11;13;0.51;0.47;-10.5;-10.5;0;0;0;0;367.99;395.47;74.55;3.75;89.98;91.1;0.5;0.26;0.93
1997;11;14;0.03;0.03;-13.1;-13.1;0;0;0;0;367.99;395.47;74.16;3.51;90.01;91.13;0.48;0.24;0.87
1997;11;15;0;0;-13.5;-13.5;0;0;0;0;367.99;395.47;73.78;3.29;90.01;91.13;0.46;0.23;0.81
1997;11;16;3.99;3.85;-7.9;-7.9;0;0;0;0;367.99;395.47;73.41;3.08;94;94.98;0.45;0.21;0.75
1997;11;17;0.04;0.04;-9.8;-9.8;0;0;0;0;367.99;395.47;73.06;2.88;94.04;95.02;0.43;0.2;0.69
1997;11;18;0;0;-12.6;-12.6;0;0;0;0;367.99;395.47;72.72;2.7;94.04;95.02;0.42;0.19;0.68
1997;11;19;0.03;0.03;-13.8;-13.9;0;0;0;0;367.99;395.47;72.39;2.53;94.07;95.05;0.4;0.18;0.68
1997;11;20;1.2;1.2;-13.6;-13.6;0;0;0;0;367.99;395.47;72.07;2.37;95.27;96.25;0.39;0.16;0.68
1997;11;21;2.24;2.2;-10.8;-10.8;0;0;0;0;367.99;395.47;71.75;2.22;97.51;98.45;0.38;0.15;0.68
1997;11;22;0;0;-13.5;-13.5;0;0;0;0;367.99;395.47;71.45;2.08;97.51;98.45;0.37;0.14;0.68
1997;11;23;0.24;0.24;-11.5;-11.5;0;0;0;0;367.99;395.47;71.16;1.95;97.75;98.69;0.36;0.14;0.68
1997;11;24;0;0;-10.6;-10.7;0;0;0;0;367.99;395.47;70.87;1.83;97.75;98.69;0.35;0.13;0.68
1997;11;25;0.25;0.26;-7.2;-7.2;0;0;0;0;367.99;395.47;70.59;1.71;97.99;98.95;0.34;0.12;0.69
1997;11;26;0.33;0.35;-8.5;-8.5;0;0;0;0;367.99;395.47;70.32;1.6;98.32;99.3;0.33;0.11;0.69
1997;11;27;0;0;-11.2;-11.2;0;0;0;0;367.99;395.47;70.06;1.5;98.32;99.3;0.32;0.1;0.69
1997;11;28;1;1.01;-8.6;-8.6;0;0;0;0;367.99;395.47;69.8;1.41;99.32;100.31;0.31;0.1;0.69
1997;11;29;1.04;1.05;-6.1;-6.1;0;0;0;0;367.99;395.47;69.55;1.32;100.36;101.36;0.31;0.09;0.69
1997;11;30;6.9;6.72;-8.1;-8.1;0;0;0;0;367.99;395.47;69.3;1.24;107.26;108.08;0.3;0.09;0.71
1997;12;1;3.47;3.35;-9.3;-9.3;0;0;0;0;367.99;395.47;69.06;1.16;110.73;111.43;0.29;0.08;0.73
1997;12;2;4.89;4.85;-11.6;-11.6;0;0;0;0;367.99;395.47;68.82;1.09;115.61;116.28;0.29;0.08;0.75
1997;12;3;12.21;12.15;-12.5;-12.5;0;0;0;0;367.99;395.47;68.58;1.02;127.82;128.43;0.28;0.07;0.78
1997;12;4;0.1;0.1;-15.3;-15.3;0;0;0;0;367.99;395.47;68.36;0.96;127.92;128.53;0.27;0.07;0.77
1997;12;5;0;0;-20.4;-20.4;0;0;0;0;367.99;395.47;68.13;0.9;127.92;128.53;0.27;0.06;0.76
1997;12;6;0;0;-17.7;-17.7;0;0;0;0;367.99;395.47;67.91;0.85;127.92;128.53;0.26;0.06;0.75
1997;12;7;0;0;-11.3;-11.3;0;0;0;0;367.99;395.47;67.69;0.79;127.92;128.53;0.26;0.06;0.74
1997;12;8;0.12;0.11;-10.7;-10.7;0;0;0;0;367.99;395.47;67.48;0.74;128.04;128.64;0.26;0.05;0.73
1997;12;9;2.4;2.33;-9.6;-9.6;0;0;0;0;367.99;395.47;67.27;0.7;130.44;130.97;0.25;0.05;0.72
1997;12;10;1.29;1.28;-9.7;-9.7;0;0;0;0;367.99;395.47;67.06;0.66;131.73;132.25;0.25;0.05;0.71
1997;12;11;6.16;5.9;-5.5;-5.5;0;0;0;0;367.99;395.47;66.85;0.62;137.89;138.15;0.24;0.04;0.7
1997;12;12;13.19;12.89;-8.5;-8.5;0;0;0;0;367.99;395.47;66.65;0.58;151.08;151.04;0.24;0.04;0.69
1997;12;13;9.4;9.04;-11.8;-11.8;0;0;0;0;367.99;395.47;66.45;0.55;160.48;160.08;0.24;0.04;0.68
1997;12;14;2.75;2.65;-15.3;-15.3;0;0;0;0;367.99;395.47;66.25;0.51;163.23;162.73;0.23;0.04;0.68
1997;12;15;0.72;0.73;-18;-18;0;0;0;0;367.99;395.47;66.06;0.48;163.95;163.46;0.23;0.03;0.68
1997;12;16;0.5;0.52;-20.3;-20.3;0;0;0;0;367.99;395.47;65.86;0.46;164.45;163.98;0.23;0.03;0.68
1997;12;17;1.32;1.37;-13.3;-13.2;0;0;0;0;367.99;395.47;65.67;0.43;165.76;165.35;0.23;0.03;0.67
1997;12;18;2.5;2.59;-7.8;-7.7;0;0;0;0;367.99;395.47;65.48;0.4;168.27;167.94;0.22;0.03;0.66
1997;12;19;4.38;4.54;-7;-6.9;0;0;0;0;367.99;395.47;65.3;0.38;172.64;172.48;0.22;0.03;0.67
1997;12;20;9.91;10.01;-6.2;-6.2;0;0;0;0;367.99;395.47;65.11;0.36;182.55;182.49;0.22;0.02;0.68
1997;12;21;5.88;5.79;-8.9;-8.9;0;0;0;0;367.99;395.47;64.93;0.34;188.43;188.28;0.22;0.02;0.69
1997;12;22;2.09;2.04;-9.4;-9.4;0;0;0;0;367.99;395.47;64.75;0.32;190.53;190.32;0.21;0.02;0.7
1997;12;23;0.17;0.17;-11.9;-11.9;0;0;0;0;367.99;395.47;64.56;0.3;190.7;190.49;0.21;0.02;0.71
1997;12;24;0.67;0.65;-9.3;-9.3;0;0;0;0;367.99;395.47;64.39;0.28;191.36;191.14;0.21;0.02;0.73
1997;12;25;0.32;0.31;-8.7;-8.7;0;0;0;0;367.99;395.47;64.21;0.27;191.68;191.45;0.21;0.02;0.73
1997;12;26;9.11;9.1;-10.6;-10.6;0;0;0;0;367.99;395.47;64.03;0.25;200.79;200.55;0.21;0.02;0.71
1997;12;27;0.17;0.16;-16.1;-16.1;0;0;0;0;367.99;395.47;63.85;0.24;200.96;200.71;0.21;0.02;0.69
1997;12;28;1.75;1.65;-18.6;-18.6;0;0;0;0;367.99;395.47;63.68;0.23;202.71;202.36;0.2;0.02;0.66
1997;12;29;0.4;0.38;-19.8;-19.8;0;0;0;0;367.99;395.47;63.51;0.22;203.1;202.74;0.2;0.01;0.65
1997;12;30;0.02;0.02;-17.4;-17.4;0;0;0;0;367.99;395.47;63.34;0.2;203.12;202.76;0.2;0.01;0.65
1997;12;31;0.01;0.01;-14.1;-14;0;0;0;0;367.99;395.47;63.16;0.19;203.13;202.77;0.2;0.01;0.65
1998;1;1;0.22;0.23;-10.5;-10.5;0;0;0;0;367.99;395.47;62.99;0.18;203.35;203;0.2;0.01;0.65
1998;1;2;4.05;4.08;-9.7;-9.6;0;0;0;0;367.99;395.47;62.83;0.18;207.4;207.08;0.2;0.01;0.64
1998;1;3;1.93;1.86;-10.7;-10.7;0;0;0;0;367.99;395.47;62.66;0.17;209.33;208.94;0.2;0.01;0.63
1998;1;4;3.54;3.49;-13.1;-13.1;0;0;0;0;367.99;395.47;62.49;0.16;212.87;212.43;0.2;0.01;0.63
1998;1;5;1.12;1.07;-15.5;-15.5;0;0;0;0;367.99;395.47;62.33;0.15;214;213.5;0.19;0.01;0.62
1998;1;6;4.02;3.91;-13.5;-13.5;0;0;0;0;367.99;395.47;62.16;0.14;218.02;217.41;0.19;0.01;0.61
1998;1;7;0.14;0.13;-12.4;-12.4;0;0;0;0;367.99;395.47;61.99;0.14;218.16;217.54;0.19;0.01;0.61
1998;1;8;0;0;-14.2;-14.2;0;0;0;0;367.99;395.47;61.83;0.13;218.16;217.54;0.19;0.01;0.6
1998;1;9;0;0;-11.7;-11.7;0;0;0;0;367.99;395.47;61.67;0.13;218.16;217.54;0.19;0.01;0.59
1998;1;10;0;0;-11;-11;0;0;0;0;367.99;395.47;61.51;0.12;218.16;217.54;0.19;0.01;0.58
1998;1;11;0;0;-9.8;-9.7;0;0;0;0;367.99;395.47;61.34;0.12;218.16;217.54;0.19;0.01;0.58
1998;1;12;0;0;-7.5;-7.4;0;0;0;0;367.99;395.47;61.18;0.11;218.16;217.54;0.19;0.01;0.57
1998;1;13;0;0;-8.3;-8.3;0;0;0;0;367.99;395.47;61.02;0.11;218.16;217.54;0.19;0.01;0.56
1998;1;14;1.64;1.64;-10.3;-10.3;0;0;0;0;367.99;395.47;60.86;0.1;219.8;219.18;0.19;0.01;0.55
1998;1;15;0.5;0.51;-8.2;-8.2;0;0;0;0;367.99;395.47;60.7;0.1;220.3;219.69;0.18;0.01;0.55
1998;1;16;7.04;7.01;-9.3;-9.3;0;0;0;0;367.99;395.47;60.55;0.09;227.34;226.7;0.18;0.01;0.54
1998;1;17;3.4;3.26;-13;-13;0;0;0;0;367.99;395.47;60.39;0.09;230.75;229.96;0.18;0.01;0.53
1998;1;18;0.33;0.32;-14.6;-14.6;0;0;0;0;367.99;395.47;60.23;0.09;231.08;230.28;0.18;0.01;0.52
1998;1;19;6.1;5.99;-11.7;-11.7;0;0;0;0;367.99;395.47;60.07;0.08;237.18;236.27;0.18;0.01;0.52
1998;1;20;5.7;5.48;-15.9;-15.9;0;0;0;0;367.99;395.47;59.92;0.08;242.87;241.75;0.18;0.01;0.51
1998;1;21;2.4;2.26;-16.4;-16.4;0;0;0;0;367.99;395.47;59.76;0.08;245.27;244.01;0.18;0.01;0.5
1998;1;22;0.11;0.11;-16.2;-16.3;0;0;0;0;367.99;395.47;59.61;0.08;245.38;244.12;0.18;0.01;0.5
1998;1;23;0.03;0.03;-17;-17;0;0;0;0;367.99;395.47;59.45;0.08;245.41;244.15;0.18;0.01;0.49
1998;1;24;0.72;0.73;-15.2;-15.2;0;0;0;0;367.99;395.47;59.3;0.07;246.13;244.88;0.18;0;0.48
1998;1;25;0.26;0.27;-13.8;-13.8;0;0;0;0;367.99;395.47;59.15;0.07;246.39;245.15;0.18;0;0.47
1998;1;26;0;0;-15.4;-15.4;0;0;0;0;367.99;395.47;58.99;0.07;246.39;245.15;0.18;0;0.47
1998;1;27;0;0;-17.3;-17.3;0;0;0;0;367.99;395.47;58.84;0.07;246.39;245.15;0.18;0;0.46
1998;1;28;0;0;-18.1;-18.1;0;0;0;0;367.99;395.47;58.69;0.06;246.39;245.15;0.18;0;0.45
1998;1;29;0.01;0.01;-17;-17;0;0;0;0;367.99;395.47;58.54;0.06;246.41;245.16;0.18;0;0.42
1998;1;30;0;0;-18.3;-18.3;0;0;0;0;367.99;395.47;58.39;0.06;246.41;245.16;0.17;0;0.42
1998;1;31;0;0;-16.6;-16.6;0;0;0;0;367.99;395.47;58.23;0.06;246.41;245.16;0.17;0;0.42
1998;2;1;0;0;-18.6;-18.6;0;0;0;0;367.99;395.47;58.09;0.06;246.41;245.16;0.17;0;0.42
1998;2;2;0;0;-17.2;-17.2;0;0;0;0;367.99;395.47;57.94;0.06;246.41;245.16;0.17;0;0.42
1998;2;3;0;0;-16.6;-16.6;0;0;0;0;367.99;395.47;57.79;0.06;246.41;245.16;0.17;0;0.42
1998;2;4;0;0;-14.5;-14.5;0;0;0;0;367.99;395.47;57.64;0.06;246.41;245.16;0.17;0;0.42
1998;2;5;0;0;-14.2;-14.2;0;0;0;0;367.99;395.47;57.49;0.06;246.41;245.16;0.17;0;0.42
1998;2;6;0;0;-13.4;-13.4;0;0;0;0;367.99;395.47;57.34;0.06;246.41;245.16;0.17;0;0.42
1998;2;7;0.25;0.24;-11.8;-11.8;0;0;0;0;367.99;395.47;57.19;0.05;246.66;245.4;0.17;0;0.42
1998;2;8;0.37;0.35;-14.7;-14.7;0;0;0;0;367.99;395.47;57.05;0.05;247.03;245.75;0.17;0;0.42
1998;2;9;0;0;-10.3;-10.3;0;0;0;0;367.99;395.47;56.9;0.05;247.03;245.75;0.17;0;0.42
1998;2;10;0;0;-6.4;-6.4;0;0;0;0;367.99;395.47;56.76;0.05;247.03;245.75;0.17;0;0.42
1998;2;11;0;0;-5.1;-5.1;0;0;0;0;367.99;395.47;56.61;0.05;247.03;245.75;0.17;0;0.42
1998;2;12;0;0;-4.3;-4.3;0;0;0;0;367.99;395.47;56.46;0.05;247.03;245.75;0.17;0;0.41
1998;2;13;0;0;-3.2;-3.2;0;0;0;0;367.99;395.47;56.32;0.05;247.02;245.75;0.17;0;0.41
1998;2;14;0;0;-2.5;-2.5;0;0;0;0;367.99;395.47;56.17;0.05;247.02;245.75;0.17;0;0.41
1998;2;15;0;0;-3.6;-3.6;0;0;0;0;367.99;395.47;56.03;0.05;247.02;245.75;0.17;0;0.41
1998;2;16;0.34;0.32;-2.7;-2.7;0;0;0;0;367.99;395.47;55.89;0.05;247.36;246.07;0.17;0;0.41
1998;2;17;2.08;2;-7.3;-7.3;0;0;0;0;367.99;395.47;55.74;0.05;249.44;248.07;0.17;0;0.41
1998;2;18;0;0;-6.5;-6.5;0;0;0;0;367.99;395.47;55.6;0.05;249.44;248.07;0.17;0;0.4
1998;2;19;0;0;-4.2;-4.1;0;0;0;0;367.99;395.47;55.46;0.05;249.44;248.07;0.16;0;0.42
1998;2;20;0;0;-4.9;-4.9;0;0;0;0;367.99;395.47;55.31;0.05;249.44;248.07;0.16;0;0.49
1998;2;21;0;0;-4.7;-4.7;0;0;0;0;367.99;395.47;55.17;0.05;249.44;248.07;0.16;0;0.45
1998;2;22;5.78;5.61;-6.1;-6.1;0;0;0;0;367.99;395.47;55.03;0.05;255.22;253.68;0.16;0;0.39
1998;2;23;6.09;6.09;-6.6;-6.6;0;0;0;0;367.99;395.47;54.89;0.05;261.31;259.77;0.16;0;0.4
1998;2;24;0.28;0.26;-6;-6;0;0;0;0;367.99;395.47;54.75;0.04;261.59;260.03;0.16;0;0.4
1998;2;25;1.45;1.37;-5.5;-5.5;0;0;0;0;367.99;395.47;54.61;0.04;263.04;261.4;0.16;0;0.4
1998;2;26;0;0;-4.5;-4.5;0;0;0;0;367.99;395.47;54.47;0.04;263.04;261.4;0.16;0;0.4
1998;2;27;0;0;-5;-5;0;0;0;0;367.99;395.47;54.33;0.04;263.04;261.4;0.16;0;0.43
1998;2;28;0.16;0.15;-7.3;-7.2;0;0;0;0;367.99;395.47;54.19;0.04;263.2;261.55;0.16;0;0.44
1998;3;1;0.87;0.8;-11.7;-11.7;0;0;0;0;367.99;395.47;54.05;0.04;264.07;262.35;0.16;0;0.42
1998;3;2;0.02;0.02;-11;-11;0;0;0;0;367.99;395.47;53.91;0.04;264.09;262.37;0.16;0;0.41
1998;3;3;0.04;0.04;-7.3;-7.3;0;0;0;0;367.99;395.47;53.78;0.04;264.13;262.41;0.16;0;0.4
1998;3;4;0.13;0.14;-3.5;-3.5;0;0;0;0;367.99;395.47;53.64;0.04;264.26;262.55;0.16;0;0.39
1998;3;5;4.53;4.42;-8.9;-8.9;0;0;0;0;367.99;395.47;53.5;0.04;268.8;266.97;0.16;0;0.38
1998;3;6;4.46;4.35;-10.3;-10.3;0;0;0;0;367.99;395.47;53.36;0.04;273.25;271.32;0.16;0;0.37
1998;3;7;3.22;3.27;-4.4;-4.3;0;0;0;0;367.99;395.47;53.23;0.04;276.47;274.59;0.16;0;0.36
1998;3;8;3.33;3.26;-9.4;-9.4;0;0;0;0;367.99;395.47;53.09;0.04;279.8;277.85;0.16;0;0.35
1998;3;9;4.19;4.03;-15.2;-15.2;0;0;0;0;367.99;395.47;52.95;0.04;283.99;281.88;0.16;0;0.35
1998;3;10;0.6;0.57;-18.7;-18.7;0;0;0;0;367.99;395.47;52.82;0.04;284.59;282.45;0.16;0;0.36
1998;3;11;0.23;0.23;-16.1;-16.1;0;0;0;0;367.99;395.47;52.68;0.04;284.82;282.68;0.16;0;0.37
1998;3;12;1.56;1.49;-13;-12.9;0;0;0;0;367.99;395.47;52.55;0.04;286.37;284.17;0.16;0;0.38
1998;3;13;0.22;0.2;-12.7;-12.7;0;0;0;0;367.99;395.47;52.41;0.04;286.59;284.37;0.16;0;0.39
1998;3;14;2.15;2.07;-11.2;-11.2;0;0;0;0;367.99;395.47;52.28;0.04;288.74;286.44;0.16;0;0.4
1998;3;15;9.86;9.57;-10.3;-10.3;0;0;0;0;367.99;395.47;52.15;0.04;298.6;296.01;0.15;0;0.41
1998;3;16;4.2;4.02;-7.9;-7.9;0;0;0;0;367.99;395.47;52.01;0.04;302.8;300.03;0.15;0;0.41
1998;3;17;2.12;2;-6;-6;0;0;0;0;367.99;395.47;51.88;0.04;304.91;302.03;0.15;0;0.41
1998;3;18;0.07;0.07;-4.8;-4.8;0;0;0;0;367.99;395.47;51.75;0.04;304.98;302.1;0.15;0;0.4
1998;3;19;4.25;4.14;-10.9;-10.9;0;0;0;0;367.99;395.47;51.62;0.04;309.23;306.24;0.15;0;0.4
1998;3;20;5.27;5.15;-12.5;-12.5;0;0;0;0;367.99;395.47;51.48;0.04;314.5;311.39;0.15;0;0.39
1998;3;21;6.47;6.35;-13.6;-13.5;0;0;0;0;367.99;395.47;51.35;0.04;320.98;317.74;0.15;0;0.39
1998;3;22;0.3;0.28;-15.6;-15.6;0;0;0;0;367.99;395.47;51.22;0.04;321.27;318.02;0.15;0;0.4
1998;3;23;9.4;9.35;-14.6;-14.6;0;0;0;0;367.99;395.47;51.09;0.04;330.68;327.37;0.15;0;0.4
1998;3;24;0.95;0.96;-14.2;-14.2;0;0;0;0;367.99;395.47;50.96;0.04;331.63;328.33;0.15;0;0.41
1998;3;25;0.08;0.08;-13.9;-13.9;0;0;0;0;367.99;395.47;50.83;0.04;331.71;328.41;0.15;0;0.41
1998;3;26;0;0;-10.9;-10.9;0;0;0;0;367.99;395.47;50.7;0.04;331.71;328.41;0.15;0;0.41
1998;3;27;0.1;0.1;-8;-8;0;0;0;0;367.99;395.47;50.57;0.04;331.82;328.51;0.15;0;0.42
1998;3;28;0;0;-3.8;-3.8;0;0;0;0;367.99;395.47;50.44;0.04;331.82;328.51;0.15;0;0.5
1998;3;29;0;0;-1.6;-1.6;0;0;0;0;367.99;395.47;50.31;0.04;331.82;328.51;0.15;0;0.71
1998;3;30;0;0;-1.9;-1.9;0;0;0;0;367.99;395.47;50.18;0.04;331.82;328.51;0.15;0;0.89
1998;3;31;0;0;-1.4;-1.4;0;0;0;0;367.99;395.47;50.05;0.04;331.82;328.5;0.15;0;1.07
1998;4;1;0.37;0.3;-3.1;-3.1;0;0;0;0;367.99;395.47;49.92;0.04;332.19;328.81;0.15;0;1.17
1998;4;2;0.8;0.81;-4.3;-4.3;0;0;0;0;367.99;395.47;49.8;0.04;332.99;329.62;0.15;0;0.98
1998;4;3;0.68;0.71;-2.7;-2.7;0;0;0;0;367.99;395.47;49.67;0.04;333.67;330.32;0.15;0;0.86
1998;4;4;7.05;7.22;-2.5;-2.5;0;0;0;0;367.99;395.47;49.54;0.04;340.72;337.55;0.15;0;0.95
1998;4;5;12.53;12.78;-3.1;-3.1;0;0;0;0;367.99;395.47;49.41;0.04;353.25;350.32;0.15;0;0.75
1998;4;6;13.68;13.7;-6;-6;0;0;0;0;367.99;395.47;49.29;0.04;366.93;364.02;0.15;0;0.64
1998;4;7;8.74;8.89;-5.9;-5.9;0;0;0;0;367.99;395.47;49.16;0.04;375.67;372.92;0.15;0;0.52
1998;4;8;0.35;0.34;-7.6;-7.6;0;0;0;0;367.99;395.47;49.04;0.04;376.02;373.25;0.15;0;0.52
1998;4;9;1.07;1.14;-8.4;-8.4;0;0;0;0;367.99;395.47;48.91;0.04;377.09;374.39;0.15;0;0.49
1998;4;10;19.49;19.88;-7.8;-7.8;0;0;0;0;367.99;395.47;48.79;0.04;396.58;394.27;0.14;0;0.48
1998;4;11;7.75;7.82;-9.1;-9.1;0;0;0;0;367.99;395.47;48.66;0.04;404.33;402.1;0.14;0;0.48
1998;4;12;4.94;4.78;-11;-11;0;0;0;0;367.99;395.47;48.54;0.04;409.27;406.88;0.14;0;0.47
1998;4;13;7.16;7.03;-12.6;-12.6;0;0;0;0;367.99;395.47;48.41;0.04;416.43;413.9;0.14;0;0.47
1998;4;14;2.19;2.14;-12.2;-12.2;0;0;0;0;367.99;395.47;48.29;0.04;418.62;416.05;0.14;0;0.46
1998;4;15;3.49;3.6;-9.4;-9.4;0;0;0;0;367.99;395.47;48.17;0.04;422.11;419.64;0.14;0;0.43
1998;4;16;6.66;6.71;-7.4;-7.4;0;0;0;0;367.99;395.47;48.04;0.04;428.77;426.36;0.14;0;0.45
1998;4;17;6.72;6.67;-7.5;-7.5;0;0;0;0;367.99;395.47;47.92;0.04;435.49;433.02;0.14;0;0.41
1998;4;18;3.08;3.03;-9.1;-9.1;0;0;0;0;367.99;395.47;47.8;0.04;438.57;436.05;0.14;0;0.43
1998;4;19;1.28;1.24;-11.3;-11.3;0;0;0;0;367.99;395.47;47.67;0.04;439.85;437.29;0.14;0;0.45
1998;4;20;0.2;0.2;-8.5;-8.5;0;0;0;0;367.99;395.47;47.55;0.04;440.05;437.49;0.14;0;0.47
1998;4;21;0.29;0.28;-4.8;-4.8;0;0;0;0;367.99;395.47;47.43;0.04;440.34;437.77;0.14;0;0.47
1998;4;22;0;0;-2.5;-2.5;0;0;0;0;367.99;395.47;47.31;0.04;440.34;437.77;0.14;0;0.59
1998;4;23;0.31;0.32;-1.7;-1.7;0;0;0;0;367.99;395.47;47.19;0.04;440.65;438.09;0.14;0;0.9
1998;4;24;0.82;0.79;-2.4;-2.4;0;0;0;0;367.99;395.47;47.07;0.04;441.47;438.88;0.14;0;1.11
1998;4;25;0.47;0.42;-1.1;-1.1;0;0;0;0;367.99;395.47;46.95;0.04;441.94;439.3;0.14;0;1.26
1998;4;26;0.3;0.3;0.4;0.4;0.74;0.76;0.11;0.12;367.99;395.47;46.83;0.04;442.12;439.49;0.14;0;1.98
1998;4;27;6.17;6.32;-0.7;-0.7;0;0;0;0;367.99;395.47;46.71;0.04;448.29;445.81;0.14;0;1.96
1998;4;28;31.86;31.87;-3.2;-3.2;0;0;0;0;367.99;395.47;46.59;0.04;480.15;477.68;0.14;0;1.46
1998;4;29;2.67;2.73;-3.5;-3.5;0;0;0;0;367.99;395.47;46.47;0.04;482.82;480.41;0.14;0;1.52
1998;4;30;0.78;0.82;-3.4;-3.4;0;0;0;0;367.99;395.47;46.35;0.04;483.6;481.23;0.14;0;1.2
1998;5;1;3.1;3.12;-3.6;-3.6;0;0;0;0;367.99;395.47;46.23;0.04;486.7;484.35;0.14;0;1.18
1998;5;2;4.82;4.75;-4.2;-4.2;0;0;0;0;367.99;395.47;46.11;0.04;491.52;489.1;0.14;0;1.14
1998;5;3;0.48;0.44;-3.3;-3.3;0;0;0;0;367.99;395.47;45.99;0.04;492;489.54;0.14;0;1.18
1998;5;4;1.84;1.67;-3.2;-3.2;0;0;0;0;367.99;395.47;45.88;0.04;493.83;491.21;0.14;0;1.35
1998;5;5;0.02;0.01;-3.2;-3.2;0;0;0;0;367.99;395.47;45.76;0.04;493.85;491.22;0.14;0;1.3
1998;5;6;0.3;0.31;-3.9;-3.9;0;0;0;0;367.99;395.47;45.64;0.04;494.15;491.53;0.14;0;1.37
1998;5;7;0.06;0.07;-1.7;-1.7;0;0;0;0;367.99;395.47;45.53;0.04;494.21;491.6;0.14;0;1.5
1998;5;8;0;0;0.8;0.9;1.23;1.29;0.19;0.2;368.08;395.58;45.41;0.04;493.74;491.08;0.13;0;2.02
1998;5;9;0;0;1.9;2;1.87;1.89;0.29;0.29;369.23;396.88;45.29;0.04;490.03;486.93;0.27;0.14;2.68
1998;5;10;0;0;2.8;2.9;2.24;2.26;0.35;0.35;370.73;398.91;47.58;2.76;480.2;475.85;2.3;2.17;3.4
1998;5;11;0.1;0.11;2.9;3;2.27;2.3;0.36;0.35;373.97;402.12;49.79;5.38;466.04;460.99;4.85;4.67;3.98
1998;5;12;0.83;0.88;2.3;2.4;2.03;2.06;0.25;0.24;376.07;403.85;52.06;8.03;456.15;451.18;5.74;5.46;4.55
1998;5;13;0.61;0.66;2.9;3;2.27;2.3;0.29;0.27;378.47;405.56;54.36;10.68;445.37;441;5.79;5.41;5.39
1998;5;14;2.06;2.2;1.3;1.4;1.56;1.6;0.18;0.17;378.31;405.28;56.6;13.23;442.86;438.74;4.96;4.52;5.82
1998;5;15;0;0;0.8;0.9;1.25;1.29;0.16;0.16;377.79;404.84;58.67;15.56;439.14;434.87;3.99;3.55;4.98
1998;5;16;0.25;0.24;-1.1;-1.1;0;0;0;0;376.08;403.26;60.48;17.58;439.4;435.11;3.06;2.66;4.64
1998;5;17;4.59;4.58;-4.5;-4.5;0;0;0;0;376.08;403.26;59.37;16.45;443.99;439.69;1.95;1.61;3.41
1998;5;18;5.42;5.32;-3.7;-3.7;0;0;0;0;376.08;403.26;58.33;15.39;449.4;445.01;1.39;1.12;2.4
1998;5;19;0.86;0.86;-1.7;-1.7;0;0;0;0;376.08;403.26;57.34;14.41;450.27;445.87;1.23;1;2.02
1998;5;20;1.14;1.15;-0.4;-0.4;0;0;0;0;376.08;403.26;56.41;13.48;451.41;447.02;1.15;0.94;2.41
1998;5;21;5.04;4.97;-0.8;-0.8;0;0;0;0;376.08;403.26;55.53;12.62;456.45;451.99;1.09;0.88;2.62
1998;5;22;1.64;1.54;-1.4;-1.3;0;0;0;0;376.08;403.26;54.71;11.81;458.09;453.53;1.03;0.82;2.38
1998;5;23;0.69;0.72;-0.9;-0.8;0;0;0;0;376.08;403.26;53.92;11.05;458.79;454.25;0.97;0.77;2.49
1998;5;24;3.76;3.78;-1.6;-1.6;0;0;0;0;376.08;403.26;53.19;10.35;462.55;458.03;0.92;0.72;2.75
1998;5;25;2.22;2.16;-1.9;-1.9;0;0;0;0;376.08;403.26;52.49;9.68;464.77;460.19;0.87;0.67;2.38
1998;5;26;1.98;2.07;-1;-1;0;0;0;0;376.08;403.26;51.83;9.06;466.75;462.26;0.82;0.63;2.2
1998;5;27;6.01;6.17;0.2;0.2;0.61;0.63;0.06;0.06;376.12;403.31;51.2;8.48;472.55;468.2;0.78;0.59;2.26
1998;5;28;4.26;4.41;0.9;0.9;1.32;1.29;0.13;0.12;376.43;403.66;50.61;7.94;475.69;471.38;0.74;0.55;2.01
1998;5;29;7.95;7.82;0.8;0.8;1.23;1.22;0.08;0.08;375;402.4;52.88;10.51;482.68;478.12;0.97;0.79;2.02
1998;5;30;7.32;7.1;1.7;1.7;1.74;1.75;0.13;0.12;374.18;401.82;54.74;12.63;487.11;481.97;1.92;1.71;2.59
1998;5;31;3.31;3.36;0.8;0.8;1.23;1.22;0.13;0.12;372.97;400.78;56.33;14.44;488.82;483.56;2.39;2.15;2.9
1998;6;1;0.3;0.29;2.3;2.3;2.04;2.05;0.26;0.25;374.35;401.88;57.75;16.04;480.5;475.3;3.51;3.22;3.16
1998;6;2;1.63;1.68;5.2;5.2;3.03;3.03;0.36;0.34;381.87;408.14;59.26;17.73;456.55;451.88;7.31;6.9;4.64
1998;6;3;7.67;7.62;5.3;5.3;3.05;3.06;0.17;0.15;390.88;415.49;61.22;19.87;432.89;429.05;11.7;11.07;8.42
1998;6;4;6.88;6.93;5.3;5.3;3.05;3.06;0.19;0.17;398.1;421.1;63.8;22.64;411.54;409;13.84;12.96;12.97
1998;6;5;5.98;6.11;5.9;6;3.24;3.25;0.22;0.19;405.43;426.81;66.93;25.95;386.58;385.54;15.24;14.14;14.63
1998;6;6;2.78;2.84;6.3;6.3;3.32;3.32;0.29;0.25;411.72;431.54;70.54;29.7;359.65;360.31;16.37;15.07;15.88
1998;6;7;5.75;5.68;4.8;4.8;2.92;2.92;0.2;0.18;416.66;435.23;74.5;33.73;338.51;340.59;16.71;15.23;19.58
1998;6;8;18.86;18.77;1.4;1.4;1.6;1.62;0;0;415.98;434.72;78.46;37.7;351.54;353.44;13.29;11.82;12.93
1998;6;9;0;0;3.7;3.7;2.57;2.58;0.2;0.16;416.7;435.03;82.06;41.22;340.5;343.32;10.32;9.05;8.99
1998;6;10;25.24;25.21;4.4;4.5;2.81;2.83;0;0;423.76;440.63;85.47;44.51;327.83;332.12;14.81;13.49;10.4
1998;6;11;30.14;30.2;-0.7;-0.7;0;0;0;0;421.7;438.92;88.83;47.69;357.98;362.32;13.58;12.15;10.86
1998;6;12;14.14;13.77;-3.7;-3.6;0;0;0;0;420.2;437.21;91.05;50.34;372.12;376.09;8.31;7.12;6.56
1998;6;13;1.68;1.58;-4;-3.9;0;0;0;0;420.2;437.21;88.08;47.1;373.79;377.67;5.5;4.67;5
1998;6;14;1.84;1.99;-3.2;-3.1;0;0;0;0;420.2;437.21;85.29;44.08;375.63;379.66;4.33;3.7;4.66
1998;6;15;7.26;7.37;-2.5;-2.5;0;0;0;0;420.2;437.21;82.67;41.25;382.9;387.03;3.93;3.41;4.51
1998;6;16;2.13;2.11;-2.6;-2.6;0;0;0;0;420.2;437.21;80.21;38.6;385.03;389.14;3.68;3.21;4.41
1998;6;17;0.54;0.54;-2;-2;0;0;0;0;420.2;437.21;77.91;36.12;385.56;389.68;3.47;3.01;3.92
1998;6;18;0.54;0.53;-0.3;-0.3;0;0;0;0;420.2;437.21;75.74;33.8;386.1;390.21;3.28;2.83;3.63
1998;6;19;0.6;0.6;2.2;2.3;2.03;2.05;0.26;0.24;421.17;438.31;73.71;31.64;381.38;384.84;3.64;3.21;3.86
1998;6;20;0.01;0.01;7;7.1;3.51;3.52;0.27;0.22;423.38;439.9;77;34.87;362.52;367.12;7.41;6.85;5.8
1998;6;21;0.17;0.18;10.1;10.1;4.16;4.17;0.32;0.25;428.03;442.58;80.12;37.91;334.31;342.98;12.42;11.36;8.76
1998;6;22;1.11;1.12;7.7;7.8;3.66;3.68;0.26;0.21;430.92;444.4;83.4;41.03;312.07;323.4;15.08;13.4;11.51
1998;6;23;1.18;1.2;5.4;5.5;3.09;3.12;0.22;0.18;432.28;445.21;86.82;44.18;295.95;309.07;14.85;12.87;14.19
1998;6;24;0.46;0.46;5;5.1;2.99;3;0.22;0.18;433.32;445.75;90.19;47.19;280.42;295.42;13.83;11.83;11.67
1998;6;25;2.81;2.8;6.7;6.7;3.42;3.42;0.22;0.18;435.96;447.39;93.5;50.05;258.99;277.07;14.82;12.75;14.82
1998;6;26;10.16;10.2;6.8;6.8;3.44;3.45;0.1;0.08;439.78;450.17;96.95;52.97;236.76;257.97;18.2;15.82;19.88
1998;6;27;2.56;2.68;6.5;6.5;3.37;3.37;0.21;0.17;441.45;451.42;100.67;56.05;216.41;239.63;19.37;16.75;20.1
1998;6;28;10.3;10.43;6.3;6.3;3.32;3.32;0.05;0.04;442.9;452.64;104.5;59.2;204.04;228.71;18.88;16.26;20.3
1998;6;29;2.17;2.25;7.1;7.1;3.52;3.52;0.1;0.09;442.62;452.55;108.24;62.18;193.41;218.51;16.91;14.5;20.04
1998;6;30;8.15;8.17;6.5;6.5;3.37;3.37;0.05;0.05;442.86;453.17;111.7;64.88;184.64;209.05;15.9;13.82;19.67
1998;7;1;3.29;3.46;7.5;7.5;3.64;3.64;0.16;0.09;442.3;453.31;114.85;67.29;175;198.13;16.55;13.55;21.65
1998;7;2;10.86;10.99;6.6;6.6;3.42;3.42;0.1;0.04;442.76;454.28;117.73;69.49;166.41;188.4;18.53;14.64;25.02
1998;7;3;13.75;13.87;4.3;4.3;2.79;2.79;0.04;0.02;443.27;455.12;120.47;71.6;160.77;182.02;19.35;15.93;23.95
1998;7;4;0.66;0.62;3.4;3.4;2.5;2.49;0.18;0.07;441.57;454.03;122.97;73.52;156.47;177.16;16.27;13.46;15.46
1998;7;5;0.81;0.78;2.8;2.8;2.29;2.27;0.17;0.07;439.82;452.85;124.96;74.94;153.15;173.4;12.68;10.28;11.87
1998;7;6;0.24;0.23;6.4;6.4;3.37;3.38;0.25;0.1;438.59;452.33;126.4;75.83;145.09;164.27;12.49;9.8;11.94
1998;7;7;9.87;9.83;4.4;4.4;2.82;2.82;0.08;0.04;438.72;452.77;127.52;76.43;139.43;157.86;14.71;11.84;12.4
1998;7;8;9.67;9.4;-2;-2;0;0;0;0;436.56;451.01;128.38;76.79;149.1;167.26;12.27;10.43;8.14
1998;7;9;0.72;0.67;-0.3;-0.2;0;0;0;0;434.41;449.26;128.81;76.73;149.81;167.93;8.42;7.45;6.17
1998;7;10;2.03;1.96;2.9;2.9;2.3;2.31;0.08;0.06;433.95;448.7;128.84;76.26;142.95;161.79;8.67;7.79;6.5
1998;7;11;0.25;0.24;4.8;4.8;2.94;2.94;0.08;0.09;432.58;447.79;128.66;75.58;138.12;156.38;9.47;8.55;9.04
1998;7;12;0.25;0.24;6.2;6.2;3.32;3.32;0.16;0.1;431.43;447.21;128.37;74.81;131.55;148.94;10.49;8.71;11.77
1998;7;13;12.98;13.03;7.9;7.9;3.74;3.73;0.06;0.03;433.02;449.06;128.18;74.17;122.65;138.86;15.02;12.04;15.69
1998;7;14;17.04;17.28;2.7;2.7;2.24;2.23;0;0;433.52;449.5;128.3;73.91;124.88;141.39;16.27;14.01;16.18
1998;7;15;0.2;0.21;2.5;2.5;2.14;2.15;0.06;0.06;431.73;448.11;128.57;73.81;122.86;139.1;12.15;11.04;10.48
1998;7;16;4.72;4.62;1.9;1.9;1.89;1.89;0.04;0.04;430.44;447.01;128.68;73.54;123.18;139.46;9.43;8.51;8.36
1998;7;17;0.88;0.85;5.4;5.4;3.11;3.11;0.14;0.09;429.27;446.33;128.58;73.06;117.88;133.47;9.81;8.17;9.99
1998;7;18;2.02;2.16;6;6;3.27;3.27;0.21;0.09;428.4;446.07;128.38;72.48;111.51;126.25;11.49;9.04;10.95
1998;7;19;1.81;1.92;7.5;7.5;3.64;3.64;0.23;0.1;427.82;446.13;128.17;71.93;103.19;116.83;12.82;10;14.17
1998;7;20;2.06;2.12;9.8;9.8;4.14;4.14;0.25;0.11;427.77;446.74;128.07;71.53;91.94;104.09;14.72;11.24;16.21
1998;7;21;1.05;1.05;10.5;10.5;4.28;4.28;0.27;0.12;427.68;447.35;128.14;71.35;79.58;90.1;16.33;12.24;18.24
1998;7;22;4.68;4.56;9;9;3.97;3.97;0.18;0.09;428.12;448.21;128.42;71.42;68.7;77.78;17.19;13.08;17.42
1998;7;23;2.38;2.37;8.7;8.8;3.92;3.93;0.22;0.1;428.01;448.66;128.88;71.71;57.91;65.57;17.07;13.2;18.4
1998;7;24;4.28;4.03;7.8;7.8;3.7;3.71;0.16;0.09;428.2;449.16;129.46;72.15;48.2;54.58;16.72;13.09;19.2
1998;7;25;11.71;11.8;7.2;7.2;3.57;3.57;0.07;0.03;429.62;450.68;130.2;72.76;39.06;44.23;17.99;14.55;18.89
1998;7;26;1.96;2.08;7.2;7.2;3.57;3.57;0.21;0.1;429.05;450.68;131.09;73.55;29.95;33.91;17.65;14.24;16.8
1998;7;27;20.09;19.94;7;7;3.52;3.52;0;0;432.02;453.24;132.18;74.55;20.84;23.59;19.85;16.42;22.53
1998;7;28;11;10.79;5.2;5.2;3.05;3.06;0.06;0.03;432.77;453.91;133.55;75.85;14.12;15.98;20.68;17.48;19.48
1998;7;29;0.26;0.24;5.5;5.5;3.13;3.14;0.2;0.1;431.56;453.2;134.97;77.19;7.06;7.99;17.27;14.36;17.27
1998;7;30;1.02;1.02;7.5;7.5;3.64;3.64;0.13;0;430.5;452.64;136.14;78.25;0;0;14.99;11.86;20.61
1998;7;31;13.53;13.93;7;7;3.52;3.52;0.15;0.12;430.57;452.64;137.04;79.01;0;0;21.91;18.53;22.35
1998;8;1;4.41;4.69;7.3;7.3;3.31;3.3;0.91;0.91;428.3;450.61;137.68;79.49;0;0;22.53;19;24.46
1998;8;2;5.7;5.85;7.5;7.4;3.34;3.32;0.82;0.83;426.45;448.86;138.02;79.64;0;0;21.48;17.75;26.98
1998;8;3;10.66;10.72;7.8;7.8;3.41;3.4;0.47;0.47;425.98;448.24;138.1;79.49;0;0;22.43;18.61;24.84
1998;8;4;9.74;9.53;8.2;8.2;3.49;3.49;0.55;0.58;425.35;447.36;138.05;79.21;0;0;23.52;19.65;23.48
1998;8;5;1.85;1.82;6.9;6.9;3.21;3.21;1.07;1.1;422.64;444.81;137.87;78.76;0;0;20.81;17.18;22.84
1998;8;6;0;0;8.3;8.3;3.5;3.51;1.31;1.35;419.33;441.73;137.41;78.01;0;0;19.55;16;20.06
1998;8;7;0.49;0.5;9.6;9.6;3.76;3.76;1.36;1.4;416.09;438.7;136.62;76.91;0;0;20.33;16.4;21.1
1998;8;8;0.04;0.04;10.7;10.7;3.96;3.96;1.47;1.52;412.67;435.49;135.56;75.52;0;0;21.66;17.29;21.59
1998;8;9;0.02;0.02;11.3;11.3;4.06;4.07;1.51;1.56;409.23;432.25;134.25;73.87;0;0;22.52;17.85;22
1998;8;10;0.4;0.42;10.8;10.8;3.98;3.98;1.44;1.49;405.97;429.17;132.76;72.04;0;0;22.22;17.49;21.48
1998;8;11;0.93;0.99;10.5;10.5;3.92;3.92;1.37;1.42;402.93;426.3;131.16;70.08;0;0;21.76;17.17;22.69
1998;8;12;3.61;3.59;9.4;9.4;3.72;3.72;1.08;1.12;400.95;424.35;129.5;68.09;0;0;20.91;16.6;24.19
1998;8;13;4.04;3.76;8;8.1;3.46;3.47;0.98;1.03;399.3;422.57;127.88;66.14;0;0;19.51;15.64;21.03
1998;8;14;1.31;1.43;7.6;7.6;3.36;3.36;1.14;1.18;396.63;420.09;126.31;64.25;0;0;18.09;14.55;20.52
1998;8;15;8.47;8.61;7.4;7.4;3.32;3.32;0.6;0.62;396.61;420.02;124.83;62.47;0;0;18.35;14.95;19.47
1998;8;16;1.54;1.63;7.1;7.1;3.25;3.25;1.09;1.13;394.09;417.68;123.47;60.83;0;0;17.78;14.47;19.28
1998;8;17;3.28;3.27;7;7;3.23;3.23;0.96;1;392.29;415.91;122.18;59.27;0;0;16.88;13.65;20.76
1998;8;18;8.53;8.33;6;6;3;3;0.55;0.58;392.58;415.95;120.98;57.82;0;0;16.48;13.46;15.3
1998;8;19;6.27;6.25;5.8;5.8;2.95;2.96;0.68;0.71;391.99;415.29;119.94;56.54;0;0;16.33;13.5;13.47
1998;8;20;9.99;10.03;5.2;5.2;2.8;2.81;0.42;0.43;392.8;415.96;119.09;55.45;0;0;16.14;13.42;15.43
1998;8;21;3.8;3.69;4.8;4.8;2.69;2.7;0.77;0.81;391.39;414.52;118.39;54.54;0;0;14.97;12.43;17
1998;8;22;7.99;7.74;4.4;4.4;2.59;2.59;0.51;0.54;391.6;414.49;117.8;53.74;0;0;14.1;11.7;21.59
1998;8;23;2.74;2.71;4.9;4.9;2.73;2.73;0.84;0.88;389.79;412.74;117.25;52.99;0;0;13.91;11.51;22
1998;8;24;5.16;5;3.7;3.8;2.4;2.41;0.33;0.32;389.31;412.2;116.72;52.26;0;0;8.88;6.67;14.13
1998;8;25;0.27;0.24;2.6;2.6;2.01;2.01;0.03;0;387.56;410.67;116.16;51.49;0;0;6.62;5.29;13.07
1998;8;26;0.02;0.02;5;5;2.75;2.75;0.51;0.53;385.26;408.55;115.5;50.62;0;0;10.31;8.84;14.22
1998;8;27;1.52;1.46;2.6;2.6;2;2.01;0.34;0.35;383.66;407.04;114.73;49.65;0;0;6.42;5.05;13.54
1998;8;28;0.33;0.3;-1.4;-1.4;0;0;0;0;381.88;405.46;113.88;48.59;0.33;0.3;4.69;4.09;8.85
1998;8;29;0.11;0.11;0;0;0;0;0;0;380.12;403.88;112.96;47.46;0.45;0.41;4.32;3.81;8.8
1998;8;30;0.41;0.44;0.4;0.4;0.8;0.82;0;0;378.66;402.57;111.98;46.28;0;0;4.28;3.79;8.39
1998;8;31;0.24;0.23;1.4;1.4;1.5;1.5;0;0;377;401.08;110.97;45.08;0;0;4.21;3.73;7.97
1998;9;1;0.78;0.74;3.4;3.4;1.95;1.95;0.02;0;375.53;399.76;109.95;43.87;0;0;4.59;3.59;9.02
1998;9;2;0.48;0.5;7.5;7.5;2.85;2.85;0.51;0.5;373.47;397.87;108.92;42.66;0;0;11.58;9.44;14.38
1998;9;3;10.85;10.81;5.9;5.9;2.54;2.54;0.31;0.32;375.42;399.56;107.99;41.56;0;0;13.69;11.02;16.02
1998;9;4;4.39;4.54;4.4;4.4;2.22;2.21;0.56;0.58;374.68;398.9;107.25;40.68;0;0;12.74;10.34;15.1
1998;9;5;34.58;34.67;1;1;1.08;1.09;0;0;374.59;398.88;106.67;39.98;30;30;7.4;5.98;14.71
1998;9;6;0.6;0.56;-0.1;-0.1;0;0;0;0;372.87;397.33;106.16;39.34;30.59;30.56;4.93;4.32;7.17
1998;9;7;7.15;7.23;1.2;1.2;1.17;1.19;0.09;0.08;372.4;396.93;105.64;38.72;34.24;34.24;4.49;3.98;8
1998;9;8;5.54;5.5;3.1;3.1;1.86;1.87;0.13;0.12;376.18;399.78;105.23;38.2;25.49;26.41;6.23;5.68;9.84
1998;9;9;0;0;4.8;4.8;2.31;2.31;0.07;0.07;378.77;401.61;105.07;37.94;14.01;15.86;7.61;6.93;9.19
1998;9;10;0.31;0.32;6.9;6.9;2.75;2.74;0.11;0.08;379.31;402.68;105.14;37.92;6.91;7.82;8.4;6.62;13.96
1998;9;11;9.89;10.04;3.9;3.8;2.08;2.06;0.05;0.02;382.01;405.48;105.42;38.12;3.45;3.91;9.79;7.34;13.81
1998;9;12;49.58;49.69;-0.8;-0.8;0;0;0;0;380.24;403.9;105.8;38.44;53.03;53.6;7.55;6.1;13.43
1998;9;13;8.4;8.41;-5.4;-5.4;0;0;0;0;380.24;403.9;103.43;35.97;61.43;62.01;4.26;3.63;6.73
1998;9;14;1.76;1.66;-6.5;-6.4;0;0;0;0;380.24;403.9;101.2;33.66;63.19;63.67;2.92;2.47;5.23
1998;9;15;2.78;2.68;-4.7;-4.7;0;0;0;0;380.24;403.9;99.11;31.5;65.97;66.35;2.58;2.2;4.56
1998;9;16;0.97;0.91;-1.3;-1.3;0;0;0;0;380.24;403.9;97.14;29.47;66.94;67.26;2.4;2.05;4.24
1998;9;17;5.47;5.15;-4.1;-4.1;0;0;0;0;380.24;403.9;95.29;27.58;72.41;72.41;2.26;1.92;3.86
1998;9;18;1.73;1.66;-2.7;-2.7;0;0;0;0;380.24;403.9;93.54;25.81;74.13;74.07;2.13;1.79;3.45
1998;9;19;0;0;-1.9;-1.9;0;0;0;0;380.24;403.9;91.9;24.15;74.13;74.07;2.01;1.68;3.06
1998;9;20;0;0;-1.8;-1.7;0;0;0;0;380.24;403.9;90.35;22.6;74.13;74.06;1.9;1.57;2.99
1998;9;21;0;0;0.3;0.4;0.62;0.7;0.1;0.11;380.42;404.1;88.89;21.15;73.48;73.32;1.79;1.47;3.11
1998;9;22;0.84;0.87;0.2;0.2;0.45;0.5;0.06;0.07;380.6;404.31;87.51;19.79;73.66;73.44;1.69;1.38;2.96
1998;9;23;0.01;0.01;0.9;0.9;1.01;1.03;0.16;0.16;381.64;405.49;86.21;18.52;70.12;69.45;1.84;1.53;2.87
1998;9;24;0;0;2.5;2.5;1.68;1.69;0.17;0.16;383.78;407.24;88.08;20.62;58.71;58.36;3.93;3.58;3.06
1998;9;25;0.02;0.02;2.1;2.1;1.55;1.55;0.16;0.14;384.83;407.86;89.79;22.53;50.57;50.82;5.41;4.93;2.78
1998;9;26;2.92;2.99;2.4;2.4;1.65;1.66;0.1;0.08;386.02;408.59;91.42;24.32;44.91;45.91;5.78;5.16;2.87
1998;9;27;3.38;3.45;1.8;1.8;1.45;1.44;0.09;0.07;385.99;408.28;92.94;25.98;43.26;44.94;5.45;4.76;3.85
1998;9;28;7.84;7.77;-0.9;-0.9;0;0;0;0;384.19;406.69;94.27;27.4;51.1;52.71;4.29;3.62;2.96
1998;9;29;3.03;2.94;-1.1;-1.1;0;0;0;0;382.79;405.11;95.08;28.51;54.13;55.65;3.35;2.78;2.51
1998;9;30;4.75;4.87;0.7;0.7;0.92;0.92;0.09;0.08;381.62;404.12;95.89;29.33;56.95;58.55;3.32;2.83;2.41
1998;10;1;8.32;8.32;-0.2;-0.2;0;0;0;0;379.84;402.55;96.48;29.91;3.26;3.34;3.28;2.81;2.71
1998;10;2;0.56;0.58;-3.2;-3.2;0;0;0;0;379.84;402.55;94.6;27.98;3.82;3.92;2.66;2.22;2.42
1998;10;3;2.62;2.61;-3.6;-3.6;0;0;0;0;380.18;402.93;92.83;26.19;5.35;5.3;2.24;1.85;2.31
1998;10;4;4.42;4.58;-4.5;-4.5;0;0;0;0;380.18;402.93;91.17;24.5;9.78;9.88;2.05;1.71;2.19
1998;10;5;8.09;8.29;-2.9;-2.9;0;0;0;0;380.18;402.93;89.6;22.93;17.86;18.17;1.92;1.59;2.26
1998;10;6;4.37;4.47;-0.9;-0.9;0;0;0;0;380.18;402.93;88.12;21.46;22.23;22.64;1.81;1.49;2.63
1998;10;7;26.31;26.4;-1.9;-1.9;0;0;0;0;380.18;402.93;86.73;20.08;48.53;49.04;1.71;1.4;2.92
1998;10;8;2.5;2.58;-2.1;-2.1;0;0;0;0;380.18;402.93;85.42;18.79;51.03;51.62;1.62;1.31;2.73
1998;10;9;0.1;0.1;-2.2;-2.2;0;0;0;0;380.18;402.93;84.17;17.59;51.13;51.72;1.53;1.22;2.57
1998;10;10;0.04;0.04;-4.6;-4.6;0;0;0;0;380.18;402.93;83;16.46;51.16;51.76;1.45;1.14;2.5
1998;10;11;3.27;3.26;-2.5;-2.5;0;0;0;0;380.18;402.93;81.89;15.4;54.44;55.02;1.37;1.07;2.52
1998;10;12;3.8;3.71;-3.9;-3.9;0;0;0;0;380.18;402.93;80.85;14.41;58.24;58.73;1.29;1;2.44
1998;10;13;2.38;2.33;-7.2;-7.1;0;0;0;0;380.18;402.93;79.86;13.49;60.62;61.06;1.22;0.94;2.41
1998;10;14;1.43;1.35;-2.1;-2;0;0;0;0;380.18;402.93;78.92;12.62;62.06;62.41;1.16;0.88;2.4
1998;10;15;0.02;0.02;-0.7;-0.7;0;0;0;0;380.18;402.93;78.03;11.81;62.08;62.43;1.1;0.82;2.49
1998;10;16;0.17;0.17;0.4;0.4;0.59;0.62;0.09;0.1;380.32;403.09;77.19;11.06;61.71;62;1.04;0.77;2.61
1998;10;17;0.13;0.14;0;0;0;0;0;0;380.32;403.09;76.39;10.35;61.83;62.14;0.99;0.72;2.55
1998;10;18;2.6;2.68;-1;-1;0;0;0;0;380.32;403.09;75.63;9.69;64.44;64.82;0.94;0.67;2.44
1998;10;19;11.13;11.17;-3.4;-3.4;0;0;0;0;380.32;403.09;74.91;9.06;75.56;75.99;0.89;0.63;2.38
1998;10;20;0.33;0.3;-6.8;-6.8;0;0;0;0;380.32;403.09;74.23;8.48;75.9;76.29;0.85;0.59;2.12
1998;10;21;0;0;-1.7;-1.7;0;0;0;0;380.32;403.09;73.58;7.94;75.9;76.29;0.81;0.55;1.95
1998;10;22;0;0;0.3;0.3;0.48;0.54;0.07;0.08;380.42;403.2;72.96;7.43;75.53;75.87;0.77;0.52;1.8
1998;10;23;0;0;0.8;0.8;0.84;0.87;0.13;0.13;381.22;404.1;72.37;6.96;72.83;72.83;0.78;0.53;1.68
1998;10;24;4.5;4.47;-1.9;-1.8;0;0;0;0;381.22;404.1;71.81;6.51;77.33;77.3;0.75;0.51;1.62
1998;10;25;13.5;13.38;-4.4;-4.4;0;0;0;0;381.22;404.1;71.27;6.1;90.83;90.68;0.67;0.43;1.65
1998;10;26;3.29;3.21;-11.4;-11.3;0;0;0;0;381.22;404.1;70.76;5.71;94.13;93.89;0.63;0.4;1.48
1998;10;27;3.33;3.3;-9.2;-9.2;0;0;0;0;381.22;404.1;70.27;5.34;97.46;97.19;0.61;0.37;1.41
1998;10;28;2.24;2.18;-3.2;-3.1;0;0;0;0;381.22;404.1;69.8;5;99.7;99.37;0.58;0.35;1.51
1998;10;29;5.9;5.8;-4.1;-4.1;0;0;0;0;381.22;404.1;69.35;4.68;105.6;105.17;0.56;0.33;1.6
1998;10;30;10.14;9.99;-10.5;-10.5;0;0;0;0;381.22;404.1;68.92;4.39;115.74;115.16;0.53;0.3;1.43
1998;10;31;0.73;0.71;-9.1;-9;0;0;0;0;381.22;404.1;68.51;4.11;116.47;115.87;0.51;0.29;1.39
1998;11;1;8.77;8.63;-5.6;-5.5;0;0;0;0;381.22;404.1;68.11;3.85;125.25;124.5;0.49;0.27;1.4
1998;11;2;0.3;0.3;-6.1;-6.1;0;0;0;0;381.22;404.1;67.73;3.6;125.54;124.8;0.47;0.25;1.33
1998;11;3;0.75;0.77;-4.8;-4.7;0;0;0;0;381.22;404.1;67.36;3.37;126.29;125.57;0.45;0.23;1.27
1998;11;4;11.81;11.82;-3.8;-3.7;0;0;0;0;381.22;404.1;67.01;3.16;138.1;137.39;0.44;0.22;1.22
1998;11;5;0.43;0.4;-10.4;-10.3;0;0;0;0;381.22;404.1;66.67;2.96;138.54;137.79;0.42;0.21;1.16
1998;11;6;0.04;0.04;-10.9;-10.8;0;0;0;0;381.22;404.1;66.34;2.77;138.58;137.83;0.41;0.19;1.16
1998;11;7;0.01;0.01;-10.8;-10.7;0;0;0;0;381.22;404.1;66.02;2.6;138.59;137.84;0.39;0.18;1.17
1998;11;8;0;0;-7.2;-7.1;0;0;0;0;381.22;404.1;65.71;2.43;138.59;137.84;0.38;0.17;1.18
1998;11;9;4.63;4.46;-2;-2;0;0;0;0;381.22;404.1;65.42;2.28;143.22;142.3;0.37;0.16;1.24
1998;11;10;9.2;9.06;-2.4;-2.4;0;0;0;0;381.22;404.1;65.13;2.14;152.42;151.36;0.35;0.15;1.25
1998;11;11;2;1.89;-11;-11;0;0;0;0;381.22;404.1;64.85;2;154.42;153.25;0.34;0.14;1.07
1998;11;12;0.05;0.05;-13.1;-13;0;0;0;0;381.22;404.1;64.57;1.88;154.47;153.3;0.33;0.13;1.07
1998;11;13;0.26;0.27;-11.5;-11.4;0;0;0;0;381.22;404.1;64.31;1.76;154.73;153.57;0.32;0.12;1.07
1998;11;14;2.94;2.9;-11.1;-11;0;0;0;0;381.22;404.1;64.05;1.65;157.67;156.47;0.31;0.11;1.05
1998;11;15;6.33;6.11;-12.8;-12.8;0;0;0;0;381.22;404.1;63.8;1.54;164;162.58;0.31;0.11;1.04
1998;11;16;4.85;4.66;-14.7;-14.6;0;0;0;0;381.22;404.1;63.55;1.45;168.84;167.24;0.3;0.1;1.03
1998;11;17;0.79;0.74;-17.6;-17.6;0;0;0;0;381.22;404.1;63.32;1.36;169.63;167.97;0.29;0.09;1.01
1998;11;18;0;0;-19.8;-19.7;0;0;0;0;381.22;404.1;63.08;1.27;169.63;167.97;0.28;0.09;0.99
1998;11;19;0.38;0.36;-19.7;-19.6;0;0;0;0;381.22;404.1;62.85;1.2;170.01;168.34;0.28;0.08;0.97
1998;11;20;0.66;0.61;-20.8;-20.7;0;0;0;0;381.22;404.1;62.63;1.12;170.68;168.94;0.27;0.08;0.96
1998;11;21;0.25;0.23;-21.9;-21.9;0;0;0;0;381.22;404.1;62.41;1.05;170.93;169.18;0.26;0.07;0.94
1998;11;22;0.02;0.02;-20.7;-20.6;0;0;0;0;381.22;404.1;62.2;0.99;170.94;169.19;0.26;0.07;0.91
1998;11;23;2.82;2.85;-12.1;-12;0;0;0;0;381.22;404.1;61.99;0.93;173.76;172.04;0.25;0.06;0.89
1998;11;24;1.19;1.21;-6.2;-6.2;0;0;0;0;381.22;404.1;61.78;0.87;174.95;173.25;0.25;0.06;0.87
1998;11;25;3.02;3;-8;-8;0;0;0;0;381.22;404.1;61.58;0.82;177.97;176.25;0.24;0.06;0.81
1998;11;26;1.76;1.73;-9.5;-9.5;0;0;0;0;381.22;404.1;61.38;0.77;179.72;177.99;0.24;0.05;0.78
1998;11;27;3.08;2.98;-13.5;-13.4;0;0;0;0;381.22;404.1;61.18;0.72;182.8;180.97;0.24;0.05;0.78
1998;11;28;0;0;-14.9;-14.9;0;0;0;0;381.22;404.1;60.99;0.68;182.8;180.97;0.23;0.05;0.78
1998;11;29;0.16;0.15;-15.5;-15.4;0;0;0;0;381.22;404.1;60.8;0.64;182.96;181.12;0.23;0.04;0.78
1998;11;30;0.94;0.95;-12.5;-12.5;0;0;0;0;381.22;404.1;60.61;0.6;183.9;182.06;0.22;0.04;0.78
1998;12;1;0;0;-15.1;-15;0;0;0;0;381.22;404.1;60.42;0.56;183.9;182.06;0.22;0.04;0.77
1998;12;2;0.35;0.36;-14.1;-14;0;0;0;0;381.22;404.1;60.24;0.53;184.24;182.43;0.22;0.04;0.75
1998;12;3;0.16;0.17;-13;-13;0;0;0;0;381.22;404.1;60.06;0.5;184.41;182.59;0.22;0.03;0.73
1998;12;4;0.28;0.27;-14.5;-14.5;0;0;0;0;381.22;404.1;59.88;0.47;184.69;182.87;0.21;0.03;0.72
1998;12;5;3.54;3.42;-20;-20;0;0;0;0;381.22;404.1;59.71;0.44;188.23;186.28;0.21;0.03;0.7
1998;12;6;6.51;6.37;-20.3;-20.3;0;0;0;0;381.22;404.1;59.53;0.42;194.74;192.65;0.21;0.03;0.69
1998;12;7;4.21;4.11;-20.8;-20.8;0;0;0;0;381.22;404.1;59.36;0.4;198.95;196.76;0.2;0.03;0.69
1998;12;8;0.22;0.21;-20.4;-20.4;0;0;0;0;381.22;404.1;59.19;0.37;199.17;196.97;0.2;0.03;0.68
1998;12;9;0;0;-20.5;-20.5;0;0;0;0;381.22;404.1;59.02;0.35;199.17;196.97;0.2;0.02;0.68
1998;12;10;2.06;1.97;-11.2;-11.1;0;0;0;0;381.22;404.1;58.85;0.33;201.22;198.94;0.2;0.02;0.67
1998;12;11;2.12;2.02;-11.6;-11.6;0;0;0;0;381.22;404.1;58.69;0.31;203.34;200.96;0.2;0.02;0.67
1998;12;12;3.85;3.77;-9.8;-9.8;0;0;0;0;381.22;404.1;58.52;0.3;207.19;204.73;0.19;0.02;0.66
1998;12;13;1.65;1.62;-6.3;-6.2;0;0;0;0;381.22;404.1;58.36;0.28;208.84;206.35;0.19;0.02;0.66
1998;12;14;4.26;4.2;-8.3;-8.3;0;0;0;0;381.22;404.1;58.2;0.27;213.1;210.55;0.19;0.02;0.65
1998;12;15;0;0;-6.5;-6.5;0;0;0;0;381.22;404.1;58.04;0.25;213.1;210.55;0.19;0.02;0.65
1998;12;16;0.31;0.3;-9.1;-9.1;0;0;0;0;381.22;404.1;57.88;0.24;213.41;210.85;0.19;0.02;0.64
1998;12;17;0;0;-9.9;-9.8;0;0;0;0;381.22;404.1;57.72;0.23;213.41;210.85;0.19;0.02;0.64
1998;12;18;0;0;-9.1;-9;0;0;0;0;381.22;404.1;57.56;0.22;213.41;210.85;0.19;0.01;0.63
1998;12;19;0.12;0.11;-11.2;-11.1;0;0;0;0;381.22;404.1;57.41;0.2;213.53;210.96;0.18;0.01;0.63
1998;12;20;2.62;2.62;-15.4;-15.4;0;0;0;0;381.22;404.1;57.25;0.19;216.15;213.58;0.18;0.01;0.62
1998;12;21;1.21;1.14;-15.8;-15.8;0;0;0;0;381.22;404.1;57.09;0.18;217.36;214.72;0.18;0.01;0.62
1998;12;22;0.71;0.69;-18.1;-18.1;0;0;0;0;381.22;404.1;56.94;0.18;218.07;215.41;0.18;0.01;0.61
1998;12;23;0.01;0.01;-16.6;-16.6;0;0;0;0;381.22;404.1;56.79;0.17;218.08;215.42;0.18;0.01;0.6
1998;12;24;0.48;0.47;-14.4;-14.3;0;0;0;0;381.22;404.1;56.64;0.16;218.55;215.89;0.18;0.01;0.6
1998;12;25;0;0;-15.5;-15.5;0;0;0;0;381.22;404.1;56.49;0.15;218.55;215.89;0.18;0.01;0.59
1998;12;26;0.19;0.18;-12.1;-12.1;0;0;0;0;381.22;404.1;56.34;0.15;218.74;216.07;0.18;0.01;0.58
1998;12;27;0.11;0.11;-10.4;-10.4;0;0;0;0;381.22;404.1;56.19;0.14;218.85;216.18;0.18;0.01;0.58
1998;12;28;0;0;-8.8;-8.8;0;0;0;0;381.22;404.1;56.04;0.13;218.85;216.18;0.17;0.01;0.57
1998;12;29;0;0;-11.3;-11.3;0;0;0;0;381.22;404.1;55.89;0.13;218.85;216.18;0.17;0.01;0.56
1998;12;30;0.07;0.07;-12.4;-12.4;0;0;0;0;381.22;404.1;55.74;0.12;218.92;216.25;0.17;0.01;0.56
1998;12;31;1.39;1.45;-13.3;-13.2;0;0;0;0;381.22;404.1;55.59;0.12;220.31;217.7;0.17;0.01;0.55
1999;1;1;1.68;1.74;-8.9;-8.9;0;0;0;0;381.22;404.1;55.45;0.11;221.98;219.44;0.17;0.01;0.62
1999;1;2;0.21;0.21;-10.8;-10.8;0;0;0;0;381.22;404.1;55.3;0.11;222.19;219.65;0.17;0.01;0.62
1999;1;3;4.29;4.17;-11.3;-11.3;0;0;0;0;381.22;404.1;55.16;0.11;226.48;223.82;0.17;0.01;0.61
1999;1;4;3.3;3.23;-7.9;-7.9;0;0;0;0;381.22;404.1;55.02;0.1;229.78;227.05;0.17;0.01;0.61
1999;1;5;0;0;-9.3;-9.3;0;0;0;0;381.22;404.1;54.87;0.1;229.78;227.05;0.17;0.01;0.61
1999;1;6;0;0;-5.5;-5.4;0;0;0;0;381.22;404.1;54.73;0.1;229.78;227.05;0.17;0.01;0.61
1999;1;7;0.05;0.05;-8.1;-8.1;0;0;0;0;381.22;404.1;54.59;0.09;229.84;227.1;0.17;0.01;0.61
1999;1;8;3.32;3.16;-9;-9;0;0;0;0;381.22;404.1;54.44;0.09;233.16;230.26;0.17;0.01;0.61
1999;1;9;1.3;1.27;-14;-14;0;0;0;0;381.22;404.1;54.3;0.09;234.46;231.53;0.16;0.01;0.6
1999;1;10;2.59;2.67;-14.5;-14.5;0;0;0;0;381.22;404.1;54.16;0.08;237.05;234.2;0.16;0.01;0.59
1999;1;11;13.55;13.8;-10;-9.9;0;0;0;0;381.22;404.1;54.02;0.08;250.6;248;0.16;0.01;0.59
1999;1;12;1.52;1.52;-14.7;-14.7;0;0;0;0;381.22;404.1;53.88;0.08;252.13;249.52;0.16;0.01;0.58
1999;1;13;2.55;2.51;-16.6;-16.6;0;0;0;0;381.22;404.1;53.74;0.08;254.68;252.03;0.16;0.01;0.57
1999;1;14;2.63;2.6;-16.1;-16.1;0;0;0;0;381.22;404.1;53.6;0.08;257.32;254.63;0.16;0.01;0.56
1999;1;15;0;0;-17;-17;0;0;0;0;381.22;404.1;53.46;0.07;257.32;254.63;0.16;0.01;0.55
1999;1;16;0;0;-11.7;-11.7;0;0;0;0;381.22;404.1;53.33;0.07;257.32;254.63;0.16;0;0.54
1999;1;17;0;0;-11.1;-11.1;0;0;0;0;381.22;404.1;53.19;0.07;257.32;254.63;0.16;0;0.53
1999;1;18;0;0;-13.4;-13.4;0;0;0;0;381.22;404.1;53.05;0.07;257.32;254.63;0.16;0;0.52
1999;1;19;0;0;-13.2;-13.2;0;0;0;0;381.22;404.1;52.91;0.07;257.32;254.63;0.16;0;0.51
1999;1;20;0;0;-10.6;-10.6;0;0;0;0;381.22;404.1;52.78;0.07;257.32;254.63;0.16;0;0.5
1999;1;21;0;0;-11.1;-11.1;0;0;0;0;381.22;404.1;52.64;0.06;257.32;254.63;0.16;0;0.5
1999;1;22;0;0;-11.8;-11.8;0;0;0;0;381.22;404.1;52.51;0.06;257.32;254.63;0.16;0;0.5
1999;1;23;0;0;-12.2;-12.2;0;0;0;0;381.22;404.1;52.37;0.06;257.32;254.63;0.16;0;0.49
1999;1;24;0;0;-12;-12;0;0;0;0;381.22;404.1;52.23;0.06;257.32;254.63;0.16;0;0.49
1999;1;25;0;0;-10.5;-10.5;0;0;0;0;381.22;404.1;52.1;0.06;257.32;254.63;0.16;0;0.49
1999;1;26;2.09;2.04;-10;-10;0;0;0;0;381.22;404.1;51.97;0.06;259.4;256.67;0.16;0;0.49
1999;1;27;8.62;8.4;-14.4;-14.4;0;0;0;0;381.22;404.1;51.83;0.06;268.02;265.07;0.16;0;0.48
1999;1;28;22.32;22.15;-14.8;-14.8;0;0;0;0;381.22;404.1;51.7;0.06;290.34;287.22;0.15;0;0.48
1999;1;29;7.58;7.41;-18.4;-18.4;0;0;0;0;381.22;404.1;51.57;0.06;297.92;294.63;0.15;0;0.48
1999;1;30;2.4;2.27;-24.6;-24.6;0;0;0;0;381.22;404.1;51.43;0.06;300.31;296.9;0.15;0;0.48
1999;1;31;0.18;0.16;-22.4;-22.4;0;0;0;0;381.22;404.1;51.3;0.06;300.49;297.06;0.15;0;0.47
1999;2;1;0.64;0.65;-18.8;-18.8;0;0;0;0;381.22;404.1;51.17;0.06;301.14;297.71;0.15;0;0.47
1999;2;2;0.23;0.22;-13;-13;0;0;0;0;381.22;404.1;51.04;0.06;301.37;297.93;0.15;0;0.47
1999;2;3;1.64;1.57;-10.8;-10.8;0;0;0;0;381.22;404.1;50.91;0.06;303.01;299.5;0.15;0;0.47
1999;2;4;1.85;1.8;-6.3;-6.3;0;0;0;0;381.22;404.1;50.78;0.06;304.87;301.3;0.15;0;0.46
1999;2;5;11.35;11.13;-10.8;-10.8;0;0;0;0;381.22;404.1;50.65;0.05;316.22;312.43;0.15;0;0.46
1999;2;6;17.31;17.15;-14.9;-14.9;0;0;0;0;381.22;404.1;50.52;0.05;333.53;329.58;0.15;0;0.44
1999;2;7;6.88;6.68;-16.1;-16.1;0;0;0;0;381.22;404.1;50.39;0.05;340.41;336.26;0.15;0;0.42
1999;2;8;3.25;3.18;-20.5;-20.5;0;0;0;0;381.22;404.1;50.26;0.05;343.66;339.44;0.15;0;0.44
1999;2;9;11.48;11.33;-15.9;-15.9;0;0;0;0;381.22;404.1;50.13;0.05;355.14;350.77;0.15;0;0.43
1999;2;10;1.99;1.97;-18.9;-18.9;0;0;0;0;381.22;404.1;50;0.05;357.13;352.74;0.15;0;0.45
1999;2;11;1.17;1.1;-22.3;-22.3;0;0;0;0;381.22;404.1;49.87;0.05;358.3;353.84;0.15;0;0.42
1999;2;12;0.22;0.21;-23.5;-23.5;0;0;0;0;381.22;404.1;49.74;0.05;358.53;354.05;0.15;0;0.39
1999;2;13;0.93;0.92;-20.1;-20.1;0;0;0;0;381.22;404.1;49.62;0.05;359.46;354.97;0.15;0;0.36
1999;2;14;1.69;1.63;-16.2;-16.2;0;0;0;0;381.22;404.1;49.49;0.05;361.15;356.6;0.15;0;0.34
1999;2;15;0.16;0.15;-17.2;-17.2;0;0;0;0;381.22;404.1;49.36;0.05;361.31;356.75;0.15;0;0.35
1999;2;16;2.02;1.95;-14.6;-14.6;0;0;0;0;381.22;404.1;49.24;0.05;363.33;358.7;0.15;0;0.37
1999;2;17;10.4;10.28;-18.2;-18.2;0;0;0;0;381.22;404.1;49.11;0.05;373.73;368.98;0.15;0;0.33
1999;2;18;12.55;12.4;-15.9;-15.9;0;0;0;0;381.22;404.1;48.99;0.05;386.28;381.38;0.15;0;0.35
1999;2;19;8.65;8.45;-9.9;-9.9;0;0;0;0;381.22;404.1;48.86;0.05;394.94;389.83;0.15;0;0.36
1999;2;20;11.6;11.27;-5.8;-5.8;0;0;0;0;381.22;404.1;48.73;0.05;406.54;401.1;0.15;0;0.36
1999;2;21;11.6;11.33;-7.3;-7.3;0;0;0;0;381.22;404.1;48.61;0.05;418.14;412.43;0.14;0;0.37
1999;2;22;14.07;13.94;-12.9;-12.9;0;0;0;0;381.22;404.1;48.49;0.05;432.21;426.37;0.14;0;0.37
1999;2;23;12.47;12.31;-17.4;-17.4;0;0;0;0;381.22;404.1;48.36;0.05;444.68;438.68;0.14;0;0.37
1999;2;24;8.75;8.63;-16.3;-16.3;0;0;0;0;381.22;404.1;48.24;0.05;453.43;447.31;0.14;0;0.37
1999;2;25;0.88;0.86;-12.6;-12.6;0;0;0;0;381.22;404.1;48.11;0.05;454.31;448.17;0.14;0;0.38
1999;2;26;0;0;-8.6;-8.6;0;0;0;0;381.22;404.1;47.99;0.05;454.31;448.17;0.14;0;0.39
1999;2;27;0;0;-7.1;-7.1;0;0;0;0;381.22;404.1;47.87;0.05;454.31;448.17;0.14;0;0.46
1999;2;28;0;0;-8.3;-8.3;0;0;0;0;381.22;404.1;47.75;0.05;454.31;448.17;0.14;0;0.41
1999;3;1;1.17;1.14;-8.6;-8.6;0;0;0;0;381.22;404.1;47.62;0.05;455.48;449.31;0.14;0;0.3
1999;3;2;1.04;1;-5.7;-5.7;0;0;0;0;381.22;404.1;47.5;0.05;456.52;450.31;0.14;0;0.28
1999;3;3;1.56;1.64;-6.9;-6.9;0;0;0;0;381.22;404.1;47.38;0.05;458.07;451.95;0.14;0;0.3
1999;3;4;24.99;25.36;-8.3;-8.3;0;0;0;0;381.22;404.1;47.26;0.05;483.06;477.31;0.14;0;0.32
1999;3;5;13.06;12.93;-10.7;-10.7;0;0;0;0;381.22;404.1;47.14;0.05;496.12;490.24;0.14;0;0.32
1999;3;6;2.46;2.41;-13.7;-13.7;0;0;0;0;381.22;404.1;47.02;0.05;498.58;492.65;0.14;0;0.33
1999;3;7;4.29;4.12;-14.9;-14.9;0;0;0;0;381.22;404.1;46.9;0.05;502.87;496.77;0.14;0;0.33
1999;3;8;3;2.96;-15.9;-15.9;0;0;0;0;381.22;404.1;46.78;0.05;505.86;499.73;0.14;0;0.33
1999;3;9;1.84;1.71;-9;-9;0;0;0;0;381.22;404.1;46.66;0.05;507.7;501.44;0.14;0;0.32
1999;3;10;0.44;0.39;-8;-8;0;0;0;0;381.22;404.1;46.54;0.05;508.15;501.83;0.14;0;0.35
1999;3;11;1.82;1.55;-7;-7;0;0;0;0;381.22;404.1;46.42;0.05;509.97;503.38;0.14;0;0.36
1999;3;12;0;0;-5.1;-5.1;0;0;0;0;381.22;404.1;46.3;0.05;509.97;503.38;0.14;0;0.37
1999;3;13;0.02;0.02;-4.6;-4.6;0;0;0;0;381.22;404.1;46.18;0.05;509.99;503.4;0.14;0;0.39
1999;3;14;0;0;-5.3;-5.3;0;0;0;0;381.22;404.1;46.06;0.05;509.99;503.4;0.14;0;0.4
1999;3;15;0.04;0.04;-5.9;-5.9;0;0;0;0;381.22;404.1;45.95;0.05;510.03;503.44;0.14;0;0.41
1999;3;16;0.22;0.22;-8;-8;0;0;0;0;381.22;404.1;45.83;0.05;510.26;503.66;0.14;0;0.42
1999;3;17;0.02;0.02;-10.3;-10.3;0;0;0;0;381.22;404.1;45.71;0.05;510.27;503.68;0.14;0;0.43
1999;3;18;0;0;-12.2;-12.2;0;0;0;0;381.22;404.1;45.59;0.05;510.27;503.68;0.14;0;0.42
1999;3;19;2.12;2.02;-13.8;-13.8;0;0;0;0;381.22;404.1;45.48;0.05;512.39;505.7;0.14;0;0.41
1999;3;20;1.19;1.11;-13.3;-13.3;0;0;0;0;381.22;404.1;45.36;0.05;513.58;506.81;0.14;0;0.41
1999;3;21;0.64;0.64;-11.4;-11.4;0;0;0;0;381.22;404.1;45.24;0.05;514.22;507.45;0.13;0;0.41
1999;3;22;4.66;4.6;-10.6;-10.6;0;0;0;0;381.22;404.1;45.13;0.05;518.88;512.05;0.13;0;0.44
1999;3;23;4.09;3.95;-10.6;-10.6;0;0;0;0;381.22;404.1;45.01;0.05;522.97;516;0.13;0;0.44
1999;3;24;0.4;0.38;-5.8;-5.8;0;0;0;0;381.22;404.1;44.9;0.05;523.37;516.38;0.13;0;0.39
1999;3;25;0.27;0.28;-6.6;-6.6;0;0;0;0;381.22;404.1;44.78;0.05;523.64;516.66;0.13;0;0.27
1999;3;26;3.7;3.83;-5.8;-5.8;0;0;0;0;381.22;404.1;44.67;0.05;527.34;520.49;0.13;0;0.29
1999;3;27;5.44;5.58;-6.4;-6.4;0;0;0;0;381.22;404.1;44.55;0.05;532.77;526.07;0.13;0;0.23
1999;3;28;4.84;4.81;-7.6;-7.6;0;0;0;0;381.22;404.1;44.44;0.05;537.61;530.88;0.13;0;0.21
1999;3;29;0.54;0.54;-6.1;-6.1;0;0;0;0;381.22;404.1;44.33;0.05;538.14;531.42;0.13;0;0.27
1999;3;30;0.3;0.31;-6;-6;0;0;0;0;381.22;404.1;44.21;0.05;538.45;531.73;0.13;0;0.52
1999;3;31;0;0;-5.2;-5.2;0;0;0;0;381.22;404.1;44.1;0.05;538.45;531.73;0.13;0;0.66
1999;4;1;0;0;-4.8;-4.8;0;0;0;0;381.22;404.1;43.99;0.05;538.45;531.73;0.13;0;0.76
1999;4;2;0;0;-5.3;-5.3;0;0;0;0;381.22;404.1;43.88;0.05;538.45;531.73;0.13;0;0.85
1999;4;3;0.06;0.05;-4.2;-4.2;0;0;0;0;381.22;404.1;43.76;0.05;538.5;531.78;0.13;0;0.9
1999;4;4;4.58;4.43;-4.1;-4.1;0;0;0;0;381.22;404.1;43.65;0.05;543.09;536.21;0.13;0;0.79
1999;4;5;1.62;1.56;-4.3;-4.3;0;0;0;0;381.22;404.1;43.54;0.05;544.7;537.77;0.13;0;0.75
1999;4;6;0;0;-2.7;-2.7;0;0;0;0;381.22;404.1;43.43;0.05;544.7;537.77;0.13;0;1.14
1999;4;7;19.47;19.43;-4.7;-4.7;0;0;0;0;381.22;404.1;43.32;0.05;564.18;557.2;0.13;0;1.01
1999;4;8;6.99;6.83;-7.3;-7.3;0;0;0;0;381.22;404.1;43.21;0.05;571.17;564.03;0.13;0;0.54
1999;4;9;0.13;0.12;-5.7;-5.7;0;0;0;0;381.22;404.1;43.1;0.05;571.29;564.15;0.13;0;0.4
1999;4;10;0;0;-4.2;-4.2;0;0;0;0;381.22;404.1;42.99;0.05;571.29;564.15;0.13;0;0.56
1999;4;11;2.16;2.06;-4.9;-4.9;0;0;0;0;381.22;404.1;42.88;0.05;573.45;566.21;0.13;0;0.64
1999;4;12;5.58;5.67;-5.8;-5.8;0;0;0;0;381.22;404.1;42.77;0.05;579.03;571.88;0.13;0;0.58
1999;4;13;11.51;11.4;-8;-8;0;0;0;0;381.22;404.1;42.66;0.05;590.54;583.28;0.13;0;0.7
1999;4;14;0.84;0.86;-8.9;-8.9;0;0;0;0;381.22;404.1;42.55;0.05;591.39;584.14;0.13;0;0.66
1999;4;15;15.77;16;-6.5;-6.5;0;0;0;0;381.22;404.1;42.44;0.05;607.16;600.14;0.13;0;0.62
1999;4;16;31.02;31.34;-5.2;-5.2;0;0;0;0;381.22;404.1;42.33;0.05;638.17;631.48;0.13;0;0.57
1999;4;17;2.16;2.14;-9.2;-9.2;0;0;0;0;381.22;404.1;42.22;0.05;640.33;633.62;0.13;0;0.53
1999;4;18;1.5;1.44;-10.7;-10.6;0;0;0;0;381.22;404.1;42.11;0.05;641.83;635.06;0.13;0;0.49
1999;4;19;1.2;1.19;-12.3;-12.3;0;0;0;0;381.22;404.1;42.01;0.05;643.03;636.25;0.13;0;0.45
1999;4;20;0.09;0.09;-9.3;-9.3;0;0;0;0;381.22;404.1;41.9;0.05;643.12;636.34;0.13;0;0.41
1999;4;21;4.57;4.57;-4.7;-4.7;0;0;0;0;381.22;404.1;41.79;0.05;647.69;640.91;0.12;0;0.37
1999;4;22;2.8;2.72;-5.3;-5.3;0;0;0;0;381.22;404.1;41.69;0.05;650.49;643.63;0.12;0;0.53
1999;4;23;0.5;0.51;-4.6;-4.6;0;0;0;0;381.22;404.1;41.58;0.05;651;644.14;0.12;0;0.79
1999;4;24;1.9;1.82;-4.1;-4.1;0;0;0;0;381.22;404.1;41.47;0.05;652.9;645.96;0.12;0;0.74
1999;4;25;0.4;0.36;-3.2;-3.2;0;0;0;0;381.22;404.1;41.37;0.05;653.3;646.32;0.12;0;1.13
1999;4;26;0.11;0.12;-3.3;-3.3;0;0;0;0;381.22;404.1;41.26;0.05;653.41;646.44;0.12;0;1.3
1999;4;27;2.28;2.22;-2.9;-2.9;0;0;0;0;381.22;404.1;41.16;0.05;655.69;648.66;0.12;0;1.21
1999;4;28;0;0;-2.2;-2.2;0;0;0;0;381.22;404.1;41.05;0.05;655.69;648.66;0.12;0;1.33
1999;4;29;1.4;1.44;0.4;0.4;0.67;0.76;0.1;0.11;381.22;404.1;40.94;0.05;656.99;649.99;0.12;0;2.23
1999;4;30;6.08;6.02;-2;-2;0;0;0;0;381.22;404.1;40.84;0.05;663.06;656.01;0.12;0;3.54
1999;5;1;0.93;0.93;-1.9;-1.9;0;0;0;0;381.22;404.1;40.73;0.05;663.99;656.94;0.12;0;2.75
1999;5;2;0.04;0.04;-0.7;-0.7;0;0;0;0;381.22;404.1;40.63;0.05;664.03;656.98;0.12;0;3.05
1999;5;3;0;0;0.6;0.7;1.09;1.15;0.17;0.18;381.22;404.1;40.53;0.05;663.86;656.8;0.12;0;3.86
1999;5;4;2.27;2.33;0.7;0.7;1.14;1.15;0.16;0.15;381.41;404.32;40.42;0.05;665.36;658.29;0.12;0;4.5
1999;5;5;2.12;2.07;0.2;0.2;0.56;0.63;0.08;0.08;381.46;404.38;40.32;0.05;667.23;660.08;0.12;0;3.87
1999;5;6;6.68;6.65;-0.8;-0.8;0;0;0;0;381.46;404.38;40.22;0.05;673.91;666.73;0.12;0;4.5
1999;5;7;0.01;0.01;-0.5;-0.5;0;0;0;0;381.46;404.38;40.11;0.05;673.92;666.74;0.12;0;4.88
1999;5;8;13.26;13.21;-0.3;-0.3;0;0;0;0;381.46;404.38;40.01;0.05;687.18;679.95;0.12;0;4.6
1999;5;9;3.27;3.31;0;0;0;0;0;0;381.46;404.38;39.91;0.05;690.45;683.26;0.12;0;4.67
1999;5;10;0.13;0.14;0.4;0.5;0.86;0.98;0.13;0.15;380.11;402.85;42.38;2.96;690.32;683.11;0.21;0.09;4.7
1999;5;11;3.95;3.78;0.8;0.9;1.25;1.29;0.15;0.15;379.13;401.73;44.42;5.38;692.84;685.29;0.82;0.71;4.64
1999;5;12;9.19;8.74;1.3;1.4;1.56;1.6;0.11;0.12;378.15;401.06;46.15;7.46;699.45;691.11;1.61;1.49;6.07
1999;5;13;2.77;2.64;0.5;0.6;1;1.06;0.13;0.14;376.73;399.88;47.67;9.28;701.04;692.43;1.89;1.73;6.65
1999;5;14;4.44;4.53;0.4;0.5;0.86;0.98;0.1;0.11;375.41;398.8;49.01;10.86;704.07;695.37;1.96;1.74;6.12
1999;5;15;1.54;1.56;-1.5;-1.5;0;0;0;0;375.41;398.8;48.29;10.16;705.62;696.93;1.41;1.19;4.82
1999;5;16;0.88;0.9;-2.5;-2.4;0;0;0;0;375.41;398.8;47.62;9.51;706.49;697.83;0.91;0.72;3.92
1999;5;17;5.97;6.05;-0.6;-0.6;0;0;0;0;375.41;398.8;46.98;8.9;712.46;703.88;0.78;0.62;3.51
1999;5;18;1.31;1.35;1.6;1.6;1.7;1.7;0.25;0.24;374.69;397.99;48.38;10.61;711.54;702.74;1.07;0.92;4.58
1999;5;19;4.55;4.71;0.8;0.8;1.23;1.22;0.14;0.14;373.66;397.24;49.62;12.04;713.82;704.89;1.89;1.73;5.08
1999;5;20;9.21;9.15;-1.1;-1.1;0;0;0;0;373.66;397.24;48.84;11.27;723.03;714.04;1.53;1.36;3.68
1999;5;21;58.89;58.15;-2.5;-2.5;0;0;0;0;373.66;397.24;48.1;10.55;781.91;772.19;0.97;0.81;2.82
1999;5;22;25.59;25.2;-1.3;-1.3;0;0;0;0;373.66;397.24;47.41;9.87;807.51;797.39;0.84;0.69;2.42
1999;5;23;0.59;0.56;0;0;0;0;0;0;373.66;397.24;46.75;9.24;808.09;797.95;0.8;0.64;3.11
1999;5;24;0;0;0.5;0.5;0.97;0.98;0.15;0.15;373.66;397.24;46.13;8.65;807.94;797.8;0.75;0.6;4.1
1999;5;25;0.91;0.9;0;0.1;0.4;0.45;0.06;0.07;373.68;397.25;45.54;8.09;808.75;798.59;0.71;0.56;4.82
1999;5;26;0.26;0.29;1.3;1.3;1.51;1.54;0.24;0.23;373;396.48;46.99;9.85;806.73;796.32;0.97;0.82;5.76
1999;5;27;0.75;0.8;1.6;1.7;1.69;1.75;0.25;0.26;372.81;396.67;48.29;11.35;802.64;791.68;2.21;2.06;6.67
1999;5;28;0.77;0.73;1.5;1.6;1.65;1.7;0.25;0.25;372.58;396.82;49.5;12.74;798.7;787.11;3.09;2.91;7.36
1999;5;29;0.14;0.15;2.1;2.2;1.95;1.98;0.3;0.3;373.51;398.26;50.69;14.1;790.62;777.99;4.05;3.81;8.49
1999;5;30;1.08;1.14;2.1;2.2;1.95;1.98;0.29;0.28;374.46;399.72;51.93;15.51;783.31;769.67;4.89;4.63;8.69
1999;5;31;0.96;0.93;3.2;3.2;2.36;2.37;0.29;0.28;377.08;402.34;53.27;17.02;771.59;757.44;5.88;5.58;9.7
1999;6;1;0.25;0.22;4.2;4.3;2.75;2.77;0.35;0.34;381.06;405.31;54.78;18.7;756.11;742.89;7.04;6.62;13.66
1999;6;2;10.5;10.55;5.7;5.8;3.18;3.2;0.16;0.15;391.48;413.99;56.67;20.75;731.67;719.61;10.95;10.31;19.11
1999;6;3;3.04;3.11;5;5;2.98;2.98;0.32;0.3;398.67;420.05;59.17;23.4;705.82;694.52;14.07;13.15;19.1
1999;6;4;14.01;14.02;0.2;0.2;0.56;0.64;0.01;0.02;397.02;418.68;62;26.36;718.92;707.51;10.49;9.51;12.28
1999;6;5;0.71;0.72;1.8;1.8;1.82;1.83;0.23;0.22;397.2;418.82;64.67;29.1;712.46;701.14;6.94;6.11;7.91
1999;6;6;9.26;9.38;2.7;2.7;2.23;2.22;0.13;0.12;400.41;421.19;67.11;31.56;705.07;694.9;7.88;7.1;7.19
1999;6;7;5.13;5.34;2.8;2.8;2.25;2.26;0.21;0.19;402.65;423.05;69.48;33.91;695.65;686.07;9.39;8.52;8.65
1999;6;8;9.93;9.83;1.2;1.3;1.53;1.56;0.08;0.08;402.15;422.72;71.75;36.14;700.23;690.4;8.41;7.54;8.35
1999;6;9;0.18;0.18;2.6;2.6;2.17;2.18;0.28;0.26;403.18;423.57;73.84;38.14;689.7;680.09;7.82;7.01;6.76
1999;6;10;9.42;9.35;3.2;3.3;2.42;2.44;0.14;0.13;407.19;426.87;75.86;40.05;677.86;668.83;10.09;9.24;7.88
1999;6;11;6.83;6.78;2;2;1.9;1.92;0.12;0.1;407.55;427.26;77.9;41.97;675.71;666.57;10.42;9.49;8.48
1999;6;12;4.05;4.02;2.4;2.4;2.08;2.1;0.16;0.15;407.99;427.58;79.86;43.78;670.66;661.78;9.14;8.23;7.73
1999;6;13;7.64;7.53;2.1;2.1;1.96;1.97;0.11;0.1;408.35;427.8;81.65;45.39;669.56;660.89;8.54;7.67;9.21
1999;6;14;5.26;5.14;2;2;1.9;1.92;0.13;0.12;408.25;427.73;83.24;46.78;667.57;658.89;8.14;7.29;8.6
1999;6;15;4.39;4.24;2.8;2.9;2.27;2.29;0.17;0.16;409.39;428.61;84.67;47.99;660.16;651.75;8.63;7.78;9.14
1999;6;16;8.84;8.92;3.4;3.4;2.47;2.48;0.12;0.11;412.35;430.85;86.09;49.18;650.42;643.07;10.58;9.65;11.24
1999;6;17;4.27;4.24;2.8;2.9;2.28;2.29;0.18;0.16;413.37;431.61;87.6;50.43;642.71;635.82;11.18;10.13;11.54
1999;6;18;3.52;3.41;1.3;1.3;1.55;1.56;0.13;0.12;412.47;430.83;89.06;51.62;641.74;634.91;9.37;8.33;10.45
1999;6;19;6.18;6.22;-1.3;-1.3;0;0;0;0;410.49;429.15;90.25;52.51;647.92;641.13;6.9;6;7.61
1999;6;20;0.22;0.23;1.3;1.4;1.59;1.62;0.16;0.15;409.36;428.28;91.08;53.03;644.52;637.61;6.04;5.28;6.12
1999;6;21;11.4;11.22;-1.3;-1.2;0;0;0;0;407.89;426.62;91.13;53.21;655.92;648.83;5.54;4.91;5.93
1999;6;22;4.48;4.3;-3.9;-3.8;0;0;0;0;407.89;426.62;88;49.79;660.41;653.13;4.41;3.91;4.33
1999;6;23;0;0;0.8;0.9;1.16;1.31;0.12;0.14;408.16;426.93;85.06;46.59;659.11;651.66;3.74;3.33;3.86
1999;6;24;0.06;0.07;1.8;1.9;1.83;1.87;0.18;0.17;407.8;426.52;85.43;47.14;654.16;646.1;4.74;4.37;4.32
1999;6;25;0.5;0.51;3.3;3.4;2.45;2.48;0.24;0.22;408.97;427.54;86.08;47.51;642.59;634.79;7.05;6.62;5.49
1999;6;26;7.12;7.27;3.9;4;2.66;2.67;0.16;0.14;412.83;430.76;86.86;48.04;627.38;620.39;10.58;9.91;7.55
1999;6;27;10.07;10.19;4.3;4.3;2.76;2.77;0.12;0.1;417.67;434.78;88.07;49.03;610.09;604.1;14.26;13.25;11.9
1999;6;28;7.22;7.18;4;4.1;2.69;2.71;0.16;0.14;421.3;437.73;89.82;50.55;593.19;588.03;16.05;14.75;10.77
1999;6;29;5.24;5.2;5.3;5.3;3.05;3.06;0.22;0.2;425.54;441.04;92.06;52.55;570.51;566.73;17.22;15.71;10.61
1999;6;30;8.37;8.45;4.3;4.4;2.79;2.8;0.15;0.13;429.22;444.04;94.74;54.95;551.31;548.57;18.47;16.77;12.44
1999;7;1;0.11;0.12;5.2;5.3;3.06;3.08;0.23;0.19;431.17;445.36;97.7;57.6;531.46;530.26;17.76;15.94;15.21
1999;7;2;0.03;0.03;6.6;6.7;3.43;3.45;0.26;0.21;433.43;446.65;100.75;60.26;510.05;511.45;16.73;14.82;16.15
1999;7;3;0.4;0.43;8.5;8.5;3.86;3.87;0.29;0.23;436.98;448.74;103.87;62.89;481.93;487.35;17.88;15.71;17.68
1999;7;4;2.78;2.77;9;9;3.97;3.97;0.25;0.2;440.92;451.24;107.19;65.61;451.8;461.55;20.46;17.84;19.17
1999;7;5;2.04;2.11;8.5;8.6;3.88;3.89;0.26;0.21;443.95;453.23;110.82;68.52;423.1;436.73;22.18;19.15;23.88
1999;7;6;10.48;10.23;5.4;5.5;3.13;3.14;0.08;0.08;446.28;454.96;114.72;71.56;404.54;420.6;22.81;19.57;26.14
1999;7;7;6.42;6.29;2.6;2.6;2.2;2.19;0.1;0.08;445.73;454.34;118.59;74.48;399.98;417.66;19.57;16.46;19.5
1999;7;8;6.83;6.55;2.1;2.1;2;1.98;0.09;0.07;444.69;453.41;122.02;76.86;398.98;417.61;15.22;12.51;13.93
1999;7;9;1.84;1.82;2.6;2.6;2.19;2.19;0.15;0.12;443.55;452.46;124.78;78.55;393.71;413.21;12.88;10.59;11.16
1999;7;10;5.54;5.56;4.5;4.5;2.85;2.85;0.15;0.12;444.05;452.82;127;79.69;381.86;402.99;13.86;11.78;11.69
1999;7;11;11.8;11.87;4;4;2.69;2.7;0.06;0.05;445.37;453.96;129.04;80.64;370.52;393.23;16.9;14.74;13.37
1999;7;12;6.12;6.09;5.6;5.6;3.16;3.17;0.15;0.12;446.56;454.81;131.13;81.67;354.05;379.04;18.82;16.44;17.73
1999;7;13;5.61;5.55;5.8;5.8;3.22;3.22;0.16;0.13;447.79;455.66;133.37;82.81;336.31;363.85;19.61;17;21.33
1999;7;14;3.33;3.34;4;4;2.69;2.7;0.16;0.13;447.8;455.61;135.65;83.97;323.8;353.08;18.71;15.99;19.58
1999;7;15;0.59;0.54;3.8;3.9;2.65;2.66;0.18;0.16;447.23;455.18;137.79;84.97;312.33;342.63;16.71;14.13;13.71
1999;7;16;1.5;1.56;3.7;3.8;2.62;2.63;0.17;0.15;446.75;454.85;139.66;85.69;301.28;332.58;15.46;13.12;13.58
1999;7;17;0.2;0.2;6.4;6.4;3.37;3.38;0.14;0.1;446.28;454.23;141.23;86.11;289.98;323.58;14.58;12.37;15.45
1999;7;18;1.46;1.51;7.1;7.1;3.55;3.55;0.12;0.1;445.91;453.91;142.54;86.27;278.75;313.76;14.39;12.19;16.02
1999;7;19;7.86;7.68;6.3;6.3;3.35;3.35;0.06;0.06;446.05;454.3;143.7;86.3;269.81;304.86;15.6;13.45;16.45
1999;7;20;2.37;2.5;6.4;6.4;3.37;3.38;0.08;0.09;445.26;454.01;144.79;86.3;261.24;295.77;15.63;13.66;15.79
1999;7;21;1.56;1.64;7.4;7.4;3.62;3.62;0.18;0.1;444.34;453.82;145.76;86.25;251.89;285.19;15.88;12.96;18.95
1999;7;22;15.87;15.81;4.4;4.4;2.82;2.82;0.01;0;445.15;454.96;146.68;86.26;246.2;278.75;18.55;15.02;19.51
1999;7;23;5.32;5.08;-0.6;-0.6;0;0;0;0;442.91;453.19;147.52;86.25;251.53;283.83;15.14;12.81;12.98
1999;7;24;0.13;0.12;2.9;2.9;2.31;2.31;0.06;0.07;441.51;452.09;148.02;85.94;246.33;278.89;11.09;9.72;10.46
1999;7;25;0.16;0.16;5.4;5.4;3.11;3.11;0.16;0.1;439.96;451.18;148.13;85.28;240.95;272.8;11.21;9.25;11.38
1999;7;26;0.03;0.03;7.9;7.9;3.73;3.73;0.28;0.11;438.74;450.74;148;84.43;232.62;263.36;12.95;10.01;14.95
1999;7;27;2.32;2.42;8.2;8.2;3.8;3.8;0.26;0.1;438.03;450.78;147.77;83.55;223.53;253.08;14.74;11.31;18.28
1999;7;28;13.86;13.62;6.4;6.4;3.37;3.38;0.03;0.02;439.2;452.15;147.68;82.88;216.07;244.64;17.5;14.08;18.81
1999;7;29;8.5;8.59;5.4;5.4;3.11;3.11;0.12;0.05;439.15;452.56;147.86;82.56;209.65;237.36;18.34;15.17;16.33
1999;7;30;1.11;1.14;6;6;3.27;3.27;0.23;0.09;437.97;452.05;148.19;82.43;202.43;229.19;16.49;13.41;16.39
1999;7;31;2.16;2.28;5.2;5.2;3.06;3.06;0.2;0.08;436.87;451.58;148.46;82.27;196.05;221.97;14.8;11.86;16.77
1999;8;1;7.84;7.9;4.4;4.4;2.59;2.59;0.1;0.04;436.69;451.78;148.65;82.05;190.56;215.74;14.91;12.23;17.67
1999;8;2;1.48;1.5;4;4;2.47;2.47;0.16;0.07;435.37;451.01;148.77;81.78;185.54;210.06;14.1;11.66;15.49
1999;8;3;2.16;2.28;4.8;4.8;2.69;2.7;0.17;0.07;434.32;450.54;148.76;81.42;179.47;203.19;13.24;10.83;13.82
1999;8;4;1.28;1.34;5.6;5.6;2.91;2.91;0.19;0.08;433.29;450.11;148.64;80.95;172.36;195.15;13.39;10.75;15.56
1999;8;5;8.05;8.04;7.5;7.5;3.34;3.34;0.12;0.05;433.9;451.09;148.53;80.53;162.73;184.25;15.75;12.62;19.12
1999;8;6;8.23;8.2;8.1;8.1;3.46;3.47;0.12;0.05;434.6;452.15;148.64;80.36;152.29;172.43;18.52;14.88;22.16
1999;8;7;8.47;8.48;7.2;7.2;3.27;3.28;0.11;0.05;435.11;452.99;149.04;80.53;142.98;161.88;19.47;15.78;20.75
1999;8;8;2.22;2.36;8.1;8.1;3.47;3.47;0.22;0.09;434.59;453.11;149.63;80.91;132.57;150.09;18.68;14.97;19.18
1999;8;9;1.84;1.93;9.5;9.5;3.75;3.74;0.23;0.1;434.25;453.43;150.27;81.37;120.34;136.25;18.44;14.33;23.73
1999;8;10;13.43;13.56;7;7;3.23;3.23;0.05;0.02;435.54;454.82;151.02;81.96;111.19;125.89;20.07;16.12;25.26
1999;8;11;7.55;7.52;4.4;4.4;2.59;2.59;0.09;0.04;435.35;454.82;151.9;82.7;105.46;119.4;19.17;16.05;17.14
1999;8;12;15.18;15.19;2.7;2.7;2.04;2.05;0.01;0.01;435.51;454.74;152.78;83.44;107.14;121.3;16.49;14.61;12.17
1999;8;13;1.59;1.57;2.6;2.6;2;2.01;0.05;0.06;433.89;453.41;153.46;83.94;105.42;119.36;12.9;11.85;9.4
1999;8;14;1.12;1.11;3.1;3.1;2.19;2.19;0.1;0.06;432.3;452.17;153.76;84.02;102.81;116.4;10.89;9.54;8.06
1999;8;15;1.69;1.78;5.4;5.4;2.85;2.86;0.17;0.08;431.11;451.48;153.69;83.69;97.48;110.36;11.47;9.48;11.14
1999;8;16;19.19;19.27;5.2;5.2;2.8;2.81;0;0;433.2;453.29;153.57;83.32;91.87;104.02;15.92;13.53;15.51
1999;8;17;1.14;1.08;4.4;4.4;2.58;2.59;0.16;0.07;431.89;452.39;153.6;83.12;87.03;98.53;16.16;13.75;12.93
1999;8;18;5.86;6.05;5.4;5.4;2.86;2.86;0.13;0.06;431.54;452.39;153.66;82.94;80.85;91.54;14.89;12.41;11.89
1999;8;19;12.59;12.88;7.3;7.3;3.3;3.3;0.07;0.02;432.72;453.71;153.79;82.87;72.21;81.75;17.56;14.58;20.35
1999;8;20;24.2;24.22;5.9;5.9;2.98;2.98;0;0;435.71;456.19;154.32;83.23;64.94;73.52;22.14;18.92;24.6
1999;8;21;1.01;1.03;5.8;5.8;2.95;2.96;0.18;0.08;434.52;455.5;155.21;83.97;57.91;65.57;20.37;17.29;17.4
1999;8;22;0.07;0.08;5.3;5.3;2.83;2.83;0.18;0.09;433.15;454.64;156.04;84.65;51.41;58.21;15.99;13.12;14.4
1999;8;23;2.49;2.62;4.6;4.6;2.64;2.64;0.15;0.07;432.11;454.02;156.56;84.99;45.7;51.74;14.16;11.6;12.85
1999;8;24;9.45;9.32;4.8;4.8;2.69;2.7;0.07;0.04;432.46;454.35;156.87;85.12;39.64;44.88;15.21;12.77;15.98
1999;8;25;1.23;1.21;7;7;3.23;3.23;0.19;0.09;431.63;454.01;157.1;85.16;30.86;34.94;16;13.16;20.91
1999;8;26;15.79;15.93;8.1;8.1;3.46;3.47;0.02;0.01;433.59;455.83;157.43;85.32;20.46;23.17;19.4;15.94;19.3
1999;8;27;8.49;8.54;6.1;6.1;3.02;3.03;0.1;0.05;433.82;456.19;158;85.76;12.68;14.35;20.76;17.31;22.13
1999;8;28;2.06;2.11;5.3;5.3;2.83;2.83;0.16;0.08;432.8;455.59;158.67;86.3;5.94;6.72;17.9;14.91;17.17
1999;8;29;1.94;2;4.3;4.3;2.56;2.56;0.14;0.07;431.65;454.83;159.15;86.64;0.45;0.51;15.13;12.55;15.57
1999;8;30;0.52;0.52;3.8;3.8;2.41;2.41;0.08;0;429.69;453.19;159.28;86.59;0;0;12.26;10.03;14.36
1999;8;31;0.01;0.01;4.7;4.7;2.67;2.67;0.55;0.51;427.13;450.92;158.94;86.05;0;0;14.33;12.14;14.59
1999;9;1;2.56;2.41;2.9;2.9;1.82;1.81;0.29;0.28;425.36;449.23;158.16;85.02;0;0;10.07;8.03;11.14
1999;9;2;0.95;0.95;1.9;1.9;1.49;1.48;0.02;0;423.53;447.62;157.06;83.65;0;0;8.4;7.14;8.7
1999;9;3;0.01;0.01;2.3;2.3;1.63;1.62;0.03;0;421.52;445.89;155.69;81.99;0;0;7.6;6.48;6.41
1999;9;4;6.33;6.14;2.6;2.6;1.72;1.72;0.01;0;420.9;445.14;154.17;80.16;0;0;8.41;7.34;6.3
1999;9;5;1.41;1.46;3.1;3.1;1.87;1.87;0.03;0;419.19;443.64;152.58;78.26;0;0;8.52;7.36;6.93
1999;9;6;0.85;0.88;3.8;3.8;2.06;2.06;0.06;0;417.34;442.07;150.93;76.3;0;0;8.32;6.62;7.6
1999;9;7;4.29;4.4;3.8;3.8;2.06;2.06;0.05;0;416.25;441.12;149.23;74.3;0;0;8.65;6.83;8.05
1999;9;8;0.01;0.01;4;4;2.11;2.11;0.4;0.38;413.93;439.03;147.51;72.27;0;0;11.28;9.41;9.61
1999;9;9;0.19;0.18;4.9;4.9;2.32;2.33;0.8;0.82;411.26;436.53;145.74;70.2;0;0;11.8;9.76;10.05
1999;9;10;0;0;5.6;5.6;2.48;2.48;0.86;0.89;408.5;433.95;143.9;68.08;0;0;12.48;10.17;10.6
1999;9;11;0.05;0.05;6.4;6.4;2.64;2.64;0.91;0.94;405.72;431.33;142.02;65.91;0;0;13.41;10.83;11.29
1999;9;12;0.08;0.08;7.2;7.2;2.8;2.8;0.96;1;402.91;428.67;140.12;63.73;0;0;14.43;11.58;11.72
1999;9;13;0.39;0.4;6.8;6.8;2.72;2.72;0.91;0.95;400.25;426.14;138.22;61.55;0;0;14.47;11.5;11.83
1999;9;14;0.51;0.52;6.9;6.9;2.74;2.74;0.91;0.95;397.64;423.65;136.34;59.41;0;0;14.5;11.54;11.6
1999;9;15;0.08;0.09;6.7;6.7;2.71;2.7;0.92;0.96;394.92;421.07;134.49;57.32;0;0;14.28;11.3;10.51
1999;9;16;7.73;7.67;5.1;5.1;2.37;2.37;0.44;0.46;394.95;420.89;132.76;55.35;0;0;13.89;11.18;9.66
1999;9;17;8.49;8.5;4;4;2.11;2.11;0.36;0.37;395.28;421.01;131.26;53.65;0;0;13.59;11.34;8.65
1999;9;18;2.69;2.7;3;3;1.86;1.84;0.29;0.28;393.96;419.77;130.02;52.23;0;0;9.1;7.13;6.07
1999;9;19;1.19;1.25;2.3;2.2;1.62;1.59;0.05;0;392.44;418.46;128.89;50.93;0;0;7.14;5.34;5.06
1999;9;20;56.98;57.63;3.6;3.5;2.01;1.98;0;0;407.01;431.07;128.29;50.21;2.38;2.69;15.68;13.62;24.66
1999;9;21;1.25;1.21;2.2;2.2;1.6;1.59;0.06;0.04;405.71;429.98;128.55;50.41;1;1.13;16;14.3;10.59
1999;9;22;0;0;3.7;3.7;2.04;2.04;0.03;0;404.02;428.56;129.1;50.93;0;0;9.59;8;7.07
1999;9;23;0.19;0.2;5;5;2.35;2.35;0.44;0.42;401.76;426.52;129.48;51.24;0;0;11.08;8.88;6.33
1999;9;24;0.69;0.71;4.7;4.7;2.28;2.28;0.75;0.78;399.33;424.25;129.57;51.25;0;0;11;8.69;6.69
1999;9;25;1.9;1.98;4.6;4.6;2.27;2.26;0.69;0.71;397.3;422.36;129.42;50.99;0;0;11.04;8.76;6.96
1999;9;26;15.24;15.37;4.3;4.3;2.19;2.19;0.07;0.07;399.74;424.42;129.21;50.68;0;0;13.34;11.09;12.31
1999;9;27;1.2;1.25;2.5;2.5;1.69;1.69;0.27;0.28;397.94;422.79;129.08;50.45;0;0;9.18;7.71;6.53
1999;9;28;8.88;8.86;-0.1;-0.1;0;0;0;0;396.1;421.15;128.88;50.15;8.88;8.86;5.86;5.15;4.4
1999;9;29;1.32;1.26;2.5;2.5;1.69;1.69;0.04;0.05;396.55;421.22;128.58;49.74;2.85;3.22;5.99;5.36;4.68
1999;9;30;26.55;26.66;1.8;1.8;1.46;1.44;0;0;397.85;421.82;128.29;49.34;19.54;20.92;7.35;6.66;6.59
1999;10;1;1.43;1.46;0;0.1;0.28;0.32;0.02;0.03;396.04;420.22;128.04;48.97;1.04;1.11;6.62;5.89;4.74
1999;10;2;0.18;0.2;1.3;1.3;1.09;1.09;0.11;0.1;394.27;418.66;127.7;48.5;0.86;0.94;5.22;4.54;4.21
1999;10;3;20.33;20.39;0.7;0.7;0.81;0.81;0;0;393.63;418.11;127.25;47.91;17.12;17.17;5.3;4.68;4.22
1999;10;4;10.49;10.53;-4.9;-4.8;0;0;0;0;393.63;418.11;124.31;44.83;27.61;27.7;4.63;4.07;3.73
1999;10;5;2.58;2.41;-8;-7.9;0;0;0;0;393.63;418.11;121.55;41.95;30.18;30.11;3.55;3.07;3.41
1999;10;6;0.31;0.29;-8.6;-8.5;0;0;0;0;393.63;418.11;118.95;39.26;30.49;30.4;3.15;2.74;3.17
1999;10;7;0;0;-7.5;-7.4;0;0;0;0;393.63;418.11;116.51;36.73;30.49;30.4;2.95;2.55;3.25
1999;10;8;0.22;0.21;-4.8;-4.7;0;0;0;0;393.63;418.11;114.21;34.37;30.71;30.61;2.77;2.39;3.17
1999;10;9;0.22;0.22;-2;-1.9;0;0;0;0;393.63;418.11;112.05;32.16;30.93;30.83;2.61;2.24;3.19
1999;10;10;0.04;0.04;0.6;0.6;0.74;0.76;0.1;0.09;394;418.5;110.01;30.1;29.51;29.27;2.46;2.09;3.19
1999;10;11;0;0;1.7;1.7;1.24;1.24;0.13;0.11;395.97;420.05;108.09;28.16;23.11;23.18;3.07;2.69;3.19
1999;10;12;0;0;1.6;1.6;1.2;1.21;0.09;0.07;397.6;421.24;106.28;26.36;17.88;18.4;3.72;3.3;3.25
1999;10;13;0.01;0.01;1.3;1.3;1.08;1.09;0.08;0.07;396.82;420.35;107.71;27.93;14.45;15.35;3.98;3.49;3.1
1999;10;14;0;0;1.1;1.2;1.03;1.05;0.07;0.06;395.91;419.44;108.88;29.22;11.33;12.41;4.21;3.65;3.04
1999;10;15;0;0;0.1;0.2;0.4;0.45;0.01;0.01;394.13;417.88;109.8;30.23;11.08;12.12;3.88;3.3;3.04
1999;10;16;0;0;-1;-1;0;0;0;0;394.13;417.88;107.88;28.29;11.08;12.12;2.95;2.42;3.05
1999;10;17;0.2;0.22;-2.9;-2.9;0;0;0;0;394.13;417.88;106.06;26.47;11.28;12.34;2.34;1.89;2.92
1999;10;18;0.65;0.7;-3.6;-3.6;0;0;0;0;394.13;417.88;104.35;24.77;11.94;13.04;2.11;1.72;2.74
1999;10;19;0.46;0.48;-3.9;-3.9;0;0;0;0;394.13;417.88;102.73;23.18;12.4;13.52;1.98;1.61;2.56
1999;10;20;1.07;1.11;-3.6;-3.7;0;0;0;0;394.13;417.88;101.21;21.69;13.47;14.63;1.87;1.51;2.58
1999;10;21;6.19;6.33;-2.1;-2.2;0;0;0;0;394.13;417.88;99.77;20.3;19.66;20.96;1.77;1.41;2.53
1999;10;22;0.1;0.11;0;0;0;0;0;0;394.13;417.88;98.41;19;19.76;21.07;1.67;1.32;2.58
1999;10;23;12.92;13.13;-1.5;-1.5;0;0;0;0;394.13;417.88;97.12;17.78;32.68;34.2;1.58;1.24;2.81
1999;10;24;3.29;3.42;-2.3;-2.3;0;0;0;0;394.13;417.88;95.91;16.64;35.97;37.62;1.5;1.16;2.71
1999;10;25;11.37;11.73;0.5;0.5;0.71;0.69;0.04;0.03;394.59;418.22;94.75;15.57;45.88;48.02;1.42;1.08;3.82
1999;10;26;1.04;1.12;-0.5;-0.5;0;0;0;0;394.59;418.22;93.67;14.57;46.93;49.13;1.34;1.01;3.28
1999;10;27;0;0;-1.5;-1.5;0;0;0;0;394.59;418.22;92.63;13.64;46.93;49.13;1.28;0.95;2.86
1999;10;28;0;0;1.2;1.2;1.06;1.05;0.14;0.13;395.83;419.2;91.66;12.76;42.83;45.25;1.41;1.08;2.76
1999;10;29;1.44;1.33;0.6;0.6;0.74;0.76;0.09;0.08;396.44;419.73;90.73;11.95;42.1;44.42;1.7;1.36;2.94
1999;10;30;0.83;0.86;0.4;0.4;0.62;0.62;0.06;0.05;395.03;418.44;92.95;14.49;41.45;43.88;2;1.64;2.78
1999;10;31;0.06;0.06;-0.3;-0.3;0;0;0;0;395.03;418.44;91.92;13.56;41.51;43.94;1.72;1.33;2.69
1999;11;1;0.03;0.03;0;0;0.03;0;0.01;0;395.03;418.44;90.95;12.69;41.53;43.97;1.3;0.93;2.4
1999;11;2;0.14;0.14;0.5;0.5;0.58;0.57;0.06;0.05;393.66;417.14;93.02;15.07;40.21;42.83;1.51;1.15;2.25
1999;11;3;8.37;8.22;-1.6;-1.6;0;0;0;0;393.66;417.14;91.96;14.1;48.58;51.05;1.55;1.17;2.31
1999;11;4;4.38;4.48;-2.3;-2.3;0;0;0;0;393.66;417.14;90.96;13.2;52.95;55.53;1.31;0.95;2.15
1999;11;5;0.29;0.31;-2.1;-2.1;0;0;0;0;393.66;417.14;90.01;12.35;53.25;55.84;1.19;0.86;2.1
1999;11;6;19.21;19.22;-4.2;-4.2;0;0;0;0;393.66;417.14;89.11;11.56;72.46;75.06;1.12;0.8;2.05
1999;11;7;5.77;5.73;-6.2;-6.2;0;0;0;0;393.66;417.14;88.25;10.82;78.22;80.79;1.07;0.75;1.95
1999;11;8;1.37;1.27;-8.6;-8.6;0;0;0;0;393.66;417.14;87.44;10.13;79.6;82.06;1.02;0.7;1.93
1999;11;9;9.45;9.14;-9.9;-9.9;0;0;0;0;393.66;417.14;86.67;9.48;89.05;91.2;0.97;0.66;1.91
1999;11;10;8.57;8.43;-9.7;-9.7;0;0;0;0;393.66;417.14;85.93;8.87;97.62;99.63;0.92;0.62;1.89
1999;11;11;2.17;2.23;-10.4;-10.4;0;0;0;0;393.66;417.14;85.23;8.3;99.79;101.86;0.88;0.58;1.87
1999;11;12;0;0;-11.8;-11.7;0;0;0;0;393.66;417.14;84.56;7.77;99.79;101.86;0.84;0.54;1.85
1999;11;13;0;0;-11.2;-11.1;0;0;0;0;393.66;417.14;83.92;7.28;99.79;101.86;0.8;0.51;1.83
1999;11;14;0.26;0.24;-10.1;-10;0;0;0;0;393.66;417.14;83.31;6.81;100.04;102.1;0.76;0.47;1.81
1999;11;15;1.06;1.01;-10.7;-10.7;0;0;0;0;393.66;417.14;82.73;6.38;101.1;103.11;0.73;0.44;1.79
1999;11;16;0.02;0.02;-13.3;-13.2;0;0;0;0;393.66;417.14;82.18;5.97;101.12;103.13;0.7;0.42;1.77
1999;11;17;8.51;8.48;-15.3;-15.3;0;0;0;0;393.66;417.14;81.64;5.59;109.62;111.61;0.67;0.39;1.76
1999;11;18;2.5;2.47;-17.8;-17.8;0;0;0;0;393.66;417.14;81.13;5.23;112.13;114.08;0.64;0.36;1.74
1999;11;19;3.18;3.11;-17.3;-17.3;0;0;0;0;393.66;417.14;80.64;4.9;115.31;117.19;0.61;0.34;1.73
1999;11;20;0.12;0.12;-21.5;-21.5;0;0;0;0;393.66;417.14;80.17;4.59;115.42;117.31;0.59;0.32;1.71
1999;11;21;3.98;4.02;-18.8;-18.7;0;0;0;0;393.66;417.14;79.72;4.3;119.41;121.33;0.57;0.3;1.69
1999;11;22;2.86;2.79;-15.9;-15.9;0;0;0;0;393.66;417.14;79.28;4.02;122.27;124.11;0.54;0.28;1.67
1999;11;23;10.34;10.09;-14.6;-14.6;0;0;0;0;393.66;417.14;78.86;3.77;132.61;134.21;0.52;0.26;1.66
1999;11;24;0.51;0.47;-11.9;-11.9;0;0;0;0;393.66;417.14;78.46;3.53;133.12;134.68;0.5;0.25;1.64
1999;11;25;0;0;-13.8;-13.8;0;0;0;0;393.66;417.14;78.07;3.3;133.12;134.68;0.49;0.23;1.62
1999;11;26;0;0;-12.6;-12.6;0;0;0;0;393.66;417.14;77.69;3.1;133.12;134.68;0.47;0.22;1.61
1999;11;27;0;0;-12.7;-12.7;0;0;0;0;393.66;417.14;77.33;2.9;133.12;134.68;0.45;0.2;1.58
1999;11;28;0;0;-11.9;-11.8;0;0;0;0;393.66;417.14;76.97;2.72;133.12;134.68;0.44;0.19;1.55
1999;11;29;0;0;-10.4;-10.3;0;0;0;0;393.66;417.14;76.63;2.54;133.12;134.68;0.42;0.18;1.53
1999;11;30;0;0;-12.2;-12.2;0;0;0;0;393.66;417.14;76.3;2.38;133.12;134.68;0.41;0.17;1.5
1999;12;1;0.12;0.12;-10.1;-10.1;0;0;0;0;393.66;417.14;75.98;2.23;133.24;134.79;0.4;0.16;1.48
1999;12;2;0.53;0.51;-7.9;-7.9;0;0;0;0;393.66;417.14;75.66;2.09;133.77;135.31;0.39;0.15;1.45
1999;12;3;0.08;0.08;-10.6;-10.6;0;0;0;0;393.66;417.14;75.36;1.96;133.85;135.38;0.38;0.14;1.42
1999;12;4;1.03;0.94;-13.4;-13.4;0;0;0;0;393.66;417.14;75.06;1.84;134.88;136.32;0.37;0.13;1.39
1999;12;5;2.87;2.72;-16.5;-16.5;0;0;0;0;393.66;417.14;74.77;1.72;137.75;139.04;0.36;0.12;1.37
1999;12;6;0.15;0.14;-16;-16;0;0;0;0;393.66;417.14;74.49;1.62;137.9;139.18;0.35;0.11;1.34
1999;12;7;0;0;-12.4;-12.4;0;0;0;0;393.66;417.14;74.21;1.52;137.9;139.18;0.34;0.11;1.32
1999;12;8;0.02;0.02;-10.8;-10.8;0;0;0;0;393.66;417.14;73.94;1.42;137.92;139.2;0.33;0.1;1.29
1999;12;9;0.96;1.02;-10.4;-10.4;0;0;0;0;393.66;417.14;73.68;1.33;138.88;140.22;0.32;0.09;1.26
1999;12;10;9.31;9.35;-10;-10;0;0;0;0;393.66;417.14;73.42;1.25;148.2;149.57;0.32;0.09;1.23
1999;12;11;0.78;0.75;-11.7;-11.7;0;0;0;0;393.66;417.14;73.17;1.17;148.98;150.32;0.31;0.08;1.2
1999;12;12;3.55;3.5;-8.8;-8.8;0;0;0;0;393.66;417.14;72.92;1.1;152.53;153.82;0.3;0.08;1.17
1999;12;13;1.28;1.21;-15.4;-15.4;0;0;0;0;393.66;417.14;72.67;1.03;153.81;155.03;0.3;0.07;1.14
1999;12;14;4.39;4.1;-16.1;-16.1;0;0;0;0;393.66;417.14;72.44;0.97;158.21;159.13;0.29;0.07;1.11
1999;12;15;2.2;2.17;-15.8;-15.8;0;0;0;0;393.66;417.14;72.2;0.91;160.41;161.3;0.28;0.06;1.08
1999;12;16;2.08;2.04;-16.9;-16.9;0;0;0;0;393.66;417.14;71.97;0.86;162.49;163.34;0.28;0.06;1.05
1999;12;17;0.02;0.02;-21.5;-21.5;0;0;0;0;393.66;417.14;71.74;0.8;162.51;163.36;0.28;0.06;1.02
1999;12;18;2.54;2.44;-11.6;-11.6;0;0;0;0;393.66;417.14;71.52;0.76;165.05;165.8;0.27;0.05;1
1999;12;19;7.68;7.46;-7.1;-7.1;0;0;0;0;393.66;417.14;71.29;0.71;172.73;173.26;0.27;0.05;0.99
1999;12;20;1.72;1.64;-18.6;-18.6;0;0;0;0;393.66;417.14;71.08;0.67;174.45;174.9;0.26;0.05;0.97
1999;12;21;0.05;0.05;-21.3;-21.3;0;0;0;0;393.66;417.14;70.86;0.63;174.5;174.95;0.26;0.04;0.95
1999;12;22;0;0;-18.5;-18.5;0;0;0;0;393.66;417.14;70.65;0.59;174.5;174.95;0.25;0.04;0.94
1999;12;23;0.28;0.29;-13.6;-13.6;0;0;0;0;393.66;417.14;70.44;0.56;174.78;175.24;0.25;0.04;0.92
1999;12;24;0;0;-12.3;-12.2;0;0;0;0;393.66;417.14;70.23;0.52;174.78;175.24;0.25;0.04;0.91
1999;12;25;8.13;8.04;-11.1;-11.1;0;0;0;0;393.66;417.14;70.02;0.49;182.91;183.28;0.25;0.03;0.89
1999;12;26;14.34;14.26;-12.4;-12.4;0;0;0;0;393.66;417.14;69.82;0.46;197.25;197.54;0.24;0.03;0.88
1999;12;27;11.07;11.01;-13.8;-13.8;0;0;0;0;393.66;417.14;69.62;0.44;208.33;208.55;0.24;0.03;0.86
1999;12;28;8.91;8.68;-13.9;-13.9;0;0;0;0;393.66;417.14;69.42;0.41;217.23;217.23;0.24;0.03;0.85
1999;12;29;4.23;4.08;-17.4;-17.4;0;0;0;0;393.66;417.14;69.22;0.39;221.46;221.31;0.23;0.03;0.83
1999;12;30;0.14;0.13;-20.6;-20.6;0;0;0;0;393.66;417.14;69.03;0.37;221.6;221.44;0.23;0.03;0.82
1999;12;31;0.51;0.49;-20.8;-20.8;0;0;0;0;393.66;417.14;68.83;0.35;222.1;221.93;0.23;0.02;0.81
2000;1;1;1.81;1.76;-16.2;-16.2;0;0;0;0;393.66;417.14;68.64;0.33;223.91;223.69;0.23;0.02;0.8
2000;1;2;0.45;0.43;-12;-12;0;0;0;0;393.66;417.14;68.45;0.31;224.36;224.12;0.23;0.02;0.8
2000;1;3;0;0;-13.1;-13.1;0;0;0;0;393.66;417.14;68.26;0.29;224.36;224.12;0.22;0.02;0.8
2000;1;4;0.02;0.02;-12.5;-12.5;0;0;0;0;393.66;417.14;68.07;0.28;224.38;224.14;0.22;0.02;0.79
2000;1;5;0.46;0.43;-12.5;-12.5;0;0;0;0;393.66;417.14;67.89;0.26;224.83;224.57;0.22;0.02;0.79
2000;1;6;0;0;-14.1;-14.1;0;0;0;0;393.66;417.14;67.7;0.25;224.83;224.57;0.22;0.02;0.78
2000;1;7;0;0;-12.5;-12.5;0;0;0;0;393.66;417.14;67.52;0.24;224.83;224.57;0.22;0.02;0.78
2000;1;8;0;0;-14.7;-14.7;0;0;0;0;393.66;417.14;67.33;0.22;224.83;224.57;0.22;0.02;0.78
2000;1;9;0.26;0.25;-15.8;-15.8;0;0;0;0;393.66;417.14;67.15;0.21;225.1;224.82;0.21;0.01;0.77
2000;1;10;0.1;0.09;-13.5;-13.5;0;0;0;0;393.66;417.14;66.97;0.2;225.19;224.91;0.21;0.01;0.77
2000;1;11;0.03;0.03;-16;-16;0;0;0;0;393.66;417.14;66.79;0.19;225.22;224.94;0.21;0.01;0.77
2000;1;12;0;0;-17.3;-17.3;0;0;0;0;393.66;417.14;66.61;0.18;225.22;224.94;0.21;0.01;0.76
2000;1;13;0;0;-17.4;-17.4;0;0;0;0;393.66;417.14;66.44;0.18;225.22;224.94;0.21;0.01;0.76
2000;1;14;0;0;-19.2;-19.2;0;0;0;0;393.66;417.14;66.26;0.17;225.22;224.94;0.21;0.01;0.76
2000;1;15;0.01;0.01;-16;-16;0;0;0;0;393.66;417.14;66.08;0.16;225.23;224.95;0.21;0.01;0.75
2000;1;16;0;0;-18;-18;0;0;0;0;393.66;417.14;65.91;0.15;225.24;224.95;0.2;0.01;0.75
2000;1;17;1.38;1.34;-12.8;-12.8;0;0;0;0;393.66;417.14;65.73;0.15;226.62;226.29;0.2;0.01;0.75
2000;1;18;7.24;7.02;-12;-12.1;0;0;0;0;393.66;417.14;65.56;0.14;233.85;233.31;0.2;0.01;0.74
2000;1;19;0.77;0.73;-16.1;-16.1;0;0;0;0;393.66;417.14;65.39;0.14;234.63;234.04;0.2;0.01;0.74
2000;1;20;0.12;0.12;-17;-17;0;0;0;0;393.66;417.14;65.22;0.13;234.75;234.16;0.2;0.01;0.74
2000;1;21;2.91;2.81;-16.5;-16.5;0;0;0;0;393.66;417.14;65.05;0.12;237.66;236.97;0.2;0.01;0.73
2000;1;22;2.36;2.27;-16;-16;0;0;0;0;393.66;417.14;64.88;0.12;240.01;239.24;0.2;0.01;0.73
2000;1;23;3.54;3.38;-17.9;-17.9;0;0;0;0;393.66;417.14;64.7;0.12;243.55;242.62;0.2;0.01;0.73
2000;1;24;0.63;0.6;-21;-21;0;0;0;0;393.66;417.14;64.54;0.11;244.18;243.22;0.2;0.01;0.72
2000;1;25;0;0;-23.7;-23.7;0;0;0;0;393.66;417.14;64.37;0.11;244.18;243.22;0.2;0.01;0.72
2000;1;26;0;0;-18.7;-18.7;0;0;0;0;393.66;417.14;64.2;0.1;244.18;243.22;0.2;0.01;0.71
2000;1;27;0;0;-15;-15;0;0;0;0;393.66;417.14;64.03;0.1;244.18;243.22;0.19;0.01;0.71
2000;1;28;0;0;-16.9;-16.9;0;0;0;0;393.66;417.14;63.87;0.1;244.18;243.22;0.19;0.01;0.71
2000;1;29;5.79;5.64;-14.6;-14.6;0;0;0;0;393.66;417.14;63.7;0.09;249.97;248.86;0.19;0.01;0.7
2000;1;30;24.39;24.18;-8.7;-8.7;0;0;0;0;393.66;417.14;63.53;0.09;274.36;273.04;0.19;0.01;0.7
2000;1;31;0.06;0.06;-7.9;-7.9;0;0;0;0;393.66;417.14;63.37;0.09;274.42;273.1;0.19;0.01;0.7
2000;2;1;0;0;-10.3;-10.3;0;0;0;0;393.66;417.14;63.21;0.09;274.42;273.1;0.19;0.01;0.69
2000;2;2;3.38;3.31;-8.5;-8.5;0;0;0;0;393.66;417.14;63.04;0.08;277.8;276.41;0.19;0.01;0.69
2000;2;3;0.92;0.89;-10.5;-10.5;0;0;0;0;393.66;417.14;62.88;0.08;278.72;277.3;0.19;0.01;0.69
2000;2;4;0.04;0.04;-12.2;-12.2;0;0;0;0;393.66;417.14;62.72;0.08;278.76;277.34;0.19;0.01;0.68
2000;2;5;2.07;2.01;-8.7;-8.7;0;0;0;0;393.66;417.14;62.55;0.08;280.84;279.35;0.19;0.01;0.68
2000;2;6;0;0;-9.8;-9.8;0;0;0;0;393.66;417.14;62.39;0.08;280.84;279.35;0.19;0.01;0.68
2000;2;7;0.36;0.35;-10.1;-10.1;0;0;0;0;393.66;417.14;62.23;0.07;281.19;279.7;0.19;0.01;0.67
2000;2;8;8.92;8.79;-7.7;-7.7;0;0;0;0;393.66;417.14;62.07;0.07;290.12;288.49;0.19;0;0.67
2000;2;9;8.54;8.4;-12.5;-12.5;0;0;0;0;393.66;417.14;61.91;0.07;298.66;296.89;0.19;0;0.67
2000;2;10;0.17;0.16;-11.8;-11.8;0;0;0;0;393.66;417.14;61.75;0.07;298.83;297.05;0.19;0;0.66
2000;2;11;5.05;5.03;-11.2;-11.2;0;0;0;0;393.66;417.14;61.59;0.07;303.87;302.08;0.18;0;0.66
2000;2;12;0.25;0.24;-12.4;-12.4;0;0;0;0;393.66;417.14;61.44;0.07;304.12;302.32;0.18;0;0.66
2000;2;13;3.91;3.75;-11.8;-11.8;0;0;0;0;393.66;417.14;61.28;0.07;308.03;306.07;0.18;0;0.67
2000;2;14;1.4;1.34;-9.9;-9.9;0;0;0;0;393.66;417.14;61.12;0.06;309.43;307.41;0.18;0;0.67
2000;2;15;2.87;2.76;-10.5;-10.5;0;0;0;0;393.66;417.14;60.96;0.06;312.3;310.17;0.18;0;0.67
2000;2;16;5.6;5.47;-13.2;-13.2;0;0;0;0;393.66;417.14;60.8;0.06;317.9;315.64;0.18;0;0.67
2000;2;17;4.82;4.71;-17.7;-17.7;0;0;0;0;393.66;417.14;60.65;0.06;322.72;320.35;0.18;0;0.67
2000;2;18;9.88;9.79;-16.8;-16.8;0;0;0;0;393.66;417.14;60.49;0.06;332.6;330.14;0.18;0;0.67
2000;2;19;10.8;10.69;-13.3;-13.3;0;0;0;0;393.66;417.14;60.34;0.06;343.4;340.83;0.18;0;0.67
2000;2;20;4.79;4.56;-16;-16;0;0;0;0;393.66;417.14;60.18;0.06;348.19;345.39;0.18;0;0.67
2000;2;21;0.21;0.2;-16.9;-16.9;0;0;0;0;393.66;417.14;60.03;0.06;348.4;345.59;0.18;0;0.67
2000;2;22;0.04;0.04;-15.8;-15.8;0;0;0;0;393.66;417.14;59.87;0.06;348.44;345.63;0.18;0;0.67
2000;2;23;0;0;-17.1;-17.1;0;0;0;0;393.66;417.14;59.72;0.06;348.44;345.63;0.18;0;0.67
2000;2;24;1.68;1.61;-14.6;-14.6;0;0;0;0;393.66;417.14;59.57;0.06;350.13;347.24;0.18;0;0.67
2000;2;25;4.48;4.37;-9.5;-9.5;0;0;0;0;393.66;417.14;59.41;0.06;354.61;351.61;0.18;0;0.67
2000;2;26;0.14;0.14;-8.7;-8.7;0;0;0;0;393.66;417.14;59.26;0.06;354.75;351.75;0.18;0;0.67
2000;2;27;0.03;0.03;-9.6;-9.6;0;0;0;0;393.66;417.14;59.11;0.06;354.78;351.78;0.18;0;0.67
2000;2;28;0;0;-9;-9;0;0;0;0;393.66;417.14;58.96;0.06;354.78;351.78;0.18;0;0.67
2000;2;29;1.14;1.2;-10.8;-10.8;0;0;0;0;393.66;417.14;58.81;0.06;355.92;352.98;0.18;0;0.67
2000;3;1;7.48;7.43;-9.8;-9.8;0;0;0;0;393.66;417.14;58.66;0.06;363.4;360.41;0.17;0;0.67
2000;3;2;1.68;1.58;-14.5;-14.5;0;0;0;0;393.66;417.14;58.51;0.06;365.08;361.99;0.17;0;0.67
2000;3;3;0.13;0.12;-11;-11.1;0;0;0;0;393.66;417.14;58.36;0.06;365.21;362.11;0.17;0;0.67
2000;3;4;5.18;4.99;-12.9;-12.9;0;0;0;0;393.66;417.14;58.21;0.05;370.39;367.1;0.17;0;0.67
2000;3;5;0.22;0.21;-16.7;-16.7;0;0;0;0;393.66;417.14;58.06;0.05;370.61;367.31;0.17;0;0.67
2000;3;6;0;0;-11.7;-11.7;0;0;0;0;393.66;417.14;57.91;0.05;370.61;367.31;0.17;0;0.67
2000;3;7;0;0;-9.3;-9.3;0;0;0;0;393.66;417.14;57.76;0.05;370.61;367.31;0.17;0;0.67
2000;3;8;3.29;3.17;-8.4;-8.4;0;0;0;0;393.66;417.14;57.61;0.05;373.9;370.48;0.17;0;0.67
2000;3;9;5.85;5.69;-4.3;-4.3;0;0;0;0;393.66;417.14;57.47;0.05;379.76;376.17;0.17;0;0.67
2000;3;10;2.12;2.01;-6;-6;0;0;0;0;393.66;417.14;57.32;0.05;381.88;378.18;0.17;0;0.68
2000;3;11;1.75;1.65;-5.8;-5.8;0;0;0;0;393.66;417.14;57.17;0.05;383.63;379.83;0.17;0;0.68
2000;3;12;0.22;0.22;-5.5;-5.5;0;0;0;0;393.66;417.14;57.02;0.05;383.85;380.05;0.17;0;0.68
2000;3;13;0;0;-7.1;-7.1;0;0;0;0;393.66;417.14;56.88;0.05;383.85;380.05;0.17;0;0.68
2000;3;14;3.77;3.58;-8.4;-8.4;0;0;0;0;393.66;417.14;56.73;0.05;387.62;383.63;0.17;0;0.68
2000;3;15;6.61;6.44;-11.8;-11.8;0;0;0;0;393.66;417.14;56.59;0.05;394.23;390.07;0.17;0;0.68
2000;3;16;16.69;16.4;-12.6;-12.6;0;0;0;0;393.66;417.14;56.44;0.05;410.92;406.47;0.17;0;0.68
2000;3;17;15.42;14.97;-9.3;-9.3;0;0;0;0;393.66;417.14;56.3;0.05;426.34;421.44;0.17;0;0.68
2000;3;18;10.27;9.91;-8.9;-8.9;0;0;0;0;393.66;417.14;56.16;0.05;436.62;431.35;0.17;0;0.68
2000;3;19;1.48;1.36;-10.5;-10.5;0;0;0;0;393.66;417.14;56.01;0.05;438.1;432.71;0.17;0;0.68
2000;3;20;0.06;0.06;-10.1;-10.1;0;0;0;0;393.66;417.14;55.87;0.05;438.16;432.77;0.17;0;0.68
2000;3;21;0;0;-7.3;-7.3;0;0;0;0;393.66;417.14;55.72;0.05;438.16;432.77;0.17;0;0.68
2000;3;22;0;0;-6.5;-6.5;0;0;0;0;393.66;417.14;55.58;0.05;438.16;432.77;0.17;0;0.68
2000;3;23;0.22;0.23;-5.7;-5.7;0;0;0;0;393.66;417.14;55.44;0.05;438.38;433;0.16;0;0.68
2000;3;24;0.76;0.78;-5.4;-5.4;0;0;0;0;393.66;417.14;55.3;0.05;439.15;433.78;0.16;0;0.68
2000;3;25;1.19;1.17;-6.5;-6.5;0;0;0;0;393.66;417.14;55.16;0.05;440.34;434.95;0.16;0;0.68
2000;3;26;10.04;10.03;-7.7;-7.7;0;0;0;0;393.66;417.14;55.02;0.05;450.38;444.98;0.16;0;0.68
2000;3;27;19.29;19.26;-9.4;-9.4;0;0;0;0;393.66;417.14;54.87;0.05;469.67;464.24;0.16;0;0.68
2000;3;28;3.59;3.6;-9.6;-9.6;0;0;0;0;393.66;417.14;54.73;0.05;473.26;467.84;0.16;0;0.68
2000;3;29;21.52;21.63;-8.4;-8.4;0;0;0;0;393.66;417.14;54.59;0.05;494.78;489.47;0.16;0;0.68
2000;3;30;3.48;3.41;-10.4;-10.4;0;0;0;0;393.66;417.14;54.45;0.05;498.26;492.88;0.16;0;0.68
2000;3;31;0.78;0.8;-9.8;-9.8;0;0;0;0;393.66;417.14;54.31;0.05;499.04;493.68;0.16;0;0.68
2000;4;1;4.32;4.27;-9.3;-9.3;0;0;0;0;393.66;417.14;54.18;0.05;503.37;497.95;0.16;0;0.68
2000;4;2;0.32;0.34;-9.6;-9.6;0;0;0;0;393.66;417.14;54.04;0.05;503.68;498.29;0.16;0;0.68
2000;4;3;3.27;3.37;-5.9;-5.9;0;0;0;0;393.66;417.14;53.9;0.05;506.95;501.66;0.16;0;0.68
2000;4;4;0.31;0.33;-5.9;-5.9;0;0;0;0;393.66;417.14;53.76;0.05;507.26;501.99;0.16;0;0.68
2000;4;5;10.12;9.92;-6.6;-6.6;0;0;0;0;393.66;417.14;53.62;0.05;517.38;511.91;0.16;0;0.69
2000;4;6;4.74;4.65;-7.1;-7.1;0;0;0;0;393.66;417.14;53.49;0.05;522.12;516.56;0.16;0;0.69
2000;4;7;0;0;-9;-9;0;0;0;0;393.66;417.14;53.35;0.05;522.12;516.56;0.16;0;0.69
2000;4;8;0;0;-9.1;-9.1;0;0;0;0;393.66;417.14;53.21;0.05;522.12;516.56;0.16;0;0.69
2000;4;9;1.25;1.31;-8.7;-8.7;0;0;0;0;393.66;417.14;53.08;0.05;523.37;517.87;0.16;0;0.69
2000;4;10;1.01;1.04;-7.4;-7.4;0;0;0;0;393.66;417.14;52.94;0.05;524.38;518.91;0.16;0;0.69
2000;4;11;0.57;0.61;-6.8;-6.8;0;0;0;0;393.66;417.14;52.81;0.05;524.95;519.52;0.16;0;0.71
2000;4;12;7.18;7.39;-6.6;-6.6;0;0;0;0;393.66;417.14;52.67;0.05;532.13;526.91;0.16;0;0.81
2000;4;13;3.33;3.5;-6.6;-6.6;0;0;0;0;393.66;417.14;52.54;0.05;535.46;530.41;0.16;0;0.83
2000;4;14;0.86;0.92;-4.8;-4.8;0;0;0;0;393.66;417.14;52.4;0.05;536.33;531.33;0.16;0;0.83
2000;4;15;12.17;12.31;-5;-5;0;0;0;0;393.66;417.14;52.27;0.05;548.5;543.64;0.16;0;0.83
2000;4;16;0.64;0.67;-5.8;-5.8;0;0;0;0;393.66;417.14;52.13;0.05;549.14;544.31;0.16;0;0.83
2000;4;17;12.89;12.95;-3.5;-3.5;0;0;0;0;393.66;417.14;52;0.05;562.03;557.26;0.15;0;0.83
2000;4;18;7.31;7.37;-2.9;-2.9;0;0;0;0;393.66;417.14;51.87;0.05;569.35;564.63;0.15;0;0.83
2000;4;19;2.63;2.64;-3;-3;0;0;0;0;393.66;417.14;51.73;0.05;571.98;567.27;0.15;0;0.83
2000;4;20;0;0;-1.8;-1.8;0;0;0;0;393.66;417.14;51.6;0.05;571.98;567.27;0.15;0;0.94
2000;4;21;0;0;-0.1;-0.1;0;0;0;0;393.66;417.14;51.47;0.05;571.98;567.27;0.15;0;1.53
2000;4;22;0;0;0.9;0.9;1.1;1.12;0.17;0.17;393.76;417.25;51.34;0.05;571.43;566.66;0.15;0;2.69
2000;4;23;0;0;1.4;1.4;1.37;1.39;0.22;0.21;394.4;417.97;51.21;0.05;568.78;563.71;0.21;0.07;3.56
2000;4;24;9.6;9.49;-2.2;-2.2;0;0;0;0;394.4;417.97;51.08;0.05;578.38;573.2;0.22;0.07;3.22
2000;4;25;0;0;-0.8;-0.8;0;0;0;0;394.4;417.97;50.95;0.05;578.38;573.2;0.16;0.01;2.42
2000;4;26;0;0;0.3;0.3;0.59;0.66;0.09;0.1;394.4;417.97;50.82;0.05;578.29;573.09;0.15;0;2.97
2000;4;27;0;0;1.6;1.6;1.47;1.48;0.23;0.23;393.82;417.32;53.6;3.35;574.78;569.15;0.78;0.63;3.01
2000;4;28;2.38;2.4;0.1;0.1;0.44;0.39;0.06;0.05;392.06;415.78;55.95;6.15;576.83;571.2;1.43;1.28;2.7
2000;4;29;1.88;1.92;-0.6;-0.6;0;0;0;0;392.06;415.78;55.48;5.76;578.71;573.12;0.94;0.77;2.79
2000;4;30;0.23;0.24;-1.2;-1.2;0;0;0;0;392.06;415.78;55.02;5.39;578.94;573.36;0.58;0.42;2.97
2000;5;1;1.21;1.15;-0.8;-0.8;0;0;0;0;392.06;415.78;54.59;5.05;580.16;574.51;0.51;0.35;3.7
2000;5;2;0.29;0.29;-0.4;-0.4;0;0;0;0;392.06;415.78;54.18;4.73;580.45;574.8;0.49;0.33;4.39
2000;5;3;0.4;0.41;-0.2;-0.2;0;0;0;0;392.06;415.78;53.78;4.43;580.85;575.21;0.47;0.31;4.75
2000;5;4;1.61;1.54;-1.4;-1.4;0;0;0;0;392.06;415.78;53.41;4.14;582.46;576.75;0.45;0.29;5.22
2000;5;5;0.43;0.46;-1.2;-1.2;0;0;0;0;392.06;415.78;53.05;3.88;582.89;577.21;0.43;0.27;5.52
2000;5;6;1.8;1.86;-0.3;-0.3;0;0;0;0;392.06;415.78;52.7;3.63;584.69;579.07;0.41;0.25;4.78
2000;5;7;2.39;2.41;0.1;0.1;0.48;0.45;0.06;0.06;392.06;415.78;52.37;3.4;587.01;581.42;0.39;0.24;4.59
2000;5;8;3.53;3.54;-0.2;-0.2;0;0;0;0;392.06;415.78;52.05;3.19;590.54;584.96;0.38;0.22;4.94
2000;5;9;0.06;0.06;0.8;0.8;1.2;1.22;0.19;0.19;390.72;414.26;54.38;5.97;590.08;584.45;0.47;0.31;5.87
2000;5;10;0.76;0.75;2.5;2.5;2.1;2.1;0.32;0.31;390.54;414.5;56.35;8.31;584.56;578.14;2.02;1.85;8.09
2000;5;11;0.33;0.34;3.4;3.4;2.43;2.44;0.38;0.37;391.88;416.14;58.2;10.49;573.54;566.22;4.39;4.17;9.46
2000;5;12;7.24;6.99;1.9;1.9;1.83;1.85;0.16;0.16;392.59;416.73;60.06;12.67;572.37;564.78;5.4;5.08;7.48
2000;5;13;9.64;9.52;1.8;1.8;1.79;1.8;0.1;0.1;393;417.02;61.92;14.82;574.65;567.02;5.28;4.87;7.37
2000;5;14;2.93;2.94;2.6;2.6;2.14;2.15;0.23;0.22;394.17;417.7;63.77;16.91;568.04;561.01;5.47;4.97;9.4
2000;5;15;3.6;3.65;2.7;2.7;2.18;2.18;0.22;0.21;395.59;418.58;65.61;18.94;561.18;554.89;6.02;5.43;9.74
2000;5;16;7.8;7.77;2.3;2.3;2.02;2.02;0.14;0.13;396.78;419.35;67.46;20.95;559.06;553.27;6.42;5.75;10.4
2000;5;17;3.08;3.11;2.1;2.1;1.93;1.94;0.2;0.19;397.54;420;69.31;22.92;553.01;547.29;6.56;5.86;11.75
2000;5;18;16.69;16.64;1.5;1.5;1.64;1.65;0;0;397.53;419.98;71.11;24.8;563.32;557.58;6.2;5.52;10.48
2000;5;19;9.68;9.74;-2.9;-2.9;0;0;0;0;395.67;418.35;72.75;26.49;573;567.32;4.73;4.1;7.44
2000;5;20;2.63;2.6;-5.1;-5;0;0;0;0;395.67;418.35;71.13;24.79;575.63;569.92;2.99;2.47;4.82
2000;5;21;2.92;2.87;-3.3;-3.3;0;0;0;0;395.67;418.35;69.59;23.2;578.55;572.79;2.1;1.69;3.9
2000;5;22;5.52;5.47;-2.1;-2;0;0;0;0;395.67;418.35;68.15;21.71;584.06;578.26;1.84;1.51;3.66
2000;5;23;0.01;0.01;0.6;0.7;1.07;1.15;0.14;0.14;395.79;418.48;66.8;20.32;583.48;577.61;1.71;1.41;3.53
2000;5;24;2.41;2.44;2.6;2.6;2.14;2.15;0.24;0.22;395.32;417.95;68.49;22.37;581.92;575.6;2.39;2.1;4.73
2000;5;25;1.28;1.3;3;3;2.28;2.3;0.28;0.26;397.15;419.62;70.18;24.13;570.41;564;5.03;4.7;6.89
2000;5;26;4.61;4.7;3.2;3.2;2.37;2.37;0.23;0.21;400.41;422.15;71.89;25.91;557.83;552.2;7.83;7.33;7.46
2000;5;27;9.83;10.01;3.1;3.1;2.34;2.33;0.13;0.12;404.41;425.22;73.82;27.91;547.46;542.98;10.01;9.26;8.2
2000;5;28;5.35;5.41;2.3;2.3;2.03;2.02;0.18;0.17;405.71;426.11;75.97;30.09;541.22;537.39;9.89;8.97;8.12
2000;5;29;4.97;4.88;-0.5;-0.5;0;0;0;0;403.79;424.46;78.07;32.19;546.19;542.27;7.01;6.11;6.49
2000;5;30;3.91;3.86;-1.1;-1.1;0;0;0;0;401.88;422.81;79.85;33.92;550.1;546.13;4.57;3.82;5.31
2000;5;31;9.83;9.73;-0.2;-0.2;0;0;0;0;399.98;421.16;81.21;35.2;559.92;555.87;3.73;3.11;4.24
2000;6;1;0;0;2.7;2.8;2.23;2.26;0.23;0.21;400.59;421.8;82.28;36.17;550.74;546.56;5.1;4.52;4.38
2000;6;2;2.14;2.21;6.2;6.2;3.3;3.3;0.3;0.26;406.32;426.14;83.41;37.19;526.85;524.32;9.44;8.7;7.53
2000;6;3;7.43;7.63;6;6;3.25;3.25;0.19;0.16;413.08;431.49;85.03;38.7;502.42;501.62;14.25;13.17;12.91
2000;6;4;11.13;11.18;5;5;2.97;2.98;0.1;0.09;419.12;436.37;87.33;40.89;481.47;481.93;17.45;16.01;15.22
2000;6;5;2.07;2.11;5.2;5.2;3.03;3.03;0.28;0.24;422.75;439.1;90.23;43.65;459.21;461.11;17.68;16.03;15.5
2000;6;6;13.29;13.22;4;4;2.66;2.67;0.06;0.05;427.43;442.9;93.54;46.79;441.64;444.53;18.4;16.62;14.41
2000;6;7;0.62;0.57;2.5;2.6;2.15;2.18;0.21;0.19;427.5;442.99;97.03;50.05;431.32;434.39;16.23;14.46;14.25
2000;6;8;0.99;1.02;4.9;4.9;2.95;2.95;0.21;0.17;429.64;444.38;100.4;53.13;412.2;417;14.53;12.85;13.6
2000;6;9;0.46;0.47;7.4;7.4;3.59;3.59;0.27;0.21;432.7;446.09;103.65;56.02;388.38;396.54;15.66;13.85;16.28
2000;6;10;1.59;1.55;5.7;5.7;3.17;3.17;0.22;0.18;434.62;447.13;106.87;58.8;369.75;380.52;16.3;14.2;17.72
2000;6;11;1.93;1.94;4.2;4.2;2.75;2.74;0.19;0.15;435.6;447.53;110;61.38;355.54;368.56;15.57;13.33;20.18
2000;6;12;0.99;0.99;5.9;6;3.23;3.25;0.23;0.19;437.33;448.56;112.99;63.73;335.86;351.39;15.7;13.42;15.65
2000;6;13;0.7;0.69;6.2;6.2;3.31;3.3;0.24;0.19;439.2;449.57;115.91;65.93;314.79;333.53;16.61;14.21;17.31
2000;6;14;3.94;3.65;5.5;5.5;3.11;3.12;0.18;0.15;440.98;450.68;118.82;68.05;296.23;317.54;17.51;14.93;16.46
2000;6;15;4.88;4.85;3.9;3.9;2.65;2.64;0.14;0.12;441.85;451.2;121.72;70.07;282.89;306.32;17.43;14.77;15.26
2000;6;16;0.94;0.87;2.1;2.1;1.98;1.97;0.14;0.11;440.85;450.29;124.42;71.84;276.52;301.05;14.88;12.37;11.05
2000;6;17;0;0;2.4;2.4;2.11;2.1;0.15;0.13;439.97;449.49;126.7;73.15;268.65;294.31;12.45;10.24;9.56
2000;6;18;0;0;6;6;3.24;3.25;0.22;0.2;440.91;450.21;128.62;74.09;249.98;277.34;13.55;11.5;10.47
2000;6;19;0.5;0.52;7.8;7.8;3.68;3.68;0.13;0.11;441.98;451.18;130.46;74.95;230.32;258.83;15.98;13.86;12.92
2000;6;20;4.62;4.68;8.1;8.1;3.75;3.75;0.09;0.08;442.31;451.72;132.34;75.88;218.41;247.13;16.73;14.6;16.37
2000;6;21;3.33;3.07;8.2;8.3;3.79;3.79;0.08;0.1;442.11;452.04;134.2;76.82;207.65;235.1;16.22;14.28;19.11
2000;6;22;1.21;0.99;8.5;8.6;3.85;3.86;0.18;0.11;441.51;452.12;135.95;77.71;196.62;222.61;16.53;13.47;19.85
2000;6;23;19.56;19.68;5.8;5.8;3.19;3.2;0;0;443.35;454.24;137.68;78.67;188.97;213.95;20.17;16.25;18.35
2000;6;24;10.54;10.59;2.1;2.1;1.96;1.97;0.04;0.02;442.34;453.49;139.44;79.73;191.33;216.62;18.1;15.46;12.8
2000;6;25;1.54;1.45;-0.4;-0.4;0;0;0;0;440.13;451.73;140.89;80.5;192.87;218.07;12.16;10.66;8.62
2000;6;26;0.03;0.02;-0.5;-0.5;0;0;0;0;437.93;449.97;141.74;80.67;192.9;218.09;8.86;7.67;7.44
2000;6;27;0;0;2.8;2.8;2.25;2.26;0.06;0.07;436.26;448.7;142;80.27;189.67;214.74;8.24;7.22;7.15
2000;6;28;4.89;4.85;2.6;2.6;2.17;2.18;0.04;0.05;435.06;447.84;141.88;79.5;188.69;213.64;8.95;7.98;6.97
2000;6;29;5.28;5.35;1.9;1.9;1.88;1.87;0.04;0.04;433.7;446.79;141.51;78.52;189.41;214.44;9.22;8.25;5.88
2000;6;30;2.1;2.12;3.2;3.2;2.4;2.4;0.11;0.06;432.26;445.82;140.99;77.4;186.91;211.61;9.5;8.06;6.66
2000;7;1;5.28;5.47;4.9;4.9;2.97;2.97;0.16;0.06;431.73;445.85;140.4;76.27;181.99;206.05;11.29;9.18;8.25
2000;7;2;2.1;2.22;7.5;7.5;3.64;3.64;0.24;0.1;431.08;445.9;139.89;75.26;174.03;197.03;13.13;10.33;13.74
2000;7;3;2.58;2.73;8.6;8.6;3.9;3.89;0.25;0.1;430.77;446.32;139.53;74.46;164.47;186.21;14.73;11.22;19.49
2000;7;4;7.41;7.69;6.3;6.3;3.36;3.35;0.15;0.06;431.02;447.11;139.37;73.93;157.16;177.93;15.88;12.38;21.21
2000;7;5;1.67;1.72;5.8;5.8;3.21;3.22;0.2;0.09;430.15;446.84;139.38;73.62;150.29;170.16;14.91;11.88;17.86
2000;7;6;0.84;0.9;7.5;7.5;3.64;3.64;0.24;0.11;429.45;446.83;139.46;73.41;141.24;159.91;14.16;11.06;16.65
2000;7;7;12.29;11.91;7.2;7.2;3.57;3.57;0.04;0.03;431.14;448.54;139.67;73.36;132.29;149.78;16.52;13.13;19.96
2000;7;8;6.84;6.67;1.9;1.9;1.89;1.89;0.05;0.04;430.12;447.59;140.02;73.48;133.53;151.18;14.66;12.4;16.85
2000;7;9;1.66;1.61;0.6;0.6;1.09;1.09;0.03;0.03;428.29;446.02;140.26;73.46;133.91;151.62;9.92;8.88;8.49
2000;7;10;16.22;16.36;3.5;3.4;2.52;2.49;0.01;0;429.46;447.11;140.35;73.28;132.74;150.29;11.57;10.01;8.29
2000;7;11;53.11;53.18;-0.6;-0.6;0;0;0;0;427.38;445.38;140.37;73.02;185.85;203.47;11.09;9.54;7.79
2000;7;12;3.3;3.19;-2.5;-2.5;0;0;0;0;425.32;443.65;140.16;72.52;189.15;206.66;7.77;6.88;5.25
2000;7;13;1.7;1.62;-2.9;-2.9;0;0;0;0;425.32;443.65;135.85;67.86;190.84;208.28;6;5.29;4.36
2000;7;14;8.1;7.97;-1.4;-1.4;0;0;0;0;425.32;443.65;131.81;63.49;198.94;216.25;5.12;4.55;3.87
2000;7;15;4.45;4.35;-3.4;-3.4;0;0;0;0;425.32;443.65;128.01;59.41;203.4;220.6;4.7;4.23;3.47
2000;7;16;3.06;3.02;-3.8;-3.8;0;0;0;0;425.32;443.65;124.45;55.59;206.46;223.62;4.4;3.96;2.73
2000;7;17;1.08;1.08;-2.7;-2.6;0;0;0;0;425.32;443.65;121.1;52.02;207.54;224.7;4.14;3.72;2.43
2000;7;18;0;0;0;0.1;0.41;0.46;0.06;0.07;425.32;443.65;117.95;48.68;207.47;224.62;3.9;3.48;2.57
2000;7;19;0.55;0.51;0.3;0.3;0.69;0.78;0.1;0.12;425.39;443.73;115;45.55;207.49;224.53;3.67;3.26;3.09
2000;7;20;0.33;0.33;1.7;1.8;1.81;1.84;0.23;0.22;426.5;444.82;112.22;42.63;201.51;218.12;4.27;3.87;3.62
2000;7;21;0;0;2.8;2.9;2.29;2.31;0.24;0.21;426.44;444.58;113.74;44.18;191.71;208.85;6.42;5.94;4.22
2000;7;22;0.24;0.27;4.1;4.1;2.73;2.73;0.21;0.16;427.55;445.08;115.11;45.56;177.07;195.49;8.96;8.22;5.24
2000;7;23;10.03;10.32;5.8;5.8;3.22;3.22;0.06;0.04;431.15;447.43;116.66;47.08;160.06;180.75;13.01;11.88;7.63
2000;7;24;8.56;8.7;5.7;5.6;3.19;3.17;0.04;0.05;431.75;448.17;118.55;48.9;153.12;173.36;14.59;13.2;16.33
2000;7;25;14.39;14.17;5.5;5.5;3.13;3.14;0.02;0.02;433.29;449.71;120.7;50.97;146.51;165.87;15.83;13.6;20.62
2000;7;26;10.24;10.28;4.6;4.6;2.88;2.88;0.08;0.03;433.72;450.39;123.03;53.2;140.88;159.51;16.65;13.77;18.14
2000;7;27;0.57;0.52;5.3;5.3;3.09;3.08;0.21;0.09;432.51;449.76;125.32;55.38;134.38;152.14;14.45;11.57;14.4
2000;7;28;14.06;13.79;2.3;2.3;2.07;2.07;0.01;0.01;432.53;449.54;127.36;57.28;137.25;155.39;12.3;10.28;10.94
2000;7;29;5.02;4.98;1.1;1.1;1.46;1.45;0.06;0.06;431.06;448.23;129.06;58.82;139.01;157.38;9.74;8.6;8.29
2000;7;30;2.39;2.33;1.1;1.1;1.47;1.45;0.03;0.04;429.38;446.79;130.34;59.88;139.24;157.65;7.85;6.85;7.11
2000;7;31;0;0;3.6;3.6;2.56;2.56;0.12;0.08;427.79;445.67;131.19;60.49;135.71;153.65;7.76;6.34;7.59
2000;8;1;0.48;0.52;6;6;3;3;0.2;0.09;426.69;445.16;131.73;60.78;129.38;146.48;9.33;7.15;10.13
2000;8;2;5.89;6.11;6.3;6.3;3.08;3.07;0.15;0.06;426.77;445.71;132.16;60.98;122.38;138.55;11.82;9.18;12.03
2000;8;3;23.64;23.82;5.6;5.6;2.91;2.91;0;0;430.33;449.01;132.86;61.5;115.75;131.05;16.97;14.15;14.45
2000;8;4;24.09;24.37;2.3;2.3;1.9;1.9;0;0;431.35;449.51;134.01;62.5;123.95;140.34;17.49;15.43;15.01
2000;8;5;12.53;12.5;3.1;3.1;2.19;2.19;0.03;0.02;431.74;449.86;135.42;63.77;122.34;138.51;15.24;13.47;10.47
2000;8;6;10.33;10.07;2.2;2.2;1.87;1.86;0.03;0.02;431.25;449.25;136.82;64.99;124.3;140.74;13.18;11.51;9.31
2000;8;7;1.25;1.18;2.7;2.7;2.05;2.05;0.05;0.06;429.7;448;137.97;65.93;122.33;138.51;10.21;9.06;7.17
2000;8;8;1.62;1.58;4.1;4.1;2.5;2.5;0.11;0.07;428.5;447.19;138.79;66.51;118.27;133.91;9.55;8.01;7.57
2000;8;9;2.66;2.76;4.2;4.2;2.53;2.53;0.15;0.06;427.5;446.65;139.32;66.78;113.83;128.88;10.44;8.41;8.9
2000;8;10;0.18;0.2;5.1;5.1;2.78;2.78;0.18;0.08;426.24;445.93;139.65;66.87;108.22;122.53;10.73;8.51;10.89
2000;8;11;0.22;0.24;6.5;6.5;3.12;3.12;0.2;0.09;425.29;445.56;139.83;66.82;100.82;114.15;11.3;8.71;11.71
2000;8;12;7.46;7.52;5.8;5.8;2.95;2.96;0.11;0.05;425.75;446.29;140;66.78;93.98;106.4;13.13;10.36;13.39
2000;8;13;5.24;5.29;5.1;5.1;2.78;2.78;0.13;0.06;425.62;446.49;140.27;66.87;87.84;99.46;13.97;11.3;14.8
2000;8;14;0.7;0.72;7.1;7.1;3.26;3.25;0.2;0.1;424.96;446.39;140.61;67.06;79.23;89.7;13.76;10.85;14.94
2000;8;15;0.22;0.22;7.1;7.1;3.25;3.25;0.2;0.1;424.24;446.24;140.96;67.28;70.51;79.83;13.59;10.4;14.37
2000;8;16;1.11;1.15;8.1;8.1;3.47;3.47;0.21;0.1;423.9;446.48;141.3;67.5;60.46;68.46;14.02;10.64;16.17
2000;8;17;1.16;1.22;7.8;7.8;3.41;3.4;0.2;0.1;423.53;446.67;141.65;67.75;50.71;57.41;14.59;11.07;18.38
2000;8;18;2.18;2.2;8.3;8.3;3.51;3.51;0.19;0.09;423.49;447.12;142.06;68.08;40.25;45.57;15.15;11.55;20.45
2000;8;19;1.56;1.6;8.7;8.7;3.59;3.59;0.2;0.1;423.38;447.56;142.52;68.5;29.25;33.12;15.78;11.99;21.95
2000;8;20;0.61;0.62;9.3;9.3;3.71;3.7;0.22;0.11;423.2;447.95;143.05;69.01;17.47;19.78;16.18;12.19;20.69
2000;8;21;4.87;4.97;8.7;8.7;3.6;3.59;0.16;0.08;423.75;448.88;143.67;69.61;6.36;7.2;17.07;13.01;21.56
2000;8;22;2.98;2.97;6.8;6.8;3.18;3.19;0.08;0;423.24;448.65;144.34;70.29;0;0;16.11;12.5;22.84
2000;8;23;1.07;1.1;6.5;6.5;3.12;3.12;0.59;0.56;420.88;446.51;144.85;70.8;0;0;18.49;15.35;17.84
2000;8;24;0;0;7.2;7.2;3.27;3.28;1.21;1.26;417.72;443.52;145;70.9;0;0;17.61;14.5;16.73
2000;8;25;0;0;6.6;6.6;3.15;3.14;1.16;1.21;414.63;440.59;144.72;70.53;0;0;16.16;13.06;15.09
2000;8;26;0;0;8.9;8.9;3.63;3.63;1.34;1.39;411.38;437.48;144.09;69.76;0;0;17.87;14.45;14.77
2000;8;27;16.23;15.91;6;6;3;3;0.05;0.06;413.39;438.76;143.31;68.84;0;0;18.69;15.33;14.44
2000;8;28;3.32;3.24;3.2;3.2;2.23;2.22;0.36;0.34;411.92;437.32;142.61;67.99;0;0;12.38;9.82;11.84
2000;8;29;1.93;2;3.3;3.3;2.25;2.26;0.06;0;410.38;436;141.9;67.11;0;0;9.17;7.17;10.29
2000;8;30;7.04;7.16;3;3;2.16;2.16;0.04;0;410.11;435.72;141.12;66.16;0;0;9.02;7.2;10.46
2000;8;31;11.67;11.69;2.9;2.9;2.12;2.12;0.03;0.02;410.99;436.29;140.4;65.27;0.18;0.2;10;8.74;9.73
2000;9;1;0.78;0.76;4.2;4.2;2.16;2.16;0.03;0;409.29;434.78;139.74;64.44;0;0;9.16;7.72;8.67
2000;9;2;4.85;4.89;1.8;1.8;1.44;1.44;0.04;0.03;408.4;433.9;139.04;63.57;0.75;0.85;8.1;6.73;7.71
2000;9;3;3.72;3.67;-0.9;-0.9;0;0;0;0;406.52;432.21;138.23;62.57;4.47;4.52;6.54;5.85;4.77
2000;9;4;3.99;3.9;-2.2;-2.2;0;0;0;0;404.65;430.53;137.27;61.42;8.46;8.42;5.64;5.05;3.85
2000;9;5;1.12;1.04;-2;-2;0;0;0;0;404.65;430.53;133.57;57.47;9.58;9.46;4.8;4.27;3.26
2000;9;6;2.49;2.41;0.2;0.2;0.49;0.5;0.07;0.07;404.76;430.66;130.09;53.78;11.48;11.21;4.22;3.77;3.14
2000;9;7;8.12;7.86;-0.9;-0.9;0;0;0;0;404.76;430.66;126.83;50.32;19.59;19.07;3.89;3.5;3.14
2000;9;8;0;0;3.4;3.4;1.96;1.95;0.15;0.12;406;431.13;126.62;50.03;8.66;9.02;5.53;5.09;2.8
2000;9;9;0;0;6.1;6.1;2.58;2.58;0.07;0.08;405.97;431.1;126.41;49.73;1.13;1.28;7.45;6.87;3.3
2000;9;10;0;0;7.1;7.1;2.78;2.78;0.04;0;404.3;429.7;126.23;49.47;0;0;7.62;5.97;4.56
2000;9;11;0.05;0.05;5.6;5.6;2.48;2.48;0.46;0.44;401.99;427.59;125.95;49.09;0;0;11.78;9.31;5.53
2000;9;12;0.22;0.22;5;5;2.35;2.35;0.8;0.83;399.4;425.15;125.5;48.55;0;0;11.3;9;6.18
2000;9;13;5.88;5.83;3.3;3.3;1.92;1.93;0.23;0.22;398.99;424.65;124.96;47.89;0;0;7.56;5.6;6.01
2000;9;14;0.04;0.04;3.7;3.7;2.03;2.04;0.05;0;397.11;423.01;124.38;47.2;0;0;6.56;4.82;6.4
2000;9;15;0.83;0.91;5;5;2.35;2.35;0.41;0.4;395.09;421.19;123.73;46.44;0;0;10.02;8.05;8.19
2000;9;16;4.94;4.99;3.3;3.3;1.92;1.93;0.25;0.24;394.46;420.55;123.05;45.65;0;0;7.31;5.38;6.72
2000;9;17;0.6;0.59;0.8;0.8;0.97;0.98;0.01;0;392.82;419.07;122.37;44.86;0;0;5.89;4.72;4.17
2000;9;18;1.12;1.17;1.8;1.8;1.44;1.44;0;0;391.35;417.74;121.67;44.05;0;0;4.74;4.16;4.45
2000;9;19;0.59;0.6;2.4;2.4;1.67;1.66;0.02;0;389.71;416.27;120.92;43.2;0;0;4.78;3.81;3.96
2000;9;20;7.82;7.95;3.2;3.1;1.89;1.87;0.03;0;390.29;416.78;120.2;42.38;0;0;6.45;4.88;9.36
2000;9;21;31.84;31.41;-0.7;-0.7;0;0;0;0;388.51;415.16;119.56;41.64;31.84;31.41;6.04;4.86;6.89
2000;9;22;0.48;0.45;-1;-1;0;0;0;0;386.74;413.54;118.91;40.9;32.31;31.86;4.38;3.8;4.09
2000;9;23;0.05;0.05;-1.2;-1.1;0;0;0;0;385.32;411.94;118;40.11;32.36;31.91;3.84;3.36;3.43
2000;9;24;0.05;0.05;-0.6;-0.5;0;0;0;0;385.32;411.94;115.51;37.53;32.41;31.96;3.23;2.82;3.01
2000;9;25;0.09;0.09;0.7;0.8;0.93;0.98;0.14;0.15;384.52;411.03;114.79;36.96;30.19;29.45;3.4;3.04;3.01
2000;9;26;0.15;0.16;2.7;2.7;1.74;1.75;0.18;0.16;385.95;412.05;114.32;36.43;20.7;20.26;5.12;4.73;3.29
2000;9;27;0.82;0.82;3.1;3.1;1.87;1.87;0.14;0.11;387.24;412.46;114;36.07;13.07;13.8;6.28;5.76;3.53
2000;9;28;0.25;0.27;3.2;3.2;1.91;1.9;0.05;0.06;387.12;412.11;113.85;35.87;8.45;9.57;6.07;5.43;3.64
2000;9;29;1;1.05;1.7;1.6;1.4;1.36;0.04;0.04;385.88;411.08;113.76;35.74;7.55;8.55;5.22;4.57;3.23
2000;9;30;10.54;10.79;1.9;1.8;1.48;1.44;0.03;0.03;386.3;411.24;113.69;35.62;11.6;13.13;5.27;4.65;4.6
2000;10;1;22.2;22.22;0.6;0.6;0.78;0.76;0;0;385.51;410.36;113.64;35.53;1.55;1.64;5.19;4.57;4.11
2000;10;2;8.56;8.34;-1.3;-1.3;0;0;0;0;383.74;408.76;113.56;35.4;10.11;9.98;4.34;3.74;3.19
2000;10;3;5.41;5.38;-2;-2;0;0;0;0;383.75;408.78;111.34;33.12;15.49;15.32;3.26;2.72;2.85
2000;10;4;0;0;-0.8;-0.8;0;0;0;0;383.75;408.78;109.25;31;15.49;15.32;2.65;2.2;2.5
2000;10;5;14.36;14.23;0.5;0.5;0.67;0.69;0.02;0.02;384.18;409.25;107.29;29;28.38;27.9;2.41;2.02;2.11
2000;10;6;23.09;23.04;-3;-3;0;0;0;0;384.18;409.25;105.43;27.14;51.47;50.94;2.25;1.89;3.51
2000;10;7;30.01;30.04;-6.2;-6.2;0;0;0;0;384.18;409.25;103.68;25.4;81.48;80.98;2.13;1.77;2.96
2000;10;8;0.95;0.95;-3.9;-3.9;0;0;0;0;384.18;409.25;102.03;23.77;82.43;81.93;2.01;1.65;2.78
2000;10;9;2.21;2.2;-4.7;-4.6;0;0;0;0;384.18;409.25;100.48;22.24;84.64;84.13;1.9;1.55;2.68
2000;10;10;3.29;3.36;-4.5;-4.5;0;0;0;0;384.18;409.25;99.01;20.81;87.93;87.49;1.79;1.45;2.51
2000;10;11;20.72;21.17;-3.2;-3.2;0;0;0;0;384.18;409.25;97.62;19.48;108.65;108.66;1.69;1.35;2.42
2000;10;12;17.26;17.64;-0.9;-0.9;0;0;0;0;384.18;409.25;96.31;18.23;125.91;126.3;1.6;1.27;3.32
2000;10;13;5.45;5.62;1;1;0.97;0.96;0.1;0.1;384.6;409.73;95.08;17.05;129.82;130.21;1.51;1.19;8.08
2000;10;14;2.62;2.68;0.9;0.9;0.92;0.92;0.12;0.12;385.55;410.53;93.91;15.96;129.49;130;1.62;1.3;8.55
2000;10;15;8.1;8.25;0.9;0.9;0.93;0.92;0.08;0.07;386.82;411.51;92.8;14.94;133.82;134.74;2.01;1.69;7.25
2000;10;16;0.8;0.83;-1.9;-1.9;0;0;0;0;386.82;411.51;91.75;13.98;134.62;135.57;1.66;1.33;5.28
2000;10;17;0.9;0.88;-2.1;-2.1;0;0;0;0;386.82;411.51;90.75;13.08;135.52;136.45;1.28;0.95;4.19
2000;10;18;1.84;1.83;-2.3;-2.3;0;0;0;0;386.82;411.51;89.81;12.24;137.36;138.28;1.17;0.85;3.67
2000;10;19;2.12;2.05;-0.9;-0.9;0;0;0;0;386.82;411.51;88.92;11.46;139.48;140.33;1.11;0.8;3.14
2000;10;20;0.27;0.29;-0.5;-0.5;0;0;0;0;386.82;411.51;88.06;10.72;139.75;140.62;1.06;0.75;2.63
2000;10;21;0.07;0.08;0.9;0.9;0.92;0.92;0.12;0.11;387.12;411.85;87.26;10.04;138.65;139.39;1.01;0.7;2.34
2000;10;22;0;0;0.6;0.6;0.76;0.76;0.1;0.09;387.55;412.21;86.49;9.4;137.24;138.03;0.96;0.65;2.09
2000;10;23;0;0;0.9;0.9;0.93;0.92;0.12;0.11;386.9;411.41;88.69;11.95;133.91;135.07;1.66;1.33;1.87
2000;10;24;0.02;0.02;-1.6;-1.6;0;0;0;0;386.9;411.41;87.81;11.18;133.93;135.09;1.65;1.29;1.88
2000;10;25;0;0;-0.9;-0.9;0;0;0;0;386.9;411.41;86.98;10.46;133.93;135.09;1.15;0.8;1.68
2000;10;26;1.25;1.22;-2.2;-2.2;0;0;0;0;386.9;411.41;86.19;9.79;135.18;136.31;0.99;0.68;1.73
2000;10;27;0.45;0.42;-3.2;-3.2;0;0;0;0;386.9;411.41;85.44;9.17;135.62;136.73;0.94;0.64;1.58
2000;10;28;0;0;-0.2;-0.2;0;0;0;0;386.9;411.41;84.72;8.58;135.62;136.73;0.9;0.6;1.43
2000;10;29;0.13;0.14;-1.7;-1.7;0;0;0;0;386.9;411.41;84.04;8.03;135.76;136.87;0.86;0.56;1.39
2000;10;30;2.28;2.4;-2;-2.1;0;0;0;0;386.9;411.41;83.39;7.52;138.04;139.27;0.82;0.52;1.37
2000;10;31;33.88;34.28;-2.8;-2.8;0;0;0;0;386.9;411.41;82.77;7.04;171.91;173.55;0.78;0.49;1.48
2000;11;1;2.52;2.57;-8.8;-8.8;0;0;0;0;386.9;411.41;82.17;6.59;174.44;176.12;0.75;0.46;1.43
2000;11;2;1.31;1.37;-11.4;-11.4;0;0;0;0;386.9;411.41;81.61;6.17;175.75;177.49;0.71;0.43;1.36
2000;11;3;12.3;12.58;-4.5;-4.5;0;0;0;0;386.9;411.41;81.06;5.78;188.05;190.07;0.68;0.4;1.35
2000;11;4;15.82;15.81;-9.5;-9.5;0;0;0;0;386.9;411.41;80.55;5.41;203.88;205.88;0.65;0.38;1.29
2000;11;5;0.19;0.2;-14.1;-14.1;0;0;0;0;386.9;411.41;80.05;5.06;204.07;206.08;0.63;0.35;1.38
2000;11;6;37.38;37.9;-8;-8;0;0;0;0;386.9;411.41;79.57;4.74;241.45;243.98;0.6;0.33;1.37
2000;11;7;1.24;1.32;-8.4;-8.4;0;0;0;0;386.9;411.41;79.11;4.44;242.7;245.3;0.58;0.31;1.36
2000;11;8;1.13;1.19;-11.5;-11.4;0;0;0;0;386.9;411.41;78.67;4.16;243.82;246.49;0.55;0.29;1.34
2000;11;9;1.72;1.75;-12.1;-12.1;0;0;0;0;386.9;411.41;78.24;3.89;245.55;248.24;0.53;0.27;1.33
2000;11;10;0.12;0.11;-13.5;-13.5;0;0;0;0;386.9;411.41;77.83;3.64;245.66;248.35;0.51;0.25;1.32
2000;11;11;0;0;-15.2;-15.2;0;0;0;0;386.9;411.41;77.44;3.41;245.66;248.35;0.49;0.24;1.31
2000;11;12;0.14;0.15;-9.2;-9.2;0;0;0;0;386.9;411.41;77.06;3.2;245.8;248.5;0.48;0.22;1.31
2000;11;13;6.28;6.51;-5;-4.9;0;0;0;0;386.9;411.41;76.69;3;252.08;255;0.46;0.21;1.31
2000;11;14;28.03;28.44;-3.8;-3.8;0;0;0;0;386.9;411.41;76.33;2.81;280.11;283.44;0.44;0.2;1.59
2000;11;15;4.74;4.84;-6.6;-6.6;0;0;0;0;386.9;411.41;75.99;2.63;284.85;288.29;0.43;0.18;1.44
2000;11;16;14.35;14.61;-4.9;-4.9;0;0;0;0;386.9;411.41;75.65;2.46;299.2;302.89;0.42;0.17;1.32
2000;11;17;42.7;43.1;-4.7;-4.7;0;0;0;0;386.9;411.41;75.33;2.31;341.91;346;0.4;0.16;1.29
2000;11;18;8.29;8.38;-8.8;-8.7;0;0;0;0;386.9;411.41;75.01;2.16;350.2;354.38;0.39;0.15;1.3
2000;11;19;0;0;-13.1;-13;0;0;0;0;386.9;411.41;74.7;2.03;350.2;354.38;0.38;0.14;1.34
2000;11;20;4.46;4.58;-10.7;-10.7;0;0;0;0;386.9;411.41;74.4;1.9;354.65;358.95;0.37;0.13;1.37
2000;11;21;5.79;5.89;-9;-9;0;0;0;0;386.9;411.41;74.11;1.78;360.44;364.85;0.36;0.12;1.34
2000;11;22;1.01;1.02;-9.1;-9.1;0;0;0;0;386.9;411.41;73.83;1.67;361.46;365.87;0.35;0.12;1.26
2000;11;23;1.78;1.85;-7.8;-7.8;0;0;0;0;386.9;411.41;73.55;1.57;363.24;367.71;0.34;0.11;1.32
2000;11;24;10.46;10.65;-6.2;-6.2;0;0;0;0;386.9;411.41;73.28;1.47;373.7;378.37;0.33;0.1;1.35
2000;11;25;5.71;5.72;-8.3;-8.3;0;0;0;0;386.9;411.41;73.02;1.38;379.42;384.08;0.32;0.1;1.35
2000;11;26;3.42;3.34;-11.8;-11.7;0;0;0;0;386.9;411.41;72.76;1.29;382.83;387.43;0.32;0.09;1.33
2000;11;27;0.1;0.09;-14.7;-14.7;0;0;0;0;386.9;411.41;72.5;1.21;382.94;387.51;0.31;0.08;1.31
2000;11;28;3.55;3.5;-9.1;-9.1;0;0;0;0;386.9;411.41;72.25;1.14;386.49;391.01;0.3;0.08;1.29
2000;11;29;0;0;-7.8;-7.8;0;0;0;0;386.9;411.41;72.01;1.07;386.49;391.01;0.3;0.07;1.27
2000;11;30;0;0;-6.2;-6.2;0;0;0;0;386.9;411.41;71.77;1;386.49;391.01;0.29;0.07;1.25
2000;12;1;0;0;-10.6;-10.6;0;0;0;0;386.9;411.41;71.54;0.94;386.49;391.01;0.29;0.07;1.23
2000;12;2;0.13;0.13;-9.6;-9.6;0;0;0;0;386.9;411.41;71.3;0.88;386.61;391.14;0.28;0.06;1.21
2000;12;3;0.9;0.94;-7.4;-7.4;0;0;0;0;386.9;411.41;71.08;0.83;387.51;392.08;0.28;0.06;1.18
2000;12;4;0.22;0.23;-7.4;-7.4;0;0;0;0;386.9;411.41;70.85;0.78;387.73;392.31;0.27;0.05;1.16
2000;12;5;0.01;0.01;-9.3;-9.3;0;0;0;0;386.9;411.41;70.63;0.73;387.74;392.32;0.27;0.05;1.14
2000;12;6;0.2;0.21;-10.9;-10.9;0;0;0;0;386.9;411.41;70.41;0.69;387.94;392.53;0.26;0.05;1.12
2000;12;7;0.44;0.47;-7.7;-7.7;0;0;0;0;386.9;411.41;70.2;0.65;388.39;393;0.26;0.05;1.1
2000;12;8;2.65;2.76;-5.4;-5.3;0;0;0;0;386.9;411.41;69.99;0.61;391.04;395.76;0.25;0.04;1.08
2000;12;9;4.73;4.9;-6.7;-6.7;0;0;0;0;386.9;411.41;69.78;0.57;395.76;400.66;0.25;0.04;1.06
2000;12;10;0.67;0.66;-9.4;-9.4;0;0;0;0;386.9;411.41;69.57;0.54;396.44;401.32;0.25;0.04;1.03
2000;12;11;0.3;0.29;-7.9;-7.9;0;0;0;0;386.9;411.41;69.36;0.51;396.74;401.61;0.24;0.04;1.01
2000;12;12;0;0;-7.6;-7.6;0;0;0;0;386.9;411.41;69.16;0.48;396.74;401.61;0.24;0.03;0.99
2000;12;13;0;0;-7.8;-7.8;0;0;0;0;386.9;411.41;68.96;0.45;396.74;401.61;0.24;0.03;0.97
2000;12;14;1.96;1.93;-12.4;-12.4;0;0;0;0;386.9;411.41;68.76;0.43;398.7;403.54;0.24;0.03;0.95
2000;12;15;10.1;10.06;-11.9;-11.9;0;0;0;0;386.9;411.41;68.57;0.4;408.8;413.6;0.23;0.03;0.93
2000;12;16;1.06;1.01;-16.7;-16.7;0;0;0;0;386.9;411.41;68.37;0.38;409.86;414.61;0.23;0.03;0.91
2000;12;17;0.38;0.35;-17.6;-17.6;0;0;0;0;386.9;411.41;68.18;0.36;410.24;414.96;0.23;0.02;0.89
2000;12;18;0.13;0.12;-18.2;-18.2;0;0;0;0;386.9;411.41;67.99;0.34;410.37;415.08;0.23;0.02;0.87
2000;12;19;2.23;2.14;-11.8;-11.8;0;0;0;0;386.9;411.41;67.8;0.32;412.61;417.22;0.22;0.02;0.86
2000;12;20;0.06;0.06;-12.3;-12.3;0;0;0;0;386.9;411.41;67.61;0.3;412.66;417.28;0.22;0.02;0.85
2000;12;21;0;0;-16.2;-16.1;0;0;0;0;386.9;411.41;67.42;0.29;412.66;417.28;0.22;0.02;0.84
2000;12;22;0;0;-16;-15.9;0;0;0;0;386.9;411.41;67.24;0.27;412.66;417.28;0.22;0.02;0.82
2000;12;23;0;0;-16.4;-16.3;0;0;0;0;386.9;411.41;67.06;0.26;412.66;417.28;0.22;0.02;0.81
2000;12;24;0.59;0.6;-15.8;-15.7;0;0;0;0;386.9;411.41;66.87;0.24;413.25;417.88;0.22;0.02;0.8
2000;12;25;2.36;2.44;-11.9;-11.9;0;0;0;0;386.9;411.41;66.69;0.23;415.61;420.32;0.21;0.02;0.79
2000;12;26;1.57;1.59;-12.2;-12.2;0;0;0;0;386.9;411.41;66.51;0.22;417.17;421.91;0.21;0.02;0.77
2000;12;27;0.6;0.62;-12.7;-12.7;0;0;0;0;386.9;411.41;66.33;0.21;417.78;422.53;0.21;0.01;0.76
2000;12;28;1.85;1.79;-11.6;-11.6;0;0;0;0;386.9;411.41;66.15;0.2;419.63;424.32;0.21;0.01;0.75
2000;12;29;6.49;6.49;-13.6;-13.6;0;0;0;0;386.9;411.41;65.98;0.19;426.12;430.81;0.21;0.01;0.74
2000;12;30;0.35;0.34;-17.8;-17.8;0;0;0;0;386.9;411.41;65.8;0.18;426.47;431.15;0.21;0.01;0.72
2000;12;31;0.02;0.02;-20.2;-20.2;0;0;0;0;386.9;411.41;65.62;0.17;426.49;431.17;0.21;0.01;0.71
2001;1;1;0;0;-14.1;-14;0;0;0;0;386.9;411.41;65.45;0.16;426.49;431.17;0.2;0.01;0.7
2001;1;2;2.22;2.27;-10.5;-10.5;0;0;0;0;386.9;411.41;65.28;0.16;428.71;433.44;0.2;0.01;0.7
2001;1;3;1.37;1.31;-14.5;-14.5;0;0;0;0;386.9;411.41;65.1;0.15;430.08;434.75;0.2;0.01;0.7
2001;1;4;2.8;2.79;-14.1;-14.1;0;0;0;0;386.9;411.41;64.93;0.14;432.88;437.54;0.2;0.01;0.7
2001;1;5;0.78;0.77;-12.8;-12.7;0;0;0;0;386.9;411.41;64.76;0.14;433.65;438.31;0.2;0.01;0.7
2001;1;6;6.07;6.13;-6.5;-6.5;0;0;0;0;386.9;411.41;64.59;0.13;439.73;444.44;0.2;0.01;0.7
2001;1;7;32.09;32.21;-5.4;-5.4;0;0;0;0;386.9;411.41;64.42;0.13;471.82;476.65;0.2;0.01;0.7
2001;1;8;12.54;12.42;-8.5;-8.5;0;0;0;0;386.9;411.41;64.25;0.12;484.36;489.07;0.2;0.01;0.7
2001;1;9;1.1;1.05;-12.8;-12.8;0;0;0;0;386.9;411.41;64.08;0.12;485.46;490.12;0.2;0.01;0.7
2001;1;10;0.52;0.52;-12.3;-12.3;0;0;0;0;386.9;411.41;63.91;0.11;485.98;490.64;0.2;0.01;0.7
2001;1;11;0.98;0.95;-12.1;-12.1;0;0;0;0;386.9;411.41;63.75;0.11;486.96;491.59;0.19;0.01;0.7
2001;1;12;0.38;0.39;-10.7;-10.7;0;0;0;0;386.9;411.41;63.58;0.11;487.34;491.98;0.19;0.01;0.7
2001;1;13;0.01;0.01;-11.7;-11.7;0;0;0;0;386.9;411.41;63.42;0.1;487.35;491.99;0.19;0.01;0.7
2001;1;14;0;0;-15.1;-15.1;0;0;0;0;386.9;411.41;63.25;0.1;487.35;491.99;0.19;0.01;0.7
2001;1;15;0;0;-17.3;-17.3;0;0;0;0;386.9;411.41;63.09;0.1;487.35;491.99;0.19;0.01;0.7
2001;1;16;0;0;-19.2;-19.2;0;0;0;0;386.9;411.41;62.92;0.09;487.35;491.99;0.19;0.01;0.7
2001;1;17;0.68;0.7;-18.8;-18.8;0;0;0;0;386.9;411.41;62.76;0.09;488.04;492.69;0.19;0.01;0.7
2001;1;18;1.05;1.09;-15.8;-15.8;0;0;0;0;386.9;411.41;62.6;0.09;489.08;493.78;0.19;0.01;0.7
2001;1;19;0.08;0.09;-16.9;-16.9;0;0;0;0;386.9;411.41;62.44;0.09;489.17;493.87;0.19;0.01;0.7
2001;1;20;0.09;0.09;-14.7;-14.7;0;0;0;0;386.9;411.41;62.27;0.08;489.26;493.96;0.19;0.01;0.7
2001;1;21;0.1;0.09;-17.9;-17.9;0;0;0;0;386.9;411.41;62.11;0.08;489.36;494.05;0.19;0.01;0.7
2001;1;22;0.71;0.69;-12.5;-12.5;0;0;0;0;386.9;411.41;61.95;0.08;490.07;494.74;0.19;0.01;0.7
2001;1;23;1.5;1.5;-11.5;-11.5;0;0;0;0;386.9;411.41;61.79;0.08;491.57;496.24;0.19;0.01;0.7
2001;1;24;5.9;5.82;-9;-9;0;0;0;0;386.9;411.41;61.63;0.08;497.47;502.06;0.19;0.01;0.7
2001;1;25;6.35;6.47;-8.3;-8.3;0;0;0;0;386.9;411.41;61.47;0.07;503.82;508.53;0.18;0.01;0.7
2001;1;26;8.54;8.67;-11.5;-11.5;0;0;0;0;386.9;411.41;61.31;0.07;512.36;517.2;0.18;0;0.7
2001;1;27;3.77;3.81;-13.5;-13.5;0;0;0;0;386.9;411.41;61.16;0.07;516.13;521.01;0.18;0;0.7
2001;1;28;0;0;-16.3;-16.3;0;0;0;0;386.9;411.41;61;0.07;516.13;521.01;0.18;0;0.7
2001;1;29;0.2;0.19;-13.7;-13.7;0;0;0;0;386.9;411.41;60.84;0.07;516.32;521.2;0.18;0;0.7
2001;1;30;2.96;2.9;-13.1;-13.1;0;0;0;0;386.9;411.41;60.69;0.07;519.28;524.1;0.18;0;0.7
2001;1;31;0.43;0.4;-17;-17;0;0;0;0;386.9;411.41;60.53;0.07;519.72;524.5;0.18;0;0.7
2001;2;1;1.14;1.06;-20.6;-20.6;0;0;0;0;386.9;411.41;60.37;0.07;520.85;525.56;0.18;0;0.7
2001;2;2;3.14;3.1;-20.3;-20.3;0;0;0;0;386.9;411.41;60.22;0.06;524;528.66;0.18;0;0.7
2001;2;3;7.02;6.93;-14;-14;0;0;0;0;386.9;411.41;60.06;0.06;531.02;535.59;0.18;0;0.7
2001;2;4;6.71;6.61;-9.8;-9.8;0;0;0;0;386.9;411.41;59.91;0.06;537.73;542.2;0.18;0;0.7
2001;2;5;0.27;0.28;-11.4;-11.4;0;0;0;0;386.9;411.41;59.76;0.06;538;542.48;0.18;0;0.7
2001;2;6;0.07;0.08;-9.4;-9.4;0;0;0;0;386.9;411.41;59.6;0.06;538.08;542.56;0.18;0;0.7
2001;2;7;0.46;0.5;-6.6;-6.5;0;0;0;0;386.9;411.41;59.45;0.06;538.54;543.06;0.18;0;0.7
2001;2;8;3.66;3.82;-8.5;-8.5;0;0;0;0;386.9;411.41;59.3;0.06;542.2;546.88;0.18;0;0.7
2001;2;9;7.89;7.79;-9.3;-9.3;0;0;0;0;386.9;411.41;59.14;0.06;550.1;554.67;0.18;0;0.7
2001;2;10;0.26;0.24;-10;-10;0;0;0;0;386.9;411.41;58.99;0.06;550.36;554.91;0.18;0;0.7
2001;2;11;0;0;-10.6;-10.6;0;0;0;0;386.9;411.41;58.84;0.06;550.36;554.91;0.18;0;0.7
2001;2;12;0;0;-7.3;-7.3;0;0;0;0;386.9;411.41;58.69;0.06;550.36;554.91;0.18;0;0.7
2001;2;13;0.16;0.15;-7;-7;0;0;0;0;386.9;411.41;58.54;0.06;550.52;555.06;0.17;0;0.7
2001;2;14;0;0;-8.3;-8.3;0;0;0;0;386.9;411.41;58.39;0.06;550.52;555.06;0.17;0;0.7
2001;2;15;0;0;-7.1;-7.1;0;0;0;0;386.9;411.41;58.24;0.06;550.52;555.06;0.17;0;0.7
2001;2;16;0;0;-7.9;-7.9;0;0;0;0;386.9;411.41;58.09;0.06;550.52;555.06;0.17;0;0.7
2001;2;17;5.12;5.08;-10.7;-10.7;0;0;0;0;386.9;411.41;57.94;0.06;555.64;560.14;0.17;0;0.7
2001;2;18;0;0;-10.8;-10.8;0;0;0;0;386.9;411.41;57.79;0.06;555.64;560.14;0.17;0;0.7
2001;2;19;0;0;-10.9;-10.9;0;0;0;0;386.9;411.41;57.65;0.06;555.65;560.14;0.17;0;0.7
2001;2;20;2.14;2.04;-14;-14;0;0;0;0;386.9;411.41;57.5;0.06;557.79;562.18;0.17;0;0.7
2001;2;21;3.16;3.1;-11.7;-11.7;0;0;0;0;386.9;411.41;57.35;0.06;560.94;565.28;0.17;0;0.7
2001;2;22;24.89;24.51;-10.7;-10.7;0;0;0;0;386.9;411.41;57.2;0.06;585.83;589.79;0.17;0;0.7
2001;2;23;8.89;8.56;-11.5;-11.5;0;0;0;0;386.9;411.41;57.06;0.05;594.72;598.35;0.17;0;0.7
2001;2;24;1.37;1.29;-16.2;-16.2;0;0;0;0;386.9;411.41;56.91;0.05;596.09;599.64;0.17;0;0.7
2001;2;25;0.17;0.16;-18.8;-18.8;0;0;0;0;386.9;411.41;56.77;0.05;596.26;599.8;0.17;0;0.7
2001;2;26;0.28;0.26;-20.8;-20.8;0;0;0;0;386.9;411.41;56.62;0.05;596.54;600.06;0.17;0;0.7
2001;2;27;0.29;0.3;-19.2;-19.2;0;0;0;0;386.9;411.41;56.48;0.05;596.83;600.36;0.17;0;0.7
2001;2;28;2.72;2.8;-16.4;-16.4;0;0;0;0;386.9;411.41;56.33;0.05;599.54;603.16;0.17;0;0.7
2001;3;1;1.26;1.25;-17.6;-17.6;0;0;0;0;386.9;411.41;56.19;0.05;600.81;604.41;0.17;0;0.7
2001;3;2;4.65;4.71;-15.5;-15.5;0;0;0;0;386.9;411.41;56.04;0.05;605.46;609.12;0.17;0;0.7
2001;3;3;1.96;1.94;-7.4;-7.4;0;0;0;0;386.9;411.41;55.9;0.05;607.42;611.06;0.17;0;0.7
2001;3;4;5.21;5.26;-7;-7;0;0;0;0;386.9;411.41;55.76;0.05;612.63;616.32;0.17;0;0.7
2001;3;5;3.04;2.97;-7.5;-7.5;0;0;0;0;386.9;411.41;55.61;0.05;615.67;619.29;0.17;0;0.7
2001;3;6;0;0;-9.5;-9.5;0;0;0;0;386.9;411.41;55.47;0.05;615.67;619.29;0.17;0;0.7
2001;3;7;0.49;0.48;-6.4;-6.4;0;0;0;0;386.9;411.41;55.33;0.05;616.16;619.77;0.16;0;0.7
2001;3;8;4.62;4.74;-4.4;-4.4;0;0;0;0;386.9;411.41;55.19;0.05;620.77;624.51;0.16;0;0.7
2001;3;9;9.27;9.24;-6.1;-6.1;0;0;0;0;386.9;411.41;55.05;0.05;630.05;633.75;0.16;0;0.7
2001;3;10;1.49;1.43;-8.8;-8.8;0;0;0;0;386.9;411.41;54.91;0.05;631.54;635.18;0.16;0;0.7
2001;3;11;2.02;1.93;-5.6;-5.6;0;0;0;0;386.9;411.41;54.76;0.05;633.56;637.11;0.16;0;0.7
2001;3;12;1.61;1.67;-5.3;-5.3;0;0;0;0;386.9;411.41;54.62;0.05;635.17;638.78;0.16;0;0.7
2001;3;13;20.2;20.21;-7.5;-7.5;0;0;0;0;386.9;411.41;54.48;0.05;655.38;658.99;0.16;0;0.7
2001;3;14;6.31;6.13;-9.8;-9.8;0;0;0;0;386.9;411.41;54.34;0.05;661.69;665.12;0.16;0;0.7
2001;3;15;1;0.95;-7;-7;0;0;0;0;386.9;411.41;54.21;0.05;662.69;666.07;0.16;0;0.7
2001;3;16;0.62;0.63;-5.8;-5.8;0;0;0;0;386.9;411.41;54.07;0.05;663.31;666.7;0.16;0;0.7
2001;3;17;6.66;6.7;-5.7;-5.7;0;0;0;0;386.9;411.41;53.93;0.05;669.97;673.4;0.16;0;0.7
2001;3;18;1.01;1.03;-5.9;-5.9;0;0;0;0;386.9;411.41;53.79;0.05;670.98;674.43;0.16;0;0.7
2001;3;19;1.86;1.82;-7.7;-7.7;0;0;0;0;386.9;411.41;53.65;0.05;672.85;676.25;0.16;0;0.72
2001;3;20;3.21;3.15;-6.6;-6.6;0;0;0;0;386.9;411.41;53.52;0.05;676.06;679.4;0.16;0;0.72
2001;3;21;7.04;6.82;-3.9;-3.9;0;0;0;0;386.9;411.41;53.38;0.05;683.1;686.22;0.16;0;0.76
2001;3;22;11.52;11.51;-5;-5;0;0;0;0;386.9;411.41;53.24;0.05;694.61;697.73;0.16;0;0.8
2001;3;23;0.08;0.08;-2.8;-2.8;0;0;0;0;386.9;411.41;53.11;0.05;694.7;697.81;0.16;0;0.84
2001;3;24;0.01;0.01;-1.5;-1.5;0;0;0;0;386.9;411.41;52.97;0.05;694.71;697.82;0.16;0;1.02
2001;3;25;13.49;13.55;-4.3;-4.3;0;0;0;0;386.9;411.41;52.84;0.05;708.19;711.37;0.16;0;1.08
2001;3;26;2.22;2.2;-7;-7;0;0;0;0;386.9;411.41;52.7;0.05;710.41;713.57;0.16;0;0.73
2001;3;27;0.26;0.25;-7.2;-7.2;0;0;0;0;386.9;411.41;52.56;0.05;710.68;713.82;0.16;0;0.72
2001;3;28;1.4;1.46;-8.2;-8.2;0;0;0;0;386.9;411.41;52.43;0.05;712.08;715.28;0.16;0;0.64
2001;3;29;9.79;9.85;-6.8;-6.8;0;0;0;0;386.9;411.41;52.3;0.05;721.87;725.13;0.16;0;0.49
2001;3;30;15.96;15.97;-7.7;-7.7;0;0;0;0;386.9;411.41;52.16;0.05;737.84;741.1;0.16;0;0.47
2001;3;31;0.07;0.06;-6.1;-6.1;0;0;0;0;386.9;411.41;52.03;0.05;737.9;741.16;0.15;0;0.47
2001;4;1;0;0;-5.2;-5.2;0;0;0;0;386.9;411.41;51.9;0.05;737.9;741.16;0.15;0;0.51
2001;4;2;0;0;-2.7;-2.7;0;0;0;0;386.9;411.41;51.76;0.05;737.9;741.16;0.15;0;0.73
2001;4;3;0;0;-3;-3;0;0;0;0;386.9;411.41;51.63;0.05;737.9;741.16;0.15;0;1.02
2001;4;4;6.85;6.86;-4.3;-4.3;0;0;0;0;386.9;411.41;51.5;0.05;744.75;748.02;0.15;0;1.14
2001;4;5;5.39;5.39;-9.2;-9.2;0;0;0;0;386.9;411.41;51.37;0.05;750.15;753.41;0.15;0;1.03
2001;4;6;1.47;1.43;-7.1;-7.1;0;0;0;0;386.9;411.41;51.23;0.05;751.62;754.84;0.15;0;0.85
2001;4;7;18.41;18.3;-5.9;-5.9;0;0;0;0;386.9;411.41;51.1;0.05;770.03;773.14;0.15;0;0.82
2001;4;8;4.48;4.31;-9;-9;0;0;0;0;386.9;411.41;50.97;0.05;774.51;777.45;0.15;0;0.69
2001;4;9;3.25;3.11;-8.7;-8.7;0;0;0;0;386.9;411.41;50.84;0.05;777.76;780.56;0.15;0;0.58
2001;4;10;18.01;18.01;-6.2;-6.2;0;0;0;0;386.9;411.41;50.71;0.05;795.77;798.57;0.15;0;0.59
2001;4;11;9.29;9.08;-7.5;-7.5;0;0;0;0;386.9;411.41;50.58;0.05;805.05;807.65;0.15;0;0.54
2001;4;12;1.98;1.81;-7.3;-7.3;0;0;0;0;386.9;411.41;50.45;0.05;807.04;809.46;0.15;0;0.51
2001;4;13;1.38;1.29;-12;-12;0;0;0;0;386.9;411.41;50.33;0.05;808.42;810.75;0.15;0;0.5
2001;4;14;1.28;1.23;-16.5;-16.5;0;0;0;0;386.9;411.41;50.2;0.05;809.7;811.98;0.15;0;0.47
2001;4;15;8.14;7.92;-11;-11;0;0;0;0;386.9;411.41;50.07;0.05;817.84;819.9;0.15;0;0.47
2001;4;16;6.23;6.09;-10.2;-10.2;0;0;0;0;386.9;411.41;49.94;0.05;824.08;825.99;0.15;0;0.47
2001;4;17;0.55;0.51;-10.8;-10.8;0;0;0;0;386.9;411.41;49.81;0.05;824.63;826.5;0.15;0;0.47
2001;4;18;0.92;0.94;-10.4;-10.4;0;0;0;0;386.9;411.41;49.69;0.05;825.55;827.44;0.15;0;0.47
2001;4;19;7.06;7.16;-9.6;-9.5;0;0;0;0;386.9;411.41;49.56;0.05;832.61;834.6;0.15;0;0.47
2001;4;20;16.25;16.3;-10;-9.9;0;0;0;0;386.9;411.41;49.43;0.05;848.86;850.9;0.15;0;0.47
2001;4;21;7.1;6.94;-10.9;-10.9;0;0;0;0;386.9;411.41;49.3;0.05;855.96;857.84;0.15;0;0.47
2001;4;22;4.8;4.7;-10.1;-10.1;0;0;0;0;386.9;411.41;49.18;0.05;860.75;862.54;0.15;0;0.47
2001;4;23;0.14;0.12;-9.4;-9.4;0;0;0;0;386.9;411.41;49.05;0.05;860.89;862.66;0.15;0;0.47
2001;4;24;0.01;0.01;-5.2;-5.2;0;0;0;0;386.9;411.41;48.93;0.05;860.9;862.67;0.15;0;0.51
2001;4;25;7.79;7.75;-2.3;-2.3;0;0;0;0;386.9;411.41;48.8;0.05;868.68;870.42;0.15;0;0.72
2001;4;26;4.04;4.1;-5.7;-5.7;0;0;0;0;386.9;411.41;48.68;0.05;872.72;874.52;0.15;0;1.06
2001;4;27;0.26;0.28;-5.2;-5.2;0;0;0;0;386.9;411.41;48.55;0.05;872.98;874.8;0.14;0;0.83
2001;4;28;0;0;-4.4;-4.4;0;0;0;0;386.9;411.41;48.43;0.05;872.98;874.8;0.14;0;0.89
2001;4;29;0.24;0.25;-2;-2;0;0;0;0;386.9;411.41;48.3;0.05;873.22;875.05;0.14;0;1.07
2001;4;30;0.52;0.53;-1.4;-1.4;0;0;0;0;386.9;411.41;48.18;0.05;873.74;875.58;0.14;0;1.2
2001;5;1;0;0;-0.6;-0.6;0;0;0;0;386.9;411.41;48.06;0.05;873.73;875.58;0.14;0;1.86
2001;5;2;0;0;0.1;0.1;0.4;0.45;0.06;0.07;386.9;411.41;47.94;0.05;873.67;875.51;0.14;0;2.27
2001;5;3;0.58;0.6;-1;-1;0;0;0;0;386.9;411.41;47.81;0.05;874.26;876.11;0.14;0;2.51
2001;5;4;0.65;0.65;-1.5;-1.5;0;0;0;0;386.9;411.41;47.69;0.05;874.9;876.76;0.14;0;2.78
2001;5;5;3.64;3.53;-1.5;-1.5;0;0;0;0;386.9;411.41;47.57;0.05;878.54;880.29;0.14;0;3.07
2001;5;6;2.25;2.23;-1.9;-1.9;0;0;0;0;386.9;411.41;47.45;0.05;880.8;882.52;0.14;0;2.98
2001;5;7;0.28;0.27;-1.4;-1.4;0;0;0;0;386.9;411.41;47.33;0.05;881.08;882.79;0.14;0;3.29
2001;5;8;1.53;1.58;-0.4;-0.4;0;0;0;0;386.9;411.41;47.2;0.05;882.61;884.37;0.14;0;3.73
2001;5;9;3.31;3.4;-0.6;-0.6;0;0;0;0;386.9;411.41;47.08;0.05;885.92;887.77;0.14;0;3.98
2001;5;10;4.23;4.32;-1.6;-1.6;0;0;0;0;386.9;411.41;46.96;0.05;890.14;892.09;0.14;0;4.16
2001;5;11;0.3;0.33;-1.5;-1.5;0;0;0;0;386.9;411.41;46.84;0.05;890.45;892.42;0.14;0;4.09
2001;5;12;0;0;-1.2;-1.2;0;0;0;0;386.9;411.41;46.72;0.05;890.45;892.42;0.14;0;4.15
2001;5;13;0.02;0.02;0.1;0.2;0.56;0.63;0.08;0.1;386.9;411.41;46.6;0.05;890.38;892.34;0.14;0;4.43
2001;5;14;1.81;1.88;-0.4;-0.4;0;0;0;0;386.9;411.41;46.48;0.05;892.19;894.22;0.14;0;4.54
2001;5;15;3.28;3.41;-0.6;-0.6;0;0;0;0;386.9;411.41;46.37;0.05;895.47;897.63;0.14;0;4.22
2001;5;16;0.21;0.23;-0.4;-0.4;0;0;0;0;386.9;411.41;46.25;0.05;895.68;897.86;0.14;0;3.89
2001;5;17;2.5;2.59;1;1;1.38;1.36;0.19;0.18;386.91;411.42;46.13;0.05;897.95;900.23;0.14;0;4.32
2001;5;18;6.9;6.91;-1.1;-1.1;0;0;0;0;386.91;411.42;46.01;0.05;904.85;907.14;0.14;0;4.94
2001;5;19;0;0;-1.4;-1.4;0;0;0;0;386.91;411.42;45.89;0.05;904.85;907.14;0.14;0;4.23
2001;5;20;0.47;0.47;1;1;1.35;1.36;0.21;0.2;387.04;411.57;45.77;0.05;904.64;906.88;0.14;0;4.1
2001;5;21;0.93;0.93;1.1;1.1;1.43;1.42;0.21;0.21;385.54;410.29;48.37;3.12;904.37;906.48;0.37;0.23;3.8
2001;5;22;4.2;4.18;2.2;2.2;1.97;1.98;0.23;0.23;385;410.09;50.57;5.72;904.04;905.57;1.69;1.51;4.04
2001;5;23;6.58;6.47;3.3;3.3;2.4;2.4;0.23;0.23;386.36;412.03;52.6;8.12;899.56;899.57;3.97;3.74;5.69
2001;5;24;12.28;12.21;2.8;2.8;2.21;2.22;0.09;0.09;389.01;414.14;54.66;10.51;898.29;898.48;5.92;5.61;7.14
2001;5;25;4.43;4.38;1.3;1.3;1.54;1.54;0.18;0.18;388.9;413.95;56.76;12.92;897.3;897.53;5.58;5.17;6.9
2001;5;26;0;0;2.4;2.5;2.08;2.1;0.33;0.32;390.55;415.34;58.84;15.26;886.04;886.28;5.58;5.1;5.62
2001;5;27;0;0;3.9;4;2.62;2.63;0.41;0.4;394.66;418.8;60.98;17.64;866.7;867.11;7.68;7.13;7.12
2001;5;28;0.28;0.29;5.7;5.8;3.13;3.15;0.4;0.38;399.96;422.79;63.37;20.24;843.66;845.22;10.17;9.46;8.99
2001;5;29;0.17;0.17;6.4;6.5;3.31;3.32;0.43;0.4;406.55;427.94;66.16;23.21;814.44;817.16;12.91;11.97;11.26
2001;5;30;0.99;0.98;5.9;6;3.18;3.2;0.39;0.37;413.28;433.61;69.46;26.68;782.2;785.29;16;14.84;13.85
2001;5;31;3.27;3.19;3;3;2.29;2.3;0.24;0.23;415.51;435.27;73.15;30.51;768.31;771.95;15.3;14.02;15.05
2001;6;1;1.56;1.46;-2.4;-2.3;0;0;0;0;413.53;433.58;76.74;34.16;769.87;773.41;10.17;8.99;10.23
2001;6;2;9.69;9.75;-2;-2;0;0;0;0;411.56;431.89;79.77;37.18;779.56;783.16;6.06;5.13;6.45
2001;6;3;12.57;12.34;-5.4;-5.4;0;0;0;0;411.56;431.89;77.54;34.79;792.13;795.5;4.11;3.4;4.47
2001;6;4;0.22;0.2;-5;-5;0;0;0;0;411.56;431.89;75.45;32.56;792.35;795.7;3.25;2.71;3.56
2001;6;5;0;0;-1.2;-1.1;0;0;0;0;411.56;431.89;73.48;30.47;792.35;795.7;2.93;2.5;3.46
2001;6;6;10.26;10.27;-2;-1.9;0;0;0;0;411.56;431.89;71.64;28.51;802.6;805.97;2.74;2.36;3.48
2001;6;7;0.15;0.16;0.3;0.4;0.79;0.89;0.12;0.14;411.63;431.97;69.9;26.68;802.31;805.63;2.58;2.22;3.41
2001;6;8;7.92;7.97;1.9;2;1.89;1.92;0.13;0.12;412.19;432.6;68.27;24.97;807.48;810.5;2.58;2.23;4.27
2001;6;9;15.79;15.78;3.2;3.2;2.4;2.4;0.02;0.02;414.73;434.99;71.49;28.3;804.21;806.78;6.48;6.06;6.57
2001;6;10;41.74;42.17;1.9;2;1.9;1.92;0;0;415.9;436.35;74.47;31.37;831.6;833.72;9.81;9.24;8.71
2001;6;11;9.3;9.4;-3.8;-3.8;0;0;0;0;415.9;436.35;72.57;29.36;840.9;843.12;7.4;6.79;7.21
2001;6;12;0;0;-2.3;-2.3;0;0;0;0;415.9;436.35;70.79;27.47;840.9;843.12;4.05;3.55;5.38
2001;6;13;6.74;6.76;0.8;0.8;1.2;1.24;0.09;0.09;416.04;436.51;69.12;25.71;846.81;848.96;2.86;2.47;4.59
2001;6;14;6.45;6.46;0.6;0.6;1.05;1.08;0.08;0.08;416.17;436.65;67.54;24.06;852.51;854.58;2.57;2.23;4.6
2001;6;15;1.34;1.36;3.1;3.1;2.37;2.37;0.28;0.27;416.78;437.16;71.11;27.82;842.23;844.33;4.85;4.46;5.38
2001;6;16;23.03;22.9;3.3;3.3;2.44;2.44;0;0;422.47;441.35;74.37;31.23;833.16;836.62;11.23;10.54;9.88
2001;6;17;10.93;10.94;-0.1;-0.1;0;0;0;0;420.44;439.63;77.57;34.52;844.09;847.56;10.75;9.78;9.15
2001;6;18;8.63;8.33;-1.2;-1.2;0;0;0;0;418.43;437.93;80.37;37.35;852.72;855.89;6.49;5.59;5.98
2001;6;19;3.28;3.12;-1.7;-1.6;0;0;0;0;418.43;437.93;78.13;34.95;856;859.01;4.19;3.5;4.93
2001;6;20;0;0;1;1;1.36;1.38;0.18;0.17;417.28;436.62;80.11;37.33;853.97;856.75;3.88;3.37;4.79
2001;6;21;0.02;0.02;2.6;2.7;2.19;2.22;0.22;0.2;417.41;436.7;82.03;39.17;844.51;847.42;5.67;5.18;5.16
2001;6;22;0.33;0.28;2.8;2.8;2.24;2.26;0.23;0.2;417.76;436.83;83.7;40.74;834.74;838.11;7.45;6.83;5.98
2001;6;23;0.01;0.01;3.4;3.4;2.46;2.48;0.25;0.23;418.63;437.3;85.29;42.2;822.54;826.68;8.63;7.84;7.12
2001;6;24;0;0;4.6;4.7;2.87;2.89;0.3;0.27;420.77;438.77;86.91;43.69;804.71;809.89;10.42;9.44;8.28
2001;6;25;0;0;6.2;6.3;3.3;3.32;0.34;0.31;424.32;441.4;88.77;45.38;779.87;786.33;13.27;12.08;10.43
2001;6;26;0.06;0.06;7.7;7.8;3.67;3.68;0.38;0.34;429.25;444.98;91.08;47.49;747.64;756.1;16.88;15.39;12.55
2001;6;27;1.98;2.06;7.6;7.6;3.63;3.64;0.33;0.29;434.07;448.51;93.98;50.17;715.05;725.71;20.06;18.21;14.61
2001;6;28;13.66;13.69;4.9;5;2.96;2.98;0.06;0.05;438.41;451.94;97.53;53.43;693.01;704.96;22.51;20.35;22.45
2001;6;29;0.82;0.81;5.4;5.5;3.09;3.12;0.3;0.27;440.41;453.41;101.55;57.11;668.91;682.07;21.96;19.68;20.54
2001;6;30;4.32;4.26;5.6;5.7;3.15;3.17;0.24;0.22;443.07;455.37;105.78;60.93;643.31;657.92;21.49;19.18;20
2001;7;1;1.14;1.05;2.8;2.8;2.27;2.27;0.22;0.2;442.87;455.07;109.96;64.63;631.47;646.92;18.9;16.65;17.23
2001;7;2;0.03;0.03;4.1;4.2;2.75;2.76;0.21;0.17;442.9;454.77;113.76;67.87;617.93;635.08;15.74;13.63;14.63
2001;7;3;0.15;0.16;5.6;5.7;3.18;3.19;0.24;0.19;443.75;455.03;117.11;70.57;599.51;619.08;15.46;13.39;17.12
2001;7;4;2.51;2.61;4.9;5;2.99;3;0.2;0.16;444.54;455.37;120.15;72.89;583.12;604.84;16.39;14.21;17.22
2001;7;5;1.64;1.63;6.8;6.8;3.47;3.47;0.24;0.19;446.21;456.2;123.03;74.99;560.38;585.35;17.93;15.55;17.82
2001;7;6;1.01;1.04;8.7;8.8;3.91;3.93;0.28;0.23;448.57;457.6;125.98;77.06;531.25;560.01;20.47;17.76;23.75
2001;7;7;8.32;8.37;5.1;5.1;3.02;3.03;0.12;0.09;449.92;458.52;129.12;79.24;513.92;545.09;21.88;18.88;29.71
2001;7;8;8.7;8.57;3.6;3.7;2.58;2.6;0.09;0.08;450.32;458.76;132.33;81.43;502.85;535.6;20.98;17.96;18.45
2001;7;9;3.5;3.42;4.2;4.3;2.77;2.79;0.16;0.14;450.39;458.68;135.43;83.44;489.04;523.61;19.25;16.4;15.2
2001;7;10;2.69;2.83;4.8;4.8;2.94;2.94;0.19;0.15;450.67;458.72;138.29;85.18;473.06;510.03;18.44;15.71;15.22
2001;7;11;6.82;6.99;5.5;5.5;3.14;3.14;0.15;0.11;451.79;459.47;141.01;86.73;454.51;494.25;19.75;16.97;17.41
2001;7;12;0.81;0.85;6.2;6.2;3.32;3.32;0.23;0.19;452.38;459.69;143.7;88.22;433.68;476.45;20.53;17.58;19.63
2001;7;13;11.62;11.69;5.6;5.6;3.16;3.17;0.07;0.06;453.8;460.93;146.46;89.74;415.5;460.07;22.34;19.26;21.56
2001;7;14;0.63;0.65;6.4;6.4;3.39;3.38;0.22;0.2;454.04;461.11;149.32;91.34;395.1;441.49;22.58;19.49;20.98
2001;7;15;14.56;14.86;6.1;6.1;3.31;3.3;0.03;0.02;455.55;462.69;152.32;93.07;376.45;423.44;24.3;21.28;23.81
2001;7;16;16.75;16.71;4;4;2.69;2.7;0;0;456.27;463.66;155.53;95.05;364.89;411.53;26.05;23.16;32.16
2001;7;17;4.85;4.82;2.1;2.1;1.97;1.98;0.08;0.09;454.61;462.45;158.65;96.99;363.34;409.89;21.45;18.86;19.88
2001;7;18;8.25;8.25;3.2;3.2;2.43;2.42;0.07;0.08;453.68;461.88;161.27;98.45;359;405.46;17.48;15.3;15.72
2001;7;19;13.59;13.44;3.2;3.2;2.42;2.42;0.03;0.03;453.31;461.73;163.35;99.43;355.78;402.33;17.62;15.66;12.16
2001;7;20;20.42;20.1;-0.8;-0.8;0;0;0;0;451.01;459.94;164.91;99.92;376.19;422.43;14.89;13.09;9.44
2001;7;21;0.76;0.72;1.7;1.8;1.81;1.84;0.18;0.16;449.44;458.8;165.82;99.78;370.86;416.92;12.47;10.9;7.42
2001;7;22;0.16;0.16;5.4;5.4;3.1;3.11;0.1;0.1;448.94;458.36;166.21;99.17;357.93;404.94;13.49;12.01;8.26
2001;7;23;1.1;1.08;6;6;3.27;3.27;0.08;0.09;447.6;457.5;166.32;98.33;351.3;397.74;14;12.49;10.35
2001;7;24;4.88;5;5.6;5.6;3.17;3.17;0.12;0.07;446.64;457.12;166.25;97.36;345.06;390.67;14.92;12.67;12.7
2001;7;25;2;2.04;6;6;3.27;3.27;0.23;0.09;445.31;456.5;166.05;96.32;338.16;382.86;15.86;12.82;15.63
2001;7;26;0.75;0.78;6.8;6.8;3.47;3.47;0.26;0.1;443.97;455.9;165.72;95.23;330.15;373.79;15.71;12.48;15.55
2001;7;27;4.4;4.43;6.6;6.6;3.43;3.42;0.2;0.08;443.23;455.76;165.34;94.15;322.17;364.76;16.33;12.99;17.87
2001;7;28;3.31;3.41;6.6;6.6;3.43;3.42;0.22;0.08;442.33;455.53;164.95;93.15;314.07;355.59;16.83;13.47;18.61
2001;7;29;6.92;7.12;6.8;6.8;3.47;3.47;0.17;0.06;442.05;455.83;164.64;92.29;305.58;345.98;17.72;14.32;20.92
2001;7;30;0.01;0.01;7.3;7.3;3.59;3.59;0.27;0.11;440.81;455.31;164.41;91.56;296.46;335.64;17.37;13.88;21.74
2001;7;31;0.23;0.21;10.1;10.1;4.2;4.2;0.3;0.13;440.06;455.35;164.2;90.91;283.75;321.26;17.59;13.59;21.28
2001;8;1;0.08;0.09;10.1;10.1;3.85;3.85;0.28;0.12;439.32;455.38;164.02;90.34;270.97;306.79;18.56;14.09;22.42
2001;8;2;1.87;1.96;10.3;10.3;3.9;3.89;0.26;0.1;438.9;455.69;163.93;89.91;257.85;291.94;19.35;14.74;25.33
2001;8;3;7.11;7.25;9.2;9.2;3.69;3.68;0.16;0.06;439.18;456.46;163.99;89.69;246;278.52;20.67;16.1;26.84
2001;8;4;22.59;22.75;7.5;7.5;3.34;3.34;0;0;441.64;458.78;164.43;89.91;236.09;267.3;24.11;19.92;27.68
2001;8;5;3.87;3.82;4.3;4.3;2.56;2.56;0.14;0.06;440.59;458.12;165.23;90.53;230.53;261;21.9;18.54;25.08
2001;8;6;2.75;2.79;3.9;3.9;2.44;2.44;0.14;0.06;439.32;457.29;165.99;91.08;225.53;255.34;16.91;14.3;16.21
2001;8;7;1.95;2.03;5.2;5.2;2.81;2.81;0.18;0.08;438.14;456.63;166.44;91.32;218.84;247.76;15.15;12.57;18.18
2001;8;8;6.7;6.6;6.4;6.4;3.1;3.1;0.12;0.06;438;456.77;166.67;91.32;210.54;238.37;16.45;13.49;16.19
2001;8;9;6.63;6.84;6;6;3.01;3;0.14;0.06;437.69;456.85;166.85;91.26;202.75;229.56;17.89;14.72;17.91
2001;8;10;13.66;13.65;3.3;3.3;2.26;2.26;0.03;0.01;437.85;456.88;167.04;91.23;201.38;228;17.85;15.1;29.03
2001;8;11;0.35;0.3;0.8;0.8;1.15;1.15;0.05;0.04;435.85;455.21;167.1;91.06;200.84;227.38;13.93;12.25;13.96
2001;8;12;0;0;5.6;5.6;2.91;2.91;0.14;0.09;434.41;454.25;166.85;90.54;195.06;220.85;11.88;10;11.9
2001;8;13;0;0;7.2;7.2;3.27;3.28;0.22;0.1;433.19;453.61;166.32;89.72;187.26;212.02;13.37;10.44;12.83
2001;8;14;3.9;3.93;9;9;3.65;3.65;0.19;0.09;432.99;453.86;165.7;88.83;177.1;200.51;15.83;12.23;16.38
2001;8;15;0.27;0.27;9.4;9.4;3.72;3.72;0.24;0.11;432.23;453.72;165.16;88.04;166.23;188.2;17.29;13.21;19.85
2001;8;16;1.53;1.41;8.6;8.6;3.56;3.57;0.2;0.1;431.69;453.64;164.7;87.37;156.03;176.66;17.29;13.24;20.06
2001;8;17;8.84;8.74;7.8;7.8;3.41;3.4;0.1;0.05;432.38;454.43;164.38;86.87;146.53;165.9;18.36;14.53;20.33
2001;8;18;3.76;3.82;6.6;6.6;3.15;3.14;0.16;0.08;431.89;454.32;164.25;86.57;138.42;156.72;18.22;14.67;20.42
2001;8;19;3.75;3.65;6.6;6.6;3.14;3.14;0.15;0.08;431.48;454.2;164.19;86.38;130.23;147.45;17.09;13.8;17.64
2001;8;20;11.57;11.5;4.8;4.8;2.69;2.7;0.05;0.03;432.2;454.8;164.22;86.26;124.17;140.58;17.47;14.55;14.99
2001;8;21;1.47;1.46;4.4;4.4;2.59;2.59;0.15;0.07;431.02;454.01;164.28;86.19;118.63;134.31;16.03;13.48;14.24
2001;8;22;0.56;0.56;5.6;5.6;2.9;2.91;0.18;0.09;429.9;453.34;164.23;85.99;111.56;126.31;14.32;11.72;14.28
2001;8;23;0.79;0.81;6.8;6.8;3.19;3.19;0.19;0.09;429.03;452.96;164.02;85.63;102.95;116.56;14.44;11.5;16.94
2001;8;24;0.02;0.02;7.7;7.7;3.38;3.38;0.21;0.1;428.2;452.67;163.72;85.17;93.19;105.5;15.11;11.82;17.86
2001;8;25;0.04;0.05;8.9;8.9;3.63;3.63;0.22;0.11;427.6;452.63;163.38;84.69;81.88;92.71;15.98;12.31;17.01
2001;8;26;1.26;1.29;8.7;8.7;3.59;3.59;0.2;0.1;427.2;452.72;163.07;84.27;70.8;80.16;16.82;12.94;18.44
2001;8;27;0.88;0.95;8.1;8.1;3.46;3.47;0.2;0.1;426.62;452.65;162.82;83.92;60.47;68.46;16.81;13.07;19.51
2001;8;28;0;0;7.8;7.9;3.42;3.43;0.2;0.1;425.88;452.42;162.59;83.61;50.39;57.05;16.2;12.67;19.41
2001;8;29;0.06;0.07;7.7;7.7;3.38;3.38;0.2;0.1;425.14;452.16;162.35;83.3;40.56;45.93;15.7;12.28;16.78
2001;8;30;10.3;10.31;5.6;5.6;2.9;2.91;0.06;0.03;426.06;452.93;162.16;83.05;33.32;37.72;16.67;13.6;13.5
2001;8;31;25.01;24.93;2.6;2.6;2.01;2.01;0;0;427.99;453.65;162.17;83.01;38.99;44.15;17.09;15.22;13.45
2001;9;1;4.29;4.21;-0.1;-0.1;0;0;0;0;426;451.88;162.22;82.99;43.29;48.36;12.97;12.04;8.25
2001;9;2;0.94;0.87;1;1;1.07;1.09;0.08;0.06;424.54;450.46;162;82.65;41.64;46.76;9.51;8.72;5.8
2001;9;3;0.17;0.17;3;3;1.84;1.84;0.05;0.06;423.29;449.3;161.43;81.92;37.78;42.78;8.77;8.06;5.45
2001;9;4;15.64;15.68;0.2;0.2;0.45;0.5;0;0;421.46;447.69;160.58;80.88;52.56;57.49;8.11;7.45;5.3
2001;9;5;10.51;10.16;-2.6;-2.6;0;0;0;0;419.51;445.95;159.46;79.54;63.07;67.65;7.15;6.53;4.8
2001;9;6;1.44;1.33;-2;-2;0;0;0;0;419.51;445.95;154.71;74.42;64.51;68.98;6.09;5.54;4.46
2001;9;7;3.7;3.54;-0.9;-0.9;0;0;0;0;419.51;445.95;150.26;69.64;68.2;72.52;5.36;4.88;3.97
2001;9;8;8.08;7.81;-0.2;-0.2;0;0;0;0;419.51;445.95;146.08;65.17;76.28;80.33;4.95;4.53;3.93
2001;9;9;8.28;8.04;-5.1;-5;0;0;0;0;419.51;445.95;142.15;60.98;84.56;88.37;4.64;4.24;3.96
2001;9;10;1.17;1.09;-7.6;-7.5;0;0;0;0;419.51;445.95;138.47;57.06;85.73;89.46;4.36;3.97;3.26
2001;9;11;0.33;0.3;-5.6;-5.5;0;0;0;0;419.51;445.95;135;53.39;86.06;89.76;4.1;3.71;3.42
2001;9;12;2.04;1.94;-4.1;-4.1;0;0;0;0;419.51;445.95;131.75;49.96;88.09;91.7;3.86;3.48;3.28
2001;9;13;0.04;0.05;-1;-0.9;0;0;0;0;419.51;445.95;128.69;46.75;88.14;91.75;3.63;3.25;2.87
2001;9;14;19.89;19.95;-1.8;-1.7;0;0;0;0;419.51;445.95;125.81;43.75;108.02;111.7;3.42;3.05;2.85
2001;9;15;0.46;0.43;-2.9;-2.9;0;0;0;0;419.51;445.95;123.11;40.94;108.48;112.13;3.21;2.85;2.87
2001;9;16;8.01;7.89;-5.6;-5.5;0;0;0;0;419.51;445.95;120.56;38.31;116.49;120.02;3.03;2.67;2.81
2001;9;17;4.96;4.84;-7;-6.9;0;0;0;0;419.51;445.95;118.17;35.85;121.45;124.86;2.85;2.5;2.71
2001;9;18;0.24;0.25;-5.6;-5.5;0;0;0;0;419.51;445.95;115.91;33.55;121.68;125.11;2.68;2.34;2.66
2001;9;19;0.82;0.86;-5.4;-5.3;0;0;0;0;419.51;445.95;113.79;31.39;122.51;125.97;2.53;2.19;2.57
2001;9;20;0.29;0.29;-2.4;-2.3;0;0;0;0;419.51;445.95;111.79;29.38;122.8;126.26;2.38;2.05;2.56
2001;9;21;0.95;0.98;-1.3;-1.2;0;0;0;0;419.51;445.95;109.9;27.49;123.75;127.24;2.25;1.91;2.52
2001;9;22;1.55;1.61;-1.3;-1.2;0;0;0;0;419.51;445.95;108.13;25.73;125.3;128.85;2.12;1.79;2.44
2001;9;23;9.18;9.38;0.2;0.2;0.52;0.5;0.04;0.03;419.52;445.97;106.45;24.07;134.36;138.1;2;1.68;2.52
2001;9;24;5.58;5.54;1.8;1.8;1.43;1.44;0.15;0.15;420.55;446.91;104.87;22.53;134.25;137.59;2.51;2.19;2.64
2001;9;25;14.52;14.58;-0.4;-0.4;0;0;0;0;420.55;446.91;103.37;21.08;148.77;152.17;2.54;2.22;2.89
2001;9;26;1.52;1.43;-3;-3;0;0;0;0;420.55;446.91;101.96;19.73;150.29;153.6;1.91;1.59;2.75
2001;9;27;0.13;0.12;-1.3;-1.2;0;0;0;0;420.55;446.91;100.63;18.47;150.42;153.72;1.73;1.42;2.63
2001;9;28;0;0;0.6;0.6;0.82;0.85;0.13;0.13;420.68;447.06;99.37;17.28;149.46;152.64;1.66;1.35;2.54
2001;9;29;0.83;0.86;1.2;1.2;1.17;1.19;0.14;0.14;421.12;447.56;98.17;16.18;147.29;150.14;1.94;1.63;2.49
2001;9;30;7.8;7.81;0.4;0.4;0.7;0.7;0.05;0.05;419.85;446.03;100.82;19.42;153.72;156.54;2.52;2.22;2.65
2001;10;1;0.42;0.42;1.6;1.6;1.2;1.21;0.15;0.14;418.97;445.03;103.07;22.08;7.46;7.61;3.48;3.15;2.56
2001;10;2;0.02;0.02;4.9;4.9;2.06;2.06;0.27;0.25;417.12;443.37;104.94;24.3;6.8;6.97;3.61;3.21;2.78
2001;10;3;0.12;0.14;4.9;4.9;2.06;2.06;0;0;416.7;442.89;106.5;26.17;0;0;4.53;4.06;2.88
2001;10;4;7.85;7.91;0.4;0.4;0.59;0.62;0.04;0.04;415.07;441.46;107.86;27.78;6.26;6.18;4.76;4.25;2.96
2001;10;5;0;0;0.7;0.7;0.79;0.81;0.06;0.05;413.58;440.07;108.99;29.12;4.32;4.25;4.21;3.69;2.63
2001;10;6;0.06;0.06;2.8;2.8;1.58;1.58;0.04;0.05;412.61;439.04;109.92;30.22;0.48;0.54;4.38;3.86;2.66
2001;10;7;5.69;5.82;2.9;2.9;1.61;1.6;0.02;0;412.06;438.51;110.72;31.16;0;0;5.65;4.63;3.24
2001;10;8;0.39;0.42;2.1;2.1;1.39;1.38;0.02;0;410.22;436.89;111.42;31.98;0;0;5.36;4.34;3.22
2001;10;9;0.17;0.18;2;2;1.36;1.34;0;0;408.38;435.23;111.94;32.59;0;0;3.94;3.36;2.87
2001;10;10;0.72;0.75;2.3;2.3;1.43;1.44;0;0;406.67;433.69;112.27;32.99;0;0;3.6;3.08;2.73
2001;10;11;0;0;2.8;2.8;1.58;1.58;0.25;0.26;404.56;431.74;112.43;33.18;0;0;5.81;4.92;2.63
2001;10;12;0;0;4.4;4.4;1.96;1.96;0.63;0.65;402.09;429.41;112.42;33.2;0;0;7.58;6.09;2.6
2001;10;13;0;0;5.7;5.7;2.21;2.22;0.71;0.74;399.55;427;112.28;33.06;0;0;9.24;7.29;2.63
2001;10;14;0;0;4.7;4.7;2.02;2.02;0.64;0.67;397.08;424.67;112.03;32.81;0;0;9.1;7.01;2.7
2001;10;15;0;0;2.7;2.7;1.55;1.55;0.47;0.52;394.81;422.51;111.69;32.46;0;0;6.9;5.62;2.67
2001;10;16;0.88;0.9;2.5;2.5;1.5;1.49;0.21;0.24;393.06;420.85;111.29;32.04;0;0;3.77;3.23;2.62
2001;10;17;0.01;0.01;2;2;1.34;1.34;0.02;0;391.26;419.22;110.86;31.58;0;0;3.57;2.78;2.61
2001;10;18;0.06;0.06;1;1;0.96;0.96;0.01;0;389.5;417.6;110.38;31.09;0;0;3.51;2.74;2.49
2001;10;19;0.01;0.01;1.4;1.4;1.13;1.13;0;0;387.75;415.98;109.88;30.56;0;0;3.11;2.63;2.47
2001;10;20;1.58;1.63;2.2;2.2;1.42;1.41;0;0;386.48;414.8;109.37;30.03;0;0;3.28;2.83;2.58
2001;10;21;13.76;13.66;0;0;0.04;0;0;0;384.78;413.19;108.87;29.5;13.7;13.66;3.25;2.8;4.3
2001;10;22;0.63;0.6;-2.6;-2.6;0;0;0;0;383.36;411.59;108.19;28.98;14.33;14.26;3.01;2.58;2.74
2001;10;23;2.35;2.3;-0.8;-0.8;0;0;0;0;383.36;411.59;106.34;27.12;16.68;16.56;2.47;2.1;2.48
2001;10;24;2.46;2.35;-2.6;-2.6;0;0;0;0;383.36;411.59;104.59;25.38;19.14;18.91;2.12;1.79;2.31
2001;10;25;3.31;3.21;-3.9;-3.9;0;0;0;0;383.36;411.59;102.94;23.75;22.45;22.12;1.98;1.65;2.17
2001;10;26;0;0;-2.5;-2.5;0;0;0;0;383.36;411.59;101.38;22.22;22.45;22.12;1.87;1.54;2.08
2001;10;27;0.38;0.39;-1.7;-1.7;0;0;0;0;383.36;411.59;99.91;20.79;22.84;22.51;1.77;1.45;2.04
2001;10;28;0.01;0.01;-1.2;-1.1;0;0;0;0;383.36;411.59;98.52;19.45;22.85;22.52;1.67;1.35;2.02
2001;10;29;0;0;-0.6;-0.5;0;0;0;0;383.36;411.59;97.21;18.2;22.85;22.52;1.58;1.27;2.04
2001;10;30;0;0;1.2;1.2;1.03;1.05;0.13;0.13;384.84;412.97;95.97;17.04;18;17.49;1.79;1.48;2.06
2001;10;31;0.69;0.62;1.5;1.5;1.16;1.17;0.08;0.07;385.12;412.72;96.33;17.68;13.57;13.17;2.96;2.64;2.03
2001;11;1;0.85;0.82;-4.7;-4.7;0;0;0;0;385.12;412.72;95.12;16.54;14.42;13.99;2.53;2.22;1.93
2001;11;2;0;0;-2.5;-2.5;0;0;0;0;385.12;412.72;93.97;15.48;14.42;13.99;1.56;1.25;1.78
2001;11;3;0;0;0.2;0.2;0.36;0.37;0.03;0.02;385.18;412.79;92.89;14.49;14.18;13.72;1.32;1.01;1.74
2001;11;4;0;0;1;1;0.79;0.8;0.06;0.05;386.01;413.34;91.86;13.56;11.86;11.72;1.27;0.96;1.72
2001;11;5;0.01;0.01;-1.9;-1.9;0;0;0;0;386.01;413.34;90.89;12.69;11.87;11.73;1.2;0.9;1.66
2001;11;6;1.48;1.49;-3.2;-3.2;0;0;0;0;386.01;413.34;89.97;11.87;13.35;13.22;1.13;0.83;1.63
2001;11;7;4.21;4;-4.8;-4.8;0;0;0;0;386.01;413.34;89.09;11.11;17.57;17.22;1.07;0.77;1.61
2001;11;8;6.55;6.39;-5;-5;0;0;0;0;386.01;413.34;88.26;10.4;24.12;23.61;1.02;0.72;1.61
2001;11;9;7.11;7.08;-14.2;-14.1;0;0;0;0;386.01;413.34;87.47;9.73;31.23;30.69;0.97;0.68;1.59
2001;11;10;0.08;0.07;-14.2;-14.2;0;0;0;0;386.01;413.34;86.72;9.11;31.3;30.76;0.93;0.63;1.57
2001;11;11;0.2;0.21;-5.9;-5.9;0;0;0;0;386.01;413.34;86;8.53;31.51;30.97;0.88;0.59;1.56
2001;11;12;10.42;10.37;-3.7;-3.7;0;0;0;0;386.01;413.34;85.32;7.98;41.93;41.34;0.84;0.55;1.55
2001;11;13;2.15;2.05;-7.6;-7.6;0;0;0;0;386.01;413.34;84.67;7.47;44.08;43.39;0.8;0.52;1.53
2001;11;14;0.79;0.75;-11.6;-11.6;0;0;0;0;386.01;413.34;84.04;6.99;44.87;44.14;0.77;0.49;1.52
2001;11;15;0;0;-11.9;-11.8;0;0;0;0;386.01;413.34;83.45;6.54;44.87;44.14;0.73;0.45;1.51
2001;11;16;0;0;-7;-6.9;0;0;0;0;386.01;413.34;82.88;6.12;44.87;44.14;0.7;0.43;1.5
2001;11;17;0;0;-5.7;-5.6;0;0;0;0;386.01;413.34;82.34;5.73;44.87;44.14;0.67;0.4;1.48
2001;11;18;0;0;-9.1;-9;0;0;0;0;386.01;413.34;81.81;5.37;44.87;44.14;0.64;0.37;1.47
2001;11;19;0.03;0.03;-10;-9.9;0;0;0;0;386.01;413.34;81.31;5.02;44.9;44.17;0.61;0.35;1.46
2001;11;20;0;0;-12.8;-12.7;0;0;0;0;386.01;413.34;80.83;4.7;44.9;44.17;0.59;0.33;1.44
2001;11;21;0;0;-11;-10.9;0;0;0;0;386.01;413.34;80.37;4.4;44.9;44.17;0.57;0.31;1.43
2001;11;22;6.76;6.67;-10.8;-10.7;0;0;0;0;386.01;413.34;79.93;4.12;51.66;50.84;0.54;0.29;1.42
2001;11;23;7.88;7.8;-18.2;-18.2;0;0;0;0;386.01;413.34;79.5;3.86;59.54;58.64;0.52;0.27;1.4
2001;11;24;1.7;1.62;-16.8;-16.8;0;0;0;0;386.01;413.34;79.09;3.61;61.24;60.26;0.5;0.25;1.39
2001;11;25;6.37;6.12;-10.1;-10.1;0;0;0;0;386.01;413.34;78.69;3.38;67.61;66.38;0.49;0.24;1.38
2001;11;26;2.44;2.36;-8;-8;0;0;0;0;386.01;413.34;78.31;3.17;70.05;68.74;0.47;0.22;1.37
2001;11;27;4.49;4.48;-10.4;-10.4;0;0;0;0;386.01;413.34;77.94;2.97;74.53;73.22;0.45;0.21;1.35
2001;11;28;1.67;1.59;-12.2;-12.2;0;0;0;0;386.01;413.34;77.58;2.78;76.2;74.81;0.44;0.19;1.34
2001;11;29;1.54;1.51;-12.7;-12.7;0;0;0;0;386.01;413.34;77.23;2.6;77.74;76.32;0.42;0.18;1.33
2001;11;30;11.25;10.97;-7;-7;0;0;0;0;386.01;413.34;76.89;2.44;88.99;87.29;0.41;0.17;1.32
2001;12;1;6.6;6.44;-3.2;-3.2;0;0;0;0;386.01;413.34;76.57;2.28;95.59;93.73;0.4;0.16;1.3
2001;12;2;2.27;2.25;-3.3;-3.3;0;0;0;0;386.01;413.34;76.25;2.14;97.86;95.98;0.39;0.15;1.29
2001;12;3;0.11;0.11;-8.3;-8.3;0;0;0;0;386.01;413.34;75.94;2;97.97;96.09;0.38;0.14;1.28
2001;12;4;0.99;0.96;-9.9;-9.9;0;0;0;0;386.01;413.34;75.64;1.88;98.95;97.05;0.37;0.13;1.26
2001;12;5;4.9;4.79;-7.6;-7.6;0;0;0;0;386.01;413.34;75.34;1.76;103.86;101.84;0.36;0.12;1.25
2001;12;6;8.41;8.17;-9.2;-9.2;0;0;0;0;386.01;413.34;75.06;1.65;112.27;110.01;0.35;0.11;1.24
2001;12;7;0.56;0.52;-12.2;-12.2;0;0;0;0;386.01;413.34;74.78;1.54;112.83;110.53;0.34;0.11;1.23
2001;12;8;0;0;-17.1;-17.1;0;0;0;0;386.01;413.34;74.5;1.45;112.83;110.53;0.33;0.1;1.21
2001;12;9;0;0;-16.3;-16.3;0;0;0;0;386.01;413.34;74.23;1.36;112.83;110.53;0.32;0.09;1.2
2001;12;10;0;0;-18.9;-18.8;0;0;0;0;386.01;413.34;73.97;1.27;112.83;110.53;0.32;0.09;1.19
2001;12;11;2.23;2.14;-12.9;-12.9;0;0;0;0;386.01;413.34;73.72;1.19;115.06;112.67;0.31;0.08;1.17
2001;12;12;0.98;0.91;-13;-13;0;0;0;0;386.01;413.34;73.47;1.12;116.04;113.58;0.3;0.08;1.16
2001;12;13;2.95;2.85;-19.9;-19.9;0;0;0;0;386.01;413.34;73.22;1.05;118.99;116.43;0.3;0.07;1.15
2001;12;14;0;0;-23.6;-23.6;0;0;0;0;386.01;413.34;72.98;0.98;118.99;116.43;0.29;0.07;1.13
2001;12;15;0;0;-22;-21.9;0;0;0;0;386.01;413.34;72.74;0.92;118.99;116.43;0.28;0.06;1.12
2001;12;16;0;0;-20.1;-20.1;0;0;0;0;386.01;413.34;72.5;0.86;118.99;116.43;0.28;0.06;1.11
2001;12;17;0.13;0.12;-20.4;-20.3;0;0;0;0;386.01;413.34;72.27;0.81;119.11;116.55;0.28;0.06;1.1
2001;12;18;0;0;-20.1;-20.1;0;0;0;0;386.01;413.34;72.05;0.76;119.11;116.55;0.27;0.05;1.08
2001;12;19;0;0;-18.5;-18.5;0;0;0;0;386.01;413.34;71.82;0.72;119.11;116.55;0.27;0.05;1.07
2001;12;20;0.16;0.15;-20.2;-20.2;0;0;0;0;386.01;413.34;71.6;0.67;119.28;116.69;0.26;0.05;1.06
2001;12;21;0.09;0.09;-22.6;-22.6;0;0;0;0;386.01;413.34;71.38;0.63;119.37;116.78;0.26;0.04;1.04
2001;12;22;1.79;1.7;-18.4;-18.4;0;0;0;0;386.01;413.34;71.17;0.59;121.16;118.48;0.25;0.04;1.03
2001;12;23;0.87;0.82;-22.6;-22.6;0;0;0;0;386.01;413.34;70.95;0.56;122.03;119.31;0.25;0.04;1.02
2001;12;24;0.02;0.02;-25.8;-25.8;0;0;0;0;386.01;413.34;70.75;0.52;122.06;119.33;0.25;0.04;1.01
2001;12;25;0.19;0.18;-17.7;-17.6;0;0;0;0;386.01;413.34;70.54;0.49;122.24;119.5;0.25;0.03;0.99
2001;12;26;3.21;3.13;-18.5;-18.4;0;0;0;0;386.01;413.34;70.33;0.46;125.46;122.64;0.24;0.03;0.98
2001;12;27;0.55;0.52;-22.2;-22.2;0;0;0;0;386.01;413.34;70.13;0.44;126.01;123.16;0.24;0.03;0.97
2001;12;28;4.09;3.98;-14.9;-14.9;0;0;0;0;386.01;413.34;69.93;0.41;130.09;127.14;0.24;0.03;0.95
2001;12;29;11.03;10.74;-11.1;-11.1;0;0;0;0;386.01;413.34;69.73;0.39;141.12;137.88;0.23;0.03;0.94
2001;12;30;4.27;4.13;-14.9;-14.9;0;0;0;0;386.01;413.34;69.53;0.36;145.39;142;0.23;0.03;0.93
2001;12;31;0.87;0.83;-22.8;-22.8;0;0;0;0;386.01;413.34;69.34;0.34;146.26;142.84;0.23;0.02;0.92
2002;1;1;0.01;0.01;-24.9;-24.9;0;0;0;0;386.01;413.34;69.14;0.32;146.27;142.84;0.23;0.02;0.9
2002;1;2;0;0;-19;-19;0;0;0;0;386.01;413.34;68.95;0.3;146.27;142.84;0.23;0.02;0.89
2002;1;3;0;0;-18.3;-18.2;0;0;0;0;386.01;413.34;68.76;0.29;146.27;142.84;0.22;0.02;0.88
2002;1;4;0;0;-17.5;-17.4;0;0;0;0;386.01;413.34;68.57;0.27;146.27;142.84;0.22;0.02;0.87
2002;1;5;0;0;-15.2;-15.1;0;0;0;0;386.01;413.34;68.38;0.26;146.27;142.84;0.22;0.02;0.86
2002;1;6;0;0;-13.5;-13.4;0;0;0;0;386.01;413.34;68.19;0.24;146.27;142.84;0.22;0.02;0.85
2002;1;7;0;0;-14.1;-14;0;0;0;0;386.01;413.34;68.01;0.23;146.27;142.84;0.22;0.02;0.84
2002;1;8;0;0;-13.4;-13.3;0;0;0;0;386.01;413.34;67.82;0.22;146.27;142.84;0.22;0.01;0.83
2002;1;9;0;0;-11.2;-11.1;0;0;0;0;386.01;413.34;67.64;0.2;146.27;142.84;0.21;0.01;0.82
2002;1;10;0;0;-11.3;-11.2;0;0;0;0;386.01;413.34;67.46;0.19;146.27;142.84;0.21;0.01;0.82
2002;1;11;0;0;-13;-12.9;0;0;0;0;386.01;413.34;67.28;0.18;146.27;142.84;0.21;0.01;0.81
2002;1;12;0.09;0.08;-14.9;-14.8;0;0;0;0;386.01;413.34;67.1;0.18;146.36;142.92;0.21;0.01;0.8
2002;1;13;0.09;0.09;-17;-16.9;0;0;0;0;386.01;413.34;66.92;0.17;146.45;143.01;0.21;0.01;0.8
2002;1;14;0.01;0.01;-17.5;-17.4;0;0;0;0;386.01;413.34;66.74;0.16;146.46;143.02;0.21;0.01;0.79
2002;1;15;0.03;0.03;-17.1;-17.1;0;0;0;0;386.01;413.34;66.56;0.15;146.48;143.05;0.21;0.01;0.78
2002;1;16;0.09;0.09;-14.8;-14.8;0;0;0;0;386.01;413.34;66.39;0.14;146.57;143.14;0.21;0.01;0.78
2002;1;17;0;0;-16.6;-16.6;0;0;0;0;386.01;413.34;66.21;0.14;146.57;143.14;0.2;0.01;0.77
2002;1;18;0;0;-15.2;-15.2;0;0;0;0;386.01;413.34;66.03;0.13;146.57;143.14;0.2;0.01;0.76
2002;1;19;0.37;0.36;-12.5;-12.4;0;0;0;0;386.01;413.34;65.86;0.12;146.95;143.5;0.2;0.01;0.76
2002;1;20;0.22;0.21;-11.6;-11.6;0;0;0;0;386.01;413.34;65.69;0.12;147.17;143.71;0.2;0.01;0.75
2002;1;21;1.04;1.01;-8.3;-8.3;0;0;0;0;386.01;413.34;65.52;0.11;148.21;144.72;0.2;0.01;0.74
2002;1;22;0.01;0.01;-11.4;-11.4;0;0;0;0;386.01;413.34;65.34;0.11;148.22;144.73;0.2;0.01;0.74
2002;1;23;0.3;0.31;-11.5;-11.4;0;0;0;0;386.01;413.34;65.17;0.1;148.51;145.04;0.2;0.01;0.73
2002;1;24;4.19;4.25;-8.7;-8.7;0;0;0;0;386.01;413.34;65;0.1;152.7;149.29;0.2;0.01;0.72
2002;1;25;0.48;0.46;-9.1;-9.1;0;0;0;0;386.01;413.34;64.83;0.1;153.19;149.75;0.2;0.01;0.72
2002;1;26;0.36;0.36;-8.5;-8.5;0;0;0;0;386.01;413.34;64.66;0.09;153.55;150.11;0.2;0.01;0.71
2002;1;27;8.2;8.01;-7.4;-7.4;0;0;0;0;386.01;413.34;64.5;0.09;161.75;158.12;0.2;0.01;0.7
2002;1;28;0.03;0.03;-3.9;-3.9;0;0;0;0;386.01;413.34;64.33;0.08;161.78;158.15;0.19;0.01;0.7
2002;1;29;0;0;-8.5;-8.5;0;0;0;0;386.01;413.34;64.16;0.08;161.78;158.15;0.19;0.01;0.69
2002;1;30;0;0;-6.6;-6.5;0;0;0;0;386.01;413.34;63.99;0.08;161.78;158.15;0.19;0.01;0.69
2002;1;31;0.09;0.09;-7.5;-7.4;0;0;0;0;386.01;413.34;63.83;0.08;161.86;158.24;0.19;0.01;0.69
2002;2;1;1.59;1.61;-8.8;-8.8;0;0;0;0;386.01;413.34;63.66;0.07;163.46;159.85;0.19;0.01;0.68
2002;2;2;0;0;-8.7;-8.7;0;0;0;0;386.01;413.34;63.5;0.07;163.46;159.85;0.19;0;0.68
2002;2;3;0;0;-6.3;-6.3;0;0;0;0;386.01;413.34;63.33;0.07;163.46;159.85;0.19;0;0.68
2002;2;4;0;0;-10.1;-10.1;0;0;0;0;386.01;413.34;63.17;0.07;163.46;159.85;0.19;0;0.67
2002;2;5;0.03;0.03;-9.7;-9.7;0;0;0;0;386.01;413.34;63.01;0.06;163.49;159.88;0.19;0;0.67
2002;2;6;12.02;12.1;-9.3;-9.3;0;0;0;0;386.01;413.34;62.84;0.06;175.51;171.98;0.19;0;0.67
2002;2;7;4.05;4.02;-9.4;-9.4;0;0;0;0;386.01;413.34;62.68;0.06;179.56;176;0.19;0;0.67
2002;2;8;1.57;1.51;-10.8;-10.8;0;0;0;0;386.01;413.34;62.52;0.06;181.13;177.51;0.19;0;0.67
2002;2;9;0.46;0.43;-7.4;-7.4;0;0;0;0;386.01;413.34;62.36;0.06;181.59;177.94;0.19;0;0.68
2002;2;10;3.63;3.55;-11.6;-11.6;0;0;0;0;386.01;413.34;62.2;0.06;185.22;181.49;0.19;0;0.68
2002;2;11;0.27;0.26;-8.2;-8.2;0;0;0;0;386.01;413.34;62.04;0.06;185.49;181.75;0.19;0;0.68
2002;2;12;0;0;-7.5;-7.5;0;0;0;0;386.01;413.34;61.88;0.05;185.49;181.75;0.18;0;0.69
2002;2;13;0;0;-8.3;-8.3;0;0;0;0;386.01;413.34;61.72;0.05;185.49;181.75;0.18;0;0.68
2002;2;14;2.98;3.05;-9.4;-9.4;0;0;0;0;386.01;413.34;61.56;0.05;188.47;184.8;0.18;0;0.68
2002;2;15;4.1;4.23;-8.2;-8.2;0;0;0;0;386.01;413.34;61.4;0.05;192.57;189.03;0.18;0;0.68
2002;2;16;4.72;4.85;-9;-9;0;0;0;0;386.01;413.34;61.24;0.05;197.28;193.88;0.18;0;0.69
2002;2;17;0.08;0.08;-11.1;-11.1;0;0;0;0;386.01;413.34;61.09;0.05;197.36;193.96;0.18;0;0.68
2002;2;18;0.47;0.43;-12.6;-12.6;0;0;0;0;386.01;413.34;60.93;0.05;197.83;194.39;0.18;0;0.68
2002;2;19;1.62;1.54;-14.4;-14.4;0;0;0;0;386.01;413.34;60.77;0.05;199.45;195.93;0.18;0;0.68
2002;2;20;4.42;4.28;-12.2;-12.2;0;0;0;0;386.01;413.34;60.62;0.05;203.88;200.21;0.18;0;0.67
2002;2;21;6.46;6.28;-14.8;-14.8;0;0;0;0;386.01;413.34;60.46;0.05;210.34;206.49;0.18;0;0.67
2002;2;22;1.17;1.14;-12.9;-12.9;0;0;0;0;386.01;413.34;60.3;0.05;211.5;207.63;0.18;0;0.68
2002;2;23;3.35;3.24;-10.3;-10.3;0;0;0;0;386.01;413.34;60.15;0.04;214.85;210.87;0.18;0;0.68
2002;2;24;8.97;8.9;-16.1;-16.1;0;0;0;0;386.01;413.34;59.99;0.04;223.82;219.77;0.18;0;0.68
2002;2;25;5.77;5.68;-10.9;-10.9;0;0;0;0;386.01;413.34;59.84;0.04;229.59;225.45;0.18;0;0.68
2002;2;26;0.36;0.35;-8.3;-8.3;0;0;0;0;386.01;413.34;59.69;0.04;229.94;225.8;0.18;0;0.67
2002;2;27;1.5;1.47;-6.3;-6.3;0;0;0;0;386.01;413.34;59.53;0.04;231.45;227.27;0.18;0;0.67
2002;2;28;3.96;3.94;-8.5;-8.5;0;0;0;0;386.01;413.34;59.38;0.04;235.41;231.21;0.18;0;0.67
2002;3;1;2.54;2.64;-10.1;-10.1;0;0;0;0;386.01;413.34;59.23;0.04;237.95;233.85;0.18;0;0.66
2002;3;2;8.67;8.72;-6.9;-6.9;0;0;0;0;386.01;413.34;59.08;0.04;246.62;242.57;0.18;0;0.66
2002;3;3;6.82;6.86;-8.1;-8.1;0;0;0;0;386.01;413.34;58.93;0.04;253.43;249.43;0.17;0;0.66
2002;3;4;0;0;-8.4;-8.4;0;0;0;0;386.01;413.34;58.78;0.04;253.43;249.43;0.17;0;0.66
2002;3;5;0.44;0.44;-6.7;-6.7;0;0;0;0;386.01;413.34;58.62;0.04;253.87;249.87;0.17;0;0.67
2002;3;6;3.98;4.02;-5.8;-5.8;0;0;0;0;386.01;413.34;58.48;0.04;257.85;253.89;0.17;0;0.71
2002;3;7;0.22;0.22;-4.1;-4.1;0;0;0;0;386.01;413.34;58.33;0.04;258.07;254.11;0.17;0;0.72
2002;3;8;0.35;0.34;-4.1;-4.1;0;0;0;0;386.01;413.34;58.17;0.04;258.42;254.45;0.17;0;0.73
2002;3;9;0.2;0.19;-5.3;-5.3;0;0;0;0;386.01;413.34;58.03;0.04;258.62;254.64;0.17;0;0.73
2002;3;10;0.45;0.42;-7.2;-7.2;0;0;0;0;386.01;413.34;57.88;0.04;259.07;255.06;0.17;0;0.74
2002;3;11;0;0;-7.6;-7.6;0;0;0;0;386.01;413.34;57.73;0.04;259.07;255.06;0.17;0;0.74
2002;3;12;0;0;-6.7;-6.7;0;0;0;0;386.01;413.34;57.58;0.04;259.07;255.06;0.17;0;0.74
2002;3;13;0;0;-5.9;-5.9;0;0;0;0;386.01;413.34;57.43;0.04;259.07;255.06;0.17;0;0.75
2002;3;14;1.13;1.16;-6.9;-6.9;0;0;0;0;386.01;413.34;57.29;0.04;260.2;256.22;0.17;0;0.77
2002;3;15;0.19;0.21;-6.2;-6.2;0;0;0;0;386.01;413.34;57.14;0.04;260.39;256.43;0.17;0;0.77
2002;3;16;0;0;-6.7;-6.7;0;0;0;0;386.01;413.34;56.99;0.04;260.39;256.43;0.17;0;0.78
2002;3;17;0.15;0.15;-5;-5;0;0;0;0;386.01;413.34;56.85;0.04;260.54;256.58;0.17;0;0.78
2002;3;18;0;0;-6.6;-6.6;0;0;0;0;386.01;413.34;56.7;0.04;260.54;256.58;0.17;0;0.81
2002;3;19;28.87;28.38;-5.7;-5.7;0;0;0;0;386.01;413.34;56.56;0.04;289.41;284.96;0.17;0;0.97
2002;3;20;6.68;6.48;-3.5;-3.5;0;0;0;0;386.01;413.34;56.41;0.04;296.09;291.44;0.17;0;1.19
2002;3;21;4.51;4.34;-4.2;-4.2;0;0;0;0;386.01;413.34;56.27;0.04;300.6;295.78;0.17;0;1.09
2002;3;22;28.31;28.14;-7.3;-7.3;0;0;0;0;386.01;413.34;56.12;0.04;328.91;323.92;0.17;0;0.89
2002;3;23;7.53;7.33;-13.4;-13.4;0;0;0;0;386.01;413.34;55.98;0.04;336.44;331.25;0.17;0;0.88
2002;3;24;2.79;2.65;-15.9;-15.9;0;0;0;0;386.01;413.34;55.84;0.04;339.23;333.9;0.17;0;0.84
2002;3;25;0.12;0.11;-14.1;-14.1;0;0;0;0;386.01;413.34;55.69;0.04;339.35;334.01;0.16;0;0.8
2002;3;26;0;0;-13.2;-13.2;0;0;0;0;386.01;413.34;55.55;0.04;339.35;334.01;0.16;0;0.79
2002;3;27;0;0;-13.6;-13.6;0;0;0;0;386.01;413.34;55.41;0.04;339.35;334.01;0.16;0;0.77
2002;3;28;0;0;-11;-11;0;0;0;0;386.01;413.34;55.27;0.04;339.35;334.01;0.16;0;0.78
2002;3;29;0;0;-9.5;-9.5;0;0;0;0;386.01;413.34;55.13;0.04;339.35;334.01;0.16;0;0.78
2002;3;30;0;0;-6.6;-6.6;0;0;0;0;386.01;413.34;54.98;0.04;339.35;334.01;0.16;0;0.8
2002;3;31;0.84;0.85;-7.2;-7.2;0;0;0;0;386.01;413.34;54.84;0.04;340.19;334.86;0.16;0;0.83
2002;4;1;0.01;0.01;-7.5;-7.5;0;0;0;0;386.01;413.34;54.7;0.04;340.19;334.87;0.16;0;0.85
2002;4;2;0;0;-6.8;-6.8;0;0;0;0;386.01;413.34;54.56;0.04;340.19;334.87;0.16;0;0.88
2002;4;3;0.06;0.06;-7;-7;0;0;0;0;386.01;413.34;54.42;0.04;340.25;334.93;0.16;0;0.88
2002;4;4;1.76;1.8;-7.1;-7.1;0;0;0;0;386.01;413.34;54.28;0.04;342.01;336.73;0.16;0;0.87
2002;4;5;0.02;0.02;-8.1;-8.1;0;0;0;0;386.01;413.34;54.15;0.04;342.03;336.75;0.16;0;0.88
2002;4;6;0;0;-9.9;-9.9;0;0;0;0;386.01;413.34;54.01;0.04;342.03;336.75;0.16;0;0.85
2002;4;7;0.12;0.13;-7.2;-7.2;0;0;0;0;386.01;413.34;53.87;0.04;342.15;336.88;0.16;0;0.83
2002;4;8;6.21;6.21;-4.8;-4.8;0;0;0;0;386.01;413.34;53.73;0.04;348.36;343.09;0.16;0;0.83
2002;4;9;5.76;5.89;-6.2;-6.2;0;0;0;0;386.01;413.34;53.59;0.04;354.12;348.98;0.16;0;0.81
2002;4;10;1.25;1.28;-7.5;-7.5;0;0;0;0;386.01;413.34;53.46;0.04;355.37;350.26;0.16;0;0.8
2002;4;11;1.92;1.97;-6;-6;0;0;0;0;386.01;413.34;53.32;0.04;357.28;352.23;0.16;0;0.8
2002;4;12;6.34;6.49;-3.8;-3.8;0;0;0;0;386.01;413.34;53.18;0.04;363.62;358.72;0.16;0;0.82
2002;4;13;3.23;3.3;-4.1;-4.1;0;0;0;0;386.01;413.34;53.05;0.04;366.84;362.02;0.16;0;0.87
2002;4;14;6.66;6.51;-6.3;-6.3;0;0;0;0;386.01;413.34;52.91;0.04;373.5;368.53;0.16;0;0.86
2002;4;15;8.4;8.38;-8.2;-8.1;0;0;0;0;386.01;413.34;52.78;0.04;381.9;376.91;0.16;0;0.83
2002;4;16;1.28;1.27;-8.4;-8.4;0;0;0;0;386.01;413.34;52.64;0.04;383.19;378.18;0.16;0;0.83
2002;4;17;0.16;0.16;-7.9;-7.9;0;0;0;0;386.01;413.34;52.51;0.04;383.35;378.34;0.16;0;0.81
2002;4;18;0.02;0.02;-7.2;-7.2;0;0;0;0;386.01;413.34;52.37;0.04;383.37;378.36;0.16;0;0.81
2002;4;19;2.71;2.62;-7;-7;0;0;0;0;386.01;413.34;52.24;0.04;386.08;380.98;0.15;0;0.84
2002;4;20;7.92;7.87;-8.5;-8.5;0;0;0;0;386.01;413.34;52.1;0.04;394.01;388.85;0.15;0;0.84
2002;4;21;0.57;0.58;-5.2;-5.2;0;0;0;0;386.01;413.34;51.97;0.04;394.57;389.43;0.15;0;0.83
2002;4;22;0.47;0.42;-4.5;-4.5;0;0;0;0;386.01;413.34;51.84;0.04;395.04;389.85;0.15;0;0.89
2002;4;23;0.04;0.04;-4.8;-4.8;0;0;0;0;386.01;413.34;51.71;0.04;395.09;389.89;0.15;0;0.95
2002;4;24;12.17;11.81;-4.3;-4.3;0;0;0;0;386.01;413.34;51.57;0.04;407.26;401.7;0.15;0;1.02
2002;4;25;2.91;2.8;-2.9;-2.9;0;0;0;0;386.01;413.34;51.44;0.04;410.17;404.5;0.15;0;1.02
2002;4;26;1.45;1.44;-1.7;-1.7;0;0;0;0;386.01;413.34;51.31;0.04;411.62;405.94;0.15;0;1.21
2002;4;27;5.44;5.38;-5.4;-5.4;0;0;0;0;386.01;413.34;51.18;0.04;417.06;411.32;0.15;0;1.26
2002;4;28;0.38;0.4;-4.5;-4.5;0;0;0;0;386.01;413.34;51.05;0.04;417.44;411.72;0.15;0;1.07
2002;4;29;2.04;2.05;-4.2;-4.2;0;0;0;0;386.01;413.34;50.92;0.04;419.48;413.77;0.15;0;1.07
2002;4;30;0.03;0.03;-1.9;-1.9;0;0;0;0;386.01;413.34;50.79;0.04;419.51;413.8;0.15;0;1.25
2002;5;1;0.56;0.58;-0.7;-0.7;0;0;0;0;386.01;413.34;50.66;0.04;420.07;414.38;0.15;0;1.54
2002;5;2;10.16;10.46;-1;-1;0;0;0;0;386.01;413.34;50.53;0.04;430.23;424.84;0.15;0;2.02
2002;5;3;34.48;35.13;-1.3;-1.3;0;0;0;0;386.01;413.34;50.4;0.04;464.7;459.97;0.15;0;3.06
2002;5;4;25.12;25.52;-3.2;-3.2;0;0;0;0;386.01;413.34;50.27;0.04;489.82;485.49;0.15;0;3.16
2002;5;5;8.2;7.99;-5.4;-5.4;0;0;0;0;386.01;413.34;50.14;0.04;498.03;493.48;0.15;0;1.99
2002;5;6;0.21;0.19;-5.9;-5.9;0;0;0;0;386.01;413.34;50.01;0.04;498.24;493.67;0.15;0;1.66
2002;5;7;0;0;-2.3;-2.3;0;0;0;0;386.01;413.34;49.88;0.04;498.24;493.67;0.15;0;1.59
2002;5;8;1.57;1.62;-1;-1;0;0;0;0;386.01;413.34;49.76;0.04;499.81;495.29;0.15;0;1.78
2002;5;9;1.65;1.7;0;0;0.08;0;0.01;0;386.01;413.34;49.63;0.04;501.44;496.99;0.15;0;2.21
2002;5;10;0.38;0.39;-1;-1;0;0;0;0;386.01;413.34;49.5;0.04;501.82;497.38;0.15;0;2.69
2002;5;11;4.36;4.37;-2;-2;0;0;0;0;386.01;413.34;49.38;0.04;506.18;501.75;0.15;0;2.29
2002;5;12;0.4;0.4;-1.4;-1.4;0;0;0;0;386.01;413.34;49.25;0.04;506.58;502.15;0.15;0;2.14
2002;5;13;0.36;0.37;-0.4;-0.4;0;0;0;0;386.01;413.34;49.12;0.04;506.94;502.52;0.15;0;2.78
2002;5;14;1.5;1.53;-0.9;-0.9;0;0;0;0;386.01;413.34;49;0.04;508.43;504.05;0.15;0;3.13
2002;5;15;0.01;0.01;0.3;0.3;0.68;0.76;0.1;0.12;386.01;413.34;48.87;0.04;508.34;503.94;0.14;0;3.25
2002;5;16;0.39;0.41;1.8;1.8;1.78;1.8;0.27;0.27;385.07;412.28;50.7;2.25;506.71;502.1;0.4;0.26;3.88
2002;5;17;0.15;0.17;2;2;1.89;1.89;0.3;0.29;384.57;412.08;52.28;4.18;502.16;497;1.72;1.58;4.94
2002;5;18;4.07;3.69;2.8;2.8;2.21;2.22;0.26;0.27;385.7;413.41;53.82;6.04;496.33;489.99;3.61;3.42;5.75
2002;5;19;2.07;2.01;0.4;0.4;0.85;0.88;0.12;0.12;384.42;412.24;55.36;7.89;496.77;490.3;3.56;3.31;5.94
2002;5;20;4.34;4.38;0.2;0.2;0.61;0.63;0.07;0.07;382.91;410.85;56.81;9.61;500.32;493.84;2.47;2.18;5.03
2002;5;21;0.34;0.38;0.4;0.4;0.88;0.88;0.14;0.13;381.72;409.69;58.1;11.12;498.96;492.56;2.14;1.84;5.37
2002;5;22;0.23;0.25;2;2;1.91;1.89;0.3;0.29;382.97;410.46;59.3;12.52;490.38;484.39;3.3;2.97;6.1
2002;5;23;13.85;14.07;1.1;1.1;1.45;1.42;0.04;0.04;382.97;410.14;60.49;13.88;499.35;493.97;3.99;3.59;5.4
2002;5;24;3.79;3.82;1.5;1.5;1.63;1.65;0.2;0.2;383.14;410.21;61.69;15.22;497.19;491.81;4.11;3.67;5.89
2002;5;25;14.09;13.98;0.3;0.3;0.68;0.76;0.02;0.02;381.69;408.94;62.84;16.49;510.26;504.64;3.54;3.12;5.36
2002;5;26;8.34;8.42;0.4;0.4;0.85;0.88;0.07;0.07;380.31;407.74;63.87;17.62;517.34;511.67;2.88;2.49;5.83
2002;5;27;15.74;15.84;-1.2;-1.2;0;0;0;0;378.92;406.16;64.58;18.57;533.08;527.51;2.46;2.11;5.54
2002;5;28;3.63;3.52;-2.8;-2.8;0;0;0;0;378.92;406.16;63.41;17.38;536.71;531.03;1.77;1.5;3.9
2002;5;29;0.32;0.29;-1.1;-1.1;0;0;0;0;378.92;406.16;62.3;16.26;537.03;531.32;1.4;1.16;3.3
2002;5;30;1.36;1.42;1.3;1.3;1.54;1.54;0.18;0.17;379.22;406.51;61.25;15.22;537.19;531.41;1.28;1.06;3.56
2002;5;31;0.12;0.12;2.6;2.7;2.16;2.18;0.28;0.27;380.42;407.39;62.41;16.48;528.68;523.07;2.7;2.45;5.18
2002;6;1;0.25;0.26;3.4;3.5;2.49;2.51;0.32;0.3;382.84;409.11;63.55;17.72;516.94;511.9;4.97;4.61;6.95
2002;6;2;1.65;1.7;2.5;2.5;2.12;2.14;0.25;0.24;384.76;410.69;64.82;19.08;507.42;502.51;6.23;5.75;8.31
2002;6;3;1.42;1.51;3.4;3.4;2.46;2.48;0.3;0.28;388.11;413.39;66.26;20.62;493.23;488.74;7.4;6.82;8.01
2002;6;4;3.56;3.63;3.5;3.5;2.51;2.51;0.26;0.24;392.27;416.57;67.96;22.41;478.51;474.83;8.8;8.13;11.15
2002;6;5;8.78;9.02;3.1;3.1;2.39;2.37;0.15;0.14;396.8;419.88;69.94;24.48;467.42;465.16;10.01;9.2;16.84
2002;6;6;6.95;7.17;1.6;1.6;1.75;1.73;0.14;0.12;397.2;419.91;72.11;26.71;467.08;465.67;8.76;7.87;13.8
2002;6;7;7.53;7.35;0.5;0.5;0.97;0.99;0.07;0.07;395.86;418.76;74.19;28.8;472.73;471.07;6.14;5.31;6.92
2002;6;8;6.99;6.92;0.4;0.4;0.89;0.89;0.07;0.06;394.45;417.5;75.97;30.56;478.18;476.48;4.55;3.86;5.12
2002;6;9;6.42;6.39;0.5;0.5;0.98;0.99;0.08;0.08;393.16;416.37;77.41;31.94;482.67;480.93;4.08;3.48;3.78
2002;6;10;4.21;4.03;-0.1;-0.1;0;0;0;0;391.33;414.75;78.52;32.98;486.88;484.96;3.71;3.18;4.05
2002;6;11;0.07;0.08;1.9;2;1.9;1.92;0.25;0.24;391.87;415.24;79.4;33.76;479.05;477.1;4.68;4.16;4.84
2002;6;12;2.89;3.01;3.7;3.7;2.57;2.58;0.22;0.2;395.04;417.55;80.27;34.53;466.27;465.38;7.15;6.55;6.7
2002;6;13;1.52;1.62;4.9;5;2.96;2.98;0.28;0.25;399.34;420.74;81.34;35.51;447.97;448.44;9.67;8.88;9.49
2002;6;14;0.14;0.15;7.2;7.3;3.56;3.57;0.36;0.32;406;425.63;82.84;36.91;419.65;422.26;12.57;11.52;11.42
2002;6;15;1.38;1.45;8.3;8.3;3.79;3.79;0.36;0.32;413.88;431.54;84.95;38.91;385.81;391.06;16.14;14.74;12.55
2002;6;16;1.53;1.53;7.6;7.7;3.64;3.66;0.25;0.2;419.86;436.04;87.75;41.55;355.88;363.36;18.31;16.57;16.02
2002;6;17;0.03;0.03;9.6;9.7;4.08;4.09;0.31;0.25;425.31;439.37;91.09;44.68;325.67;337.54;18.69;16.61;20.29
2002;6;18;0.22;0.25;11.2;11.2;4.38;4.38;0.33;0.26;431.57;443.27;94.89;48.14;289.55;307.1;19.95;17.42;21.09
2002;6;19;3.84;3.58;10.7;10.7;4.28;4.28;0.24;0.21;437.4;447.18;99.17;51.93;254.57;277.37;22.37;19.26;23.65
2002;6;20;5.89;5.9;9.3;9.3;4;4;0.18;0.16;441.5;450.41;103.93;56.03;225.21;251.09;24.09;20.59;26.21
2002;6;21;5.26;5.08;8.2;8.2;3.77;3.77;0.15;0.16;443.76;452.72;109;60.32;201.79;227.69;24.08;20.64;29.85
2002;6;22;1.74;1.81;9.4;9.4;4.03;4.03;0.1;0.11;443.55;453.02;114.02;64.5;189.08;214.07;20.83;17.93;27.53
2002;6;23;7.94;8.11;9.5;9.5;4.04;4.05;0.12;0.06;444.03;454.18;118.66;68.32;176.88;200.27;20.25;16.39;28.59
2002;6;24;11.09;10.92;8.2;8.2;3.77;3.77;0.09;0.04;444.75;455.37;122.92;71.8;166.26;188.24;22.29;17.39;29.33
2002;6;25;7.2;7.22;6.6;6.6;3.4;3.4;0.15;0.06;444.51;455.7;126.81;74.98;157.71;178.56;21.38;16.94;24.52
2002;6;26;0.32;0.32;6.3;6.3;3.32;3.32;0.25;0.1;443.16;455.09;130.2;77.7;149.58;169.35;18.41;14.49;21.37
2002;6;27;4.69;4.8;6.1;6.1;3.27;3.27;0.19;0.07;442.48;455.04;132.99;79.86;141.64;160.37;17.03;13.42;20.32
2002;6;28;18.7;18.8;2;2;1.92;1.92;0;0;441.86;454.55;135.24;81.5;149.97;169.05;15.5;13.1;22.22
2002;6;29;0.14;0.15;0.7;0.7;1.16;1.16;0.09;0.07;439.87;452.9;136.91;82.58;148.88;168.19;11.79;10.5;13.05
2002;6;30;5.13;5.26;2.6;2.6;2.17;2.18;0.04;0.05;438.8;452.11;137.98;83.04;146.8;166.21;10.58;9.44;10.87
2002;7;1;0.32;0.34;4.2;4.1;2.75;2.73;0.14;0.08;437.15;451.01;138.56;83.02;142.77;161.64;11.04;9.29;11.8
2002;7;2;6.84;6.94;5.1;5.1;3.04;3.03;0.14;0.06;436.78;451.1;138.83;82.7;137.31;155.46;13.11;10.61;12.1
2002;7;3;9.79;9.81;6.2;6.1;3.32;3.3;0.1;0.04;437.13;451.81;139.05;82.39;130.46;147.7;15.9;12.99;14.8
2002;7;4;9.5;9.36;1.6;1.6;1.73;1.74;0.06;0.05;435.87;450.76;139.28;82.11;134.63;151.89;14.36;12.23;14.89
2002;7;5;3.04;3.11;4.2;4.2;2.77;2.76;0.06;0.07;435.02;450.16;139.38;81.72;129.69;146.84;11.68;10.56;10.59
2002;7;6;12.3;12.17;3.6;3.6;2.56;2.56;0.03;0.02;435.35;450.56;139.4;81.27;127.26;144.08;13.14;11.53;9.48
2002;7;7;0.14;0.14;5.9;5.9;3.25;3.25;0.23;0.1;433.92;449.76;139.41;80.81;121.41;137.46;13.79;11.32;10.6
2002;7;8;0.76;0.78;8.5;8.5;3.87;3.87;0.26;0.11;433.06;449.6;139.35;80.32;112.41;127.27;14.06;10.88;13.46
2002;7;9;3.58;3.64;8.3;8.3;3.83;3.82;0.22;0.09;432.77;449.9;139.29;79.85;103.17;116.81;15.54;11.87;18.4
2002;7;10;2.09;2.18;6.6;6.6;3.44;3.42;0.22;0.09;431.97;449.7;139.27;79.46;95.57;108.2;15.64;12.09;18.65
2002;7;11;8.44;8.6;5.8;5.8;3.21;3.22;0.12;0.05;432.27;450.35;139.32;79.18;88.65;100.37;15.9;12.8;12.84
2002;7;12;5.17;5.18;6.6;6.6;3.42;3.42;0.16;0.07;432.13;450.63;139.48;79.06;80.64;91.3;16.35;13.34;16.52
2002;7;13;10.54;10.32;5;5;2.99;3;0.06;0.04;432.8;451.35;139.79;79.1;74.43;84.27;16.89;13.97;19.41
2002;7;14;4.11;4.08;5.1;5.1;3.02;3.03;0.15;0.07;432.23;451.16;140.2;79.26;68.06;77.06;16.12;13.4;13.72
2002;7;15;7.73;7.86;5.5;5.5;3.15;3.14;0.12;0.05;432.36;451.61;140.65;79.46;61.09;69.17;16.11;13.25;16.32
2002;7;16;5.07;4.75;5.6;5.6;3.17;3.17;0.13;0.07;432.16;451.63;141.12;79.7;53.96;61.1;16.25;13.27;15.81
2002;7;17;10.3;10.19;5.1;5.1;3.03;3.03;0.07;0.04;432.77;452.31;141.63;79.98;47.39;53.66;16.78;13.89;17.88
2002;7;18;3.75;3.53;3.4;3.4;2.5;2.49;0.12;0.06;431.83;451.6;142.14;80.27;43.68;49.46;15.4;12.86;18.64
2002;7;19;0.58;0.56;4.5;4.5;2.84;2.85;0.18;0.08;430.52;450.78;142.49;80.38;38.16;43.21;13.21;10.88;14.35
2002;7;20;0;0;6.1;6.1;3.29;3.3;0.22;0.1;429.41;450.23;142.62;80.25;30.58;34.62;12.88;10.27;13.48
2002;7;21;4.71;4.84;5.4;5.4;3.11;3.11;0.15;0.07;429.06;450.28;142.6;79.98;23.76;26.9;13.92;11.15;13.4
2002;7;22;0.59;0.57;3.7;3.7;2.6;2.6;0.16;0.08;427.7;449.35;142.48;79.63;19.14;21.67;13.14;10.69;12.35
2002;7;23;0.04;0.05;6.6;6.6;3.42;3.42;0.22;0.1;426.77;448.99;142.25;79.16;10.82;12.25;12.72;10.15;13.86
2002;7;24;1.1;1.04;5.1;5.1;3.02;3.03;0.17;0.09;425.84;448.47;141.93;78.61;4.33;4.9;12.97;10.27;14.26
2002;7;25;5.05;4.91;1.8;1.8;1.86;1.84;0.06;0.04;424.72;447.35;141.5;77.96;4.98;5.63;11.06;9.43;9.93
2002;7;26;1.2;1.16;2.1;2.1;1.99;1.98;0.05;0.06;423.17;446.02;140.9;77.12;3.61;4.09;8.76;8.02;7.86
2002;7;27;0.61;0.62;5.4;5.4;3.11;3.11;0.05;0;421.82;445.04;140.13;76.09;0;0;8.95;7.54;12.56
2002;7;28;0.37;0.38;8.5;8.5;3.87;3.87;0.77;0.72;419.15;442.65;139.19;74.89;0;0;15.82;13.21;13.81
2002;7;29;11.2;11.24;7.1;7.1;3.55;3.55;0.44;0.45;419.13;442.42;138.16;73.61;0;0;18.15;15.09;12.41
2002;7;30;2.7;2.33;6.7;6.7;3.45;3.45;1.08;1.14;416.77;439.96;137.16;72.34;0;0;17.91;14.91;13.66
2002;7;31;4.37;3.79;6.9;6.9;3.5;3.5;0.97;1.04;415;437.9;136.15;71.06;0;0;17.26;14.23;16.49
2002;8;1;3.57;3.26;6.9;6.9;3.21;3.21;0.95;0.99;413.02;435.83;135.09;69.71;0;0;17.11;14.02;18.1
2002;8;2;0.55;0.55;6.2;6.2;3.06;3.05;1.1;1.13;410.11;433.11;133.96;68.28;0;0;15.89;12.84;17.58
2002;8;3;2.53;2.58;6.6;6.6;3.14;3.14;0.99;1.02;407.81;430.94;132.74;66.76;0;0;15.79;12.8;15.76
2002;8;4;11.36;11.37;5.2;5.2;2.8;2.81;0.34;0.35;408.44;431.36;131.55;65.28;0;0;16.23;13.43;21.4
2002;8;5;8.7;8.7;4.1;4.1;2.5;2.5;0.45;0.46;408.28;431.08;130.54;63.99;0;0;15.85;13.41;15.73
2002;8;6;16.29;16.18;3.1;3.1;2.19;2.19;0.02;0.02;410.44;432.79;129.82;63.02;0.28;0.32;12.82;10.68;12.43
2002;8;7;5.12;4.94;2.2;2.2;1.87;1.86;0.06;0.04;409.8;432.13;129.35;62.31;0.24;0.28;10.89;9.44;9.37
2002;8;8;0.53;0.52;3.8;3.8;2.41;2.41;0.04;0;408.02;430.62;128.93;61.66;0;0;8.36;6.94;8.72
2002;8;9;4.78;4.69;3.1;3.1;2.19;2.19;0.05;0;407.3;429.96;128.41;60.9;0;0;8.07;6.26;7.08
2002;8;10;8.57;8.67;2.6;2.6;2.04;2.01;0.06;0.03;407.45;430.11;127.86;60.1;0.29;0.33;8.94;7.15;6.49
2002;8;11;26.66;26.23;1.9;1.9;1.74;1.73;0;0;408.66;430.69;127.41;59.41;15.73;16.2;9.67;8.35;7.53
2002;8;12;11.13;10.74;1;1;1.28;1.27;0.04;0.04;407.62;429.7;127.04;58.81;23.5;23.73;8.5;7.63;7.71
2002;8;13;0.88;0.8;2.6;2.6;2.02;2.01;0.15;0.12;407.84;429.46;126.7;58.22;16.85;17.9;7.87;7.03;5.98
2002;8;14;0;0;5;5;2.75;2.75;0.08;0.08;408.03;429.57;126.39;57.66;8.61;9.74;8.31;7.47;5.96
2002;8;15;0.42;0.41;5.1;5.1;2.77;2.78;0.12;0.08;407.33;429.31;126.13;57.16;3.25;3.68;8.96;7.44;7.16
2002;8;16;0.84;0.85;5;5;2.75;2.75;0.09;0;406.26;428.64;125.88;56.67;0;0;9.17;6.97;7.86
2002;8;17;1.28;1.3;5.1;5.1;2.78;2.78;0.52;0.49;404.16;426.77;125.55;56.13;0;0;12.49;10.19;8.68
2002;8;18;5.23;5.29;4.9;4.9;2.73;2.73;0.7;0.72;402.95;425.61;125.13;55.48;0;0;13.09;10.78;9.31
2002;8;19;0.54;0.57;5.5;5.5;2.88;2.88;1.03;1.07;400.17;423.02;124.62;54.76;0;0;13.33;10.92;9.18
2002;8;20;5.25;5.38;6;6;3;3;0.76;0.78;398.97;421.9;124.03;53.96;0;0;14.25;11.62;10.83
2002;8;21;17.98;18.03;4.4;4.4;2.59;2.59;0;0;402.2;424.72;123.56;53.3;0;0;15.77;13.24;12.01
2002;8;22;0.08;0.09;3.8;3.8;2.42;2.41;0.48;0.46;399.85;422.63;123.27;52.83;0;0;10.63;8.38;9.81
2002;8;23;4.79;4.9;5;5;2.75;2.75;0.4;0.37;398.9;421.81;123.01;52.4;0;0;12.86;10.58;9.32
2002;8;24;4.43;4.16;5.3;5.3;2.82;2.83;0.78;0.82;397.6;420.38;122.7;51.91;0;0;13.89;11.44;9.66
2002;8;25;0.68;0.68;5.7;5.7;2.93;2.93;1.04;1.08;394.9;417.84;122.32;51.35;0;0;13.78;11.18;10.71
2002;8;26;2.42;2.44;5.5;5.5;2.89;2.88;0.91;0.94;392.86;415.91;121.83;50.69;0;0;13.46;10.73;10.34
2002;8;27;2.85;2.73;4.7;4.7;2.67;2.67;0.82;0.86;391.11;414.17;121.27;49.94;0;0;12.71;10.15;11.61
2002;8;28;1.16;1.01;4.6;4.6;2.64;2.64;0.91;0.95;388.78;411.88;120.64;49.12;0;0;11.95;9.65;9.49
2002;8;29;2.45;2.46;4.9;4.9;2.73;2.73;0.86;0.89;386.89;410.08;119.94;48.25;0;0;12.05;9.76;11.26
2002;8;30;0.71;0.72;5.6;5.6;2.91;2.91;1.02;1.07;384.3;407.63;119.2;47.33;0;0;12.7;10.21;11.07
2002;8;31;9.84;9.97;5.4;5.4;2.86;2.86;0.43;0.44;385.32;408.56;118.49;46.44;0;0;14;11.39;11.56
2002;9;1;4.72;4.68;4.2;4.2;2.17;2.16;0.54;0.56;384.55;407.79;117.9;45.7;0;0;13.28;10.82;11.77
2002;9;2;4.49;4.61;5.3;5.3;2.42;2.42;0.61;0.63;383.62;406.94;117.41;45.06;0;0;13.46;10.98;12.22
2002;9;3;5.83;6;2.7;2.6;1.74;1.72;0.21;0.2;383.53;406.95;116.98;44.5;0;0;8.72;6.46;7.52
2002;9;4;4.39;4.31;2.7;2.7;1.76;1.75;0.04;0;383.21;406.66;116.61;44.01;0;0;7.38;5.54;6.01
2002;9;5;2.28;2.34;3.4;3.4;1.96;1.95;0.05;0;382.14;405.78;116.26;43.53;0;0;6.75;4.95;7.32
2002;9;6;2.69;2.74;2.5;2.5;1.69;1.69;0.02;0;381.25;405.03;115.88;43.03;0;0;5.9;4.67;6.99
2002;9;7;2.29;2.34;2.8;2.8;1.79;1.78;0.02;0;380.24;404.17;115.46;42.5;0;0;5.48;4.35;7.65
2002;9;8;0.9;0.91;2.8;2.8;1.79;1.78;0.05;0;378.75;402.88;115;41.91;0;0;5.6;4.05;6.93
2002;9;9;4.61;4.56;3.6;3.6;2.02;2.01;0.04;0;378.59;402.75;114.5;41.3;0;0;6.04;4.3;7.38
2002;9;10;5.35;5.29;1.9;1.9;1.48;1.48;0.04;0.03;378.48;402.56;114.03;40.72;0.75;0.85;6.11;4.85;6.31
2002;9;11;1.17;1.18;1.7;1.7;1.4;1.4;0;0;377.38;401.63;113.58;40.17;0;0;5.16;4.54;4.19
2002;9;12;0.43;0.44;2.1;2.1;1.56;1.55;0;0;375.79;400.21;113.12;39.61;0;0;4.43;3.88;5.65
2002;9;13;0.03;0.03;1.6;1.6;1.36;1.36;0;0;374.08;398.67;112.6;38.98;0;0;3.9;3.39;5.59
2002;9;14;0;0;0.4;0.4;0.68;0.7;0.12;0.13;372.25;396.99;112.01;38.29;0;0;4.36;3.8;5.31
2002;9;15;1.58;1.46;-1.6;-1.6;0;0;0;0;370.54;395.45;111.35;37.53;1.58;1.46;3.71;3.16;3.59
2002;9;16;0;0;0.3;0.3;0.58;0.61;0.04;0.04;369.15;394.21;110.65;36.73;0.7;0.53;3.58;3.11;3.44
2002;9;17;0;0;0.6;0.6;0.83;0.85;0.01;0;367.76;392.86;109.94;35.92;0.02;0;3.59;3.13;3.86
2002;9;18;0;0;3.6;3.6;2.01;2.01;0.32;0.36;365.78;390.98;109.21;35.1;0;0;6.02;5.55;4.53
2002;9;19;2.4;2.43;2.4;2.4;1.65;1.66;0.22;0.25;364.82;390.06;108.5;34.3;0;0;4.07;3.61;4.69
2002;9;20;0.65;0.63;2.2;2.2;1.58;1.59;0;0;363.43;388.77;107.81;33.53;0;0;3.67;3.21;5.92
2002;9;21;0.67;0.65;1.9;1.9;1.47;1.48;0;0;362.05;387.49;107.15;32.79;0;0;3.47;3.01;4.8
2002;9;22;6.17;5.97;-0.3;-0.3;0;0;0;0;360.41;385.98;106.49;32.07;6.17;5.97;3.25;2.8;3.7
2002;9;23;11.27;11.03;-4.4;-4.4;0;0;0;0;360.41;385.98;104.47;30;17.44;17;2.71;2.29;2.64
2002;9;24;18.03;18;-5.7;-5.7;0;0;0;0;360.41;385.98;102.56;28.08;35.47;35;2.34;1.98;2.39
2002;9;25;1.21;1.17;-7.2;-7.2;0;0;0;0;360.41;385.98;100.77;26.27;36.67;36.17;2.16;1.83;2.37
2002;9;26;2.08;1.97;-6.5;-6.5;0;0;0;0;360.41;385.98;99.08;24.58;38.75;38.14;2.03;1.71;2.28
2002;9;27;2.11;1.96;-5.4;-5.4;0;0;0;0;360.41;385.98;97.49;23;40.86;40.1;1.92;1.6;2.19
2002;9;28;0.39;0.37;-5.9;-5.9;0;0;0;0;360.41;385.98;95.99;21.52;41.25;40.47;1.81;1.5;2.11
2002;9;29;0;0;-9.3;-9.3;0;0;0;0;360.41;385.98;94.57;20.14;41.25;40.47;1.71;1.4;1.99
2002;9;30;0;0;-5.2;-5.2;0;0;0;0;360.41;385.98;93.23;18.85;41.25;40.47;1.61;1.31;2.09
2002;10;1;0;0;-2.2;-2.2;0;0;0;0;360.41;385.98;91.96;17.64;2.06;2.02;1.53;1.23;2.16
2002;10;2;0;0;-0.6;-0.5;0;0;0;0;360.41;385.98;90.77;16.5;2.06;2.02;1.44;1.15;2.18
2002;10;3;0;0;-1;-0.9;0;0;0;0;360.41;385.98;89.64;15.44;2.06;2.02;1.37;1.07;2.14
2002;10;4;2.47;2.36;-2.8;-2.7;0;0;0;0;360.41;385.98;88.56;14.45;4.53;4.38;1.29;1;2.09
2002;10;5;0.56;0.53;-2;-2;0;0;0;0;360.41;385.98;87.55;13.52;5.09;4.91;1.22;0.94;2.04
2002;10;6;6.99;6.76;-3.7;-3.7;0;0;0;0;360.41;385.98;86.59;12.65;12.08;11.67;1.16;0.88;1.98
2002;10;7;0.94;0.9;-4.6;-4.6;0;0;0;0;360.41;385.98;85.68;11.84;13.02;12.57;1.1;0.82;1.88
2002;10;8;0.26;0.27;-3.9;-3.8;0;0;0;0;360.41;385.98;84.82;11.08;13.28;12.84;1.04;0.77;1.67
2002;10;9;0.36;0.39;-1.9;-1.8;0;0;0;0;360.41;385.98;84;10.37;13.64;13.23;0.99;0.72;1.6
2002;10;10;3.68;3.76;0.6;0.6;0.75;0.76;0.08;0.07;361.2;386.74;83.22;9.71;15.24;14.88;0.94;0.67;1.65
2002;10;11;1.13;1.13;1.8;1.8;1.27;1.28;0.09;0.07;363.67;388.8;82.47;9.08;10.36;10.29;1.48;1.21;1.96
2002;10;12;5.7;5.51;-0.4;-0.4;0;0;0;0;363.67;388.8;81.77;8.5;16.05;15.8;1.36;1.08;1.83
2002;10;13;0.15;0.14;-2.2;-2.2;0;0;0;0;363.67;388.8;81.1;7.96;16.2;15.94;0.89;0.62;1.72
2002;10;14;1.93;1.89;-0.9;-0.8;0;0;0;0;363.67;388.8;80.46;7.45;18.14;17.83;0.79;0.52;1.7
2002;10;15;0.12;0.13;1.7;1.7;1.24;1.24;0.09;0.08;365.46;390.25;79.85;6.97;13.83;13.85;0.94;0.67;1.86
2002;10;16;0.31;0.35;1.5;1.5;1.16;1.17;0.09;0.07;365.2;389.79;81.29;8.68;10.71;11.15;1.76;1.45;1.78
2002;10;17;30.35;30.64;-0.6;-0.6;0;0;0;0;363.86;388.28;82.42;10.18;41.06;41.79;1.92;1.57;2.17
2002;10;18;4.09;4.03;-8.4;-8.3;0;0;0;0;363.86;388.28;81.65;9.53;45.14;45.82;1.29;0.97;2.02
2002;10;19;0.52;0.49;-12.5;-12.4;0;0;0;0;363.86;388.28;80.93;8.92;45.66;46.31;0.94;0.65;1.7
2002;10;20;0;0;-8.9;-8.9;0;0;0;0;363.86;388.28;80.24;8.34;45.66;46.31;0.86;0.58;1.7
2002;10;21;0.51;0.51;-2.1;-2;0;0;0;0;363.86;388.28;79.58;7.81;46.17;46.82;0.82;0.54;1.95
2002;10;22;3.69;3.7;-1.3;-1.3;0;0;0;0;363.86;388.28;78.95;7.31;49.86;50.52;0.78;0.51;2.01
2002;10;23;5.22;5.27;-4.7;-4.7;0;0;0;0;363.86;388.28;78.35;6.84;55.09;55.79;0.75;0.48;1.78
2002;10;24;0.53;0.55;-6.4;-6.4;0;0;0;0;363.86;388.28;77.78;6.4;55.62;56.34;0.71;0.45;1.68
2002;10;25;6.08;6.03;-3.2;-3.2;0;0;0;0;363.86;388.28;77.23;5.99;61.7;62.37;0.68;0.42;1.66
2002;10;26;0.02;0.02;-4.2;-4.2;0;0;0;0;363.86;388.28;76.71;5.61;61.72;62.39;0.65;0.39;1.57
2002;10;27;0.24;0.22;-2.3;-2.3;0;0;0;0;363.86;388.28;76.21;5.25;61.96;62.61;0.62;0.37;1.54
2002;10;28;0.26;0.25;-8.4;-8.4;0;0;0;0;363.86;388.28;75.73;4.92;62.22;62.86;0.6;0.34;1.34
2002;10;29;0;0;-5;-5;0;0;0;0;363.86;388.28;75.27;4.6;62.22;62.86;0.57;0.32;1.35
2002;10;30;0;0;-3.3;-3.2;0;0;0;0;363.86;388.28;74.83;4.31;62.22;62.86;0.55;0.3;1.36
2002;10;31;0.01;0.01;-2.6;-2.6;0;0;0;0;363.86;388.28;74.4;4.03;62.23;62.87;0.53;0.28;1.33
2002;11;1;0;0;-3.2;-3.2;0;0;0;0;363.86;388.28;74;3.78;62.23;62.87;0.51;0.26;1.27
2002;11;2;12.19;11.99;-3.8;-3.8;0;0;0;0;363.86;388.28;73.6;3.54;74.42;74.86;0.49;0.25;1.29
2002;11;3;11.72;11.6;-2.5;-2.5;0;0;0;0;363.86;388.28;73.22;3.31;86.14;86.46;0.47;0.23;1.5
2002;11;4;5.9;5.71;-8.6;-8.6;0;0;0;0;363.86;388.28;72.86;3.1;92.05;92.17;0.45;0.22;1.23
2002;11;5;4.69;4.52;-10.5;-10.5;0;0;0;0;363.86;388.28;72.5;2.9;96.74;96.69;0.44;0.2;1.11
2002;11;6;0.1;0.1;-10;-10;0;0;0;0;363.86;388.28;72.16;2.72;96.84;96.79;0.42;0.19;1.02
2002;11;7;4.93;4.78;-11.4;-11.3;0;0;0;0;363.86;388.28;71.83;2.55;101.77;101.57;0.41;0.18;1.06
2002;11;8;1.87;1.81;-12.9;-12.8;0;0;0;0;363.86;388.28;71.51;2.38;103.64;103.38;0.4;0.17;1.05
2002;11;9;5.84;5.66;-9.1;-9;0;0;0;0;363.86;388.28;71.2;2.23;109.48;109.04;0.38;0.16;1.21
2002;11;10;3.45;3.41;-8.8;-8.8;0;0;0;0;363.86;388.28;70.9;2.09;112.93;112.45;0.37;0.15;1.1
2002;11;11;6.32;6.23;-4.7;-4.7;0;0;0;0;363.86;388.28;70.6;1.96;119.25;118.68;0.36;0.14;1.13
2002;11;12;0.2;0.21;-9.3;-9.3;0;0;0;0;363.86;388.28;70.32;1.84;119.45;118.89;0.35;0.13;1.02
2002;11;13;1.3;1.39;-7.6;-7.5;0;0;0;0;363.86;388.28;70.04;1.72;120.75;120.28;0.34;0.12;1
2002;11;14;30.22;30.81;-4.8;-4.8;0;0;0;0;363.86;388.28;69.77;1.61;150.97;151.09;0.33;0.11;1.07
2002;11;15;47.17;47.86;-3.4;-3.4;0;0;0;0;363.86;388.28;69.5;1.51;198.14;198.95;0.32;0.1;1.54
2002;11;16;48.15;48.75;-3.5;-3.5;0;0;0;0;363.86;388.28;69.25;1.42;246.29;247.7;0.32;0.1;3.53
2002;11;17;3.24;3.31;-5.3;-5.3;0;0;0;0;363.86;388.28;68.99;1.33;249.53;251.01;0.31;0.09;2.43
2002;11;18;23.89;24.32;-5.8;-5.8;0;0;0;0;363.86;388.28;68.75;1.24;273.42;275.33;0.3;0.09;1.67
2002;11;19;2.94;2.91;-5.9;-5.9;0;0;0;0;363.86;388.28;68.5;1.17;276.36;278.24;0.29;0.08;1.37
2002;11;20;0.12;0.14;-8.6;-8.6;0;0;0;0;363.86;388.28;68.27;1.09;276.48;278.38;0.29;0.08;1.26
2002;11;21;3.26;3.39;-6.5;-6.5;0;0;0;0;363.86;388.28;68.03;1.02;279.74;281.77;0.28;0.07;1.21
2002;11;22;9.65;9.65;-7.2;-7.2;0;0;0;0;363.86;388.28;67.81;0.96;289.39;291.42;0.28;0.07;1.17
2002;11;23;0.12;0.13;-11.8;-11.8;0;0;0;0;363.86;388.28;67.58;0.9;289.51;291.55;0.27;0.06;1.16
2002;11;24;11.53;11.82;-7.1;-7;0;0;0;0;363.86;388.28;67.36;0.85;301.04;303.37;0.27;0.06;1.14
2002;11;25;13.65;13.97;-4.6;-4.6;0;0;0;0;363.86;388.28;67.15;0.79;314.69;317.34;0.26;0.06;1.48
2002;11;26;18.12;18.52;-2.9;-2.9;0;0;0;0;363.86;388.28;66.93;0.74;332.82;335.86;0.26;0.05;1.78
2002;11;27;1.36;1.41;-3.4;-3.4;0;0;0;0;363.86;388.28;66.72;0.7;334.18;337.27;0.25;0.05;1.6
2002;11;28;0.64;0.69;-4.8;-4.7;0;0;0;0;363.86;388.28;66.52;0.66;334.82;337.96;0.25;0.05;1.39
2002;11;29;17.42;17.44;-6.4;-6.4;0;0;0;0;363.86;388.28;66.31;0.62;352.25;355.4;0.24;0.04;1.26
2002;11;30;0.88;0.81;-9.5;-9.5;0;0;0;0;363.86;388.28;66.11;0.58;353.12;356.21;0.24;0.04;1.2
2002;12;1;0;0;-12.8;-12.8;0;0;0;0;363.86;388.28;65.91;0.54;353.12;356.21;0.24;0.04;1.17
2002;12;2;5.69;5.61;-13.3;-13.2;0;0;0;0;363.86;388.28;65.72;0.51;358.81;361.82;0.23;0.04;1.15
2002;12;3;4.88;4.83;-11.4;-11.4;0;0;0;0;363.86;388.28;65.52;0.48;363.7;366.65;0.23;0.03;1.13
2002;12;4;0.43;0.44;-12.9;-12.9;0;0;0;0;363.86;388.28;65.33;0.45;364.13;367.09;0.23;0.03;1.12
2002;12;5;1.77;1.8;-10.3;-10.3;0;0;0;0;363.86;388.28;65.14;0.42;365.9;368.89;0.23;0.03;1.1
2002;12;6;0.4;0.41;-9.8;-9.8;0;0;0;0;363.86;388.28;64.95;0.4;366.3;369.3;0.22;0.03;1.08
2002;12;7;0.04;0.04;-12.2;-12.2;0;0;0;0;363.86;388.28;64.77;0.38;366.34;369.34;0.22;0.03;1.07
2002;12;8;0.06;0.07;-15.2;-15.1;0;0;0;0;363.86;388.28;64.58;0.36;366.4;369.41;0.22;0.02;1.07
2002;12;9;0.84;0.88;-14.8;-14.8;0;0;0;0;363.86;388.28;64.4;0.33;367.24;370.29;0.22;0.02;1.07
2002;12;10;0;0;-17.2;-17.2;0;0;0;0;363.86;388.28;64.22;0.32;367.24;370.29;0.21;0.02;1.06
2002;12;11;0;0;-18.2;-18.1;0;0;0;0;363.86;388.28;64.04;0.3;367.24;370.29;0.21;0.02;1.06
2002;12;12;0.22;0.23;-15.5;-15.5;0;0;0;0;363.86;388.28;63.86;0.28;367.46;370.52;0.21;0.02;1.06
2002;12;13;0.3;0.3;-13.7;-13.7;0;0;0;0;363.86;388.28;63.68;0.26;367.76;370.82;0.21;0.02;1.05
2002;12;14;0;0;-15.5;-15.5;0;0;0;0;363.86;388.28;63.51;0.25;367.76;370.82;0.21;0.02;1.05
2002;12;15;3.35;3.31;-12.6;-12.6;0;0;0;0;363.86;388.28;63.33;0.24;371.11;374.13;0.2;0.02;1.04
2002;12;16;2.67;2.62;-13.6;-13.6;0;0;0;0;363.86;388.28;63.16;0.22;373.77;376.75;0.2;0.02;1.04
2002;12;17;5.05;4.92;-10.1;-10.1;0;0;0;0;363.86;388.28;62.99;0.21;378.82;381.67;0.2;0.01;1.04
2002;12;18;1.46;1.45;-11.2;-11.2;0;0;0;0;363.86;388.28;62.82;0.2;380.28;383.12;0.2;0.01;1.03
2002;12;19;0;0;-15.5;-15.5;0;0;0;0;363.86;388.28;62.65;0.19;380.28;383.12;0.2;0.01;1.03
2002;12;20;0.07;0.07;-12.7;-12.7;0;0;0;0;363.86;388.28;62.48;0.18;380.35;383.19;0.2;0.01;1.02
2002;12;21;4.65;4.46;-10.2;-10.2;0;0;0;0;363.86;388.28;62.31;0.17;385;387.65;0.2;0.01;1.01
2002;12;22;6.1;6;-9.8;-9.8;0;0;0;0;363.86;388.28;62.15;0.16;391.11;393.65;0.19;0.01;1
2002;12;23;0.68;0.65;-6.1;-6.1;0;0;0;0;363.86;388.28;61.98;0.15;391.79;394.3;0.19;0.01;0.99
2002;12;24;2.46;2.52;-8.1;-8.1;0;0;0;0;363.86;388.28;61.81;0.14;394.25;396.81;0.19;0.01;0.98
2002;12;25;0.43;0.45;-7.5;-7.5;0;0;0;0;363.86;388.28;61.65;0.14;394.68;397.26;0.19;0.01;0.96
2002;12;26;0.38;0.39;-10.1;-10.1;0;0;0;0;363.86;388.28;61.49;0.13;395.06;397.65;0.19;0.01;0.95
2002;12;27;1.96;2.04;-9.7;-9.6;0;0;0;0;363.86;388.28;61.32;0.12;397.02;399.69;0.19;0.01;0.94
2002;12;28;13.59;13.54;-7.2;-7.2;0;0;0;0;363.86;388.28;61.16;0.12;410.61;413.24;0.19;0.01;0.93
2002;12;29;4.54;4.43;-9.2;-9.2;0;0;0;0;363.86;388.28;61;0.11;415.15;417.67;0.19;0.01;0.92
2002;12;30;3.61;3.56;-8.5;-8.5;0;0;0;0;363.86;388.28;60.84;0.11;418.75;421.23;0.19;0.01;0.91
2002;12;31;12.51;12.46;-8.2;-8.2;0;0;0;0;363.86;388.28;60.68;0.1;431.26;433.69;0.19;0.01;0.9
2003;1;1;0.8;0.75;-11.5;-11.5;0;0;0;0;363.86;388.28;60.52;0.1;432.06;434.44;0.18;0.01;0.89
2003;1;2;4.14;4.08;-11.7;-11.7;0;0;0;0;363.86;388.28;60.36;0.1;436.21;438.51;0.18;0.01;0.89
2003;1;3;0.45;0.44;-14.1;-14.1;0;0;0;0;363.86;388.28;60.21;0.09;436.65;438.95;0.18;0.01;0.88
2003;1;4;6.03;5.92;-14.6;-14.6;0;0;0;0;363.86;388.28;60.05;0.09;442.69;444.88;0.18;0.01;0.87
2003;1;5;3.52;3.51;-15.5;-15.5;0;0;0;0;363.86;388.28;59.89;0.08;446.21;448.38;0.18;0.01;0.87
2003;1;6;0.34;0.36;-19.7;-19.7;0;0;0;0;363.86;388.28;59.74;0.08;446.55;448.75;0.18;0.01;0.86
2003;1;7;0.97;0.95;-19.3;-19.3;0;0;0;0;363.86;388.28;59.58;0.08;447.51;449.69;0.18;0.01;0.86
2003;1;8;0.01;0.01;-21.6;-21.5;0;0;0;0;363.86;388.28;59.43;0.08;447.52;449.7;0.18;0.01;0.85
2003;1;9;0.52;0.53;-17.7;-17.7;0;0;0;0;363.86;388.28;59.27;0.07;448.05;450.24;0.18;0.01;0.84
2003;1;10;0;0;-19.1;-19.1;0;0;0;0;363.86;388.28;59.12;0.07;448.05;450.24;0.18;0;0.84
2003;1;11;0;0;-20.5;-20.4;0;0;0;0;363.86;388.28;58.97;0.07;448.05;450.24;0.18;0;0.83
2003;1;12;0;0;-22.8;-22.8;0;0;0;0;363.86;388.28;58.81;0.07;448.05;450.23;0.18;0;0.83
2003;1;13;3.38;3.27;-17.3;-17.3;0;0;0;0;363.86;388.28;58.66;0.06;451.42;453.5;0.18;0;0.82
2003;1;14;0.44;0.42;-11.9;-11.9;0;0;0;0;363.86;388.28;58.51;0.06;451.86;453.92;0.18;0;0.81
2003;1;15;0;0;-12.2;-12.2;0;0;0;0;363.86;388.28;58.36;0.06;451.86;453.92;0.17;0;0.81
2003;1;16;0.12;0.11;-12.6;-12.6;0;0;0;0;363.86;388.28;58.21;0.06;451.98;454.03;0.17;0;0.8
2003;1;17;0;0;-16;-16;0;0;0;0;363.86;388.28;58.06;0.06;451.98;454.03;0.17;0;0.8
2003;1;18;0;0;-17.1;-17.1;0;0;0;0;363.86;388.28;57.91;0.06;451.98;454.03;0.17;0;0.79
2003;1;19;0.01;0.01;-16.7;-16.7;0;0;0;0;363.86;388.28;57.76;0.05;451.99;454.04;0.17;0;0.78
2003;1;20;0.03;0.03;-11.5;-11.5;0;0;0;0;363.86;388.28;57.61;0.05;452.02;454.07;0.17;0;0.78
2003;1;21;4.01;4.14;-10.8;-10.8;0;0;0;0;363.86;388.28;57.46;0.05;456.03;458.21;0.17;0;0.77
2003;1;22;4.11;4.04;-11.4;-11.4;0;0;0;0;363.86;388.28;57.31;0.05;460.15;462.25;0.17;0;0.77
2003;1;23;3.51;3.44;-14.7;-14.7;0;0;0;0;363.86;388.28;57.16;0.05;463.66;465.69;0.17;0;0.76
2003;1;24;2.97;2.8;-14;-14;0;0;0;0;363.86;388.28;57.02;0.05;466.62;468.49;0.17;0;0.75
2003;1;25;0.01;0.01;-14.6;-14.6;0;0;0;0;363.86;388.28;56.87;0.05;466.63;468.5;0.17;0;0.75
2003;1;26;0.64;0.61;-16.4;-16.4;0;0;0;0;363.86;388.28;56.72;0.05;467.27;469.11;0.17;0;0.74
2003;1;27;5.69;5.51;-10.9;-10.9;0;0;0;0;363.86;388.28;56.58;0.05;472.96;474.62;0.17;0;0.74
2003;1;28;3.58;3.48;-9.7;-9.7;0;0;0;0;363.86;388.28;56.43;0.05;476.54;478.1;0.17;0;0.73
2003;1;29;2.44;2.33;-17.6;-17.6;0;0;0;0;363.86;388.28;56.29;0.04;478.98;480.43;0.17;0;0.72
2003;1;30;3.56;3.46;-18.8;-18.8;0;0;0;0;363.86;388.28;56.14;0.04;482.54;483.89;0.17;0;0.72
2003;1;31;1.12;1.07;-21.5;-21.5;0;0;0;0;363.86;388.28;56;0.04;483.66;484.96;0.17;0;0.71
2003;2;1;0.01;0.01;-22.4;-22.4;0;0;0;0;363.86;388.28;55.86;0.04;483.67;484.97;0.17;0;0.71
2003;2;2;0.4;0.38;-19.9;-19.9;0;0;0;0;363.86;388.28;55.71;0.04;484.07;485.35;0.17;0;0.7
2003;2;3;7.07;6.94;-17.7;-17.7;0;0;0;0;363.86;388.28;55.57;0.04;491.15;492.29;0.17;0;0.69
2003;2;4;7.2;7.05;-16.3;-16.3;0;0;0;0;363.86;388.28;55.43;0.04;498.34;499.34;0.16;0;0.69
2003;2;5;5.94;5.76;-19.6;-19.6;0;0;0;0;363.86;388.28;55.28;0.04;504.29;505.1;0.16;0;0.68
2003;2;6;3.91;3.78;-19.9;-19.9;0;0;0;0;363.86;388.28;55.14;0.04;508.2;508.88;0.16;0;0.68
2003;2;7;0.88;0.85;-18.8;-18.8;0;0;0;0;363.86;388.28;55;0.04;509.08;509.73;0.16;0;0.67
2003;2;8;2.88;2.73;-14.6;-14.6;0;0;0;0;363.86;388.28;54.86;0.04;511.96;512.46;0.16;0;0.66
2003;2;9;0.42;0.41;-14.8;-14.8;0;0;0;0;363.86;388.28;54.72;0.04;512.39;512.87;0.16;0;0.66
2003;2;10;0;0;-14.6;-14.6;0;0;0;0;363.86;388.28;54.58;0.04;512.39;512.87;0.16;0;0.65
2003;2;11;0;0;-16;-16;0;0;0;0;363.86;388.28;54.44;0.04;512.39;512.87;0.16;0;0.65
2003;2;12;0;0;-19.4;-19.4;0;0;0;0;363.86;388.28;54.3;0.04;512.39;512.87;0.16;0;0.64
2003;2;13;0.06;0.06;-18.7;-18.7;0;0;0;0;363.86;388.28;54.16;0.04;512.45;512.93;0.16;0;0.63
2003;2;14;0.04;0.04;-18.8;-18.8;0;0;0;0;363.86;388.28;54.02;0.04;512.49;512.97;0.16;0;0.63
2003;2;15;0.04;0.04;-18.4;-18.4;0;0;0;0;363.86;388.28;53.88;0.04;512.53;513.01;0.16;0;0.62
2003;2;16;0.84;0.87;-20.2;-20.2;0;0;0;0;363.86;388.28;53.75;0.04;513.37;513.88;0.16;0;0.62
2003;2;17;0.01;0.01;-20;-20;0;0;0;0;363.86;388.28;53.61;0.04;513.38;513.89;0.16;0;0.61
2003;2;18;0;0;-17.3;-17.3;0;0;0;0;363.86;388.28;53.47;0.04;513.38;513.89;0.16;0;0.6
2003;2;19;0;0;-14;-14;0;0;0;0;363.86;388.28;53.33;0.04;513.38;513.89;0.16;0;0.6
2003;2;20;0;0;-11.9;-11.9;0;0;0;0;363.86;388.28;53.2;0.04;513.38;513.89;0.16;0;0.59
2003;2;21;0;0;-11.8;-11.8;0;0;0;0;363.86;388.28;53.06;0.04;513.38;513.89;0.16;0;0.59
2003;2;22;0;0;-12.3;-12.3;0;0;0;0;363.86;388.28;52.92;0.04;513.38;513.89;0.16;0;0.58
2003;2;23;0;0;-12.1;-12.1;0;0;0;0;363.86;388.28;52.79;0.04;513.38;513.89;0.16;0;0.57
2003;2;24;0;0;-12.1;-12.1;0;0;0;0;363.86;388.28;52.65;0.04;513.38;513.89;0.16;0;0.57
2003;2;25;0;0;-11.9;-11.9;0;0;0;0;363.86;388.28;52.52;0.04;513.38;513.89;0.16;0;0.56
2003;2;26;0;0;-12.3;-12.3;0;0;0;0;363.86;388.28;52.38;0.04;513.38;513.89;0.16;0;0.56
2003;2;27;0;0;-12.6;-12.6;0;0;0;0;363.86;388.28;52.25;0.04;513.38;513.89;0.15;0;0.55
2003;2;28;0;0;-10.9;-10.9;0;0;0;0;363.86;388.28;52.12;0.04;513.38;513.89;0.15;0;0.54
2003;3;1;0.05;0.05;-9.8;-9.8;0;0;0;0;363.86;388.28;51.98;0.04;513.43;513.94;0.15;0;0.56
2003;3;2;6.34;6.29;-8.7;-8.7;0;0;0;0;363.86;388.28;51.85;0.04;519.77;520.23;0.15;0;0.57
2003;3;3;1.68;1.59;-10.9;-10.9;0;0;0;0;363.86;388.28;51.72;0.04;521.45;521.82;0.15;0;0.57
2003;3;4;0;0;-11.5;-11.5;0;0;0;0;363.86;388.28;51.59;0.04;521.45;521.82;0.15;0;0.56
2003;3;5;0;0;-7.8;-7.8;0;0;0;0;363.86;388.28;51.45;0.04;521.45;521.82;0.15;0;0.57
2003;3;6;2.87;2.76;-6.8;-6.8;0;0;0;0;363.86;388.28;51.32;0.04;524.32;524.58;0.15;0;0.57
2003;3;7;0.58;0.55;-8;-8;0;0;0;0;363.86;388.28;51.19;0.04;524.9;525.13;0.15;0;0.59
2003;3;8;0;0;-9;-9;0;0;0;0;363.86;388.28;51.06;0.04;524.9;525.13;0.15;0;0.56
2003;3;9;0.12;0.12;-9.1;-9.1;0;0;0;0;363.86;388.28;50.93;0.04;525.02;525.25;0.15;0;0.55
2003;3;10;0;0;-5.5;-5.5;0;0;0;0;363.86;388.28;50.8;0.04;525.02;525.25;0.15;0;0.57
2003;3;11;0;0;-4.1;-4.1;0;0;0;0;363.86;388.28;50.67;0.04;525.02;525.25;0.15;0;0.62
2003;3;12;2.59;2.46;-5.3;-5.2;0;0;0;0;363.86;388.28;50.54;0.04;527.61;527.71;0.15;0;0.67
2003;3;13;0.57;0.52;-10.6;-10.6;0;0;0;0;363.86;388.28;50.41;0.04;528.18;528.23;0.15;0;0.65
2003;3;14;0;0;-12.3;-12.3;0;0;0;0;363.86;388.28;50.28;0.04;528.18;528.23;0.15;0;0.61
2003;3;15;0.05;0.05;-13.6;-13.6;0;0;0;0;363.86;388.28;50.15;0.04;528.23;528.28;0.15;0;0.6
2003;3;16;0;0;-12.7;-12.7;0;0;0;0;363.86;388.28;50.02;0.04;528.23;528.28;0.15;0;0.6
2003;3;17;0;0;-11.4;-11.4;0;0;0;0;363.86;388.28;49.9;0.04;528.23;528.28;0.15;0;0.59
2003;3;18;0;0;-10;-10;0;0;0;0;363.86;388.28;49.77;0.04;528.23;528.28;0.15;0;0.6
2003;3;19;0;0;-8;-8;0;0;0;0;363.86;388.28;49.64;0.04;528.23;528.28;0.15;0;0.61
2003;3;20;0;0;-8.2;-8.1;0;0;0;0;363.86;388.28;49.51;0.04;528.23;528.28;0.15;0;0.63
2003;3;21;0;0;-9.1;-9.1;0;0;0;0;363.86;388.28;49.39;0.04;528.23;528.28;0.15;0;0.64
2003;3;22;0.03;0.03;-9.1;-9;0;0;0;0;363.86;388.28;49.26;0.04;528.26;528.31;0.15;0;0.65
2003;3;23;0;0;-6;-6;0;0;0;0;363.86;388.28;49.13;0.04;528.26;528.31;0.15;0;0.67
2003;3;24;0;0;-2.6;-2.6;0;0;0;0;363.86;388.28;49.01;0.04;528.26;528.31;0.15;0;0.74
2003;3;25;0;0;-3.7;-3.7;0;0;0;0;363.86;388.28;48.88;0.04;528.26;528.31;0.14;0;0.82
2003;3;26;0.1;0.09;-5.3;-5.3;0;0;0;0;363.86;388.28;48.76;0.04;528.36;528.4;0.14;0;0.88
2003;3;27;0;0;-4.9;-4.9;0;0;0;0;363.86;388.28;48.63;0.04;528.36;528.4;0.14;0;0.88
2003;3;28;0.08;0.07;-4;-4;0;0;0;0;363.86;388.28;48.51;0.04;528.44;528.47;0.14;0;0.93
2003;3;29;0.43;0.41;-3.4;-3.4;0;0;0;0;363.86;388.28;48.38;0.04;528.87;528.88;0.14;0;1.04
2003;3;30;0.29;0.29;-3;-3;0;0;0;0;363.86;388.28;48.26;0.04;529.16;529.17;0.14;0;1.12
2003;3;31;4.14;4.1;-4.3;-4.3;0;0;0;0;363.86;388.28;48.14;0.04;533.3;533.27;0.14;0;1.08
2003;4;1;0;0;-4;-4;0;0;0;0;363.86;388.28;48.01;0.04;533.3;533.27;0.14;0;0.98
2003;4;2;15.75;15.69;-8;-8;0;0;0;0;363.86;388.28;47.89;0.04;549.05;548.96;0.14;0;0.91
2003;4;3;6.64;6.59;-10.6;-10.5;0;0;0;0;363.86;388.28;47.77;0.04;555.69;555.55;0.14;0;0.87
2003;4;4;0.44;0.43;-10.7;-10.7;0;0;0;0;363.86;388.28;47.65;0.04;556.13;555.98;0.14;0;0.83
2003;4;5;2.57;2.46;-9;-9;0;0;0;0;363.86;388.28;47.52;0.04;558.7;558.44;0.14;0;0.8
2003;4;6;4.13;3.99;-13;-13;0;0;0;0;363.86;388.28;47.4;0.04;562.84;562.43;0.14;0;0.75
2003;4;7;1.59;1.54;-19.9;-19.9;0;0;0;0;363.86;388.28;47.28;0.04;564.43;563.97;0.14;0;0.69
2003;4;8;0;0;-16.3;-16.3;0;0;0;0;363.86;388.28;47.16;0.04;564.43;563.97;0.14;0;0.76
2003;4;9;1.58;1.57;-14.2;-14.2;0;0;0;0;363.86;388.28;47.04;0.04;566.01;565.54;0.14;0;0.71
2003;4;10;4.04;4.1;-10.3;-10.3;0;0;0;0;363.86;388.28;46.92;0.04;570.05;569.64;0.14;0;0.69
2003;4;11;0.55;0.56;-9.7;-9.7;0;0;0;0;363.86;388.28;46.8;0.04;570.6;570.2;0.14;0;0.71
2003;4;12;3.02;3.02;-7.7;-7.7;0;0;0;0;363.86;388.28;46.68;0.04;573.62;573.22;0.14;0;0.68
2003;4;13;0.03;0.03;-5.7;-5.7;0;0;0;0;363.86;388.28;46.56;0.04;573.65;573.25;0.14;0;0.72
2003;4;14;0.04;0.04;-4.2;-4.2;0;0;0;0;363.86;388.28;46.44;0.04;573.69;573.29;0.14;0;0.82
2003;4;15;0.06;0.06;-3.1;-3.1;0;0;0;0;363.86;388.28;46.32;0.04;573.75;573.35;0.14;0;1.02
2003;4;16;0;0;-2.4;-2.4;0;0;0;0;363.86;388.28;46.2;0.04;573.75;573.35;0.14;0;1.2
2003;4;17;0.02;0.02;-2.9;-2.9;0;0;0;0;363.86;388.28;46.09;0.04;573.76;573.37;0.14;0;1.29
2003;4;18;0.06;0.06;-5.7;-5.7;0;0;0;0;363.86;388.28;45.97;0.04;573.83;573.43;0.14;0;1.3
2003;4;19;1.53;1.63;-6.7;-6.7;0;0;0;0;363.86;388.28;45.85;0.03;575.36;575.06;0.14;0;1.12
2003;4;20;1.22;1.27;-5.6;-5.6;0;0;0;0;363.86;388.28;45.73;0.03;576.58;576.33;0.14;0;0.99
2003;4;21;2.95;2.89;-5.2;-5.2;0;0;0;0;363.86;388.28;45.62;0.03;579.53;579.22;0.14;0;0.99
2003;4;22;2.02;1.94;-4.6;-4.6;0;0;0;0;363.86;388.28;45.5;0.03;581.54;581.16;0.13;0;1.03
2003;4;23;0.8;0.73;-4.6;-4.6;0;0;0;0;363.86;388.28;45.38;0.03;582.35;581.89;0.13;0;1.09
2003;4;24;0;0;-3.8;-3.8;0;0;0;0;363.86;388.28;45.27;0.03;582.35;581.89;0.13;0;1.24
2003;4;25;0.08;0.09;-2;-2;0;0;0;0;363.86;388.28;45.15;0.03;582.43;581.98;0.13;0;1.52
2003;4;26;4.12;4.11;-1.6;-1.6;0;0;0;0;363.86;388.28;45.03;0.03;586.54;586.09;0.13;0;1.86
2003;4;27;1.34;1.33;-2.6;-2.6;0;0;0;0;363.86;388.28;44.92;0.03;587.88;587.42;0.13;0;1.92
2003;4;28;0.04;0.04;-1;-1;0;0;0;0;363.86;388.28;44.8;0.03;587.91;587.46;0.13;0;2.15
2003;4;29;0.09;0.09;1.2;1.2;1.29;1.29;0.2;0.2;364;388.44;44.69;0.03;587.42;586.91;0.13;0;2.87
2003;4;30;9.02;9.05;1.5;1.5;1.46;1.44;0.11;0.1;364.69;389.21;44.58;0.03;594.44;593.72;0.13;0;4.09
2003;5;1;7.92;8.14;0.1;0.1;0.45;0.45;0.04;0.04;364.74;389.27;44.46;0.03;602.19;601.66;0.13;0;4.2
2003;5;2;3.54;3.65;0.4;0.4;0.9;0.88;0.11;0.1;363.31;388.03;46.33;2.28;604.93;604.44;0.35;0.22;3.69
2003;5;3;9.28;9.39;-1.4;-1.4;0;0;0;0;363.31;388.03;46.09;2.13;614.22;613.83;0.4;0.26;3.39
2003;5;4;0;0;2.3;2.3;2.02;2.02;0.32;0.31;363.34;388.42;47.8;4.17;609.25;608.26;1.22;1.06;3.12
2003;5;5;0.13;0.13;3.1;3.1;2.33;2.33;0.36;0.36;365.48;390.57;49.4;6.07;599.22;597.89;3.13;2.91;4.13
2003;5;6;0.08;0.08;3.8;3.8;2.57;2.57;0.4;0.39;370.57;394.68;51.08;8.02;582.15;581.67;5.36;5.02;5.58
2003;5;7;0;0;4.9;4.9;2.92;2.9;0.38;0.36;377.21;399.81;53.01;10.21;560.61;561.71;7.56;7.01;6.26
2003;5;8;0.06;0.06;3.6;3.6;2.52;2.51;0.33;0.31;380.76;402.3;55.22;12.63;546.41;548.94;7.96;7.2;7.52
2003;5;9;1.92;1.7;1.6;1.6;1.7;1.7;0.2;0.19;380.86;402.28;57.52;15.1;542.91;545.56;6.31;5.49;7.02
2003;5;10;9.26;9.4;0.1;0.1;0.49;0.45;0.04;0.03;379.27;400.83;59.67;17.36;551.66;554.56;4.18;3.46;5.21
2003;5;11;5.51;5.42;0.7;0.7;1.15;1.15;0.1;0.1;378.33;399.97;61.54;19.28;554.76;557.7;3.25;2.64;5.14
2003;5;12;2.79;2.69;0.1;0.1;0.4;0.45;0.04;0.05;376.64;398.5;63.1;20.87;557.29;560.08;2.9;2.37;4.54
2003;5;13;11.51;11.59;-0.8;-0.8;0;0;0;0;374.89;396.95;64.37;22.13;568.79;571.67;2.6;2.12;4.44
2003;5;14;1.76;1.68;-5.7;-5.6;0;0;0;0;374.89;396.95;63;20.71;570.56;573.35;2.07;1.66;3.83
2003;5;15;0.04;0.04;-6.6;-6.6;0;0;0;0;374.89;396.95;61.72;19.38;570.6;573.39;1.71;1.37;3.22
2003;5;16;0.03;0.03;-3.4;-3.4;0;0;0;0;374.89;396.95;60.5;18.13;570.63;573.42;1.55;1.26;3
2003;5;17;1.14;1.17;-2.1;-2.1;0;0;0;0;374.89;396.95;59.36;16.97;571.76;574.59;1.44;1.18;3.09
2003;5;18;0.7;0.69;-0.4;-0.4;0;0;0;0;374.89;396.95;58.29;15.88;572.46;575.28;1.36;1.1;3.33
2003;5;19;6.3;6.28;1.7;1.7;1.76;1.75;0.14;0.14;375.32;397.44;57.27;14.86;577.32;579.96;1.29;1.03;4.52
2003;5;20;21.81;21.99;-2.9;-2.9;0;0;0;0;375.32;397.44;56.32;13.91;599.13;601.95;1.22;0.97;4.74
2003;5;21;4.55;4.5;-5.4;-5.4;0;0;0;0;375.32;397.44;55.42;13.02;603.67;606.45;1.15;0.91;3.52
2003;5;22;2.25;2.15;-3.6;-3.6;0;0;0;0;375.32;397.44;54.57;12.18;605.93;608.6;1.08;0.85;2.98
2003;5;23;0.86;0.83;1.7;1.7;1.74;1.75;0.22;0.2;375.72;397.9;53.77;11.4;605.35;607.84;1.02;0.79;3.12
2003;5;24;0.17;0.16;2.1;2.1;1.94;1.94;0.25;0.24;376.55;398.84;53.01;10.67;602.75;604.91;1.12;0.89;3.87
2003;5;25;0.68;0.69;3.2;3.2;2.37;2.37;0.3;0.28;377.85;400.11;55.09;12.95;594.56;596.66;2.76;2.51;5.07
2003;5;26;1.22;1.16;3.1;3.1;2.33;2.33;0.28;0.27;381.06;402.74;57.04;15.07;581.88;584.56;5.13;4.75;5.71
2003;5;27;2.38;2.18;3.4;3.4;2.43;2.44;0.27;0.26;385.16;406.04;59.05;17.23;567.55;570.96;7.1;6.52;6.28
2003;5;28;2.39;2.14;4.2;4.3;2.71;2.73;0.24;0.22;390.84;410.8;61.27;19.58;547.79;551.9;9.18;8.38;7.97
2003;5;29;4.84;4.66;3.2;3.2;2.36;2.37;0.17;0.16;393.9;412.95;63.73;22.12;537.89;543.29;9.52;8.56;8.87
2003;5;30;2.23;1.98;3.6;3.6;2.5;2.51;0.22;0.2;396.74;414.87;66.3;24.73;525.6;532.4;8.94;7.86;9.49
2003;5;31;9.95;9.96;3.6;3.6;2.5;2.51;0.1;0.09;401.49;418.63;68.97;27.37;514.11;522.48;10.1;8.89;11.38
2003;6;1;2.09;2.17;3.5;3.5;2.5;2.51;0.23;0.2;403.71;420.23;71.72;30.05;502.18;511.99;10.44;9.13;12.99
2003;6;2;1.02;1.06;4.4;4.5;2.82;2.83;0.27;0.24;406.87;422.64;74.51;32.7;485.41;496.8;10.54;9.16;14.8
2003;6;3;0.69;0.71;5.9;5.9;3.23;3.22;0.32;0.28;411.8;426.27;77.38;35.37;461.6;475.67;12.21;10.69;16.2
2003;6;4;3.84;3.92;5.6;5.6;3.14;3.14;0.25;0.22;416.85;430.36;80.47;38.19;438.37;454.58;14.54;12.78;17.99
2003;6;5;5.52;5.39;6.4;6.4;3.35;3.35;0.23;0.21;422.88;435.23;83.89;41.29;410.97;429.57;17.26;15.22;19.22
2003;6;6;5.85;5.76;5.8;5.8;3.19;3.2;0.16;0.13;426.81;438.16;87.68;44.67;390.67;412.05;18.17;15.87;17.1
2003;6;7;11.2;11.16;5.6;5.6;3.14;3.14;0.08;0.06;431.07;441.46;91.72;48.22;372.35;396.63;18.7;16.18;18.79
2003;6;8;5.86;5.83;5.9;5.9;3.22;3.22;0.16;0.13;434.03;443.65;95.93;51.83;352.99;380.2;18.89;16.19;21.3
2003;6;9;7.8;7.68;6.4;6.4;3.35;3.35;0.13;0.11;437.46;446.25;100.23;55.44;331.7;362.11;19.47;16.61;21.59
2003;6;10;2.1;2.16;8.5;8.5;3.84;3.84;0.24;0.2;440.65;448.66;104.65;59.05;303.95;338.01;20.63;17.57;23.58
2003;6;11;3.7;3.56;8.6;8.6;3.85;3.86;0.19;0.19;443.2;451.11;109.19;62.69;278.33;313.37;21.85;18.69;23.47
2003;6;12;5.21;5.26;8.7;8.7;3.88;3.88;0.14;0.16;445.21;453.61;113.84;66.41;254.58;288.23;23.05;20.11;24.03
2003;6;13;9.62;9.64;8.2;8.3;3.79;3.79;0.13;0.1;447.1;456.28;118.58;70.26;233.16;263.98;25.59;21.77;24.86
2003;6;14;1.37;1.36;8.3;8.3;3.79;3.79;0.28;0.11;446.33;456.35;123.22;74.09;220.81;250;24.47;19.66;25.1
2003;6;15;1.51;1.46;6.9;7;3.49;3.5;0.24;0.1;445.22;455.98;127.34;77.48;211.79;239.79;20.2;15.76;25.95
2003;6;16;0.62;0.6;7.1;7.2;3.54;3.54;0.26;0.1;444.03;455.55;130.75;80.19;202.5;229.26;17.63;13.67;22.05
2003;6;17;2.2;2.29;7;7;3.5;3.5;0.24;0.09;443.07;455.33;133.47;82.26;193.42;218.98;17.07;13.25;21.11
2003;6;18;5.83;5.67;4.1;4.1;2.71;2.71;0.13;0.06;442.33;455.02;135.62;83.8;188.06;212.91;16.55;13.25;18.85
2003;6;19;0.12;0.11;4.4;4.4;2.81;2.8;0.21;0.08;440.73;454.07;137.26;84.85;182.33;206.43;14.84;12.01;15.85
2003;6;20;0.15;0.13;5.4;5.4;3.11;3.09;0.23;0.09;439.32;453.34;138.39;85.42;175.3;198.47;14.03;11.06;20.52
2003;6;21;0.3;0.27;5.8;5.8;3.2;3.2;0.23;0.1;438.04;452.73;139.09;85.58;167.74;189.91;14.17;11.03;21.9
2003;6;22;0.12;0.12;8.2;8.2;3.77;3.77;0.27;0.12;437.16;452.6;139.49;85.48;157.07;177.83;15.17;11.71;20.61
2003;6;23;2.97;3.09;9.1;9.1;3.97;3.96;0.24;0.1;436.91;453.06;139.78;85.32;145.18;164.38;17.29;13.25;20.12
2003;6;24;1.48;1.55;8.6;8.6;3.86;3.86;0.25;0.11;436.33;453.19;140.08;85.22;133.96;151.67;18.22;14.02;23.05
2003;6;25;6.93;7.02;7.9;7.9;3.7;3.7;0.16;0.07;436.59;453.91;140.45;85.23;123.58;139.91;18.85;14.86;24.4
2003;6;26;0.74;0.75;7.7;7.7;3.65;3.66;0.24;0.11;435.74;453.71;140.87;85.34;113.53;128.53;18.24;14.47;22.4
2003;6;27;2.59;2.7;6.1;6.1;3.27;3.27;0.2;0.08;434.94;453.47;141.25;85.44;105.53;119.48;16.76;13.38;21.64
2003;6;28;4.09;4.24;5.6;5.6;3.14;3.14;0.17;0.07;434.34;453.36;141.54;85.45;98.18;111.16;16.01;13.02;19.28
2003;6;29;0.81;0.84;7.5;7.5;3.61;3.61;0.23;0.1;433.52;453.16;141.73;85.39;88.38;100.06;16.02;12.84;21.39
2003;6;30;1.13;1.19;8.8;8.8;3.91;3.9;0.25;0.11;432.98;453.27;141.87;85.28;76.88;87.04;16.9;13.14;21.97
2003;7;1;17.54;17.79;6.2;6.2;3.32;3.32;0.01;0;434.91;455.11;142.14;85.34;68.61;77.68;19.91;16.27;20.17
2003;7;2;1.49;1.53;2.8;2.8;2.28;2.27;0.14;0.06;433.36;453.97;142.56;85.58;65.48;74.13;17.56;14.89;12.84
2003;7;3;5.85;5.87;2.5;2.5;2.14;2.15;0.06;0.04;432.31;453.04;142.84;85.65;64.94;73.53;13.04;11.58;9.02
2003;7;4;3.98;3.95;0.8;0.8;1.26;1.25;0.06;0.06;430.74;451.59;142.79;85.35;66.34;75.11;10.31;9.5;6.97
2003;7;5;1.48;1.41;1.9;1.9;1.89;1.89;0.05;0.05;429.12;450.2;142.37;84.64;65.23;73.85;9;8.27;6.33
2003;7;6;0.43;0.43;3.7;3.7;2.59;2.6;0.11;0.08;427.59;449.05;141.64;83.6;61.86;70.04;9.17;8.01;7.62
2003;7;7;2.29;2.29;4.4;4.4;2.82;2.82;0.15;0.08;426.55;448.37;140.73;82.37;57.44;65.04;10.44;8.7;10.41
2003;7;8;0.18;0.16;5.4;5.4;3.11;3.11;0.19;0.1;425.31;447.62;139.75;81.07;51.71;58.55;11.22;9.13;13.68
2003;7;9;1.92;1.91;5.3;5.3;3.08;3.08;0.17;0.08;424.48;447.19;138.77;79.79;45.81;51.87;11.8;9.51;12
2003;7;10;0.14;0.15;5.6;5.6;3.17;3.17;0.2;0.1;423.39;446.59;137.83;78.57;39.37;44.58;11.99;9.6;15.87
2003;7;11;0;0;7.2;7.3;3.58;3.59;0.22;0.11;422.62;446.38;136.95;77.43;30.76;34.83;12.53;9.83;17.16
2003;7;12;0.01;0.01;8.7;8.8;3.92;3.93;0.24;0.12;422.18;446.52;136.18;76.42;20.17;22.83;13.8;10.59;18.65
2003;7;13;0;0;8.7;8.7;3.9;3.91;0.23;0.12;421.74;446.67;135.56;75.61;9.52;10.78;14.74;11.2;20.61
2003;7;14;0.46;0.46;9.4;9.4;4.05;4.06;0.13;0;421.25;446.7;135.09;74.99;0;0;15.01;11.26;21.83
2003;7;15;0.9;0.97;10.2;10.2;4.22;4.22;0.8;0.76;418.64;444.36;134.64;74.38;0;0;22.11;18.02;24.01
2003;7;16;3.06;3.15;9.9;9.9;4.16;4.16;1.26;1.3;416.07;441.86;134.03;73.61;0;0;22.35;18.06;27.5
2003;7;17;9.48;9.5;7.3;7.3;3.59;3.59;0.58;0.6;415.66;441.2;133.31;72.71;0;0;20.62;16.79;22.62
2003;7;18;0;0;7.5;7.5;3.64;3.64;1.34;1.4;412.39;438.09;132.52;71.73;0;0;19.11;15.74;21.36
2003;7;19;0.18;0.2;9.4;9.4;4.05;4.06;1.48;1.54;409.05;434.89;131.57;70.57;0;0;19.54;15.88;19.92
2003;7;20;1.26;1.37;9.9;9.9;4.16;4.16;1.41;1.47;406.02;432.01;130.43;69.21;0;0;20.48;16.4;23.27
2003;7;21;2.92;2.99;9.5;9.5;4.08;4.08;1.24;1.28;403.64;429.68;129.16;67.7;0;0;20.71;16.52;24.65
2003;7;22;5.68;5.8;8.1;8.1;3.78;3.78;0.92;0.95;402.33;428.33;127.87;66.17;0;0;19.93;16.01;25.39
2003;7;23;2.37;2.4;7.7;7.7;3.68;3.69;1.16;1.21;399.95;425.99;126.6;64.67;0;0;18.83;15.27;26.69
2003;7;24;15.45;15.4;5.1;5.1;3.03;3.03;0.09;0.1;402.31;427.82;125.47;63.31;0;0;17.72;14.68;18.09
2003;7;25;0.04;0.04;6.5;6.5;3.4;3.4;1.25;1.3;399.22;424.87;124.5;62.14;0;0;17.54;14.68;18.81
2003;7;26;1.43;1.51;8.8;8.8;3.93;3.93;1.32;1.37;396.44;422.2;123.56;60.99;0;0;18.51;15.08;20.44
2003;7;27;4.45;4.44;8.9;8.9;3.96;3.95;1.07;1.12;394.84;420.54;122.56;59.78;0;0;19.55;15.64;24.91
2003;7;28;14.06;14;6;6;3.27;3.27;0.2;0.21;396.99;422.22;121.65;58.67;0;0;18.71;15.21;22.98
2003;7;29;0.99;0.97;4.1;4.1;2.73;2.73;0.94;0.99;394.51;419.83;120.9;57.72;0;0;15.12;12.48;14.57
2003;7;30;0.04;0.05;5.5;5.5;3.13;3.14;1.15;1.2;391.56;417.02;120.14;56.77;0;0;13.64;11.26;16.44
2003;7;31;6.99;6.94;4;4;2.7;2.7;0.58;0.61;391.34;416.62;119.33;55.77;0;0;12.83;10.54;11.95
2003;8;1;1.07;1.05;6.5;6.5;3.12;3.12;1.07;1.12;388.81;414.16;118.52;54.76;0;0;14.74;12.23;15.38
2003;8;2;0.49;0.49;8.7;8.7;3.59;3.59;1.27;1.34;385.9;411.35;117.65;53.69;0;0;17.07;13.81;18.78
2003;8;3;0.19;0.2;10.7;10.7;3.96;3.96;1.43;1.5;382.76;408.31;116.7;52.54;0;0;19.61;15.57;22.46
2003;8;4;1.57;1.62;10.9;10.9;4;4;1.32;1.38;380.2;405.81;115.67;51.32;0;0;20.77;16.24;25.02
2003;8;5;1.21;1.28;11;11;4.02;4.01;1.36;1.42;377.5;403.2;114.61;50.07;0;0;21.14;16.46;25.89
2003;8;6;1.23;1.27;10.5;10.5;3.92;3.92;1.32;1.39;374.88;400.64;113.53;48.8;0;0;20.58;15.99;23.74
2003;8;7;0.03;0.03;10.1;10.1;3.85;3.85;1.4;1.48;371.78;397.61;112.44;47.53;0;0;19.65;15.24;21.86
2003;8;8;0;0;10.4;10.4;3.9;3.91;1.42;1.5;368.67;394.57;111.33;46.24;0;0;19.42;15.08;21.06
2003;8;9;0.21;0.19;9.9;9.9;3.82;3.82;1.37;1.45;365.72;391.65;110.19;44.93;0;0;18.85;14.58;21.57
2003;8;10;0.35;0.37;10.7;10.7;3.96;3.96;1.4;1.49;362.79;388.77;109.05;43.62;0;0;19.39;15.08;23.1
2003;8;11;0.62;0.63;10.5;10.5;3.92;3.92;1.37;1.45;360.03;386.04;107.91;42.33;0;0;19.43;15.06;24.74
2003;8;12;0.89;0.95;10.4;10.4;3.91;3.91;1.34;1.41;357.41;383.48;106.81;41.08;0;0;19.29;14.94;23.4
2003;8;13;0.57;0.59;11.3;11.3;4.07;4.07;1.42;1.5;354.61;380.7;105.73;39.87;0;0;20.12;15.58;24.31
2003;8;14;2.36;2.35;9.5;9.5;3.74;3.74;1.16;1.24;352.86;378.9;104.7;38.71;0;0;18.83;14.41;22.09
2003;8;15;1.39;1.44;7.3;7.3;3.3;3.3;1.09;1.16;350.77;376.83;103.74;37.63;0;0;15.91;12.19;21.28
2003;8;16;1.55;1.67;7.9;7.9;3.42;3.43;1.12;1.18;348.71;374.85;102.83;36.61;0;0;15.38;12.03;18.1
2003;8;17;1.97;2.06;9;9;3.65;3.65;1.16;1.23;346.83;372.99;101.98;35.67;0;0;16.59;13.03;23.05
2003;8;18;2.61;2.59;7.8;7.8;3.4;3.4;1.03;1.1;345.42;371.5;101.19;34.79;0;0;15.92;12.35;24.7
2003;8;19;0.55;0.56;6.4;6.4;3.1;3.1;1.08;1.15;343.03;369.14;100.46;33.98;0;0;13.82;10.68;18.72
2003;8;20;0.85;0.93;7.2;7.2;3.28;3.28;1.12;1.19;340.75;366.91;99.75;33.2;0;0;13.72;10.72;18.61
2003;8;21;4.24;4.17;6.9;6.9;3.21;3.21;0.86;0.93;340.35;366.35;99.09;32.47;0;0;14.01;10.95;18.66
2003;8;22;0.37;0.35;7.6;7.6;3.36;3.36;1.18;1.26;337.83;363.81;98.47;31.8;0;0;14.49;11.36;17.4
2003;8;23;0.12;0.14;9.1;9.1;3.66;3.66;1.3;1.39;335.07;361.06;97.88;31.15;0;0;15.8;12.33;20.16
2003;8;24;0.08;0.07;9;9;3.64;3.65;1.3;1.39;332.32;358.3;97.28;30.5;0;0;16.1;12.38;21.42
2003;8;25;0.89;0.93;7.7;7.7;3.38;3.38;1.14;1.23;330.12;356.1;96.67;29.84;0;0;14.8;11.29;23.25
2003;8;26;0;0;7.3;7.3;3.3;3.3;1.18;1.27;327.48;353.45;96.07;29.2;0;0;13.79;10.58;18.31
2003;8;27;0.06;0.06;8;8;3.44;3.45;1.23;1.32;324.82;350.79;95.47;28.56;0;0;14.11;10.92;18.02
2003;8;28;1.16;1.24;7.7;7.7;3.38;3.38;1.12;1.2;322.84;348.82;94.88;27.93;0;0;14.14;10.88;20.38
2003;8;29;13.7;14.09;6.1;6.1;3.04;3.03;0.18;0.19;328.19;354.08;94.4;27.42;0;0;14.18;11.07;31
2003;8;30;3.41;3.49;3.2;3.2;2.22;2.22;0.33;0.34;328.09;354;94.09;27.12;0;0;7.82;5.45;19.09
2003;8;31;10.99;10.83;0;0;0;0;0;0;326.63;352.62;93.89;26.92;10.99;10.83;4.5;3.36;10.12
2003;9;1;1.75;1.72;-1.4;-1.4;0;0;0;0;325.18;351.25;93.66;26.7;12.74;12.55;2.96;2.51;5.5
2003;9;2;0.36;0.32;-1.9;-1.9;0;0;0;0;323.74;349.88;93.39;26.43;13.1;12.87;2.61;2.24;4.39
2003;9;3;0;0;-0.7;-0.7;0;0;0;0;322.31;348.52;93.07;26.11;13.1;12.87;2.51;2.16;4.12
2003;9;4;0;0;2.5;2.5;1.68;1.69;0.13;0.1;325.36;350.99;92.77;25.81;4.57;4.87;3.41;3.03;4.44
2003;9;5;0.49;0.48;4.8;4.8;2.31;2.31;0;0;326.41;352.18;92.56;25.61;0;0;4.1;3.69;5.36
2003;9;6;3.48;3.26;3.4;3.4;1.95;1.95;0.01;0;326.76;352.35;92.43;25.5;0;0;4.32;3.41;4.66
2003;9;7;2.9;2.87;2;2;1.52;1.52;0.01;0;326.77;352.34;92.35;25.43;0;0;4.12;3.21;4.47
2003;9;8;3.96;3.91;1.9;1.9;1.48;1.48;0.03;0.04;327.26;352.73;92.29;25.39;0.12;0.14;3.58;3.12;3.76
2003;9;9;8.18;7.97;2;2;1.52;1.52;0.02;0.02;329.16;354.2;92.27;25.38;1.82;2.06;3.88;3.45;3.61
2003;9;10;1.25;1.15;1;1;1.09;1.09;0.03;0.03;328.44;353.48;92.27;25.4;1.57;1.78;3.66;3.21;3.14
2003;9;11;9.04;8.81;-1.5;-1.5;0;0;0;0;326.97;352.11;92.26;25.4;10.62;10.59;3;2.58;2.57
2003;9;12;4.65;4.45;-1.6;-1.6;0;0;0;0;326.97;352.11;90.64;23.77;15.27;15.04;2.28;1.89;2.28
2003;9;13;1.1;1.04;-0.7;-0.7;0;0;0;0;326.97;352.11;89.11;22.24;16.37;16.08;1.9;1.57;2.23
2003;9;14;0;0;1.5;1.5;1.3;1.32;0.13;0.12;328.18;353.26;89.37;22.54;10.92;10.63;2.38;2.06;2.34
2003;9;15;0;0;3.7;3.7;2.03;2.04;0.06;0.06;330.39;354.76;89.59;22.8;3.92;4.44;3.49;3.11;2.47
2003;9;16;0;0;5.4;5.4;2.43;2.44;0.02;0;330.71;355.45;89.82;23.08;0;0;4.47;3.3;2.61
2003;9;17;0;0;5.8;5.8;2.52;2.52;0.45;0.45;328.78;353.62;90.05;23.34;0;0;9.53;7.5;3.1
2003;9;18;0.03;0.03;7.4;7.4;2.83;2.83;0.95;1.01;326.38;351.25;90.2;23.53;0;0;11.35;8.89;4.19
2003;9;19;0.36;0.36;7.5;7.5;2.85;2.85;0.93;1;324.16;349.06;90.26;23.61;0;0;12.04;9.25;5.35
2003;9;20;0;0;7.6;7.6;2.87;2.87;0.96;1.03;321.76;346.67;90.23;23.61;0;0;12.34;9.43;6.35
2003;9;21;0.37;0.3;6.7;6.8;2.71;2.72;0.89;0.96;319.64;344.51;90.14;23.53;0;0;11.73;8.93;7.35
2003;9;22;0.64;0.66;4.4;4.4;2.22;2.21;0.71;0.76;317.84;342.74;89.99;23.4;0;0;9.41;7.01;6.7
2003;9;23;9.16;8.99;2.6;2.6;1.72;1.72;0.15;0.16;320.96;345.51;89.86;23.28;0.45;0.51;5.05;3.74;4.39
2003;9;24;1.44;1.4;0.2;0.2;0.45;0.5;0.02;0.03;319.81;344.49;89.78;23.22;1.29;1.23;3.54;3.05;3.36
2003;9;25;0;0;3.3;3.3;1.93;1.93;0;0;319.08;343.76;89.72;23.17;0;0;2.9;2.49;3.4
2003;9;26;0;0;3.6;3.6;2;2.01;0.34;0.36;317.32;342.06;89.62;23.09;0;0;5.76;4.85;3.86
2003;9;27;0;0;2.4;2.4;1.66;1.66;0.55;0.59;315.36;340.14;89.48;22.97;0;0;5.62;4.35;4.11
2003;9;28;1.52;1.49;1.8;1.8;1.46;1.44;0.22;0.24;314.56;339.34;89.31;22.8;0;0;3.23;2.44;4.16
2003;9;29;3.8;3.69;0.1;0.1;0.32;0.36;0.03;0.04;313.37;338.26;89.11;22.62;3.36;3.19;2.51;2.11;2.98
2003;9;30;0.65;0.67;0.2;0.2;0.51;0.5;0.05;0.04;312.33;337.26;88.89;22.41;3.31;3.19;2.4;2.04;2.7
2003;10;1;3.66;3.66;1.1;1.1;1.02;1.01;0.06;0.05;312.9;337.55;88.68;22.21;0.17;0.19;2.65;2.29;2.71
2003;10;2;0.03;0.03;3.7;3.7;1.8;1.8;0.14;0.11;311.53;336.26;88.48;22.02;0.08;0.1;2.59;2.22;3.84
2003;10;3;5.45;5.49;3.2;3.2;1.67;1.68;0.01;0;313.16;337.85;88.3;21.86;0;0;3.27;2.5;4.36
2003;10;4;13.63;13.58;0.1;0.1;0.28;0.32;0.01;0.01;311.98;336.78;88.16;21.75;13.21;13.1;3.34;2.58;3.67
2003;10;5;30.05;29.58;-4.8;-4.8;0;0;0;0;311.98;336.78;86.75;20.35;43.26;42.68;2.17;1.78;2.76
2003;10;6;1.17;1.1;-7.8;-7.7;0;0;0;0;311.98;336.78;85.42;19.04;44.43;43.78;1.67;1.36;2.61
2003;10;7;12.97;12.77;-7.2;-7.1;0;0;0;0;311.98;336.78;84.16;17.82;57.4;56.55;1.52;1.24;2.39
2003;10;8;9;8.86;-9.8;-9.8;0;0;0;0;311.98;336.78;82.98;16.67;66.4;65.41;1.43;1.16;1.99
2003;10;9;20.6;20.34;-4;-4;0;0;0;0;311.98;336.78;81.86;15.6;87;85.75;1.36;1.08;2.18
2003;10;10;0.23;0.22;0.1;0.1;0.28;0.32;0.04;0.05;311.98;336.78;80.8;14.6;87.19;85.92;1.28;1.01;2.07
2003;10;11;0;0;-3.1;-3.1;0;0;0;0;311.98;336.78;79.8;13.66;87.19;85.92;1.22;0.95;2
2003;10;12;0;0;-1.8;-1.7;0;0;0;0;311.98;336.78;78.85;12.78;87.19;85.92;1.15;0.89;2.02
2003;10;13;0.05;0.06;-2.7;-2.6;0;0;0;0;311.98;336.78;77.95;11.96;87.24;85.98;1.09;0.83;2.03
2003;10;14;0;0;-4;-3.9;0;0;0;0;311.98;336.78;77.1;11.2;87.24;85.98;1.03;0.78;1.9
2003;10;15;0;0;-6.2;-6.2;0;0;0;0;311.98;336.78;76.29;10.48;87.24;85.98;0.98;0.73;1.76
2003;10;16;0;0;-7.3;-7.2;0;0;0;0;311.98;336.78;75.53;9.8;87.24;85.98;0.93;0.68;1.69
2003;10;17;0;0;-6.8;-6.8;0;0;0;0;311.98;336.78;74.8;9.18;87.24;85.98;0.88;0.64;1.6
2003;10;18;0;0;-6.6;-6.5;0;0;0;0;311.98;336.78;74.11;8.59;87.24;85.98;0.84;0.6;1.57
2003;10;19;0.3;0.31;-3.1;-3;0;0;0;0;311.98;336.78;73.45;8.04;87.54;86.3;0.8;0.56;1.54
2003;10;20;3.75;3.76;-3.4;-3.4;0;0;0;0;311.98;336.78;72.83;7.52;91.29;90.05;0.76;0.52;1.55
2003;10;21;4.14;4.1;-6.4;-6.4;0;0;0;0;311.98;336.78;72.23;7.04;95.43;94.15;0.72;0.49;1.49
2003;10;22;1.84;1.95;-9.2;-9.1;0;0;0;0;311.98;336.78;71.66;6.59;97.27;96.1;0.69;0.46;1.37
2003;10;23;12.58;12.59;-10.6;-10.5;0;0;0;0;311.98;336.78;71.12;6.17;109.85;108.69;0.66;0.43;1.47
2003;10;24;2.15;2.11;-13;-13;0;0;0;0;311.98;336.78;70.61;5.77;112;110.8;0.63;0.4;1.37
2003;10;25;0;0;-17.5;-17.5;0;0;0;0;311.98;336.78;70.11;5.4;112;110.8;0.6;0.38;1.29
2003;10;26;0;0;-17.3;-17.2;0;0;0;0;311.98;336.78;69.64;5.05;112;110.8;0.57;0.35;1.19
2003;10;27;0.03;0.03;-12.1;-12;0;0;0;0;311.98;336.78;69.19;4.73;112.02;110.83;0.55;0.33;1.12
2003;10;28;0;0;-10.4;-10.3;0;0;0;0;311.98;336.78;68.75;4.43;112.02;110.83;0.53;0.31;1.11
2003;10;29;1.96;1.99;-7.9;-7.8;0;0;0;0;311.98;336.78;68.34;4.14;113.99;112.82;0.5;0.29;1.15
2003;10;30;4.65;4.62;-10.2;-10.1;0;0;0;0;311.98;336.78;67.94;3.88;118.64;117.44;0.48;0.27;1.11
2003;10;31;18.33;18.7;-7.4;-7.4;0;0;0;0;311.98;336.78;67.55;3.63;136.97;136.14;0.47;0.25;1.14
2003;11;1;36.6;36.91;-4.2;-4.2;0;0;0;0;311.98;336.78;67.18;3.4;173.56;173.05;0.45;0.24;2.04
2003;11;2;0.09;0.09;-6.7;-6.7;0;0;0;0;311.98;336.78;66.83;3.18;173.66;173.14;0.43;0.22;1.45
2003;11;3;0;0;-7.6;-7.6;0;0;0;0;311.98;336.78;66.48;2.98;173.66;173.14;0.42;0.21;1.27
2003;11;4;0;0;-7.5;-7.5;0;0;0;0;311.98;336.78;66.15;2.79;173.66;173.14;0.4;0.19;1.18
2003;11;5;0;0;-5.6;-5.5;0;0;0;0;311.98;336.78;65.83;2.61;173.66;173.14;0.39;0.18;1.15
2003;11;6;0.06;0.06;-4;-4;0;0;0;0;311.98;336.78;65.52;2.44;173.72;173.2;0.37;0.17;1.13
2003;11;7;3.09;3.17;-11.3;-11.2;0;0;0;0;311.98;336.78;65.22;2.29;176.81;176.37;0.36;0.16;1.06
2003;11;8;19.05;19.36;-9.5;-9.4;0;0;0;0;311.98;336.78;64.93;2.14;195.85;195.73;0.35;0.15;1.07
2003;11;9;0.08;0.09;-4.6;-4.6;0;0;0;0;311.98;336.78;64.65;2.01;195.94;195.82;0.34;0.14;1.03
2003;11;10;0;0;-6;-6;0;0;0;0;311.98;336.78;64.38;1.88;195.94;195.82;0.33;0.13;1.01
2003;11;11;0;0;-8.6;-8.6;0;0;0;0;311.98;336.78;64.11;1.76;195.94;195.82;0.32;0.12;0.98
2003;11;12;1.63;1.57;-12.8;-12.8;0;0;0;0;311.98;336.78;63.85;1.65;197.57;197.39;0.31;0.11;0.96
2003;11;13;7.57;7.47;-9.2;-9.2;0;0;0;0;311.98;336.78;63.6;1.54;205.14;204.86;0.3;0.11;0.98
2003;11;14;0.2;0.2;-10.4;-10.4;0;0;0;0;311.98;336.78;63.35;1.45;205.34;205.06;0.29;0.1;0.92
2003;11;15;0.01;0.01;-8.9;-8.9;0;0;0;0;311.98;336.78;63.12;1.36;205.35;205.07;0.29;0.09;0.89
2003;11;16;1.38;1.4;-8.4;-8.4;0;0;0;0;311.98;336.78;62.88;1.27;206.73;206.47;0.28;0.09;0.87
2003;11;17;3.88;3.84;-7;-7;0;0;0;0;311.98;336.78;62.65;1.19;210.6;210.31;0.27;0.08;0.88
2003;11;18;0.86;0.82;-6;-6;0;0;0;0;311.98;336.78;62.43;1.11;211.46;211.13;0.27;0.08;0.84
2003;11;19;0.02;0.02;-4.4;-4.4;0;0;0;0;311.98;336.78;62.21;1.04;211.48;211.15;0.26;0.07;0.85
2003;11;20;0;0;-6.3;-6.3;0;0;0;0;311.98;336.78;61.99;0.98;211.48;211.15;0.26;0.07;0.83
2003;11;21;0;0;-8.2;-8.2;0;0;0;0;311.98;336.78;61.78;0.92;211.48;211.15;0.25;0.06;0.82
2003;11;22;0.39;0.42;-6.2;-6.1;0;0;0;0;311.98;336.78;61.58;0.86;211.87;211.57;0.25;0.06;0.81
2003;11;23;0.46;0.5;-3.8;-3.8;0;0;0;0;311.98;336.78;61.37;0.81;212.33;212.07;0.24;0.06;0.8
2003;11;24;1.49;1.53;-3.6;-3.6;0;0;0;0;311.98;336.78;61.17;0.76;213.82;213.6;0.24;0.05;0.8
2003;11;25;1.04;1.07;-4.7;-4.7;0;0;0;0;311.98;336.78;60.98;0.71;214.86;214.67;0.23;0.05;0.79
2003;11;26;2.76;2.84;-5.5;-5.5;0;0;0;0;311.98;336.78;60.78;0.66;217.62;217.51;0.23;0.05;0.78
2003;11;27;17.96;18.33;-6;-6;0;0;0;0;311.98;336.78;60.59;0.62;235.58;235.84;0.22;0.04;0.77
2003;11;28;23.43;23.36;-7.4;-7.4;0;0;0;0;311.98;336.78;60.41;0.58;259.01;259.2;0.22;0.04;0.77
2003;11;29;1.09;1.08;-11;-11;0;0;0;0;311.98;336.78;60.22;0.55;260.1;260.28;0.22;0.04;0.76
2003;11;30;0.38;0.39;-13;-12.9;0;0;0;0;311.98;336.78;60.04;0.52;260.49;260.67;0.22;0.04;0.75
2003;12;1;1.62;1.68;-8.3;-8.2;0;0;0;0;311.98;336.78;59.86;0.48;262.1;262.35;0.21;0.03;0.75
2003;12;2;2.31;2.4;-5.4;-5.4;0;0;0;0;311.98;336.78;59.68;0.45;264.41;264.75;0.21;0.03;0.74
2003;12;3;0.16;0.17;-5.3;-5.3;0;0;0;0;311.98;336.78;59.5;0.43;264.57;264.92;0.21;0.03;0.73
2003;12;4;0.01;0.01;-7.1;-7.1;0;0;0;0;311.98;336.78;59.33;0.4;264.58;264.93;0.2;0.03;0.72
2003;12;5;0;0;-9.4;-9.4;0;0;0;0;311.98;336.78;59.16;0.38;264.58;264.93;0.2;0.03;0.71
2003;12;6;0.56;0.53;-9.6;-9.6;0;0;0;0;311.98;336.78;58.99;0.35;265.14;265.46;0.2;0.02;0.7
2003;12;7;0.2;0.2;-14.4;-14.4;0;0;0;0;311.98;336.78;58.82;0.33;265.35;265.66;0.2;0.02;0.69
2003;12;8;0;0;-17.5;-17.5;0;0;0;0;311.98;336.78;58.65;0.31;265.35;265.66;0.2;0.02;0.68
2003;12;9;0;0;-14.3;-14.3;0;0;0;0;311.98;336.78;58.48;0.29;265.35;265.66;0.19;0.02;0.67
2003;12;10;1.38;1.43;-14.1;-14;0;0;0;0;311.98;336.78;58.32;0.28;266.73;267.09;0.19;0.02;0.66
2003;12;11;0.57;0.6;-12.2;-12.2;0;0;0;0;311.98;336.78;58.16;0.26;267.3;267.69;0.19;0.02;0.65
2003;12;12;0.58;0.57;-10.9;-10.9;0;0;0;0;311.98;336.78;58;0.24;267.89;268.26;0.19;0.02;0.64
2003;12;13;0;0;-11.5;-11.5;0;0;0;0;311.98;336.78;57.84;0.23;267.89;268.26;0.19;0.02;0.64
2003;12;14;5.34;5.13;-9.8;-9.8;0;0;0;0;311.98;336.78;57.68;0.22;273.23;273.39;0.19;0.02;0.63
2003;12;15;10.48;10.25;-16.6;-16.6;0;0;0;0;311.98;336.78;57.52;0.2;283.7;283.64;0.18;0.01;0.62
2003;12;16;4.88;4.79;-18;-18;0;0;0;0;311.98;336.78;57.36;0.19;288.58;288.43;0.18;0.01;0.61
2003;12;17;0.03;0.03;-15.9;-15.9;0;0;0;0;311.98;336.78;57.2;0.18;288.61;288.46;0.18;0.01;0.6
2003;12;18;0;0;-14;-14;0;0;0;0;311.98;336.78;57.05;0.17;288.61;288.46;0.18;0.01;0.59
2003;12;19;0.03;0.03;-16.1;-16.1;0;0;0;0;311.98;336.78;56.9;0.16;288.64;288.49;0.18;0.01;0.58
2003;12;20;0.08;0.07;-13.8;-13.8;0;0;0;0;311.98;336.78;56.74;0.15;288.72;288.56;0.18;0.01;0.58
2003;12;21;3.23;3.18;-12.3;-12.3;0;0;0;0;311.98;336.78;56.59;0.15;291.95;291.74;0.18;0.01;0.57
2003;12;22;3.99;3.86;-19.1;-19.1;0;0;0;0;311.98;336.78;56.44;0.14;295.94;295.6;0.18;0.01;0.56
2003;12;23;0.49;0.47;-22.7;-22.7;0;0;0;0;311.98;336.78;56.29;0.13;296.43;296.07;0.17;0.01;0.56
2003;12;24;0;0;-20;-19.9;0;0;0;0;311.98;336.78;56.14;0.12;296.43;296.07;0.17;0.01;0.55
2003;12;25;0;0;-14.5;-14.5;0;0;0;0;311.98;336.78;55.99;0.12;296.43;296.07;0.17;0.01;0.54
2003;12;26;0;0;-14.5;-14.4;0;0;0;0;311.98;336.78;55.84;0.11;296.43;296.07;0.17;0.01;0.54
2003;12;27;0.1;0.11;-12.1;-12;0;0;0;0;311.98;336.78;55.69;0.11;296.53;296.18;0.17;0.01;0.54
2003;12;28;6.15;6.32;-11.7;-11.6;0;0;0;0;311.98;336.78;55.55;0.1;302.68;302.5;0.17;0.01;0.53
2003;12;29;15.19;15.36;-10.4;-10.4;0;0;0;0;311.98;336.78;55.4;0.1;317.87;317.86;0.17;0.01;0.53
2003;12;30;2.94;3;-9.8;-9.8;0;0;0;0;311.98;336.78;55.25;0.09;320.8;320.86;0.17;0.01;0.53
2003;12;31;2.58;2.56;-11.2;-11.2;0;0;0;0;311.98;336.78;55.11;0.09;323.38;323.42;0.17;0.01;0.53
2004;1;1;0.16;0.16;-14;-14;0;0;0;0;311.98;336.78;54.97;0.08;323.54;323.58;0.17;0.01;0.52
2004;1;2;1.04;1.03;-13.5;-13.5;0;0;0;0;311.98;336.78;54.82;0.08;324.58;324.61;0.17;0.01;0.52
2004;1;3;0;0;-17.3;-17.3;0;0;0;0;311.98;336.78;54.68;0.08;324.58;324.61;0.17;0.01;0.52
2004;1;4;0.67;0.65;-19.4;-19.4;0;0;0;0;311.98;336.78;54.53;0.07;325.25;325.26;0.16;0;0.52
2004;1;5;0.95;0.92;-16.8;-16.8;0;0;0;0;311.98;336.78;54.39;0.07;326.2;326.18;0.16;0;0.51
2004;1;6;2.06;2.01;-13.9;-13.9;0;0;0;0;311.98;336.78;54.25;0.07;328.26;328.19;0.16;0;0.51
2004;1;7;3.12;2.99;-10.7;-10.7;0;0;0;0;311.98;336.78;54.11;0.06;331.38;331.18;0.16;0;0.51
2004;1;8;0.36;0.37;-12.9;-12.9;0;0;0;0;311.98;336.78;53.97;0.06;331.75;331.55;0.16;0;0.51
2004;1;9;9.1;9.02;-12.2;-12.2;0;0;0;0;311.98;336.78;53.83;0.06;340.85;340.57;0.16;0;0.5
2004;1;10;7.39;7.36;-14.5;-14.5;0;0;0;0;311.98;336.78;53.69;0.06;348.24;347.93;0.16;0;0.5
2004;1;11;3.33;3.29;-12.3;-12.3;0;0;0;0;311.98;336.78;53.55;0.05;351.56;351.22;0.16;0;0.5
2004;1;12;12.36;12.33;-10.6;-10.6;0;0;0;0;311.98;336.78;53.41;0.05;363.92;363.55;0.16;0;0.5
2004;1;13;15.24;15.08;-9.4;-9.4;0;0;0;0;311.98;336.78;53.27;0.05;379.17;378.63;0.16;0;0.5
2004;1;14;5;4.9;-10.7;-10.7;0;0;0;0;311.98;336.78;53.14;0.05;384.17;383.53;0.16;0;0.49
2004;1;15;6.46;6.33;-15.5;-15.5;0;0;0;0;311.98;336.78;53;0.05;390.63;389.86;0.16;0;0.49
2004;1;16;0.4;0.39;-16.6;-16.6;0;0;0;0;311.98;336.78;52.86;0.05;391.03;390.25;0.16;0;0.49
2004;1;17;4.27;4.22;-15.1;-15.1;0;0;0;0;311.98;336.78;52.73;0.04;395.3;394.47;0.16;0;0.49
2004;1;18;3.72;3.71;-15.3;-15.3;0;0;0;0;311.98;336.78;52.59;0.04;399.02;398.18;0.16;0;0.48
2004;1;19;0.28;0.27;-14.8;-14.8;0;0;0;0;311.98;336.78;52.45;0.04;399.3;398.45;0.16;0;0.48
2004;1;20;12.84;12.54;-12.7;-12.7;0;0;0;0;311.98;336.78;52.32;0.04;412.14;410.99;0.16;0;0.48
2004;1;21;1.33;1.29;-17;-17;0;0;0;0;311.98;336.78;52.18;0.04;413.47;412.28;0.16;0;0.48
2004;1;22;0.12;0.12;-17.4;-17.4;0;0;0;0;311.98;336.78;52.05;0.04;413.59;412.4;0.15;0;0.47
2004;1;23;0;0;-16.6;-16.6;0;0;0;0;311.98;336.78;51.91;0.04;413.59;412.4;0.15;0;0.47
2004;1;24;1.31;1.27;-16.5;-16.5;0;0;0;0;311.98;336.78;51.78;0.04;414.9;413.67;0.15;0;0.47
2004;1;25;2.64;2.54;-16.7;-16.7;0;0;0;0;311.98;336.78;51.65;0.04;417.54;416.21;0.15;0;0.47
2004;1;26;1.54;1.54;-19.5;-19.5;0;0;0;0;311.98;336.78;51.52;0.04;419.07;417.75;0.15;0;0.46
2004;1;27;1.38;1.36;-17.6;-17.6;0;0;0;0;311.98;336.78;51.38;0.04;420.45;419.11;0.15;0;0.46
2004;1;28;0.87;0.81;-19.8;-19.8;0;0;0;0;311.98;336.78;51.25;0.03;421.33;419.92;0.15;0;0.46
2004;1;29;1.75;1.71;-22.4;-22.4;0;0;0;0;311.98;336.78;51.12;0.03;423.08;421.63;0.15;0;0.46
2004;1;30;0;0;-22.1;-22.1;0;0;0;0;311.98;336.78;50.99;0.03;423.08;421.63;0.15;0;0.45
2004;1;31;0.01;0.01;-15.1;-15.1;0;0;0;0;311.98;336.78;50.86;0.03;423.09;421.64;0.15;0;0.45
2004;2;1;0;0;-14.2;-14.2;0;0;0;0;311.98;336.78;50.73;0.03;423.09;421.64;0.15;0;0.45
2004;2;2;0;0;-10.3;-10.3;0;0;0;0;311.98;336.78;50.6;0.03;423.09;421.64;0.15;0;0.45
2004;2;3;0;0;-7.1;-7.1;0;0;0;0;311.98;336.78;50.47;0.03;423.09;421.64;0.15;0;0.44
2004;2;4;0;0;-7.2;-7.2;0;0;0;0;311.98;336.78;50.34;0.03;423.09;421.64;0.15;0;0.44
2004;2;5;0;0;-6.7;-6.7;0;0;0;0;311.98;336.78;50.21;0.03;423.09;421.64;0.15;0;0.44
2004;2;6;0;0;-6.9;-6.9;0;0;0;0;311.98;336.78;50.08;0.03;423.09;421.64;0.15;0;0.44
2004;2;7;2.89;2.8;-9.5;-9.5;0;0;0;0;311.98;336.78;49.95;0.03;425.98;424.44;0.15;0;0.44
2004;2;8;5.57;5.49;-15.1;-15.1;0;0;0;0;311.98;336.78;49.82;0.03;431.55;429.93;0.15;0;0.43
2004;2;9;4.08;4.01;-16.5;-16.5;0;0;0;0;311.98;336.78;49.7;0.03;435.63;433.94;0.15;0;0.43
2004;2;10;0.18;0.17;-16.1;-16.1;0;0;0;0;311.98;336.78;49.57;0.03;435.81;434.11;0.15;0;0.43
2004;2;11;9.67;9.46;-13.1;-13.1;0;0;0;0;311.98;336.78;49.44;0.03;445.47;443.57;0.15;0;0.43
2004;2;12;2.08;2.02;-12.7;-12.7;0;0;0;0;311.98;336.78;49.31;0.03;447.55;445.59;0.15;0;0.42
2004;2;13;0.29;0.27;-10.9;-10.9;0;0;0;0;311.98;336.78;49.19;0.03;447.84;445.86;0.15;0;0.42
2004;2;14;0;0;-11.5;-11.5;0;0;0;0;311.98;336.78;49.06;0.03;447.84;445.86;0.14;0;0.42
2004;2;15;0.06;0.06;-10.7;-10.7;0;0;0;0;311.98;336.78;48.94;0.03;447.9;445.92;0.14;0;0.41
2004;2;16;0.01;0.01;-12.3;-12.3;0;0;0;0;311.98;336.78;48.81;0.03;447.91;445.93;0.14;0;0.41
2004;2;17;0;0;-11.7;-11.7;0;0;0;0;311.98;336.78;48.69;0.03;447.91;445.93;0.14;0;0.41
2004;2;18;1.15;1.11;-13.7;-13.7;0;0;0;0;311.98;336.78;48.56;0.03;449.06;447.04;0.14;0;0.41
2004;2;19;6.63;6.76;-14;-14;0;0;0;0;311.98;336.78;48.44;0.03;455.69;453.8;0.14;0;0.41
2004;2;20;1.55;1.59;-11.1;-11.1;0;0;0;0;311.98;336.78;48.31;0.03;457.23;455.39;0.14;0;0.4
2004;2;21;5.55;5.72;-8.3;-8.3;0;0;0;0;311.98;336.78;48.19;0.03;462.78;461.11;0.14;0;0.4
2004;2;22;1.26;1.31;-5.4;-5.4;0;0;0;0;311.98;336.78;48.06;0.03;464.05;462.42;0.14;0;0.39
2004;2;23;14.54;14.6;-9.8;-9.7;0;0;0;0;311.98;336.78;47.94;0.03;478.59;477.02;0.14;0;0.39
2004;2;24;3.73;3.7;-17.8;-17.8;0;0;0;0;311.98;336.78;47.82;0.03;482.31;480.72;0.14;0;0.38
2004;2;25;0.02;0.02;-15.3;-15.3;0;0;0;0;311.98;336.78;47.7;0.03;482.33;480.74;0.14;0;0.38
2004;2;26;1.22;1.2;-14.8;-14.8;0;0;0;0;311.98;336.78;47.57;0.02;483.55;481.94;0.14;0;0.37
2004;2;27;5.2;5.21;-16.8;-16.8;0;0;0;0;311.98;336.78;47.45;0.02;488.76;487.15;0.14;0;0.36
2004;2;28;1.13;1.12;-18.9;-18.9;0;0;0;0;311.98;336.78;47.33;0.02;489.88;488.27;0.14;0;0.36
2004;2;29;1.61;1.56;-18.6;-18.6;0;0;0;0;311.98;336.78;47.21;0.02;491.49;489.83;0.14;0;0.35
2004;3;1;0.45;0.42;-19.8;-19.8;0;0;0;0;311.98;336.78;47.09;0.02;491.94;490.25;0.14;0;0.35
2004;3;2;0.65;0.6;-18;-18;0;0;0;0;311.98;336.78;46.97;0.02;492.59;490.85;0.14;0;0.34
2004;3;3;0.08;0.08;-14.6;-14.6;0;0;0;0;311.98;336.78;46.85;0.02;492.68;490.93;0.14;0;0.33
2004;3;4;0;0;-13.8;-13.8;0;0;0;0;311.98;336.78;46.73;0.02;492.68;490.93;0.14;0;0.33
2004;3;5;0.01;0.01;-12.8;-12.8;0;0;0;0;311.98;336.78;46.61;0.02;492.69;490.94;0.14;0;0.32
2004;3;6;2.21;2.2;-11.1;-11.1;0;0;0;0;311.98;336.78;46.49;0.02;494.89;493.14;0.14;0;0.32
2004;3;7;6.78;6.74;-11.8;-11.8;0;0;0;0;311.98;336.78;46.37;0.02;501.67;499.88;0.14;0;0.31
2004;3;8;3.97;3.85;-13.9;-13.9;0;0;0;0;311.98;336.78;46.25;0.02;505.63;503.73;0.14;0;0.3
2004;3;9;0.43;0.4;-15.8;-15.8;0;0;0;0;311.98;336.78;46.13;0.02;506.06;504.13;0.14;0;0.29
2004;3;10;3.89;4;-16.2;-16.2;0;0;0;0;311.98;336.78;46.02;0.02;509.95;508.13;0.14;0;0.28
2004;3;11;13.83;14.05;-13;-13;0;0;0;0;311.98;336.78;45.9;0.02;523.78;522.18;0.14;0;0.26
2004;3;12;0.15;0.16;-10.1;-10.1;0;0;0;0;311.98;336.78;45.78;0.02;523.93;522.34;0.14;0;0.27
2004;3;13;0.02;0.02;-6.5;-6.5;0;0;0;0;311.98;336.78;45.66;0.02;523.95;522.36;0.13;0;0.33
2004;3;14;0.09;0.09;-5.4;-5.4;0;0;0;0;311.98;336.78;45.55;0.02;524.04;522.45;0.13;0;0.37
2004;3;15;0;0;-6.3;-6.3;0;0;0;0;311.98;336.78;45.43;0.02;524.04;522.45;0.13;0;0.39
2004;3;16;0;0;-3.2;-3.2;0;0;0;0;311.98;336.78;45.31;0.02;524.04;522.45;0.13;0;0.43
2004;3;17;0;0;-2.1;-2.1;0;0;0;0;311.98;336.78;45.2;0.02;524.04;522.45;0.13;0;0.52
2004;3;18;0;0;-2.1;-2.1;0;0;0;0;311.98;336.78;45.08;0.02;524.04;522.45;0.13;0;0.63
2004;3;19;0;0;-4;-4;0;0;0;0;311.98;336.78;44.97;0.02;524.04;522.45;0.13;0;0.68
2004;3;20;0.37;0.36;-4.1;-4.1;0;0;0;0;311.98;336.78;44.85;0.02;524.41;522.81;0.13;0;0.69
2004;3;21;3;3.01;-3.4;-3.4;0;0;0;0;311.98;336.78;44.74;0.02;527.4;525.82;0.13;0;0.78
2004;3;22;3.35;3.34;-8.6;-8.6;0;0;0;0;311.98;336.78;44.62;0.02;530.76;529.16;0.13;0;0.77
2004;3;23;9.81;9.62;-10.5;-10.5;0;0;0;0;311.98;336.78;44.51;0.02;540.57;538.78;0.13;0;0.65
2004;3;24;6.76;6.42;-11.6;-11.6;0;0;0;0;311.98;336.78;44.39;0.02;547.33;545.2;0.13;0;0.58
2004;3;25;4.53;4.41;-11.6;-11.6;0;0;0;0;311.98;336.78;44.28;0.02;551.86;549.61;0.13;0;0.52
2004;3;26;2.44;2.43;-12.5;-12.5;0;0;0;0;311.98;336.78;44.17;0.02;554.3;552.04;0.13;0;0.49
2004;3;27;0.6;0.62;-11.7;-11.7;0;0;0;0;311.98;336.78;44.05;0.02;554.91;552.66;0.13;0;0.47
2004;3;28;0;0;-10.1;-10.1;0;0;0;0;311.98;336.78;43.94;0.02;554.91;552.66;0.13;0;0.47
2004;3;29;0;0;-7.3;-7.3;0;0;0;0;311.98;336.78;43.83;0.02;554.91;552.66;0.13;0;0.49
2004;3;30;0.05;0.05;-5.5;-5.5;0;0;0;0;311.98;336.78;43.72;0.02;554.95;552.71;0.13;0;0.54
2004;3;31;0.01;0.01;-6.5;-6.5;0;0;0;0;311.98;336.78;43.6;0.02;554.96;552.72;0.13;0;0.6
2004;4;1;0;0;-6.5;-6.5;0;0;0;0;311.98;336.78;43.49;0.02;554.96;552.72;0.13;0;0.69
2004;4;2;0.05;0.06;-4.7;-4.7;0;0;0;0;311.98;336.78;43.38;0.02;555.02;552.77;0.13;0;0.78
2004;4;3;0.88;0.89;-4.1;-4.1;0;0;0;0;311.98;336.78;43.27;0.02;555.9;553.66;0.13;0;0.85
2004;4;4;1.32;1.36;-4.9;-4.9;0;0;0;0;311.98;336.78;43.16;0.02;557.22;555.02;0.13;0;0.89
2004;4;5;3.74;3.71;-6.5;-6.5;0;0;0;0;311.98;336.78;43.05;0.02;560.96;558.74;0.13;0;0.86
2004;4;6;4.92;4.91;-8.2;-8.2;0;0;0;0;311.98;336.78;42.94;0.02;565.87;563.64;0.13;0;0.77
2004;4;7;2.99;2.95;-12;-12;0;0;0;0;311.98;336.78;42.83;0.02;568.87;566.6;0.13;0;0.69
2004;4;8;0.18;0.17;-12.8;-12.8;0;0;0;0;311.98;336.78;42.72;0.02;569.04;566.76;0.13;0;0.63
2004;4;9;4.89;4.95;-10.8;-10.8;0;0;0;0;311.98;336.78;42.61;0.02;573.93;571.72;0.13;0;0.6
2004;4;10;4.76;4.73;-9.3;-9.3;0;0;0;0;311.98;336.78;42.5;0.02;578.7;576.45;0.13;0;0.59
2004;4;11;2.82;2.74;-9.5;-9.5;0;0;0;0;311.98;336.78;42.39;0.02;581.51;579.18;0.13;0;0.58
2004;4;12;0.68;0.65;-9.8;-9.8;0;0;0;0;311.98;336.78;42.28;0.02;582.19;579.84;0.12;0;0.57
2004;4;13;1.94;1.88;-8.4;-8.4;0;0;0;0;311.98;336.78;42.18;0.02;584.13;581.72;0.12;0;0.58
2004;4;14;0.05;0.05;-6.6;-6.6;0;0;0;0;311.98;336.78;42.07;0.02;584.19;581.76;0.12;0;0.6
2004;4;15;2.72;2.8;-6.3;-6.3;0;0;0;0;311.98;336.78;41.96;0.02;586.91;584.56;0.12;0;0.63
2004;4;16;0.89;0.94;-5.4;-5.4;0;0;0;0;311.98;336.78;41.85;0.02;587.79;585.5;0.12;0;0.67
2004;4;17;2.03;2.01;-3.4;-3.4;0;0;0;0;311.98;336.78;41.75;0.02;589.82;587.51;0.12;0;0.75
2004;4;18;1.7;1.73;-3.5;-3.5;0;0;0;0;311.98;336.78;41.64;0.02;591.52;589.24;0.12;0;0.91
2004;4;19;15.96;16.01;-5.3;-5.3;0;0;0;0;311.98;336.78;41.53;0.02;607.48;605.25;0.12;0;0.97
2004;4;20;0.04;0.04;-4.6;-4.6;0;0;0;0;311.98;336.78;41.43;0.02;607.52;605.29;0.12;0;0.92
2004;4;21;0;0;-2.6;-2.6;0;0;0;0;311.98;336.78;41.32;0.02;607.52;605.29;0.12;0;1.04
2004;4;22;0.2;0.21;-1.1;-1.1;0;0;0;0;311.98;336.78;41.22;0.02;607.73;605.5;0.12;0;1.37
2004;4;23;3.29;3.3;-1.8;-1.8;0;0;0;0;311.98;336.78;41.11;0.02;611.02;608.8;0.12;0;1.71
2004;4;24;1.34;1.22;-4.1;-4.1;0;0;0;0;311.98;336.78;41;0.02;612.36;610.02;0.12;0;1.87
2004;4;25;0.61;0.56;-6.3;-6.3;0;0;0;0;311.98;336.78;40.9;0.02;612.96;610.58;0.12;0;1.62
2004;4;26;0;0;-4.1;-4.1;0;0;0;0;311.98;336.78;40.79;0.02;612.96;610.58;0.12;0;1.6
2004;4;27;0.2;0.19;-2.7;-2.7;0;0;0;0;311.98;336.78;40.69;0.02;613.17;610.77;0.12;0;1.87
2004;4;28;0.07;0.08;-2.6;-2.6;0;0;0;0;311.98;336.78;40.59;0.02;613.24;610.85;0.12;0;1.85
2004;4;29;0.34;0.36;-2.5;-2.5;0;0;0;0;311.98;336.78;40.48;0.02;613.58;611.21;0.12;0;1.87
2004;4;30;1.35;1.41;-2.2;-2.2;0;0;0;0;311.98;336.78;40.38;0.02;614.93;612.62;0.12;0;1.72
2004;5;1;1.7;1.7;-2.4;-2.4;0;0;0;0;311.98;336.78;40.27;0.02;616.63;614.32;0.12;0;1.83
2004;5;2;2.1;2.08;-3.2;-3.2;0;0;0;0;311.98;336.78;40.17;0.02;618.73;616.4;0.12;0;1.79
2004;5;3;3.76;3.88;-3.4;-3.4;0;0;0;0;311.98;336.78;40.07;0.02;622.5;620.28;0.12;0;1.56
2004;5;4;4.78;4.94;-2.1;-2.1;0;0;0;0;311.98;336.78;39.97;0.02;627.27;625.22;0.12;0;1.51
2004;5;5;14.45;14.63;-3;-3;0;0;0;0;311.98;336.78;39.86;0.02;641.72;639.85;0.12;0;1.41
2004;5;6;18.81;18.86;-5.6;-5.6;0;0;0;0;311.98;336.78;39.76;0.02;660.53;658.71;0.12;0;1.15
2004;5;7;7.62;7.74;-7.8;-7.8;0;0;0;0;311.98;336.78;39.66;0.02;668.15;666.45;0.12;0;1.29
2004;5;8;0.95;0.86;-7.5;-7.5;0;0;0;0;311.98;336.78;39.56;0.02;669.1;667.31;0.12;0;1.23
2004;5;9;5.56;5.56;-6.8;-6.8;0;0;0;0;311.98;336.78;39.46;0.02;674.66;672.87;0.12;0;1.14
2004;5;10;0.32;0.29;-5.6;-5.6;0;0;0;0;311.98;336.78;39.36;0.02;674.99;673.16;0.12;0;1.05
2004;5;11;0.18;0.18;-4;-4;0;0;0;0;311.98;336.78;39.26;0.02;675.16;673.34;0.12;0;1.16
2004;5;12;3.19;3.18;-3.4;-3.4;0;0;0;0;311.98;336.78;39.16;0.02;678.36;676.52;0.12;0;1.51
2004;5;13;7.25;7.05;-3.4;-3.4;0;0;0;0;311.98;336.78;39.06;0.02;685.6;683.57;0.12;0;1.58
2004;5;14;0.03;0.02;-3;-3;0;0;0;0;311.98;336.78;38.96;0.02;685.63;683.59;0.12;0;1.64
2004;5;15;0.05;0.05;-1.9;-1.8;0;0;0;0;311.98;336.78;38.86;0.02;685.68;683.64;0.11;0;2
2004;5;16;3.72;3.56;-2.6;-2.6;0;0;0;0;311.98;336.78;38.76;0.02;689.4;687.2;0.11;0;2.04
2004;5;17;0;0;-1.7;-1.6;0;0;0;0;311.98;336.78;38.66;0.02;689.4;687.2;0.11;0;2.1
2004;5;18;0.01;0.01;-0.2;-0.1;0;0;0;0;311.98;336.78;38.56;0.02;689.41;687.21;0.11;0;2.64
2004;5;19;0;0;0.6;0.7;1.07;1.15;0.17;0.18;311.98;336.78;38.46;0.02;689.24;687.04;0.11;0;3.16
2004;5;20;0.09;0.09;2.3;2.3;2.02;2.02;0.32;0.31;312.52;337.39;39.65;1.49;685.73;683.1;0.36;0.25;3.44
2004;5;21;9.14;9.15;0.4;0.4;0.83;0.88;0.06;0.06;311.73;336.5;40.7;2.78;694.1;691.38;0.85;0.74;3.5
2004;5;22;4.14;4.06;-2.4;-2.3;0;0;0;0;311.73;336.5;40.45;2.6;698.24;695.44;0.53;0.42;3.27
2004;5;23;0.92;0.83;-5.7;-5.7;0;0;0;0;311.73;336.5;40.2;2.44;699.16;696.27;0.31;0.19;2.73
2004;5;24;0;0;-5.5;-5.4;0;0;0;0;311.73;336.5;39.97;2.28;699.16;696.27;0.27;0.16;2.34
2004;5;25;0;0;-2.5;-2.5;0;0;0;0;311.73;336.5;39.74;2.14;699.16;696.27;0.26;0.15;2.31
2004;5;26;0.63;0.66;-1.2;-1.2;0;0;0;0;311.73;336.5;39.52;2;699.78;696.93;0.25;0.14;2.54
2004;5;27;2.52;2.51;-1.8;-1.8;0;0;0;0;311.73;336.5;39.31;1.87;702.3;699.44;0.24;0.13;2.77
2004;5;28;4.92;4.85;-2.6;-2.6;0;0;0;0;311.73;336.5;39.11;1.76;707.22;704.29;0.23;0.12;2.81
2004;5;29;0;0;-2.8;-2.8;0;0;0;0;311.73;336.5;38.92;1.64;707.22;704.29;0.22;0.11;2.37
2004;5;30;0.06;0.06;-0.1;-0.1;0;0;0;0;311.73;336.5;38.73;1.54;707.28;704.35;0.22;0.11;2.5
2004;5;31;8.37;8.41;-0.4;-0.4;0;0;0;0;311.73;336.5;38.55;1.44;715.65;712.76;0.21;0.1;2.65
2004;6;1;5.8;5.73;-1.1;-1.1;0;0;0;0;311.73;336.5;38.37;1.35;721.46;718.49;0.2;0.09;2.57
2004;6;2;3.27;3.12;-1.2;-1.2;0;0;0;0;311.73;336.5;38.2;1.27;724.73;721.61;0.2;0.09;2.47
2004;6;3;12.97;12.56;-1.4;-1.4;0;0;0;0;311.73;336.5;38.04;1.19;737.69;734.17;0.19;0.08;2.29
2004;6;4;3.48;3.37;-0.2;-0.2;0;0;0;0;311.73;336.5;37.88;1.11;741.17;737.54;0.18;0.08;2.23
2004;6;5;7.46;7.38;-0.6;-0.6;0;0;0;0;311.73;336.5;37.72;1.04;748.63;744.92;0.18;0.07;2.42
2004;6;6;0.58;0.57;-0.1;0;0;0;0;0;311.73;336.5;37.57;0.98;749.22;745.49;0.17;0.07;2.56
2004;6;7;0.26;0.24;3.1;3.2;2.37;2.4;0.37;0.36;311.95;337;38.8;2.48;746.03;741.88;0.4;0.29;3.03
2004;6;8;1.06;1.11;4.7;4.8;2.9;2.92;0.43;0.42;317.57;343.62;39.96;3.89;733.12;727.23;2.49;2.37;3.99
2004;6;9;0.55;0.57;6.9;6.9;3.47;3.47;0.44;0.41;333.52;358.34;41.36;5.53;700.66;695.15;6.34;6.13;5.43
2004;6;10;1.35;1.4;7.1;7.2;3.54;3.54;0.42;0.4;347.39;370.26;43.23;7.67;670.75;666.89;9.29;8.86;6.99
2004;6;11;7.47;7.32;5.4;5.5;3.1;3.12;0.22;0.22;362.18;383.84;45.7;10.41;641.6;638.09;11.66;10.98;10.58
2004;6;12;7.65;7.77;2.1;2.1;1.95;1.97;0.14;0.13;364.54;386.2;48.6;13.56;639.02;635.45;10.12;9.32;13.66
2004;6;13;2.72;2.57;-1.6;-1.6;0;0;0;0;362.85;384.7;51.48;16.65;641.74;638.02;5.86;5.14;8.83
2004;6;14;0.01;0.01;1.3;1.3;1.54;1.56;0.2;0.19;362.5;384.55;54.02;19.35;638.11;634.23;3.8;3.23;5.52
2004;6;15;0.96;0.98;3.9;4;2.66;2.67;0.33;0.31;368.47;390.07;56.31;21.74;619.83;616.1;5.81;5.27;6.26
2004;6;16;4.79;4.75;2.4;2.4;2.08;2.1;0.19;0.18;371.18;392.63;58.54;24.05;612.92;609.18;7.29;6.69;6.97
2004;6;17;0.05;0.05;3.9;4;2.65;2.67;0.34;0.32;376.13;397.24;60.78;26.36;594.88;591.24;8.21;7.54;7.59
2004;6;18;1.34;1.29;3;3;2.32;2.33;0.22;0.2;378.56;399.14;63.04;28.66;584.86;581.92;8.23;7.49;8
2004;6;19;13.25;13.25;2.2;2.3;2.03;2.05;0.04;0.04;380.79;401.38;65.25;30.87;586.61;583.49;7.86;7.09;8.08
2004;6;20;12.65;12.65;-1.5;-1.5;0;0;0;0;379;399.82;67.27;32.86;599.25;596.14;6.07;5.36;7.18
2004;6;21;0.45;0.46;-1.5;-1.5;0;0;0;0;377.22;398.27;68.93;34.45;599.71;596.6;4.2;3.6;4.91
2004;6;22;5.95;6.14;1.7;1.7;1.76;1.78;0.12;0.1;376.75;398.06;70.22;35.65;601.75;598.56;4.17;3.66;4.42
2004;6;23;7.96;8.07;3.2;3.3;2.42;2.44;0.13;0.12;381.19;401.77;71.33;36.65;592.78;590.51;6.57;6.01;5.22
2004;6;24;2.97;2.97;3.8;3.9;2.62;2.64;0.22;0.2;385.01;404.92;72.52;37.72;579.79;578.39;8.75;8.03;8.27
2004;6;25;6.73;6.7;2.4;2.4;2.08;2.1;0.13;0.12;386.66;406.4;73.83;38.9;576.15;574.99;8.8;7.97;9.66
2004;6;26;0;0;4;4.1;2.69;2.71;0.28;0.25;389.6;408.88;75.22;40.13;561.78;561.26;8.85;7.98;9.17
2004;6;27;0.42;0.42;6.6;6.6;3.39;3.4;0.34;0.3;396.2;414.27;76.77;41.52;536.42;537.5;11.1;10.12;12.24
2004;6;28;1.8;1.75;6.7;6.8;3.43;3.45;0.32;0.28;403.12;420.08;78.69;43.26;509.38;511.84;14.13;12.9;29.37
2004;6;29;2.27;2.16;3.9;4;2.66;2.67;0.24;0.22;406.52;422.93;80.99;45.35;492.82;496.14;14.47;13.06;22.51
2004;6;30;0.08;0.09;6.3;6.4;3.34;3.35;0.25;0.2;411.99;427.43;83.55;47.66;465.85;470.78;15.04;13.53;15.98
2004;7;1;5.76;5.79;5.7;5.8;3.21;3.22;0.16;0.13;416.38;430.69;86.35;50.16;447.48;454.82;15.91;14.22;16.5
2004;7;2;6.28;6.24;3;3.1;2.36;2.39;0.11;0.09;417.48;431.51;89.23;52.68;441.05;449.4;14.35;12.57;15.42
2004;7;3;0.48;0.48;2.4;2.5;2.13;2.15;0.16;0.13;417.05;431.06;91.89;54.91;434.9;444;11.43;9.79;13.36
2004;7;4;2.1;2.19;5;5;3;3;0.2;0.16;419.09;432.41;94.23;56.77;420.68;431.9;11.11;9.58;13.52
2004;7;5;4.62;4.62;5.8;5.9;3.23;3.25;0.18;0.14;422.35;434.81;96.44;58.44;403.31;416.94;13.3;11.63;14.22
2004;7;6;8.35;8.59;5.5;5.6;3.15;3.17;0.13;0.1;426.06;437.79;98.75;60.16;386.23;402.17;15.87;13.94;19.47
2004;7;7;1.31;1.39;5.5;5.5;3.14;3.14;0.22;0.18;428.08;439.13;101.22;62;368.84;387.39;16.22;14.09;22.02
2004;7;8;7.81;7.94;5.2;5.2;3.07;3.06;0.13;0.1;431.24;441.54;103.81;63.89;351.72;373.02;16.77;14.49;25.85
2004;7;9;28.37;28.56;2;2.1;1.96;1.98;0;0;431.53;442.28;106.45;65.77;366.81;387.63;16.28;14.05;34.48
2004;7;10;6.33;6.29;0.3;0.3;0.69;0.78;0.05;0.06;429.49;440.69;108.82;67.38;372.4;393.09;12.31;10.47;17.2
2004;7;11;6.85;6.86;-1.1;-1.1;0;0;0;0;427.35;438.98;110.61;68.4;379.25;399.95;8.61;7.22;11.59
2004;7;12;4.59;4.55;-1.8;-1.8;0;0;0;0;425.22;437.28;111.74;68.77;383.84;404.5;6.99;5.89;7.96
2004;7;13;4.28;4.28;-1.3;-1.3;0;0;0;0;425.22;437.28;107.7;64.35;388.11;408.78;5.9;4.99;6.32
2004;7;14;0.09;0.08;0.6;0.6;1.06;1.09;0.14;0.13;423.95;435.85;107.74;64.54;386.82;407.32;5.66;4.92;5.27
2004;7;15;2.82;2.76;3.4;3.5;2.51;2.53;0.16;0.13;424.28;436.27;108.26;64.36;378.34;399.2;7.71;6.97;6.07
2004;7;16;6.76;6.81;5;5;2.99;3;0.14;0.11;426.68;438.12;108.77;64.22;364.93;387.81;11.28;10.23;10.57
2004;7;17;3.8;3.9;5.3;5.3;3.08;3.08;0.18;0.14;428.66;439.54;109.52;64.34;349.85;375.02;13.63;12.13;12.88
2004;7;18;1.99;2.07;6.4;6.4;3.38;3.38;0.23;0.18;430.98;441.13;110.61;64.77;330.81;358.93;14.83;12.94;14.59
2004;7;19;9.3;9.37;6.6;6.6;3.42;3.42;0.11;0.09;434.69;444.15;112.12;65.57;310.83;341.58;17.34;15.12;17.17
2004;7;20;2.72;2.78;7;7.1;3.54;3.55;0.2;0.18;436.88;446.03;114.09;66.78;290.02;322.57;18.77;16.31;20.83
2004;7;21;2.75;2.9;7.4;7.4;3.62;3.62;0.11;0.09;438.47;447.62;116.41;68.3;271.1;304.54;18.63;16.16;20.67
2004;7;22;1.5;1.55;8.8;8.8;3.93;3.93;0.11;0.11;438.62;447.98;118.85;69.93;258.54;292.35;17;14.73;20.11
2004;7;23;2.08;2.25;8.8;8.8;3.93;3.93;0.09;0.1;438.47;448.45;121.19;71.46;247.29;279.98;15.46;13.53;22.58
2004;7;24;19.91;19.65;5.6;5.6;3.16;3.17;0;0;440.68;450.89;123.47;72.98;240.1;271.84;18.32;15.72;19.24
2004;7;25;1.03;1.02;6;6;3.27;3.27;0.24;0.09;439.54;450.49;125.74;74.55;232.51;263.25;18.59;15.09;23.07
2004;7;26;6.34;6.18;3.5;3.5;2.53;2.53;0.11;0.05;438.8;450.18;127.76;75.9;228.99;259.26;15.8;12.64;16.95
2004;7;27;0.56;0.51;1.9;1.9;1.89;1.89;0.09;0.06;436.93;448.81;129.34;76.83;227.08;257.09;12.25;10.28;13.87
2004;7;28;0;0;4.5;4.5;2.85;2.85;0.15;0.09;435.46;447.94;130.4;77.27;221.82;251.14;10.74;8.86;13.18
2004;7;29;0;0;6;6;3.27;3.27;0.24;0.1;434.22;447.42;131.04;77.31;214.66;243.03;11.91;9.25;14.07
2004;7;30;0;0;7;7;3.52;3.52;0.26;0.11;433.21;447.15;131.41;77.12;206.15;233.4;13.03;9.97;15.69
2004;7;31;0.04;0.04;7.7;7.7;3.68;3.69;0.27;0.11;432.38;447.07;131.63;76.84;196.67;222.67;13.98;10.6;16.32
2004;8;1;0.43;0.4;7.6;7.6;3.36;3.36;0.23;0.1;431.65;447.05;131.78;76.54;187.22;211.97;14.52;11.03;17.12
2004;8;2;0.02;0.02;7.6;7.6;3.36;3.36;0.24;0.1;430.87;446.98;131.89;76.25;177.69;201.18;14.6;11.14;19.26
2004;8;3;1.81;1.82;7;7;3.23;3.23;0.2;0.09;430.34;447.08;131.99;75.99;168.82;191.14;14.72;11.32;17.95
2004;8;4;0.43;0.42;7.5;7.5;3.34;3.34;0.22;0.1;429.66;447.07;132.08;75.77;159.3;180.36;14.78;11.37;16.44
2004;8;5;2.66;2.29;7.5;7.6;3.36;3.36;0.17;0.09;429.57;447.39;132.2;75.59;149.59;169.36;15.17;11.72;17.93
2004;8;6;2.12;2.15;7.2;7.2;3.27;3.28;0.2;0.09;429.18;447.59;132.37;75.5;140.35;158.91;15.41;12;17.97
2004;8;7;12.12;12.15;5.8;5.8;2.96;2.96;0.06;0.02;430.48;449.03;132.66;75.56;132.81;150.36;16.85;13.64;19.68
2004;8;8;5.38;5.56;5.4;5.4;2.86;2.86;0.14;0.06;430.28;449.28;133.14;75.83;125.82;142.45;16.95;13.96;20.12
2004;8;9;0.32;0.3;6.2;6.2;3.05;3.05;0.2;0.09;429.33;448.9;133.67;76.16;117.83;133.41;15.3;12.33;18.08
2004;8;10;4.96;5.05;8.5;8.5;3.55;3.55;0.17;0.08;429.69;449.75;134.17;76.48;106.83;120.95;16.09;12.67;21.67
2004;8;11;8.96;8.93;8.6;8.6;3.56;3.57;0.11;0.05;430.84;451.14;134.78;76.93;95.64;108.28;18.73;14.86;19.85
2004;8;12;6.24;6.13;8.3;8.3;3.51;3.51;0.14;0.07;431.35;451.95;135.6;77.61;84.86;96.08;19.66;15.71;22.58
2004;8;13;1.03;1.03;5.3;5.3;2.83;2.83;0.17;0.08;430.3;451.4;136.48;78.36;78.01;88.32;17.2;13.81;22.78
2004;8;14;4.59;4.38;1.5;1.5;1.56;1.55;0.05;0.04;429.01;450.13;137.14;78.87;78.77;89.18;12.66;10.8;12.24
2004;8;15;1.1;1.05;4.8;4.8;2.69;2.7;0.11;0.08;427.83;449.31;137.44;78.99;73.96;83.73;10.76;9.26;12.48
2004;8;16;0.52;0.52;6.7;6.7;3.17;3.17;0.2;0.09;426.83;448.82;137.47;78.8;66.75;75.58;11.93;9.61;14.85
2004;8;17;0.98;1.03;6.4;6.4;3.11;3.1;0.19;0.09;425.93;448.43;137.32;78.45;59.59;67.47;12.86;10.16;16.03
2004;8;18;0.87;0.9;7.3;7.3;3.31;3.3;0.2;0.1;425.21;448.25;137.1;78.02;51.18;57.95;13.56;10.58;15.74
2004;8;19;0.74;0.76;8.4;8.4;3.53;3.53;0.21;0.1;424.71;448.3;136.87;77.59;41.28;46.74;14.5;11.17;20.23
2004;8;20;7.43;7.46;5.9;5.9;2.98;2.98;0.1;0.05;425.18;448.9;136.71;77.26;34.13;38.65;15.48;12.36;21.87
2004;8;21;12.89;12.84;1.1;1.1;1.35;1.34;0.04;0.03;424.14;447.8;136.6;76.99;42.42;47.12;12.96;11.18;11.72
2004;8;22;0.12;0.11;3.5;3.5;2.32;2.32;0.06;0.07;423.34;446.92;136.38;76.59;36.73;41.58;10.05;9.27;8.67
2004;8;23;0.33;0.34;6.2;6.2;3.04;3.05;0.13;0.09;422.31;446.3;136.01;76.02;30.64;34.69;10.41;8.84;11.4
2004;8;24;7.81;7.8;5.3;5.3;2.83;2.83;0.09;0.05;422.75;446.8;135.61;75.42;25.05;28.36;12.79;10.41;15.45
2004;8;25;4.83;4.82;4.9;4.9;2.72;2.73;0.12;0.06;422.52;446.76;135.31;74.92;19.66;22.26;13.61;11.28;14.11
2004;8;26;12.35;12.09;0.4;0.4;0.81;0.82;0.03;0.03;420.89;445.32;135.01;74.43;30.18;32.47;10.99;9.5;7.62
2004;8;27;0.36;0.34;2.7;2.7;2.05;2.05;0.08;0.06;420.63;444.62;134.59;73.8;23.38;26.38;9;8.26;5.1
2004;8;28;1.32;1.36;4.3;4.3;2.56;2.56;0.06;0.07;419.66;443.89;134.05;73.04;19.08;21.6;9.01;8.32;6.94
2004;8;29;8.46;8.39;3.8;3.8;2.42;2.41;0.05;0.04;420.05;444.2;133.52;72.29;15.74;17.82;10.65;9.38;8.41
2004;8;30;1.95;1.99;4;4;2.48;2.47;0.13;0.07;419.07;443.56;133.06;71.6;11.71;13.25;11.42;9.55;9.45
2004;8;31;2.81;2.78;2.9;2.9;2.12;2.12;0.08;0.05;418.03;442.68;132.59;70.92;9.69;10.97;9.96;8.64;9.71
2004;9;1;0.03;0.03;5.3;5.3;2.42;2.42;0.1;0.07;416.93;441.96;132.06;70.17;4.52;5.12;9.43;7.97;11.08
2004;9;2;0.5;0.51;6.8;6.8;2.72;2.72;0.08;0;415.81;441.22;131.46;69.37;0;0;10.31;7.89;12.3
2004;9;3;1.58;1.61;6;6;2.56;2.56;0.44;0.42;413.8;439.38;130.77;68.47;0;0;14.21;11.58;11.37
2004;9;4;0.86;0.89;5.5;5.5;2.46;2.46;0.8;0.83;411.26;437;129.94;67.42;0;0;13.78;11.31;11.39
2004;9;5;0.36;0.37;5.1;5.1;2.37;2.37;0.8;0.83;408.65;434.55;128.92;66.18;0;0;12.81;10.48;11.94
2004;9;6;0.2;0.18;6.2;6.2;2.6;2.6;0.89;0.92;405.94;431.97;127.75;64.76;0;0;13.39;10.96;12.98
2004;9;7;0.94;0.96;6.2;6.2;2.6;2.6;0.84;0.88;403.46;429.62;126.44;63.21;0;0;13.82;11.21;12.81
2004;9;8;0;0;5.5;5.5;2.46;2.46;0.84;0.88;400.77;427.06;125.05;61.57;0;0;13.14;10.6;11.35
2004;9;9;0;0;5.7;5.7;2.5;2.5;0.86;0.9;398.07;424.51;123.58;59.86;0;0;12.84;10.4;11.82
2004;9;10;0.06;0.06;6.5;6.5;2.66;2.66;0.91;0.95;395.36;421.92;122.06;58.09;0;0;13.52;10.94;11.72
2004;9;11;3.29;3.17;5.2;5.2;2.39;2.4;0.66;0.7;393.89;420.37;120.53;56.33;0;0;13.06;10.54;11.23
2004;9;12;8.53;8.57;2.8;2.8;1.78;1.78;0.15;0.16;394.45;420.75;119.13;54.7;0;0;8.66;7.17;7.66
2004;9;13;0.46;0.49;3;3;1.84;1.84;0.02;0;392.75;419.23;117.88;53.24;0;0;7.06;5.9;6.26
2004;9;14;18.2;18.33;3.2;3.2;1.91;1.9;0;0;396.32;422.24;116.86;52.03;0.24;0.27;9.42;7.73;7.15
2004;9;15;10.93;10.92;1.9;1.9;1.48;1.48;0.04;0.03;396.65;422.26;116.16;51.18;4.05;4.39;9.85;8.58;7.11
2004;9;16;1.66;1.65;0.5;0.5;0.78;0.78;0.05;0.04;395.21;420.89;115.65;50.52;4.45;4.89;7.22;6.51;4.4
2004;9;17;0;0;2.4;2.4;1.66;1.66;0.04;0.05;394.1;419.96;115.14;49.85;1.79;2.02;5.89;5.29;3.85
2004;9;18;0;0;4.5;4.5;2.24;2.23;0.03;0;392.72;418.84;114.57;49.13;0;0;6.03;4.84;3.97
2004;9;19;0.32;0.3;4.1;4.1;2.13;2.14;0.38;0.38;390.64;416.92;113.94;48.34;0;0;9.44;7.71;4.19
2004;9;20;0.3;0.32;4.2;4.2;2.16;2.16;0.72;0.76;388.22;414.62;113.21;47.46;0;0;9.65;7.88;4.91
2004;9;21;0.18;0.16;3;3;1.84;1.84;0.33;0.33;386.18;412.73;112.39;46.48;0;0;6.05;4.38;5.66
2004;9;22;1.34;1.31;-0.3;-0.3;0;0;0;0;384.42;411.12;111.5;45.44;1.34;1.31;4.76;3.74;3.55
2004;9;23;10.23;9.94;2;2;1.53;1.52;0.03;0.04;385.57;411.6;110.62;44.4;3.48;3.94;5.26;4.72;7.98
2004;9;24;9.37;9.01;-2.5;-2.4;0;0;0;0;383.81;410;109.82;43.45;12.85;12.96;5.23;4.69;5.94
2004;9;25;4.52;4.32;-5.3;-5.2;0;0;0;0;383.81;410;107.17;40.66;17.36;17.27;3.91;3.41;3.68
2004;9;26;1.8;1.7;-3.7;-3.6;0;0;0;0;383.81;410;104.68;38.04;19.17;18.98;3.11;2.71;3.16
2004;9;27;0.17;0.16;-1;-1;0;0;0;0;383.81;410;102.33;35.6;19.34;19.14;2.82;2.48;2.86
2004;9;28;0.08;0.08;0.1;0.2;0.45;0.5;0.07;0.08;383.92;410.12;100.13;33.31;18.98;18.71;2.64;2.32;2.7
2004;9;29;1.19;1.14;0;0.1;0.32;0.36;0.05;0.05;384.01;410.23;98.06;31.17;19.77;19.41;2.49;2.17;2.59
2004;9;30;0.57;0.53;1;1;1.06;1.09;0.1;0.1;385.03;411.22;96.11;29.17;16.98;16.41;2.52;2.2;2.62
2004;10;1;3.36;3.38;0.4;0.4;0.55;0.62;0.04;0.05;383.99;410.03;96.28;29.56;0.95;0.92;3.01;2.7;2.68
2004;10;2;0.02;0.02;1.3;1.3;1.08;1.09;0.11;0.1;382.26;408.46;96.5;29.79;0.79;0.76;3.07;2.76;2.57
2004;10;3;0.15;0.15;2.1;2.1;1.37;1.38;0;0;380.85;407.15;96.57;29.88;0;0;3.09;2.75;2.53
2004;10;4;0.05;0.06;4.1;4.1;1.89;1.89;0.3;0.31;378.83;405.27;96.54;29.84;0;0;6.3;5.38;2.59
2004;10;5;0;0;4.5;4.5;1.98;1.98;0.63;0.66;376.49;403.04;96.41;29.7;0;0;7.66;6.1;2.82
2004;10;6;1.58;1.62;3.4;3.4;1.73;1.73;0.27;0.26;375.06;401.72;96.2;29.48;0;0;4.86;3.27;3.04
2004;10;7;1.4;1.45;2.4;2.4;1.47;1.47;0.02;0;373.84;400.62;95.96;29.23;0;0;4.01;3.03;3.02
2004;10;8;1.73;1.77;3.3;3.3;1.7;1.71;0.02;0;372.74;399.63;95.72;28.96;0;0;3.91;2.99;3.14
2004;10;9;1.59;1.63;2.3;2.3;1.43;1.44;0.01;0;371.61;398.6;95.47;28.69;0;0;3.98;3.11;3.12
2004;10;10;7.48;7.43;1.5;1.5;1.17;1.17;0.05;0.04;371.68;398.46;95.24;28.45;2.88;3.08;3.93;3.45;2.98
2004;10;11;12.69;12.92;-0.2;-0.2;0;0;0;0;370;396.91;95.05;28.24;15.57;16;3.64;3.19;2.68
2004;10;12;4.48;4.53;-2.2;-2.2;0;0;0;0;368.34;395.37;94.83;28;20.06;20.53;3.07;2.64;2.61
2004;10;13;0.05;0.06;-3.3;-3.3;0;0;0;0;368.34;395.37;93.07;26.2;20.11;20.59;2.44;2.05;2.4
2004;10;14;0.86;0.89;-3.7;-3.7;0;0;0;0;368.34;395.37;91.4;24.52;20.97;21.48;2.07;1.73;2.25
2004;10;15;6.58;6.7;-4.3;-4.3;0;0;0;0;368.34;395.37;89.83;22.94;27.55;28.18;1.9;1.6;2.14
2004;10;16;13.1;13.06;-7.7;-7.7;0;0;0;0;368.34;395.37;88.35;21.47;40.65;41.24;1.79;1.49;2
2004;10;17;1.57;1.56;-10.4;-10.4;0;0;0;0;368.34;395.37;86.95;20.09;42.22;42.8;1.69;1.4;2.01
2004;10;18;0.02;0.02;-8.2;-8.2;0;0;0;0;368.34;395.37;85.64;18.8;42.23;42.82;1.59;1.31;1.98
2004;10;19;1.71;1.72;-3.2;-3.2;0;0;0;0;368.34;395.37;84.39;17.59;43.94;44.54;1.51;1.22;1.98
2004;10;20;0.28;0.28;0.6;0.6;0.74;0.76;0.12;0.11;368.7;395.79;83.22;16.46;43.02;43.47;1.42;1.14;2.08
2004;10;21;1.9;1.78;2.2;2.2;1.39;1.41;0.16;0.15;371.88;398.56;82.11;15.4;36.42;36.86;2.24;1.96;2.5
2004;10;22;2.59;2.6;1;1;0.96;0.96;0.08;0.08;373.1;399.58;81.06;14.42;35.71;36.26;2.66;2.36;2.36
2004;10;23;0;0;1.7;1.7;1.24;1.24;0.13;0.11;373.55;399.72;82.23;15.77;30;30.92;3.04;2.7;2.17
2004;10;24;0;0;2.2;2.2;1.4;1.41;0.11;0.09;374.22;399.8;83.32;17.01;24.04;25.78;3.72;3.29;2.06
2004;10;25;0.16;0.17;1.5;1.5;1.16;1.17;0.08;0.07;373.98;399.32;84.35;18.17;20.39;22.54;3.81;3.29;1.94
2004;10;26;5.66;5.84;1.2;1.1;1.04;1.01;0.04;0.04;373.74;398.85;85.3;19.23;22.29;25.03;3.67;3.13;2.24
2004;10;27;6.74;6.95;0.4;0.4;0.65;0.62;0.05;0.04;372.74;397.77;86.16;20.18;27.25;30.49;3.37;2.83;3.1
2004;10;28;1.74;1.8;-0.6;-0.6;0;0;0;0;371.04;396.22;86.89;20.97;28.98;32.29;2.86;2.34;2.48
2004;10;29;5.88;6.01;-0.7;-0.7;0;0;0;0;369.35;394.68;87.47;21.58;34.86;38.3;2.52;2.05;2.29
2004;10;30;0.64;0.67;-1.7;-1.7;0;0;0;0;369.35;394.68;86.06;20.19;35.5;38.97;2.03;1.6;2.13
2004;10;31;18.88;19.07;-1.7;-1.7;0;0;0;0;369.35;394.68;84.75;18.9;54.39;58.04;1.7;1.34;2.17
2004;11;1;6.69;6.88;0.3;0.3;0.44;0.45;0.04;0.04;369.51;394.87;83.5;17.68;60.56;64.34;1.55;1.23;4.7
2004;11;2;2.23;2.28;1;1;0.8;0.8;0.09;0.08;370.77;395.95;82.32;16.55;59.42;63.35;1.59;1.29;7.11
2004;11;3;0.1;0.1;0.1;0.1;0.24;0.27;0.03;0.03;369.49;394.49;83.1;17.63;59.27;63.18;1.9;1.6;4.18
2004;11;4;1.25;1.26;-0.6;-0.6;0;0;0;0;369.49;394.49;81.93;16.5;60.52;64.44;1.63;1.33;3.49
2004;11;5;3.65;3.6;-1.9;-1.9;0;0;0;0;369.49;394.49;80.82;15.44;64.18;68.03;1.39;1.09;3.07
2004;11;6;0.26;0.25;-4.8;-4.8;0;0;0;0;369.49;394.49;79.78;14.45;64.44;68.28;1.3;1;2.62
2004;11;7;5.74;5.64;-9.9;-9.9;0;0;0;0;369.49;394.49;78.79;13.52;70.18;73.92;1.23;0.94;2.35
2004;11;8;0.42;0.39;-13.9;-13.8;0;0;0;0;369.49;394.49;77.85;12.65;70.6;74.31;1.16;0.88;2.25
2004;11;9;0.01;0.01;-14.9;-14.8;0;0;0;0;369.49;394.49;76.96;11.84;70.61;74.33;1.1;0.82;2.13
2004;11;10;5.04;5.13;-10.8;-10.7;0;0;0;0;369.49;394.49;76.12;11.08;75.66;79.45;1.05;0.77;2.11
2004;11;11;1.85;1.9;-9.1;-9.1;0;0;0;0;369.49;394.49;75.32;10.37;77.5;81.36;0.99;0.72;2.04
2004;11;12;0.04;0.04;-7.5;-7.5;0;0;0;0;369.49;394.49;74.57;9.7;77.54;81.39;0.94;0.67;1.98
2004;11;13;1.54;1.42;-13.3;-13.3;0;0;0;0;369.49;394.49;73.85;9.08;79.08;82.81;0.89;0.63;1.87
2004;11;14;1.28;1.21;-16.1;-16.1;0;0;0;0;369.49;394.49;73.17;8.5;80.36;84.03;0.85;0.59;1.82
2004;11;15;0.11;0.11;-12.5;-12.5;0;0;0;0;369.49;394.49;72.52;7.96;80.47;84.14;0.81;0.55;1.83
2004;11;16;0;0;-9.8;-9.8;0;0;0;0;369.49;394.49;71.9;7.45;80.47;84.14;0.77;0.52;1.75
2004;11;17;0;0;-9;-9;0;0;0;0;369.49;394.49;71.31;6.97;80.47;84.14;0.73;0.48;1.76
2004;11;18;0;0;-11.4;-11.4;0;0;0;0;369.49;394.49;70.75;6.52;80.47;84.14;0.7;0.45;1.69
2004;11;19;10.38;10.23;-14.4;-14.4;0;0;0;0;369.49;394.49;70.22;6.11;90.84;94.36;0.67;0.42;1.63
2004;11;20;2.99;2.91;-19.1;-19.1;0;0;0;0;369.49;394.49;69.71;5.72;93.84;97.28;0.64;0.4;1.55
2004;11;21;0.42;0.41;-17.4;-17.4;0;0;0;0;369.49;394.49;69.22;5.35;94.26;97.69;0.61;0.37;1.45
2004;11;22;0.75;0.74;-9.6;-9.6;0;0;0;0;369.49;394.49;68.75;5.01;95.01;98.42;0.58;0.35;1.5
2004;11;23;2.07;1.97;-8.3;-8.3;0;0;0;0;369.49;394.49;68.3;4.69;97.08;100.39;0.56;0.33;1.45
2004;11;24;0.42;0.4;-7.8;-7.8;0;0;0;0;369.49;394.49;67.88;4.39;97.5;100.79;0.53;0.31;1.41
2004;11;25;0;0;-9.5;-9.4;0;0;0;0;369.49;394.49;67.46;4.11;97.5;100.79;0.51;0.29;1.38
2004;11;26;0;0;-9.8;-9.7;0;0;0;0;369.49;394.49;67.07;3.85;97.5;100.79;0.49;0.27;1.35
2004;11;27;0.11;0.1;-11.8;-11.7;0;0;0;0;369.49;394.49;66.69;3.6;97.61;100.89;0.47;0.25;1.32
2004;11;28;0.23;0.23;-13;-12.9;0;0;0;0;369.49;394.49;66.32;3.37;97.84;101.12;0.45;0.23;1.31
2004;11;29;3.46;3.56;-8.7;-8.7;0;0;0;0;369.49;394.49;65.97;3.16;101.3;104.68;0.44;0.22;1.31
2004;11;30;7.2;7.41;-8;-8;0;0;0;0;369.49;394.49;65.63;2.96;108.5;112.09;0.42;0.21;1.3
2004;12;1;2.06;2.14;-13;-13;0;0;0;0;369.49;394.49;65.31;2.77;110.55;114.23;0.4;0.19;1.29
2004;12;2;0.32;0.34;-12.3;-12.3;0;0;0;0;369.49;394.49;64.99;2.59;110.88;114.57;0.39;0.18;1.28
2004;12;3;0.08;0.09;-12.2;-12.2;0;0;0;0;369.49;394.49;64.68;2.43;110.96;114.66;0.38;0.17;1.26
2004;12;4;0;0;-15.3;-15.3;0;0;0;0;369.49;394.49;64.39;2.27;110.96;114.66;0.36;0.16;1.25
2004;12;5;0.11;0.11;-11;-11;0;0;0;0;369.49;394.49;64.1;2.13;111.06;114.77;0.35;0.15;1.23
2004;12;6;0;0;-11.1;-11.1;0;0;0;0;369.49;394.49;63.82;2;111.06;114.77;0.34;0.14;1.22
2004;12;7;0;0;-10;-10;0;0;0;0;369.49;394.49;63.55;1.87;111.06;114.77;0.33;0.13;1.2
2004;12;8;0;0;-10.6;-10.6;0;0;0;0;369.49;394.49;63.29;1.75;111.06;114.77;0.32;0.12;1.19
2004;12;9;0;0;-10.6;-10.6;0;0;0;0;369.49;394.49;63.03;1.64;111.06;114.77;0.31;0.11;1.17
2004;12;10;0;0;-11.9;-11.9;0;0;0;0;369.49;394.49;62.79;1.54;111.06;114.77;0.3;0.11;1.16
2004;12;11;0;0;-10.2;-10.2;0;0;0;0;369.49;394.49;62.54;1.44;111.06;114.77;0.3;0.1;1.14
2004;12;12;0;0;-11.2;-11.2;0;0;0;0;369.49;394.49;62.31;1.35;111.06;114.77;0.29;0.09;1.13
2004;12;13;0;0;-12;-12;0;0;0;0;369.49;394.49;62.08;1.27;111.06;114.77;0.28;0.09;1.11
2004;12;14;0;0;-13.1;-13.1;0;0;0;0;369.49;394.49;61.85;1.19;111.06;114.77;0.27;0.08;1.1
2004;12;15;0;0;-13.7;-13.7;0;0;0;0;369.49;394.49;61.63;1.11;111.06;114.77;0.27;0.08;1.09
2004;12;16;0.28;0.29;-14.2;-14.2;0;0;0;0;369.49;394.49;61.41;1.04;111.34;115.06;0.26;0.07;1.07
2004;12;17;2.53;2.51;-12.5;-12.5;0;0;0;0;369.49;394.49;61.2;0.98;113.87;117.57;0.26;0.07;1.05
2004;12;18;4.92;4.77;-16.6;-16.6;0;0;0;0;369.49;394.49;60.99;0.92;118.79;122.34;0.25;0.06;1.04
2004;12;19;10.15;9.92;-15.3;-15.3;0;0;0;0;369.49;394.49;60.79;0.86;128.94;132.26;0.25;0.06;1.02
2004;12;20;0.11;0.11;-16.8;-16.8;0;0;0;0;369.49;394.49;60.59;0.81;129.05;132.37;0.24;0.06;1.01
2004;12;21;0;0;-21.5;-21.5;0;0;0;0;369.49;394.49;60.39;0.76;129.05;132.37;0.24;0.05;0.99
2004;12;22;0.01;0.01;-22.2;-22.2;0;0;0;0;369.49;394.49;60.2;0.71;129.06;132.38;0.23;0.05;0.98
2004;12;23;0.72;0.72;-12.8;-12.8;0;0;0;0;369.49;394.49;60.01;0.67;129.78;133.1;0.23;0.05;0.96
2004;12;24;0.02;0.02;-13.7;-13.7;0;0;0;0;369.49;394.49;59.82;0.63;129.8;133.12;0.23;0.04;0.95
2004;12;25;2.38;2.46;-11;-11;0;0;0;0;369.49;394.49;59.63;0.59;132.18;135.58;0.22;0.04;0.94
2004;12;26;11.01;11.23;-9.8;-9.7;0;0;0;0;369.49;394.49;59.45;0.55;143.19;146.81;0.22;0.04;0.92
2004;12;27;0.92;0.88;-11.1;-11.1;0;0;0;0;369.49;394.49;59.27;0.52;144.11;147.69;0.22;0.04;0.9
2004;12;28;2.45;2.42;-13.6;-13.6;0;0;0;0;369.49;394.49;59.09;0.49;146.56;150.11;0.21;0.03;0.89
2004;12;29;2.13;2.04;-15.9;-15.9;0;0;0;0;369.49;394.49;58.91;0.46;148.69;152.15;0.21;0.03;0.88
2004;12;30;0;0;-16.6;-16.6;0;0;0;0;369.49;394.49;58.74;0.43;148.69;152.15;0.21;0.03;0.86
2004;12;31;0.19;0.18;-12.3;-12.3;0;0;0;0;369.49;394.49;58.57;0.41;148.88;152.33;0.2;0.03;0.85
2005;1;1;1.09;1.05;-11.2;-11.2;0;0;0;0;369.49;394.49;58.4;0.38;149.96;153.38;0.2;0.03;0.83
2005;1;2;4.06;3.92;-12.5;-12.5;0;0;0;0;369.49;394.49;58.23;0.36;154.03;157.3;0.2;0.03;0.81
2005;1;3;1.21;1.16;-15.2;-15.2;0;0;0;0;369.49;394.49;58.06;0.34;155.24;158.46;0.2;0.02;0.8
2005;1;4;0.03;0.03;-14.1;-14.1;0;0;0;0;369.49;394.49;57.9;0.32;155.27;158.49;0.2;0.02;0.79
2005;1;5;0.02;0.02;-12.7;-12.7;0;0;0;0;369.49;394.49;57.73;0.3;155.29;158.51;0.19;0.02;0.78
2005;1;6;4.15;4.09;-11.3;-11.3;0;0;0;0;369.49;394.49;57.57;0.28;159.44;162.6;0.19;0.02;0.77
2005;1;7;0;0;-12.2;-12.2;0;0;0;0;369.49;394.49;57.41;0.27;159.44;162.6;0.19;0.02;0.76
2005;1;8;0;0;-9.5;-9.5;0;0;0;0;369.49;394.49;57.25;0.25;159.44;162.6;0.19;0.02;0.75
2005;1;9;0;0;-10.9;-10.9;0;0;0;0;369.49;394.49;57.09;0.24;159.44;162.6;0.19;0.02;0.75
2005;1;10;0;0;-9.2;-9.2;0;0;0;0;369.49;394.49;56.94;0.23;159.44;162.6;0.18;0.02;0.74
2005;1;11;0;0;-11.7;-11.7;0;0;0;0;369.49;394.49;56.78;0.22;159.44;162.6;0.18;0.01;0.73
2005;1;12;0.01;0.01;-12.4;-12.4;0;0;0;0;369.49;394.49;56.62;0.2;159.45;162.61;0.18;0.01;0.72
2005;1;13;1.98;1.94;-13.5;-13.5;0;0;0;0;369.49;394.49;56.47;0.19;161.42;164.55;0.18;0.01;0.71
2005;1;14;0.02;0.02;-16.7;-16.7;0;0;0;0;369.49;394.49;56.32;0.18;161.44;164.57;0.18;0.01;0.7
2005;1;15;0;0;-15.8;-15.8;0;0;0;0;369.49;394.49;56.17;0.17;161.44;164.57;0.18;0.01;0.69
2005;1;16;0;0;-12.7;-12.7;0;0;0;0;369.49;394.49;56.02;0.16;161.44;164.57;0.18;0.01;0.68
2005;1;17;0;0;-13.9;-13.9;0;0;0;0;369.49;394.49;55.86;0.16;161.44;164.57;0.18;0.01;0.67
2005;1;18;4.2;4.14;-15.1;-15;0;0;0;0;369.49;394.49;55.72;0.15;165.65;168.71;0.17;0.01;0.67
2005;1;19;0.56;0.54;-16.7;-16.6;0;0;0;0;369.49;394.49;55.57;0.14;166.21;169.25;0.17;0.01;0.66
2005;1;20;12.46;12.29;-14.2;-14.2;0;0;0;0;369.49;394.49;55.42;0.13;178.66;181.54;0.17;0.01;0.65
2005;1;21;21.25;21.03;-11.3;-11.3;0;0;0;0;369.49;394.49;55.27;0.13;199.92;202.57;0.17;0.01;0.64
2005;1;22;4.98;4.91;-16.8;-16.8;0;0;0;0;369.49;394.49;55.12;0.12;204.9;207.48;0.17;0.01;0.63
2005;1;23;1.1;1.11;-18.8;-18.8;0;0;0;0;369.49;394.49;54.98;0.12;206;208.59;0.17;0.01;0.62
2005;1;24;2.15;2.04;-21.8;-21.8;0;0;0;0;369.49;394.49;54.83;0.11;208.14;210.63;0.17;0.01;0.61
2005;1;25;1.73;1.63;-24.3;-24.3;0;0;0;0;369.49;394.49;54.69;0.11;209.87;212.26;0.17;0.01;0.6
2005;1;26;0.88;0.82;-22.9;-22.9;0;0;0;0;369.49;394.49;54.55;0.1;210.75;213.08;0.17;0.01;0.59
2005;1;27;0.25;0.23;-22.1;-22.1;0;0;0;0;369.49;394.49;54.4;0.1;211;213.31;0.17;0.01;0.58
2005;1;28;0.3;0.28;-26.2;-26.2;0;0;0;0;369.49;394.49;54.26;0.09;211.29;213.59;0.17;0.01;0.58
2005;1;29;0.04;0.04;-24;-24;0;0;0;0;369.49;394.49;54.12;0.09;211.33;213.63;0.17;0.01;0.57
2005;1;30;0;0;-21.1;-21.1;0;0;0;0;369.49;394.49;53.98;0.09;211.33;213.63;0.16;0.01;0.56
2005;1;31;3.41;3.34;-15.7;-15.7;0;0;0;0;369.49;394.49;53.84;0.08;214.74;216.97;0.16;0.01;0.55
2005;2;1;10.24;10.11;-17;-17;0;0;0;0;369.49;394.49;53.7;0.08;224.98;227.08;0.16;0.01;0.54
2005;2;2;5.45;5.3;-18.7;-18.7;0;0;0;0;369.49;394.49;53.56;0.08;230.43;232.38;0.16;0.01;0.53
2005;2;3;1.1;1.04;-13.9;-13.9;0;0;0;0;369.49;394.49;53.42;0.07;231.53;233.42;0.16;0.01;0.52
2005;2;4;0.02;0.02;-14.4;-14.4;0;0;0;0;369.49;394.49;53.28;0.07;231.55;233.44;0.16;0;0.52
2005;2;5;0;0;-15.3;-15.3;0;0;0;0;369.49;394.49;53.14;0.07;231.55;233.44;0.16;0;0.51
2005;2;6;0;0;-16.7;-16.7;0;0;0;0;369.49;394.49;53;0.07;231.55;233.44;0.16;0;0.51
2005;2;7;0;0;-17.8;-17.8;0;0;0;0;369.49;394.49;52.86;0.06;231.55;233.44;0.16;0;0.5
2005;2;8;0;0;-19.1;-19.1;0;0;0;0;369.49;394.49;52.73;0.06;231.55;233.44;0.16;0;0.5
2005;2;9;0;0;-17.2;-17.2;0;0;0;0;369.49;394.49;52.59;0.06;231.55;233.44;0.16;0;0.49
2005;2;10;1.39;1.36;-16.9;-16.9;0;0;0;0;369.49;394.49;52.45;0.06;232.94;234.8;0.16;0;0.49
2005;2;11;3.29;3.21;-10;-10;0;0;0;0;369.49;394.49;52.32;0.06;236.23;238.01;0.16;0;0.48
2005;2;12;9.04;8.95;-5.9;-5.9;0;0;0;0;369.49;394.49;52.18;0.06;245.28;246.96;0.16;0;0.48
2005;2;13;8.86;8.73;-14;-14;0;0;0;0;369.49;394.49;52.05;0.06;254.13;255.69;0.16;0;0.47
2005;2;14;2.38;2.27;-18.5;-18.5;0;0;0;0;369.49;394.49;51.91;0.05;256.51;257.96;0.16;0;0.47
2005;2;15;2.35;2.22;-20.1;-20.1;0;0;0;0;369.49;394.49;51.78;0.05;258.85;260.18;0.15;0;0.46
2005;2;16;2.82;2.71;-19.3;-19.3;0;0;0;0;369.49;394.49;51.65;0.05;261.67;262.89;0.15;0;0.45
2005;2;17;0.06;0.05;-17.7;-17.8;0;0;0;0;369.49;394.49;51.52;0.05;261.73;262.94;0.15;0;0.45
2005;2;18;0;0;-18.2;-18.2;0;0;0;0;369.49;394.49;51.38;0.05;261.73;262.94;0.15;0;0.44
2005;2;19;0.39;0.37;-17.4;-17.4;0;0;0;0;369.49;394.49;51.25;0.05;262.12;263.31;0.15;0;0.44
2005;2;20;2.48;2.44;-18.7;-18.7;0;0;0;0;369.49;394.49;51.12;0.05;264.6;265.75;0.15;0;0.43
2005;2;21;2.52;2.5;-17.3;-17.3;0;0;0;0;369.49;394.49;50.99;0.05;267.12;268.25;0.15;0;0.43
2005;2;22;1.09;1.08;-17.8;-17.8;0;0;0;0;369.49;394.49;50.86;0.05;268.21;269.33;0.15;0;0.42
2005;2;23;0.23;0.23;-19.5;-19.5;0;0;0;0;369.49;394.49;50.73;0.05;268.44;269.56;0.15;0;0.42
2005;2;24;0;0;-19.4;-19.4;0;0;0;0;369.49;394.49;50.59;0.04;268.44;269.56;0.15;0;0.41
2005;2;25;0.02;0.02;-19.6;-19.6;0;0;0;0;369.49;394.49;50.47;0.04;268.45;269.58;0.15;0;0.41
2005;2;26;0.11;0.1;-19.3;-19.3;0;0;0;0;369.49;394.49;50.34;0.04;268.57;269.68;0.15;0;0.4
2005;2;27;1.26;1.2;-22.2;-22.2;0;0;0;0;369.49;394.49;50.21;0.04;269.82;270.88;0.15;0;0.4
2005;2;28;0.25;0.25;-24.3;-24.3;0;0;0;0;369.49;394.49;50.08;0.04;270.08;271.13;0.15;0;0.39
2005;3;1;0;0;-22.2;-22.2;0;0;0;0;369.49;394.49;49.95;0.04;270.08;271.13;0.15;0;0.38
2005;3;2;0;0;-18.9;-18.9;0;0;0;0;369.49;394.49;49.82;0.04;270.08;271.13;0.15;0;0.38
2005;3;3;2.01;2.03;-18;-18;0;0;0;0;369.49;394.49;49.69;0.04;272.09;273.16;0.15;0;0.37
2005;3;4;0.34;0.33;-18.2;-18.2;0;0;0;0;369.49;394.49;49.56;0.04;272.43;273.49;0.15;0;0.37
2005;3;5;0.71;0.68;-19.6;-19.6;0;0;0;0;369.49;394.49;49.44;0.04;273.14;274.17;0.15;0;0.36
2005;3;6;1.54;1.46;-19.9;-19.9;0;0;0;0;369.49;394.49;49.31;0.04;274.68;275.63;0.15;0;0.36
2005;3;7;0.36;0.34;-21.1;-21.1;0;0;0;0;369.49;394.49;49.19;0.04;275.04;275.97;0.15;0;0.35
2005;3;8;1.44;1.38;-17.6;-17.6;0;0;0;0;369.49;394.49;49.06;0.04;276.48;277.35;0.15;0;0.35
2005;3;9;2.77;2.65;-15.5;-15.5;0;0;0;0;369.49;394.49;48.93;0.04;279.25;280;0.15;0;0.34
2005;3;10;0.71;0.66;-15.6;-15.6;0;0;0;0;369.49;394.49;48.81;0.04;279.96;280.66;0.14;0;0.34
2005;3;11;0;0;-14.3;-14.3;0;0;0;0;369.49;394.49;48.68;0.04;279.96;280.66;0.14;0;0.33
2005;3;12;2;1.91;-14.7;-14.7;0;0;0;0;369.49;394.49;48.56;0.04;281.96;282.57;0.14;0;0.32
2005;3;13;0.08;0.08;-14.9;-14.9;0;0;0;0;369.49;394.49;48.43;0.04;282.04;282.65;0.14;0;0.32
2005;3;14;0.03;0.03;-11;-11;0;0;0;0;369.49;394.49;48.31;0.04;282.07;282.68;0.14;0;0.31
2005;3;15;0.05;0.05;-8.1;-8.1;0;0;0;0;369.49;394.49;48.19;0.04;282.12;282.73;0.14;0;0.38
2005;3;16;0;0;-5.1;-5.1;0;0;0;0;369.49;394.49;48.06;0.04;282.12;282.73;0.14;0;0.48
2005;3;17;0;0;-4.2;-4.2;0;0;0;0;369.49;394.49;47.94;0.04;282.12;282.73;0.14;0;0.6
2005;3;18;0;0;-3.4;-3.4;0;0;0;0;369.49;394.49;47.82;0.04;282.12;282.73;0.14;0;0.8
2005;3;19;0.97;0.87;-3.2;-3.2;0;0;0;0;369.49;394.49;47.69;0.04;283.09;283.6;0.14;0;0.83
2005;3;20;0;0;-3.8;-3.8;0;0;0;0;369.49;394.49;47.57;0.04;283.09;283.6;0.14;0;1.07
2005;3;21;0.02;0.02;-2.5;-2.5;0;0;0;0;369.49;394.49;47.45;0.04;283.11;283.62;0.14;0;1.21
2005;3;22;0.01;0.01;-0.9;-0.9;0;0;0;0;369.49;394.49;47.33;0.04;283.12;283.63;0.14;0;1.19
2005;3;23;0.74;0.72;-1.4;-1.4;0;0;0;0;369.49;394.49;47.21;0.04;283.85;284.35;0.14;0;1.23
2005;3;24;0.78;0.8;-1.3;-1.3;0;0;0;0;369.49;394.49;47.09;0.04;284.63;285.15;0.14;0;1.43
2005;3;25;4.79;4.73;-2.8;-2.8;0;0;0;0;369.49;394.49;46.97;0.04;289.42;289.88;0.14;0;1.26
2005;3;26;0.83;0.88;-3.4;-3.4;0;0;0;0;369.49;394.49;46.85;0.04;290.25;290.76;0.14;0;0.94
2005;3;27;5.2;5.12;-3.8;-3.8;0;0;0;0;369.49;394.49;46.73;0.04;295.45;295.88;0.14;0;1.15
2005;3;28;1.17;1.12;-4;-4;0;0;0;0;369.49;394.49;46.61;0.04;296.62;297;0.14;0;1.04
2005;3;29;2.55;2.54;-5;-5;0;0;0;0;369.49;394.49;46.49;0.04;299.17;299.54;0.14;0;0.91
2005;3;30;6.91;6.79;-4.4;-4.4;0;0;0;0;369.49;394.49;46.37;0.04;306.08;306.33;0.14;0;0.88
2005;3;31;4.13;4.16;-4.7;-4.7;0;0;0;0;369.49;394.49;46.25;0.04;310.21;310.49;0.14;0;0.85
2005;4;1;0.02;0.02;-6.2;-6.2;0;0;0;0;369.49;394.49;46.13;0.04;310.23;310.51;0.14;0;0.85
2005;4;2;0.04;0.04;-5;-5;0;0;0;0;369.49;394.49;46.01;0.04;310.27;310.55;0.14;0;0.87
2005;4;3;0;0;-5.9;-5.9;0;0;0;0;369.49;394.49;45.9;0.04;310.27;310.55;0.14;0;0.9
2005;4;4;0;0;-6.3;-6.3;0;0;0;0;369.49;394.49;45.78;0.04;310.27;310.55;0.14;0;0.93
2005;4;5;0.02;0.02;-5.9;-5.9;0;0;0;0;369.49;394.49;45.66;0.04;310.28;310.57;0.14;0;0.97
2005;4;6;0;0;-4.4;-4.4;0;0;0;0;369.49;394.49;45.54;0.04;310.28;310.57;0.14;0;1.05
2005;4;7;2.12;2.18;-4;-4;0;0;0;0;369.49;394.49;45.43;0.04;312.4;312.75;0.13;0;1.05
2005;4;8;14.6;14.62;-4.5;-4.5;0;0;0;0;369.49;394.49;45.31;0.04;327;327.37;0.13;0;0.95
2005;4;9;15.38;15.37;-7.5;-7.5;0;0;0;0;369.49;394.49;45.2;0.04;342.38;342.74;0.13;0;0.85
2005;4;10;1.42;1.38;-8.6;-8.6;0;0;0;0;369.49;394.49;45.08;0.04;343.8;344.12;0.13;0;0.84
2005;4;11;1.31;1.34;-5.4;-5.4;0;0;0;0;369.49;394.49;44.96;0.04;345.11;345.46;0.13;0;0.79
2005;4;12;6.03;6.07;-5.1;-5.1;0;0;0;0;369.49;394.49;44.85;0.04;351.14;351.53;0.13;0;0.8
2005;4;13;0.5;0.47;-3.7;-3.7;0;0;0;0;369.49;394.49;44.73;0.04;351.64;352;0.13;0;0.92
2005;4;14;0.05;0.06;-4.2;-4.2;0;0;0;0;369.49;394.49;44.62;0.04;351.69;352.06;0.13;0;0.97
2005;4;15;0.32;0.33;-4.5;-4.5;0;0;0;0;369.49;394.49;44.51;0.04;352.01;352.39;0.13;0;1.02
2005;4;16;11.01;11.27;-5;-5;0;0;0;0;369.49;394.49;44.39;0.04;363.01;363.66;0.13;0;0.99
2005;4;17;2;1.95;-8.3;-8.3;0;0;0;0;369.49;394.49;44.28;0.04;365.01;365.61;0.13;0;0.93
2005;4;18;3.27;3.24;-5.8;-5.8;0;0;0;0;369.49;394.49;44.16;0.04;368.28;368.85;0.13;0;0.93
2005;4;19;15.62;15.57;-5.3;-5.3;0;0;0;0;369.49;394.49;44.05;0.04;383.9;384.42;0.13;0;0.94
2005;4;20;7.13;6.85;-6.9;-6.9;0;0;0;0;369.49;394.49;43.94;0.04;391.03;391.27;0.13;0;0.94
2005;4;21;1;0.93;-8.1;-8;0;0;0;0;369.49;394.49;43.83;0.04;392.03;392.2;0.13;0;0.9
2005;4;22;0;0;-7.5;-7.5;0;0;0;0;369.49;394.49;43.71;0.04;392.03;392.19;0.13;0;0.88
2005;4;23;0.77;0.78;-5.7;-5.7;0;0;0;0;369.49;394.49;43.6;0.04;392.8;392.98;0.13;0;0.88
2005;4;24;2.39;2.48;-4;-4;0;0;0;0;369.49;394.49;43.49;0.04;395.19;395.45;0.13;0;0.87
2005;4;25;9.75;9.74;-4.5;-4.5;0;0;0;0;369.49;394.49;43.38;0.04;404.94;405.19;0.13;0;0.87
2005;4;26;0.69;0.64;-3.5;-3.5;0;0;0;0;369.49;394.49;43.27;0.04;405.63;405.83;0.13;0;1
2005;4;27;2.67;2.64;-2.6;-2.6;0;0;0;0;369.49;394.49;43.16;0.04;408.3;408.48;0.13;0;1.21
2005;4;28;0.64;0.59;-2.5;-2.5;0;0;0;0;369.49;394.49;43.05;0.04;408.94;409.06;0.13;0;1.23
2005;4;29;0.76;0.73;-1.3;-1.3;0;0;0;0;369.49;394.49;42.94;0.04;409.69;409.8;0.13;0;1.27
2005;4;30;0;0;0.1;0.2;0.48;0.55;0.07;0.08;369.49;394.49;42.83;0.04;409.62;409.71;0.13;0;1.75
2005;5;1;0.29;0.32;0.9;1;1.31;1.36;0.2;0.2;369.73;394.77;42.72;0.04;408.99;409;0.13;0;2.44
2005;5;2;0.14;0.15;2.6;2.7;2.17;2.18;0.34;0.33;370.55;395.69;44.56;2.25;402.4;401.6;1.19;1.07;3.42
2005;5;3;7.43;7.22;1.1;1.2;1.44;1.48;0.13;0.13;369.93;395.37;46.24;4.27;406.52;405.08;2.27;2.14;3.91
2005;5;4;2.38;2.35;-2.3;-2.3;0;0;0;0;369.93;395.37;45.89;3.99;408.91;407.43;1.45;1.31;3.33
2005;5;5;4.03;3.9;-4.3;-4.3;0;0;0;0;369.93;395.37;45.56;3.74;412.93;411.33;0.54;0.41;2.34
2005;5;6;4.1;3.76;-4.4;-4.4;0;0;0;0;369.93;395.37;45.24;3.5;417.03;415.09;0.38;0.25;1.63
2005;5;7;5.9;5.71;-4.2;-4.2;0;0;0;0;369.93;395.37;44.94;3.28;422.93;420.8;0.36;0.23;1.38
2005;5;8;3.34;3.25;-7.6;-7.5;0;0;0;0;369.93;395.37;44.64;3.07;426.26;424.05;0.35;0.21;1.32
2005;5;9;2.4;2.33;-6;-5.9;0;0;0;0;369.93;395.37;44.36;2.88;428.66;426.38;0.34;0.2;1.22
2005;5;10;1.98;1.96;-4.8;-4.8;0;0;0;0;369.93;395.37;44.1;2.69;430.63;428.34;0.32;0.19;1.11
2005;5;11;0.12;0.12;-5.5;-5.4;0;0;0;0;369.93;395.37;43.84;2.52;430.76;428.46;0.31;0.18;1.11
2005;5;12;1.46;1.52;-3.2;-3.2;0;0;0;0;369.93;395.37;43.59;2.36;432.22;429.98;0.3;0.16;1.25
2005;5;13;1.24;1.27;-1.8;-1.8;0;0;0;0;369.93;395.37;43.35;2.21;433.46;431.25;0.29;0.15;1.45
2005;5;14;5.51;5.54;-1.4;-1.4;0;0;0;0;369.93;395.37;43.12;2.07;438.97;436.79;0.28;0.14;1.68
2005;5;15;0.26;0.27;-1.6;-1.6;0;0;0;0;369.93;395.37;42.9;1.94;439.23;437.06;0.27;0.13;1.91
2005;5;16;7.81;7.88;-1.9;-1.9;0;0;0;0;369.93;395.37;42.69;1.82;447.04;444.94;0.26;0.13;1.85
2005;5;17;5.24;5.12;-2;-2;0;0;0;0;369.93;395.37;42.48;1.71;452.28;450.06;0.25;0.12;1.59
2005;5;18;19.45;19.15;-3.2;-3.2;0;0;0;0;369.93;395.37;42.28;1.6;471.73;469.21;0.24;0.11;1.59
2005;5;19;0.06;0.05;-1.9;-1.9;0;0;0;0;369.93;395.37;42.09;1.5;471.79;469.26;0.23;0.1;1.54
2005;5;20;0.04;0.03;0.3;0.4;0.77;0.88;0.12;0.13;369.96;395.4;41.9;1.4;471.62;469.05;0.22;0.1;1.88
2005;5;21;4.11;4.21;2;2;1.88;1.89;0.22;0.22;370.98;396.55;41.72;1.32;472.49;469.63;0.29;0.16;2.96
2005;5;22;6.47;6.45;2;2;1.88;1.89;0.18;0.18;371.14;397.11;43.84;3.82;473.23;469.62;1.61;1.48;3.91
2005;5;23;14.26;14.07;-0.9;-0.9;0;0;0;0;369.78;395.57;45.7;6.03;487.49;483.69;1.9;1.76;3.29
2005;5;24;0.12;0.11;0.1;0.2;0.56;0.63;0.08;0.1;368.46;394.07;47.3;7.97;487.42;483.59;1.43;1.29;2.94
2005;5;25;0;0;2.3;2.4;2.03;2.06;0.26;0.25;369.21;395.28;48.75;9.68;480.08;475.32;2.49;2.35;3.85
2005;5;26;0.63;0.59;5.4;5.4;3.04;3.04;0.38;0.36;375.5;400.33;50.24;11.43;459.93;456.07;5.6;5.35;6.14
2005;5;27;8.51;8.6;5.8;5.8;3.15;3.15;0.2;0.19;387.2;410.26;52.17;13.61;431.53;428.73;10.8;10.27;8.81
2005;5;28;7.73;7.85;5.6;5.6;3.09;3.1;0.18;0.15;396.98;418.49;54.84;16.53;403.99;402.25;14.79;13.91;12.31
2005;5;29;2.71;2.35;6.2;6.2;3.25;3.25;0.28;0.26;404.12;423.81;58.23;20.14;377.49;377.53;15.66;14.49;13.88
2005;5;30;5.03;4.83;6.4;6.5;3.31;3.32;0.24;0.22;411.58;429.66;62.15;24.24;349.26;350.97;16.52;15.1;14.06
2005;5;31;0.89;0.9;2.9;3;2.27;2.3;0.22;0.2;412.79;430.7;66.32;28.52;337.3;339.33;14.52;13;15
2005;6;1;0.06;0.06;1.8;1.8;1.81;1.83;0.18;0.17;412.64;430.54;70.3;32.52;329.88;332.2;10.65;9.3;10.81
2005;6;2;1.36;1.43;2.3;2.3;2.04;2.05;0.19;0.17;412.99;430.79;73.83;35.99;321.82;324.59;8.86;7.71;8.11
2005;6;3;1.59;1.64;4.6;4.6;2.87;2.86;0.2;0.16;415.51;432.35;76.99;39.02;306.32;311.06;9.78;8.64;9.73
2005;6;4;8.53;8.62;3;3.1;2.35;2.37;0.09;0.07;416.95;433.29;79.91;41.75;301.11;307.12;10.74;9.47;10.41
2005;6;5;0.59;0.54;1.3;1.4;1.59;1.62;0.11;0.1;415.69;432.19;82.55;44.15;298.49;304.72;9.1;7.84;8.04
2005;6;6;6.14;6.05;-0.4;-0.4;0;0;0;0;413.68;430.51;84.73;46.03;304.64;310.77;6.58;5.51;5.68
2005;6;7;5.11;4.84;-3.3;-3.3;0;0;0;0;412.2;428.84;85.77;47.34;309.74;315.61;5.11;4.28;4.07
2005;6;8;0.19;0.17;-5.1;-5.1;0;0;0;0;412.2;428.84;82.97;44.3;309.93;315.78;4.08;3.45;3.14
2005;6;9;1.59;1.57;-5.5;-5.4;0;0;0;0;412.2;428.84;80.35;41.45;311.52;317.35;3.5;3;2.73
2005;6;10;0.03;0.02;-2.5;-2.5;0;0;0;0;412.2;428.84;77.88;38.79;311.55;317.37;3.23;2.79;2.61
2005;6;11;0.42;0.46;0.1;0.1;0.4;0.46;0.06;0.07;412.23;428.87;75.57;36.3;311.77;317.6;3.04;2.62;2.99
2005;6;12;7.94;8.11;0.7;0.8;1.19;1.24;0.08;0.08;412.63;429.33;73.4;33.97;317.82;323.58;2.89;2.48;3.12
2005;6;13;5.91;6.04;2.3;2.3;2.05;2.05;0.1;0.08;412.12;428.68;74.98;35.88;319.42;324.94;3.87;3.48;3.56
2005;6;14;9.06;8.93;2.5;2.5;2.14;2.14;0.07;0.06;412.9;429;76.71;37.41;318.19;324.88;5.8;5.31;3.91
2005;6;15;18.01;17.82;2.3;2.3;2.04;2.05;0;0;413.92;430.03;78.3;38.81;323.95;330.54;7.85;7.12;6.01
2005;6;16;0.57;0.6;3.9;4;2.65;2.67;0.19;0.16;414.51;430.32;79.87;40.17;314.35;321.99;8.56;7.65;8.15
2005;6;17;0.25;0.23;5.6;5.7;3.14;3.17;0.23;0.19;416.52;431.63;81.48;41.55;298.96;308.33;9.38;8.3;7.97
2005;6;18;0.1;0.09;7.2;7.3;3.54;3.57;0.27;0.22;419.7;433.81;83.24;43.03;278.3;290.04;11.35;10;12.87
2005;6;19;0.17;0.18;7.5;7.6;3.61;3.64;0.27;0.22;423.11;436.15;85.27;44.73;255.83;270.32;13.3;11.64;14.52
2005;6;20;0.32;0.33;7.2;7.3;3.54;3.57;0.26;0.22;426.18;438.29;87.62;46.67;233.67;250.83;14.54;12.6;13.68
2005;6;21;0.13;0.14;7.5;7.6;3.62;3.64;0.26;0.22;429.29;440.47;90.26;48.84;210.05;230.12;15.48;13.31;13.85
2005;6;22;1.77;1.8;7.7;7.7;3.66;3.66;0.13;0.1;431.66;442.28;93.14;51.16;190.03;212.3;16.02;13.71;14.83
2005;6;23;0.7;0.72;9.2;9.2;3.98;3.98;0.12;0.12;432.27;442.91;96.12;53.52;176.38;199.39;15.05;12.79;17.4
2005;6;24;11;11.02;8.2;8.2;3.77;3.77;0.04;0.04;434.02;445.09;99.1;55.85;165.69;187.59;15.58;13.56;19.03
2005;6;25;12.6;12.29;7.4;7.4;3.59;3.59;0.04;0.03;435.69;447.11;102.14;58.25;156.2;176.85;18.1;15.11;20.18
2005;6;26;1.78;1.8;7.6;7.6;3.63;3.64;0.24;0.1;435.16;447.35;105.14;60.68;146.51;165.87;18.25;14.16;20.24
2005;6;27;0.16;0.16;8.7;8.7;3.88;3.88;0.29;0.12;434.55;447.56;107.91;62.91;135.38;153.28;16.7;12.47;21.24
2005;6;28;1.92;1.93;8.6;8.6;3.86;3.86;0.25;0.1;434.26;448.04;110.36;64.87;124.31;140.75;16.5;12.25;19.5
2005;6;29;8.08;8.2;8.1;8.1;3.75;3.75;0.15;0.06;435.01;449.35;112.59;66.67;113.77;128.81;17.76;13.65;22.22
2005;6;30;3.31;3.19;6;6.1;3.26;3.27;0.18;0.08;434.51;449.38;114.69;68.37;105.85;119.84;17.17;13.53;20.32
2005;7;1;15.51;15.31;1.6;1.6;1.73;1.74;0.01;0.01;433.46;448.53;116.5;69.81;115.16;129.05;13.55;11.38;12.28
2005;7;2;1.78;1.69;2.2;2.2;2.03;2.02;0.12;0.11;432.46;447.52;117.91;70.83;111.2;125.74;10.4;9.32;8.32
2005;7;3;0.02;0.02;6.5;6.5;3.4;3.4;0.09;0.1;431.38;446.9;118.91;71.42;104.61;118.44;9.86;8.89;11.63
2005;7;4;8.29;8.34;7.2;7.2;3.57;3.57;0.09;0.06;431.94;447.82;119.68;71.79;96.9;109.7;12.8;10.79;15.85
2005;7;5;35.04;35.1;0.2;0.2;0.57;0.64;0;0;429.96;446.23;120.31;72.03;131.06;143.82;12.02;10.07;12.01
2005;7;6;6.42;6.42;0;0;0;0;0;0;427.87;444.5;120.62;71.94;137.48;150.24;8.1;7.21;7.79
2005;7;7;17.89;18.2;0.7;0.7;1.16;1.17;0;0;426.1;443.1;120.54;71.45;153.53;166.43;6.98;6.25;6.45
2005;7;8;3.81;3.74;-0.8;-0.8;0;0;0;0;424.03;441.38;120.12;70.62;157.34;170.17;6.51;5.84;5.41
2005;7;9;3.44;3.45;0.7;0.7;1.14;1.17;0.14;0.14;422.29;440.01;119.43;69.52;158.91;171.51;6.43;5.8;4.61
2005;7;10;16.46;16.31;1.1;1.1;1.47;1.45;0;0;421.24;439.08;118.57;68.25;170.88;183.53;7.03;6.4;4.51
2005;7;11;17.18;16.89;2.1;2.1;2;1.98;0;0;422.35;439.51;117.73;67.01;175.06;188.94;8.94;8.17;5.38
2005;7;12;4.45;4.35;4;4;2.7;2.7;0.2;0.18;424.69;441.22;117.18;66.05;159.66;174.5;12.01;10.98;5.88
2005;7;13;1.27;1.29;4.8;4.8;2.94;2.94;0.21;0.17;426.38;442.23;117.07;65.55;143.87;160.24;13.56;12.28;8.3
2005;7;14;0.2;0.21;6.5;6.5;3.4;3.4;0.09;0.1;427.73;443.33;117.4;65.45;127.32;144.15;13.92;12.5;8.92
2005;7;15;1.29;1.3;7.1;7.1;3.54;3.55;0.16;0.1;427.19;443.38;117.99;65.63;119.16;134.91;13.96;11.5;10.54
2005;7;16;3.27;3.21;7.2;7.2;3.57;3.57;0.2;0.09;427.08;443.82;118.69;65.92;110.64;125.26;14.46;11.06;13.02
2005;7;17;1.46;1.47;7.4;7.4;3.62;3.62;0.23;0.1;426.63;444.02;119.41;66.28;101.71;115.15;14.41;10.97;16.54
2005;7;18;7.95;7.95;8.3;8.3;3.83;3.82;0.14;0.06;427.75;445.56;120.21;66.74;91.45;103.54;15.99;12.34;17.86
2005;7;19;8.67;8.59;4.3;4.3;2.8;2.79;0.09;0.04;428.18;446.19;121.14;67.39;86.05;97.43;16.45;13.18;13.14
2005;7;20;0.08;0.07;5.5;5.5;3.13;3.14;0.21;0.1;427.1;445.69;122.11;68.09;79.15;89.61;14.27;11.5;11.32
2005;7;21;1.59;1.49;3.5;3.5;2.54;2.53;0.15;0.07;425.95;444.95;122.9;68.62;74.96;84.87;12.14;9.68;12.57
2005;7;22;2.4;2.35;3.2;3.2;2.42;2.42;0.14;0.06;424.85;444.23;123.44;68.9;71.58;81.04;10.81;8.75;10.78
2005;7;23;0.56;0.55;3.2;3.2;2.41;2.42;0.15;0.07;423.44;443.26;123.73;68.92;67.97;76.95;9.96;8.11;10.19
2005;7;24;0.64;0.63;4.4;4.4;2.82;2.82;0.18;0.08;422.32;442.64;123.8;68.72;62.73;71.02;9.93;7.97;8.77
2005;7;25;3.54;3.69;6.9;6.9;3.5;3.5;0.19;0.08;422.32;443.17;123.78;68.44;54.35;61.53;11.95;9.35;17.01
2005;7;26;2.77;2.93;7.5;7.5;3.64;3.64;0.2;0.09;422.28;443.72;123.83;68.26;45.11;51.07;14.03;10.83;20.74
2005;7;27;3.06;3.17;8.1;8.1;3.78;3.78;0.2;0.09;422.45;444.43;124.02;68.26;35.01;39.64;15.13;11.65;20.85
2005;7;28;0.64;0.66;10.6;10.6;4.29;4.29;0.26;0.13;422.61;445.28;124.37;68.46;21.73;24.6;16.32;12.27;23.9
2005;7;29;1.25;1.28;11.8;11.8;4.53;4.52;0.26;0.13;423.12;446.48;124.9;68.87;6.83;7.74;17.96;13.19;26.47
2005;7;30;12.81;12.78;8.4;8.4;3.84;3.84;0.03;0;424.76;447.99;125.65;69.55;0;0;19.09;14.55;23.53
2005;7;31;4.72;4.79;5.8;5.8;3.21;3.22;0.47;0.44;423.19;446.53;126.5;70.33;0;0;21.15;17.65;14.65
2005;8;1;6.86;6.9;6;6;3;3;0.66;0.68;421.9;445.21;127.18;70.92;0;0;19.25;16.27;17.99
2005;8;2;9.45;9.45;5.6;5.6;2.91;2.91;0.48;0.49;421.38;444.53;127.63;71.25;0;0;18.74;15.81;14.57
2005;8;3;9.38;9.04;3.6;3.6;2.36;2.35;0.21;0.21;421.24;444.09;127.94;71.4;0;0;13.39;10.79;13.27
2005;8;4;1.3;1.18;1;1;1.29;1.27;0.02;0;419.54;442.56;128.08;71.35;0;0;10.09;8.52;7.01
2005;8;5;0.05;0.04;3.3;3.3;2.26;2.26;0.04;0;417.55;440.85;127.92;70.96;0;0;7.8;6.46;8.49
2005;8;6;5.17;4.94;3.3;3.3;2.27;2.26;0.05;0;416.75;440.01;127.47;70.26;0;0;8.3;6.51;12.8
2005;8;7;7.22;7.09;-0.8;-0.8;0;0;0;0;414.8;438.31;126.81;69.33;7.22;7.09;7.62;6.36;5.66
2005;8;8;0.57;0.51;-1.6;-1.6;0;0;0;0;412.86;436.6;125.94;68.17;7.8;7.6;6.2;5.55;4.02
2005;8;9;0.02;0.02;1.9;1.9;1.72;1.73;0.08;0.05;412.33;435.88;124.91;66.85;2.35;2.58;6.67;6.08;3.72
2005;8;10;2.64;2.71;3.4;3.4;2.28;2.29;0;0;411.5;435.22;123.84;65.49;0;0;7.53;6.93;4.51
2005;8;11;7.46;7.56;4.1;4.1;2.5;2.5;0.26;0.26;411.08;434.78;122.84;64.21;0;0;11.97;10.76;7.25
2005;8;12;0.2;0.21;5.3;5.3;2.82;2.83;1.04;1.07;408.18;432.06;121.89;62.98;0;0;13.26;11.27;10.4
2005;8;13;2.79;2.78;3.1;3.1;2.18;2.19;0.34;0.35;406.64;430.61;120.89;61.71;0;0;8.08;6.65;8.23
2005;8;14;8.64;8.66;2;2;1.77;1.78;0.02;0.03;406.54;430.33;119.89;60.44;1.96;2.22;7.16;6.49;8.07
2005;8;15;5.3;5.1;-1.6;-1.6;0;0;0;0;404.64;428.65;118.9;59.18;7.26;7.32;6.58;5.98;4.32
2005;8;16;3.56;3.37;0.4;0.4;0.8;0.82;0.08;0.08;403.1;427.31;117.87;57.89;9.37;9.15;5.77;5.2;3.58
2005;8;17;0.06;0.06;4.6;4.6;2.64;2.64;0.07;0.08;403.44;427.32;116.84;56.6;1.61;1.82;6.61;6.04;5.34
2005;8;18;5.42;5.49;5.4;5.4;2.86;2.86;0.03;0;403.33;427.32;115.93;55.44;0;0;8.33;6.91;8.9
2005;8;19;3.44;3.32;4.9;4.9;2.73;2.73;0.43;0.42;401.99;426;115.14;54.42;0;0;12.82;10.62;11.1
2005;8;20;10.18;10;4.2;4.2;2.53;2.53;0.37;0.39;402.57;426.28;114.48;53.53;0;0;13.48;11.31;10.65
2005;8;21;10.45;10.48;2.3;2.3;1.9;1.9;0.14;0.15;402.98;426.44;113.98;52.83;1.79;2.03;9.86;8.43;7.82
2005;8;22;35.05;34.61;2.5;2.5;1.98;1.98;0;0;408.13;429.89;113.81;52.46;12.86;14.56;11.07;10.17;8.56
2005;8;23;27.17;26.56;1.4;1.4;1.51;1.5;0;0;407.75;429.41;113.99;52.45;34.3;35.67;10.75;9.76;10.62
2005;8;24;0.03;0.03;2.9;2.9;2.12;2.12;0.16;0.13;408.08;429.29;114.32;52.57;26.27;28.53;8.89;7.9;7
2005;8;25;2.57;2.6;5.1;5.1;2.78;2.78;0.06;0.07;409.34;430.44;114.72;52.75;16.17;18.31;9.32;8.37;6.77
2005;8;26;2.5;2.56;4.9;4.9;2.72;2.73;0.1;0.07;409.07;430.56;115.2;53.02;11.04;12.5;10.07;8.45;9.02
2005;8;27;7.34;7.46;4.6;4.6;2.64;2.64;0.1;0.04;409.99;431.74;115.77;53.39;5.97;6.76;11.2;8.95;8.81
2005;8;28;5.59;5.59;4.1;4.1;2.5;2.5;0.1;0.05;410.37;432.35;116.42;53.86;1.3;1.48;11.51;9.3;8.81
2005;8;29;0.44;0.44;6.2;6.2;3.06;3.05;0.1;0;408.72;431.07;117.04;54.32;0;0;10.03;7.54;9.24
2005;8;30;0.51;0.52;7.7;7.7;3.38;3.38;0.66;0.63;406.26;428.88;117.45;54.57;0;0;15.06;12;10.38
2005;8;31;0.57;0.59;7.6;7.6;3.36;3.36;1.21;1.25;403.29;426.1;117.58;54.5;0;0;15.8;12.51;11.02
2005;9;1;0.53;0.53;7.2;7.2;2.8;2.8;0.94;0.97;400.61;423.6;117.42;54.14;0;0;15.1;11.88;12.63
2005;9;2;0.76;0.79;6.6;6.6;2.68;2.68;0.88;0.92;398.06;421.23;117.03;53.55;0;0;14.29;11.29;12.48
2005;9;3;1.3;1.36;5.3;5.3;2.42;2.42;0.77;0.8;395.79;419.13;116.46;52.77;0;0;12.93;10.24;11.89
2005;9;4;1.02;1.06;4.2;4.2;2.16;2.16;0.7;0.72;393.54;417.05;115.77;51.86;0;0;11.41;9.11;11.12
2005;9;5;0.46;0.47;4.5;4.5;2.24;2.23;0.75;0.78;391.1;414.78;114.97;50.85;0;0;11.05;8.92;10.77
2005;9;6;0.03;0.03;5.3;5.3;2.43;2.42;0.83;0.86;388.46;412.31;114.08;49.75;0;0;11.7;9.34;9.79
2005;9;7;0.49;0.49;4.9;4.9;2.34;2.33;0.78;0.81;386.04;410.04;113.12;48.58;0;0;11.6;9.11;10.76
2005;9;8;0.99;1.02;5.5;5.5;2.47;2.46;0.8;0.83;383.77;407.91;112.11;47.37;0;0;12.1;9.57;11.52
2005;9;9;7.05;7.01;4.8;4.7;2.3;2.28;0.46;0.48;383.91;407.92;111.13;46.2;0;0;12.58;10.03;14.3
2005;9;10;1.93;1.93;4.1;4.1;2.13;2.14;0.65;0.68;382.13;406.23;110.25;45.15;0;0;11.82;9.56;11.81
2005;9;11;5.68;5.7;3.2;3.2;1.9;1.9;0.23;0.22;382.05;406.14;109.47;44.2;0;0;7.66;5.78;9.89
2005;9;12;2.23;2.07;2.1;2.1;1.55;1.55;0.02;0;381.08;405.19;108.77;43.34;0;0;6.17;5.01;7.39
2005;9;13;0.54;0.54;2.5;2.5;1.69;1.69;0;0;379.51;403.78;108.1;42.51;0;0;4.8;4.2;6.41
2005;9;14;0.02;0.02;4.8;4.8;2.3;2.31;0.39;0.41;377.38;401.81;107.39;41.66;0;0;8.3;7.1;8.93
2005;9;15;0;0;6.2;6.2;2.6;2.6;0.89;0.93;374.76;399.31;106.64;40.75;0;0;10.68;8.57;10.01
2005;9;16;5.28;5.37;4.4;4.4;2.21;2.21;0.52;0.54;374.4;398.96;105.88;39.85;0;0;10.64;8.44;11.15
2005;9;17;16.07;16.04;-0.5;-0.4;0;0;0;0;372.69;397.42;105.17;39;16.07;16.04;5.98;4.69;7.11
2005;9;18;2.57;2.56;-0.5;-0.5;0;0;0;0;370.98;395.87;104.46;38.16;18.63;18.6;3.94;3.39;4.51
2005;9;19;2.07;2.08;1.1;1.1;1.12;1.14;0.13;0.12;370.7;395.66;103.76;37.34;16.72;16.61;4.14;3.68;4.09
2005;9;20;0.91;0.88;0.5;0.5;0.76;0.78;0.07;0.07;369.62;394.69;103.1;36.56;15.9;15.73;4.31;3.85;3.93
2005;9;21;2.04;2.1;0.6;0.6;0.84;0.85;0.08;0.07;368.67;393.81;102.48;35.84;15.93;15.84;4.14;3.68;3.88
2005;9;22;0.06;0.06;0.8;0.8;0.98;0.98;0.08;0.06;367.96;393.03;101.89;35.15;13.51;13.64;4.09;3.63;3.84
2005;9;23;0.25;0.25;1.8;1.8;1.44;1.44;0.11;0.09;368.02;392.76;101.35;34.52;9.49;10.18;4.31;3.82;4.05
2005;9;24;0.18;0.19;2.2;2.2;1.58;1.59;0.04;0.05;367.62;392.3;100.88;33.95;6.4;7.25;4.45;3.93;4.25
2005;9;25;0.9;0.85;1.2;1.2;1.17;1.19;0.03;0.04;366.51;391.31;100.46;33.44;5.75;6.51;4.19;3.67;4.03
2005;9;26;0.66;0.67;1.1;1.1;1.13;1.14;0.03;0.03;365.3;390.27;100.05;32.95;5.12;5.8;3.85;3.36;3.81
2005;9;27;2.33;2.31;1.6;1.6;1.36;1.36;0.03;0.04;364.63;389.66;99.64;32.46;4.87;5.51;3.85;3.38;3.48
2005;9;28;0.46;0.49;1.1;1.1;1.13;1.14;0.03;0.03;363.38;388.58;99.25;31.99;4.18;4.74;3.76;3.3;3.31
2005;9;29;6.52;6.43;-0.1;-0.1;0;0;0;0;361.73;387.07;98.85;31.51;10.71;11.17;3.39;2.94;3.26
2005;9;30;0.53;0.51;-3.5;-3.5;0;0;0;0;361.73;387.07;96.88;29.49;11.23;11.68;2.71;2.3;2.61
2005;10;1;5.65;5.56;0.9;0.9;0.91;0.92;0.06;0.06;363.03;388.22;95.02;27.59;0.68;0.7;2.53;2.17;2.83
2005;10;2;28.24;28.25;-1.1;-1.1;0;0;0;0;363.03;388.22;93.27;25.82;28.92;28.95;2.28;1.95;3.54
2005;10;3;17.64;17.87;-2.6;-2.6;0;0;0;0;363.03;388.22;91.63;24.16;46.56;46.82;2.01;1.7;2.95
2005;10;4;3.96;4.01;-2.4;-2.4;0;0;0;0;363.03;388.22;90.08;22.61;50.52;50.83;1.88;1.57;2.92
2005;10;5;3.05;3.08;-3.1;-3.1;0;0;0;0;363.03;388.22;88.62;21.16;53.56;53.91;1.77;1.47;2.86
2005;10;6;0.51;0.52;-1.5;-1.5;0;0;0;0;363.03;388.22;87.24;19.8;54.07;54.43;1.67;1.38;2.98
2005;10;7;0.95;0.99;-1.6;-1.6;0;0;0;0;363.03;388.22;85.94;18.52;55.02;55.42;1.58;1.29;2.98
2005;10;8;0.51;0.5;-0.4;-0.4;0;0;0;0;363.03;388.22;84.71;17.34;55.53;55.92;1.49;1.21;3.09
2005;10;9;0.03;0.03;-0.5;-0.5;0;0;0;0;363.03;388.22;83.55;16.22;55.56;55.95;1.41;1.13;3.11
2005;10;10;0.1;0.11;-0.1;-0.1;0;0;0;0;363.03;388.22;82.45;15.18;55.66;56.06;1.34;1.06;2.93
2005;10;11;0.18;0.2;-1.1;-1.1;0;0;0;0;363.03;388.22;81.41;14.21;55.85;56.26;1.26;0.99;2.77
2005;10;12;0;0;-1.1;-1.1;0;0;0;0;363.03;388.22;80.43;13.29;55.85;56.26;1.2;0.92;2.59
2005;10;13;0;0;-0.7;-0.7;0;0;0;0;363.03;388.22;79.5;12.44;55.85;56.26;1.13;0.86;2.46
2005;10;14;0;0;0.3;0.3;0.55;0.54;0.09;0.08;363.18;388.39;78.62;11.64;55.36;55.72;1.07;0.81;2.37
2005;10;15;0;0;2.7;2.7;1.56;1.55;0.16;0.14;366.86;391.41;79.73;12.95;42.12;43.03;2.78;2.47;2.29
2005;10;16;0;0;2.1;2.1;1.37;1.38;0.14;0.13;368.59;392.65;80.84;14.26;33.55;35.01;4.6;4.17;2.28
2005;10;17;0;0;-0.5;-0.5;0;0;0;0;366.9;391.13;81.97;15.55;33.55;35.01;3.78;3.27;2.27
2005;10;18;0.05;0.06;-0.3;-0.3;0;0;0;0;365.22;389.61;82.97;16.7;33.6;35.07;2.61;2.12;2.17
2005;10;19;0.14;0.15;0.1;0.1;0.32;0.32;0.03;0.03;363.58;388.13;83.8;17.64;33.61;35.08;2.22;1.77;2.13
2005;10;20;0.77;0.8;0.6;0.6;0.76;0.76;0.06;0.04;362.9;387.35;84.47;18.4;32.04;33.83;2.44;2;2.16
2005;10;21;0.07;0.08;1.1;1.1;1.02;1.01;0.08;0.06;362.7;386.79;85.05;19.05;28.8;31.25;2.86;2.4;2.12
2005;10;22;0.07;0.07;-0.2;-0.2;0;0;0;0;361.04;385.29;85.54;19.59;28.87;31.32;2.73;2.25;2.04
2005;10;23;2.91;2.9;-0.4;-0.4;0;0;0;0;359.39;383.79;85.94;20.03;31.78;34.22;2.41;1.94;2.01
2005;10;24;0;0;-0.1;-0.1;0;0;0;0;358.08;382.3;86.04;20.34;31.78;34.22;2.26;1.85;1.94
2005;10;25;0;0;1;1;0.97;0.96;0.08;0.06;357.68;381.73;86.27;20.58;28.93;31.74;2.55;2.17;1.87
2005;10;26;0;0;2.4;2.4;1.46;1.47;0.09;0.09;358.52;382.39;86.48;20.8;23.03;26.05;3.39;2.96;1.88
2005;10;27;0;0;3.3;3.3;1.71;1.71;0.05;0.05;358.92;383.21;86.76;21.1;17.61;19.94;4.1;3.64;1.88
2005;10;28;0;0;3.3;3.3;1.71;1.71;0.07;0.05;358.63;383.26;87.11;21.47;13.95;15.8;4.56;3.58;1.86
2005;10;29;0;0;2.6;2.6;1.52;1.52;0.08;0.05;358.06;383.01;87.48;21.87;11;12.46;4.72;3.36;1.84
2005;10;30;0;0;1.9;1.9;1.31;1.31;0.06;0.04;357.22;382.45;87.84;22.27;8.81;9.97;4.27;3.08;1.85
2005;10;31;0;0;1.7;1.7;1.24;1.24;0.06;0.04;356.32;381.81;88.16;22.62;6.82;7.72;3.91;2.88;1.82
2005;11;1;6.53;6.43;-0.4;-0.4;0;0;0;0;354.71;380.32;88.41;22.91;13.34;14.15;3.22;2.52;1.75
2005;11;2;0;0;-0.3;-0.3;0;0;0;0;353.11;378.84;88.58;23.11;13.35;14.15;2.57;2.15;1.71
2005;11;3;2.3;2.34;0.7;0.7;0.66;0.67;0.06;0.05;352.5;378.28;88.67;23.22;13.27;14.1;2.75;2.35;1.67
2005;11;4;0.15;0.16;0.3;0.3;0.45;0.45;0.05;0.04;351.3;377.12;88.72;23.29;12.52;13.45;2.84;2.45;1.68
2005;11;5;5.55;5.59;-1.8;-1.8;0;0;0;0;351.3;377.12;87.23;21.79;18.08;19.04;2.24;1.86;1.66
2005;11;6;11.05;11.23;-2.5;-2.5;0;0;0;0;351.3;377.12;85.82;20.39;29.12;30.27;1.79;1.46;1.66
2005;11;7;0.08;0.08;-2.1;-2.1;0;0;0;0;351.3;377.12;84.49;19.08;29.2;30.35;1.62;1.33;1.66
2005;11;8;0;0;-2.6;-2.6;0;0;0;0;351.3;377.12;83.23;17.85;29.2;30.35;1.53;1.24;1.59
2005;11;9;0;0;-2.8;-2.8;0;0;0;0;351.3;377.12;82.05;16.71;29.2;30.35;1.44;1.16;1.49
2005;11;10;0;0;-2.9;-2.9;0;0;0;0;351.3;377.12;80.92;15.63;29.2;30.35;1.36;1.09;1.43
2005;11;11;0;0;-2.8;-2.8;0;0;0;0;351.3;377.12;79.87;14.63;29.2;30.35;1.29;1.02;1.45
2005;11;12;0;0;-3.3;-3.3;0;0;0;0;351.3;377.12;78.87;13.69;29.2;30.35;1.22;0.95;1.39
2005;11;13;0;0;-2.8;-2.8;0;0;0;0;351.3;377.12;77.92;12.81;29.2;30.35;1.16;0.89;1.35
2005;11;14;0;0;-3.2;-3.2;0;0;0;0;351.3;377.12;77.02;11.99;29.2;30.35;1.1;0.83;1.27
2005;11;15;0.06;0.06;-3.9;-3.9;0;0;0;0;351.3;377.12;76.17;11.22;29.26;30.41;1.04;0.78;1.3
2005;11;16;2.5;2.38;-5.3;-5.3;0;0;0;0;351.3;377.12;75.37;10.5;31.76;32.79;0.99;0.73;1.26
2005;11;17;0.54;0.51;-11.6;-11.5;0;0;0;0;351.3;377.12;74.6;9.83;32.3;33.3;0.94;0.68;1.16
2005;11;18;1.07;0.98;-14.2;-14.2;0;0;0;0;351.3;377.12;73.88;9.2;33.37;34.28;0.89;0.64;1.11
2005;11;19;0.15;0.14;-17;-17;0;0;0;0;351.3;377.12;73.19;8.61;33.52;34.42;0.84;0.6;1.03
2005;11;20;0.74;0.71;-14.9;-14.8;0;0;0;0;351.3;377.12;72.53;8.05;34.26;35.13;0.8;0.56;1
2005;11;21;5.54;5.33;-13.4;-13.4;0;0;0;0;351.3;377.12;71.91;7.54;39.8;40.46;0.76;0.52;1.29
2005;11;22;0.45;0.42;-17.4;-17.4;0;0;0;0;351.3;377.12;71.32;7.05;40.24;40.88;0.73;0.49;1.12
2005;11;23;0.3;0.28;-19.2;-19.2;0;0;0;0;351.3;377.12;70.75;6.6;40.54;41.16;0.69;0.46;1.21
2005;11;24;0.08;0.09;-20.4;-20.4;0;0;0;0;351.3;377.12;70.21;6.18;40.63;41.25;0.66;0.43;1.24
2005;11;25;4.27;4.28;-16.4;-16.4;0;0;0;0;351.3;377.12;69.7;5.78;44.89;45.53;0.63;0.4;1.09
2005;11;26;4.64;4.7;-15.5;-15.5;0;0;0;0;351.3;377.12;69.2;5.41;49.53;50.23;0.6;0.38;0.97
2005;11;27;1.72;1.67;-15.7;-15.7;0;0;0;0;351.3;377.12;68.73;5.07;51.25;51.9;0.58;0.35;0.94
2005;11;28;0.12;0.11;-20.9;-20.9;0;0;0;0;351.3;377.12;68.28;4.74;51.37;52.01;0.55;0.33;0.93
2005;11;29;1.94;1.98;-16.9;-16.9;0;0;0;0;351.3;377.12;67.85;4.44;53.3;53.99;0.53;0.31;0.91
2005;11;30;0.08;0.07;-18.6;-18.6;0;0;0;0;351.3;377.12;67.44;4.16;53.38;54.06;0.51;0.29;0.9
2005;12;1;0.01;0.01;-20.5;-20.5;0;0;0;0;351.3;377.12;67.04;3.89;53.39;54.07;0.49;0.27;0.88
2005;12;2;1.44;1.48;-19.1;-19.1;0;0;0;0;351.3;377.12;66.66;3.64;54.83;55.55;0.47;0.25;0.87
2005;12;3;15.13;15.25;-10.2;-10.2;0;0;0;0;351.3;377.12;66.29;3.41;69.96;70.8;0.45;0.24;0.86
2005;12;4;1.15;1.12;-14.2;-14.1;0;0;0;0;351.3;377.12;65.93;3.19;71.11;71.92;0.43;0.22;0.84
2005;12;5;2.71;2.74;-13.2;-13.2;0;0;0;0;351.3;377.12;65.59;2.99;73.83;74.66;0.42;0.21;0.83
2005;12;6;1.87;1.75;-15.1;-15.1;0;0;0;0;351.3;377.12;65.26;2.8;75.69;76.41;0.4;0.19;0.81
2005;12;7;0.3;0.27;-18.4;-18.4;0;0;0;0;351.3;377.12;64.94;2.62;75.99;76.68;0.39;0.18;0.8
2005;12;8;0.84;0.84;-20;-20;0;0;0;0;351.3;377.12;64.64;2.45;76.83;77.52;0.37;0.17;0.79
2005;12;9;0.37;0.36;-15.3;-15.3;0;0;0;0;351.3;377.12;64.34;2.3;77.2;77.88;0.36;0.16;0.77
2005;12;10;0;0;-19.1;-19.2;0;0;0;0;351.3;377.12;64.05;2.15;77.2;77.88;0.35;0.15;0.76
2005;12;11;0;0;-16.8;-16.8;0;0;0;0;351.3;377.12;63.77;2.02;77.2;77.88;0.34;0.14;0.75
2005;12;12;1.49;1.47;-10.8;-10.8;0;0;0;0;351.3;377.12;63.5;1.89;78.69;79.35;0.33;0.13;0.73
2005;12;13;1.19;1.17;-8.6;-8.6;0;0;0;0;351.3;377.12;63.24;1.77;79.88;80.52;0.32;0.12;0.72
2005;12;14;0.19;0.19;-12.8;-12.8;0;0;0;0;351.3;377.12;62.98;1.66;80.07;80.71;0.31;0.12;0.7
2005;12;15;0.13;0.12;-16.5;-16.5;0;0;0;0;351.3;377.12;62.73;1.55;80.2;80.83;0.3;0.11;0.69
2005;12;16;22.25;21.98;-11.8;-11.8;0;0;0;0;351.3;377.12;62.49;1.45;102.45;102.81;0.29;0.1;0.68
2005;12;17;14.24;14.06;-16.9;-16.9;0;0;0;0;351.3;377.12;62.25;1.36;116.69;116.87;0.29;0.09;0.66
2005;12;18;2.46;2.41;-20.6;-20.6;0;0;0;0;351.3;377.12;62.02;1.27;119.15;119.28;0.28;0.09;0.65
2005;12;19;1.26;1.19;-19.3;-19.3;0;0;0;0;351.3;377.12;61.79;1.2;120.41;120.47;0.27;0.08;0.63
2005;12;20;0.29;0.28;-16.4;-16.4;0;0;0;0;351.3;377.12;61.57;1.12;120.7;120.75;0.27;0.08;0.62
2005;12;21;0;0;-16.6;-16.6;0;0;0;0;351.3;377.12;61.35;1.05;120.7;120.75;0.26;0.07;0.61
2005;12;22;2.11;2.04;-15.7;-15.7;0;0;0;0;351.3;377.12;61.14;0.98;122.81;122.79;0.25;0.07;0.59
2005;12;23;2.47;2.39;-13.6;-13.6;0;0;0;0;351.3;377.12;60.93;0.92;125.28;125.18;0.25;0.06;0.58
2005;12;24;0;0;-16.3;-16.3;0;0;0;0;351.3;377.12;60.73;0.86;125.28;125.18;0.24;0.06;0.56
2005;12;25;0.06;0.06;-16.1;-16.1;0;0;0;0;351.3;377.12;60.52;0.81;125.35;125.24;0.24;0.06;0.55
2005;12;26;0.6;0.61;-19.1;-19.2;0;0;0;0;351.3;377.12;60.33;0.76;125.95;125.85;0.24;0.05;0.54
2005;12;27;2.03;2.1;-18.3;-18.3;0;0;0;0;351.3;377.12;60.13;0.71;127.98;127.95;0.23;0.05;0.52
2005;12;28;4.31;4.27;-20.5;-20.5;0;0;0;0;351.3;377.12;59.94;0.67;132.29;132.22;0.23;0.05;0.51
2005;12;29;0.13;0.13;-23.1;-23.1;0;0;0;0;351.3;377.12;59.75;0.63;132.42;132.35;0.22;0.04;0.5
2005;12;30;2.09;2.08;-26.6;-26.6;0;0;0;0;351.3;377.12;59.57;0.59;134.51;134.43;0.22;0.04;0.48
2005;12;31;8.05;7.94;-15.5;-15.5;0;0;0;0;351.3;377.12;59.38;0.55;142.56;142.37;0.22;0.04;0.48
2006;1;1;1.68;1.65;-14;-14;0;0;0;0;351.3;377.12;59.2;0.52;144.24;144.02;0.21;0.04;0.52
2006;1;2;6.3;6.14;-14.4;-14.4;0;0;0;0;351.3;377.12;59.02;0.49;150.54;150.16;0.21;0.03;0.52
2006;1;3;1.78;1.72;-14.1;-14.1;0;0;0;0;351.3;377.12;58.85;0.46;152.32;151.88;0.21;0.03;0.51
2006;1;4;0.01;0.01;-16.2;-16.3;0;0;0;0;351.3;377.12;58.67;0.43;152.33;151.89;0.21;0.03;0.5
2006;1;5;0.04;0.04;-18.3;-18.3;0;0;0;0;351.3;377.12;58.5;0.4;152.37;151.93;0.2;0.03;0.5
2006;1;6;0;0;-19.2;-19.2;0;0;0;0;351.3;377.12;58.33;0.38;152.37;151.93;0.2;0.03;0.49
2006;1;7;0;0;-17.7;-17.7;0;0;0;0;351.3;377.12;58.16;0.36;152.37;151.93;0.2;0.02;0.49
2006;1;8;0;0;-18.1;-18.1;0;0;0;0;351.3;377.12;58;0.34;152.37;151.93;0.2;0.02;0.48
2006;1;9;0;0;-17.8;-17.8;0;0;0;0;351.3;377.12;57.83;0.32;152.37;151.93;0.19;0.02;0.48
2006;1;10;0;0;-16.6;-16.6;0;0;0;0;351.3;377.12;57.67;0.3;152.37;151.93;0.19;0.02;0.47
2006;1;11;0;0;-16.3;-16.3;0;0;0;0;351.3;377.12;57.51;0.28;152.37;151.93;0.19;0.02;0.47
2006;1;12;0;0;-16.5;-16.5;0;0;0;0;351.3;377.12;57.34;0.26;152.37;151.93;0.19;0.02;0.46
2006;1;13;0;0;-15.6;-15.6;0;0;0;0;351.3;377.12;57.19;0.25;152.37;151.93;0.19;0.02;0.46
2006;1;14;0;0;-14.8;-14.7;0;0;0;0;351.3;377.12;57.03;0.24;152.37;151.93;0.19;0.02;0.45
2006;1;15;0;0;-17.6;-17.6;0;0;0;0;351.3;377.12;56.87;0.22;152.37;151.93;0.18;0.02;0.45
2006;1;16;0.06;0.06;-21.4;-21.4;0;0;0;0;351.3;377.12;56.71;0.21;152.43;151.99;0.18;0.01;0.44
2006;1;17;4.64;4.57;-18.2;-18.2;0;0;0;0;351.3;377.12;56.56;0.2;157.07;156.56;0.18;0.01;0.44
2006;1;18;12.29;11.97;-14;-14;0;0;0;0;351.3;377.12;56.4;0.19;169.36;168.53;0.18;0.01;0.44
2006;1;19;0.71;0.69;-11.9;-11.9;0;0;0;0;351.3;377.12;56.25;0.18;170.07;169.22;0.18;0.01;0.43
2006;1;20;0;0;-11.2;-11.2;0;0;0;0;351.3;377.12;56.1;0.17;170.07;169.22;0.18;0.01;0.43
2006;1;21;2.25;2.13;-13.2;-13.2;0;0;0;0;351.3;377.12;55.95;0.16;172.33;171.35;0.18;0.01;0.43
2006;1;22;1.6;1.49;-15.9;-15.9;0;0;0;0;351.3;377.12;55.8;0.15;173.93;172.84;0.17;0.01;0.42
2006;1;23;0.1;0.1;-17.4;-17.4;0;0;0;0;351.3;377.12;55.65;0.14;174.03;172.94;0.17;0.01;0.42
2006;1;24;0;0;-17.6;-17.6;0;0;0;0;351.3;377.12;55.5;0.14;174.03;172.94;0.17;0.01;0.42
2006;1;25;0;0;-16.9;-16.9;0;0;0;0;351.3;377.12;55.35;0.13;174.03;172.94;0.17;0.01;0.41
2006;1;26;2.51;2.58;-18.7;-18.7;0;0;0;0;351.3;377.12;55.2;0.12;176.54;175.52;0.17;0.01;0.41
2006;1;27;10.68;10.91;-16.2;-16.1;0;0;0;0;351.3;377.12;55.06;0.12;187.22;186.43;0.17;0.01;0.41
2006;1;28;1.08;1.13;-11.6;-11.6;0;0;0;0;351.3;377.12;54.91;0.11;188.31;187.56;0.17;0.01;0.4
2006;1;29;0.18;0.19;-9.1;-9.1;0;0;0;0;351.3;377.12;54.77;0.1;188.48;187.75;0.17;0.01;0.4
2006;1;30;0.01;0.01;-8.9;-8.9;0;0;0;0;351.3;377.12;54.62;0.1;188.49;187.76;0.17;0.01;0.4
2006;1;31;0;0;-9.6;-9.6;0;0;0;0;351.3;377.12;54.48;0.1;188.49;187.76;0.17;0.01;0.4
2006;2;1;0;0;-8.6;-8.6;0;0;0;0;351.3;377.12;54.34;0.09;188.49;187.76;0.17;0.01;0.39
2006;2;2;0;0;-10.2;-10.2;0;0;0;0;351.3;377.12;54.2;0.09;188.49;187.76;0.16;0.01;0.39
2006;2;3;0;0;-11.8;-11.8;0;0;0;0;351.3;377.12;54.05;0.08;188.49;187.76;0.16;0.01;0.39
2006;2;4;0.04;0.03;-14.2;-14.2;0;0;0;0;351.3;377.12;53.91;0.08;188.53;187.79;0.16;0.01;0.38
2006;2;5;0.29;0.28;-16.1;-16.1;0;0;0;0;351.3;377.12;53.77;0.08;188.82;188.07;0.16;0.01;0.38
2006;2;6;0.92;0.87;-16.6;-16.6;0;0;0;0;351.3;377.12;53.63;0.07;189.74;188.94;0.16;0.01;0.38
2006;2;7;2.81;2.75;-13.1;-13.1;0;0;0;0;351.3;377.12;53.49;0.07;192.55;191.69;0.16;0;0.38
2006;2;8;2.17;2.1;-13.7;-13.7;0;0;0;0;351.3;377.12;53.35;0.07;194.71;193.79;0.16;0;0.38
2006;2;9;3.93;3.81;-16.7;-16.7;0;0;0;0;351.3;377.12;53.21;0.06;198.64;197.6;0.16;0;0.38
2006;2;10;2.7;2.59;-18.8;-18.8;0;0;0;0;351.3;377.12;53.08;0.06;201.35;200.19;0.16;0;0.38
2006;2;11;0.45;0.43;-18.2;-18.2;0;0;0;0;351.3;377.12;52.94;0.06;201.79;200.62;0.16;0;0.38
2006;2;12;0;0;-19;-19;0;0;0;0;351.3;377.12;52.8;0.06;201.79;200.62;0.16;0;0.38
2006;2;13;0;0;-17.6;-17.6;0;0;0;0;351.3;377.12;52.66;0.06;201.79;200.62;0.16;0;0.38
2006;2;14;0;0;-15;-15;0;0;0;0;351.3;377.12;52.53;0.05;201.8;200.62;0.16;0;0.37
2006;2;15;4.63;4.61;-13.6;-13.6;0;0;0;0;351.3;377.12;52.39;0.05;206.43;205.22;0.16;0;0.37
2006;2;16;9.75;9.62;-10;-10;0;0;0;0;351.3;377.12;52.26;0.05;216.17;214.84;0.16;0;0.37
2006;2;17;4.34;4.35;-12.5;-12.5;0;0;0;0;351.3;377.12;52.12;0.05;220.51;219.19;0.16;0;0.37
2006;2;18;5.92;5.94;-13;-13;0;0;0;0;351.3;377.12;51.99;0.05;226.43;225.13;0.16;0;0.37
2006;2;19;4.26;4.4;-13.6;-13.6;0;0;0;0;351.3;377.12;51.85;0.05;230.69;229.53;0.15;0;0.37
2006;2;20;8.74;8.92;-10.7;-10.7;0;0;0;0;351.3;377.12;51.72;0.05;239.43;238.46;0.15;0;0.37
2006;2;21;0.25;0.24;-12.8;-12.8;0;0;0;0;351.3;377.12;51.59;0.04;239.67;238.69;0.15;0;0.37
2006;2;22;1.21;1.21;-12.9;-12.9;0;0;0;0;351.3;377.12;51.45;0.04;240.89;239.91;0.15;0;0.37
2006;2;23;0.37;0.38;-13.4;-13.4;0;0;0;0;351.3;377.12;51.32;0.04;241.26;240.28;0.15;0;0.36
2006;2;24;3.52;3.6;-10.9;-10.9;0;0;0;0;351.3;377.12;51.19;0.04;244.78;243.88;0.15;0;0.36
2006;2;25;2.43;2.4;-9.4;-9.4;0;0;0;0;351.3;377.12;51.06;0.04;247.21;246.28;0.15;0;0.36
2006;2;26;1.58;1.5;-12.3;-12.3;0;0;0;0;351.3;377.12;50.92;0.04;248.79;247.78;0.15;0;0.36
2006;2;27;0.2;0.19;-15.5;-15.5;0;0;0;0;351.3;377.12;50.79;0.04;248.99;247.97;0.15;0;0.36
2006;2;28;0.61;0.58;-17.8;-17.8;0;0;0;0;351.3;377.12;50.66;0.04;249.59;248.56;0.15;0;0.36
2006;3;1;0.7;0.68;-20.4;-20.4;0;0;0;0;351.3;377.12;50.53;0.04;250.29;249.24;0.15;0;0.36
2006;3;2;0.65;0.64;-21.5;-21.5;0;0;0;0;351.3;377.12;50.4;0.04;250.94;249.88;0.15;0;0.36
2006;3;3;5.44;5.33;-16;-16;0;0;0;0;351.3;377.12;50.27;0.04;256.38;255.21;0.15;0;0.36
2006;3;4;4.53;4.39;-10.8;-10.8;0;0;0;0;351.3;377.12;50.14;0.04;260.92;259.6;0.15;0;0.36
2006;3;5;9.93;9.98;-12.6;-12.6;0;0;0;0;351.3;377.12;50.02;0.04;270.85;269.57;0.15;0;0.36
2006;3;6;2.09;2.01;-18.3;-18.3;0;0;0;0;351.3;377.12;49.89;0.04;272.94;271.58;0.15;0;0.36
2006;3;7;3.31;3.23;-19.4;-19.4;0;0;0;0;351.3;377.12;49.76;0.03;276.25;274.81;0.15;0;0.36
2006;3;8;9.83;9.71;-15.9;-15.9;0;0;0;0;351.3;377.12;49.63;0.03;286.07;284.52;0.15;0;0.36
2006;3;9;8.41;8.26;-9.6;-9.6;0;0;0;0;351.3;377.12;49.5;0.03;294.49;292.78;0.15;0;0.36
2006;3;10;2.36;2.33;-11.8;-11.8;0;0;0;0;351.3;377.12;49.38;0.03;296.85;295.11;0.15;0;0.36
2006;3;11;2.35;2.22;-15.9;-15.9;0;0;0;0;351.3;377.12;49.25;0.03;299.2;297.33;0.15;0;0.36
2006;3;12;2.54;2.47;-20.9;-20.9;0;0;0;0;351.3;377.12;49.12;0.03;301.75;299.8;0.15;0;0.36
2006;3;13;0.02;0.02;-17.2;-17.2;0;0;0;0;351.3;377.12;49;0.03;301.77;299.82;0.15;0;0.36
2006;3;14;0;0;-14.7;-14.7;0;0;0;0;351.3;377.12;48.87;0.03;301.77;299.82;0.14;0;0.36
2006;3;15;0;0;-13.3;-13.3;0;0;0;0;351.3;377.12;48.75;0.03;301.77;299.82;0.14;0;0.36
2006;3;16;0.23;0.25;-13.2;-13.2;0;0;0;0;351.3;377.12;48.62;0.03;302;300.07;0.14;0;0.36
2006;3;17;0;0;-12.6;-12.6;0;0;0;0;351.3;377.12;48.5;0.03;302;300.07;0.14;0;0.36
2006;3;18;0;0;-11.1;-11.1;0;0;0;0;351.3;377.12;48.37;0.03;302;300.07;0.14;0;0.37
2006;3;19;0;0;-8.9;-8.9;0;0;0;0;351.3;377.12;48.25;0.03;302;300.07;0.14;0;0.37
2006;3;20;0;0;-8.1;-8.1;0;0;0;0;351.3;377.12;48.13;0.03;302;300.07;0.14;0;0.37
2006;3;21;1.65;1.69;-9.3;-9.3;0;0;0;0;351.3;377.12;48;0.03;303.66;301.76;0.14;0;0.37
2006;3;22;0.18;0.16;-7.9;-7.9;0;0;0;0;351.3;377.12;47.88;0.03;303.84;301.92;0.14;0;0.38
2006;3;23;2.19;2.18;-8.2;-8.2;0;0;0;0;351.3;377.12;47.76;0.03;306.03;304.1;0.14;0;0.43
2006;3;24;2.38;2.44;-8.3;-8.3;0;0;0;0;351.3;377.12;47.63;0.03;308.4;306.54;0.14;0;0.47
2006;3;25;1.24;1.17;-6.5;-6.5;0;0;0;0;351.3;377.12;47.51;0.03;309.65;307.71;0.14;0;0.49
2006;3;26;1.38;1.34;-2.6;-2.6;0;0;0;0;351.3;377.12;47.39;0.03;311.03;309.05;0.14;0;0.51
2006;3;27;0.06;0.06;-0.6;-0.6;0;0;0;0;351.3;377.12;47.27;0.03;311.09;309.11;0.14;0;1
2006;3;28;14.13;14.18;-4.4;-4.4;0;0;0;0;351.3;377.12;47.15;0.03;325.22;323.29;0.14;0;0.84
2006;3;29;1.28;1.17;-8.9;-8.9;0;0;0;0;351.3;377.12;47.03;0.03;326.51;324.46;0.14;0;0.67
2006;3;30;2.02;1.95;-6.5;-6.5;0;0;0;0;351.3;377.12;46.91;0.03;328.53;326.41;0.14;0;0.63
2006;3;31;5.98;5.88;-4.7;-4.7;0;0;0;0;351.3;377.12;46.79;0.03;334.51;332.29;0.14;0;0.74
2006;4;1;0.46;0.49;-5.1;-5.1;0;0;0;0;351.3;377.12;46.67;0.03;334.96;332.78;0.14;0;0.72
2006;4;2;0.2;0.2;-5.5;-5.5;0;0;0;0;351.3;377.12;46.55;0.03;335.16;332.98;0.14;0;0.83
2006;4;3;3.33;3.29;-8.3;-8.3;0;0;0;0;351.3;377.12;46.43;0.03;338.49;336.27;0.14;0;0.79
2006;4;4;0.03;0.03;-9.2;-9.2;0;0;0;0;351.3;377.12;46.31;0.03;338.52;336.3;0.14;0;0.8
2006;4;5;13.91;13.97;-7.4;-7.4;0;0;0;0;351.3;377.12;46.19;0.03;352.43;350.27;0.14;0;0.85
2006;4;6;2.79;2.8;-9.5;-9.5;0;0;0;0;351.3;377.12;46.07;0.03;355.22;353.07;0.14;0;0.78
2006;4;7;0;0;-9.9;-9.9;0;0;0;0;351.3;377.12;45.96;0.03;355.22;353.07;0.14;0;0.81
2006;4;8;0;0;-7.7;-7.7;0;0;0;0;351.3;377.12;45.84;0.03;355.22;353.07;0.14;0;0.89
2006;4;9;0.92;0.97;-6.3;-6.3;0;0;0;0;351.3;377.12;45.72;0.03;356.14;354.04;0.14;0;0.93
2006;4;10;13.97;14.11;-4.8;-4.8;0;0;0;0;351.3;377.12;45.6;0.03;370.11;368.15;0.13;0;1
2006;4;11;9.25;9.07;-10.8;-10.7;0;0;0;0;351.3;377.12;45.49;0.03;379.36;377.22;0.13;0;0.95
2006;4;12;2.44;2.38;-10.7;-10.7;0;0;0;0;351.3;377.12;45.37;0.03;381.8;379.6;0.13;0;0.91
2006;4;13;4.24;4.14;-9.1;-9.1;0;0;0;0;351.3;377.12;45.25;0.03;386.04;383.74;0.13;0;0.9
2006;4;14;0.1;0.1;-4.3;-4.3;0;0;0;0;351.3;377.12;45.14;0.03;386.15;383.84;0.13;0;0.98
2006;4;15;7.21;7.3;-2.7;-2.7;0;0;0;0;351.3;377.12;45.02;0.03;393.36;391.14;0.13;0;1.09
2006;4;16;4.36;4.41;-3.6;-3.6;0;0;0;0;351.3;377.12;44.91;0.03;397.71;395.55;0.13;0;1.22
2006;4;17;0.37;0.36;-4.9;-4.9;0;0;0;0;351.3;377.12;44.79;0.03;398.08;395.91;0.13;0;1.28
2006;4;18;0.8;0.77;-4.5;-4.5;0;0;0;0;351.3;377.12;44.68;0.03;398.89;396.68;0.13;0;1.22
2006;4;19;0.34;0.32;-4.3;-4.3;0;0;0;0;351.3;377.12;44.56;0.03;399.23;397;0.13;0;1.27
2006;4;20;0.13;0.12;-4;-4;0;0;0;0;351.3;377.12;44.45;0.03;399.36;397.12;0.13;0;1.49
2006;4;21;0.28;0.28;-3.1;-3.1;0;0;0;0;351.3;377.12;44.34;0.03;399.64;397.4;0.13;0;1.7
2006;4;22;0.28;0.31;-2.5;-2.5;0;0;0;0;351.3;377.12;44.22;0.03;399.92;397.71;0.13;0;1.87
2006;4;23;0.72;0.76;-2.6;-2.6;0;0;0;0;351.3;377.12;44.11;0.03;400.64;398.47;0.13;0;1.95
2006;4;24;0.69;0.72;-1.9;-1.9;0;0;0;0;351.3;377.12;44;0.03;401.33;399.19;0.13;0;1.99
2006;4;25;2.56;2.63;-1.6;-1.6;0;0;0;0;351.3;377.12;43.88;0.03;403.89;401.82;0.13;0;1.92
2006;4;26;5.07;4.95;-1.7;-1.7;0;0;0;0;351.3;377.12;43.77;0.03;408.96;406.77;0.13;0;2.25
2006;4;27;3.19;3.13;-2;-2;0;0;0;0;351.3;377.12;43.66;0.03;412.15;409.9;0.13;0;2.29
2006;4;28;11.08;10.82;-2.4;-2.4;0;0;0;0;351.3;377.12;43.55;0.03;423.22;420.72;0.13;0;2.06
2006;4;29;5.41;5.42;-4.5;-4.5;0;0;0;0;351.3;377.12;43.44;0.03;428.63;426.14;0.13;0;1.81
2006;4;30;0.36;0.38;-6.6;-6.6;0;0;0;0;351.3;377.12;43.33;0.03;428.99;426.52;0.13;0;1.65
2006;5;1;1.18;1.26;-5;-5;0;0;0;0;351.3;377.12;43.21;0.03;430.17;427.78;0.13;0;1.67
2006;5;2;1.07;1.15;-2.7;-2.7;0;0;0;0;351.3;377.12;43.1;0.03;431.25;428.93;0.13;0;1.89
2006;5;3;0.01;0.01;-0.9;-0.9;0;0;0;0;351.3;377.12;42.99;0.03;431.25;428.94;0.13;0;2.35
2006;5;4;0.96;1;1;1;1.33;1.36;0.2;0.2;351.46;377.3;42.88;0.03;431.61;429.29;0.13;0;3.18
2006;5;5;8.03;8;-1.2;-1.2;0;0;0;0;351.46;377.3;42.77;0.03;439.64;437.29;0.13;0;3.31
2006;5;6;4.68;4.79;-2.8;-2.8;0;0;0;0;351.46;377.3;42.66;0.03;444.33;442.08;0.13;0;2.73
2006;5;7;0.12;0.13;-2.5;-2.5;0;0;0;0;351.46;377.3;42.55;0.03;444.44;442.21;0.13;0;2.62
2006;5;8;3.27;3.35;-2.5;-2.5;0;0;0;0;351.46;377.3;42.45;0.03;447.71;445.56;0.13;0;3.12
2006;5;9;15.14;15.19;-3.3;-3.3;0;0;0;0;351.46;377.3;42.34;0.03;462.85;460.75;0.13;0;2.89
2006;5;10;0.8;0.8;-2.4;-2.4;0;0;0;0;351.46;377.3;42.23;0.03;463.64;461.55;0.12;0;2.42
2006;5;11;0.04;0.04;-1.8;-1.8;0;0;0;0;351.46;377.3;42.12;0.03;463.68;461.59;0.12;0;2.59
2006;5;12;0.3;0.32;-0.7;-0.7;0;0;0;0;351.46;377.3;42.01;0.03;463.97;461.91;0.12;0;2.9
2006;5;13;2.4;2.44;-0.6;-0.6;0;0;0;0;351.46;377.3;41.91;0.03;466.37;464.35;0.12;0;3
2006;5;14;6.33;6.23;-2;-2;0;0;0;0;351.46;377.3;41.8;0.03;472.71;470.58;0.12;0;2.97
2006;5;15;0.31;0.32;-0.9;-0.9;0;0;0;0;351.46;377.3;41.69;0.03;473.01;470.9;0.12;0;2.87
2006;5;16;2.98;2.95;1.2;1.3;1.51;1.54;0.2;0.2;351.72;377.59;41.59;0.03;475.14;472.91;0.12;0;3.86
2006;5;17;2.77;2.53;1.4;1.4;1.59;1.6;0.21;0.21;351.33;377.15;43.03;1.78;475.41;472.64;0.44;0.32;6.58
2006;5;18;14.54;14.47;3.5;3.5;2.46;2.47;0.05;0.05;358.31;383.88;44.44;3.49;469.78;466.41;3.72;3.57;7.59
2006;5;19;6.52;6.54;1.6;1.6;1.7;1.7;0.16;0.16;359.43;384.79;46.01;5.34;469.57;466.38;4.91;4.65;11.22
2006;5;20;5.1;5.2;0.5;0.5;0.97;0.98;0.11;0.1;358.56;384;47.63;7.23;472.69;469.59;3.45;3.13;8.74
2006;5;21;2.8;2.88;0.3;0.3;0.68;0.76;0.09;0.1;357.3;382.92;49.13;8.97;474.43;471.27;2.34;2.02;5.18
2006;5;22;0.6;0.63;1.3;1.3;1.56;1.54;0.24;0.23;358.02;383.4;50.51;10.53;469.32;466.46;2.56;2.23;5.82
2006;5;23;12.84;12.97;0.6;0.7;1.07;1.15;0.04;0.04;357.38;382.98;51.77;11.95;479.57;476.56;2.81;2.48;5.18
2006;5;24;4.39;4.34;-2.3;-2.2;0;0;0;0;357.38;382.98;50.99;11.18;483.96;480.9;1.92;1.61;4.07
2006;5;25;0.33;0.3;-2;-2;0;0;0;0;357.38;382.98;50.25;10.47;484.29;481.2;1.08;0.84;3.12
2006;5;26;0.68;0.64;0.7;0.7;1.14;1.15;0.17;0.17;357.6;383.21;49.55;9.8;484.25;481.04;0.88;0.68;3.8
2006;5;27;3.31;3.2;2.7;2.7;2.18;2.18;0.23;0.22;360.24;385.26;51.12;11.53;477.4;474.67;2.26;2.02;8.54
2006;5;28;6.27;6.02;2.1;2.1;1.94;1.94;0.16;0.15;362.11;386.63;52.59;13.15;475.24;472.8;3.92;3.57;9.01
2006;5;29;13.91;13.83;-0.2;-0.2;0;0;0;0;360.46;385.13;54;14.67;489.14;486.63;3.38;2.97;7.8
2006;5;30;7.62;7.46;-7.4;-7.3;0;0;0;0;360.46;385.13;53.06;13.73;496.76;494.09;1.96;1.59;4.38
2006;5;31;3.13;3.09;-7.9;-7.8;0;0;0;0;360.46;385.13;52.18;12.85;499.9;497.18;1.25;0.96;3.23
2006;6;1;4.74;4.68;-6.9;-6.8;0;0;0;0;360.46;385.13;51.34;12.02;504.64;501.86;1.07;0.84;2.85
2006;6;2;4.04;3.94;-6.7;-6.6;0;0;0;0;360.46;385.13;50.56;11.25;508.68;505.8;1;0.78;2.69
2006;6;3;3.45;3.2;-5.1;-5;0;0;0;0;360.46;385.13;49.82;10.53;512.13;509;0.94;0.73;2.53
2006;6;4;4.62;4.44;-3.2;-3.1;0;0;0;0;360.46;385.13;49.12;9.86;516.75;513.44;0.89;0.69;2.33
2006;6;5;3.21;3.17;-2.9;-2.9;0;0;0;0;360.46;385.13;48.46;9.23;519.96;516.61;0.84;0.64;2.18
2006;6;6;2.84;2.8;-4.1;-4;0;0;0;0;360.46;385.13;47.83;8.63;522.8;519.41;0.8;0.6;2.16
2006;6;7;0.07;0.08;-3.5;-3.4;0;0;0;0;360.46;385.13;47.24;8.08;522.87;519.49;0.76;0.56;2.24
2006;6;8;0.01;0.01;-0.7;-0.6;0;0;0;0;360.46;385.13;46.68;7.57;522.88;519.5;0.72;0.53;2.6
2006;6;9;0.06;0.07;0;0.1;0.4;0.46;0.06;0.07;360.48;385.14;46.15;7.08;522.84;519.46;0.68;0.49;3.24
2006;6;10;0;0;1.4;1.4;1.6;1.62;0.21;0.2;361.02;385.76;45.65;6.63;521.16;517.59;0.64;0.46;4.12
2006;6;11;0.08;0.08;3.1;3.2;2.38;2.4;0.31;0.29;361.56;386.37;47.47;8.81;515.89;511.66;1.55;1.37;5.46
2006;6;12;0.25;0.25;5.6;5.6;3.14;3.14;0.4;0.38;368.17;391.95;49.3;10.85;495.7;492.25;4.8;4.55;7.01
2006;6;13;0.65;0.67;5.6;5.7;3.14;3.17;0.39;0.37;377.74;400.5;51.38;13.14;466.77;463.69;9.09;8.63;9.24
2006;6;14;0.45;0.44;6;6.1;3.25;3.27;0.33;0.29;385.82;407.23;53.94;15.91;439.9;437.99;11.65;10.91;11.02
2006;6;15;0.29;0.32;7.9;7.9;3.7;3.7;0.38;0.34;395.83;415.05;57.03;19.2;405.76;406.44;13.77;12.72;11.74
2006;6;16;3.99;4.24;7;7;3.5;3.5;0.28;0.24;404.76;422.3;60.68;22.99;374.75;377.71;16.15;14.76;13.21
2006;6;17;5.57;5.46;6.1;6.1;3.27;3.27;0.22;0.2;412.1;428.22;64.85;27.24;347.33;352.2;17.63;15.95;15.08
2006;6;18;8.17;8.37;6.7;6.7;3.42;3.42;0.14;0.1;418.21;432.77;69.4;31.78;324.86;332.79;18.07;16.15;20.43
2006;6;19;5.89;5.96;6.3;6.3;3.32;3.32;0.17;0.13;422.79;436.06;74.16;36.42;303.84;314.79;17.76;15.62;21.01
2006;6;20;5.93;6.06;7.8;7.8;3.68;3.68;0.19;0.14;428.19;439.94;79.04;41.05;277.49;292.32;18.56;16.17;20.33
2006;6;21;5.64;5.79;8.2;8.2;3.77;3.77;0.2;0.15;433.19;443.58;84.07;45.68;249.72;268.56;20.25;17.54;20.02
2006;6;22;4.67;4.45;6.8;6.8;3.44;3.45;0.18;0.16;436.45;445.93;89.21;50.28;226.79;248.76;20.59;17.62;22.04
2006;6;23;3.66;3.7;6.7;6.7;3.42;3.42;0.18;0.16;438.74;447.89;94.34;54.74;205.44;229.19;20.09;17.08;23.55
2006;6;24;5.56;5.66;7.6;7.6;3.63;3.64;0.08;0.07;440.4;449.65;99.31;58.96;187.76;211.89;19.78;16.98;22.55
2006;6;25;5.75;5.88;8;8;3.72;3.73;0.07;0.07;440.76;450.47;104.02;62.87;176.75;200.11;18.56;16.14;32.95
2006;6;26;1.93;1.95;8.3;8.3;3.79;3.79;0.18;0.1;440.29;450.73;108.28;66.34;165.98;187.92;17.72;14.39;23.94
2006;6;27;3.85;3.74;8;8;3.73;3.73;0.21;0.09;440.04;451.17;112;69.33;155.56;176.12;18.25;13.86;21.81
2006;6;28;10.17;9.98;7.1;7.1;3.51;3.52;0.09;0.04;440.73;452.3;115.29;71.93;146.22;165.55;19.2;14.97;27.37
2006;6;29;10.08;9.99;4.7;4.7;2.88;2.89;0.08;0.04;440.9;452.85;118.28;74.28;140.03;158.54;19.12;15.53;22.86
2006;6;30;0;0;5.4;5.4;3.08;3.09;0.23;0.1;439.49;452.15;120.89;76.3;132.99;150.57;16.63;13.45;17.41
2006;7;1;0;0;6.3;6.3;3.35;3.35;0.25;0.1;438.25;451.65;123;77.83;124.77;141.26;14.91;11.68;15.51
2006;7;2;0.03;0.03;7;7;3.52;3.52;0.26;0.11;437.18;451.31;124.61;78.89;115.64;130.93;14.77;11.42;15.89
2006;7;3;1.71;1.81;6.9;6.9;3.5;3.5;0.24;0.1;436.39;451.23;125.84;79.62;106.62;120.71;15.25;11.85;15.97
2006;7;4;1.52;1.57;7.3;7.3;3.59;3.59;0.24;0.1;435.66;451.2;126.81;80.13;97.07;109.9;15.74;12.28;17.51
2006;7;5;7.09;7.19;7.4;7.4;3.62;3.62;0.16;0.06;435.96;451.99;127.67;80.55;87.33;98.88;17.21;13.63;16.55
2006;7;6;8.89;8.74;6.5;6.5;3.41;3.4;0.1;0.05;436.45;452.76;128.54;81.06;78.76;89.17;18.6;15.03;17.36
2006;7;7;7.3;7.1;5.2;5.2;3.05;3.06;0.11;0.05;436.41;452.99;129.49;81.65;71.9;81.41;18.19;14.94;15.45
2006;7;8;7.61;7.53;5.6;5.6;3.16;3.17;0.12;0.05;436.45;453.35;130.43;82.26;64.52;73.05;17.59;14.58;16.11
2006;7;9;5.61;5.75;5.8;5.8;3.22;3.22;0.16;0.06;436.11;453.48;131.34;82.84;56.88;64.41;17.37;14.32;16.92
2006;7;10;0.36;0.35;7.5;7.5;3.64;3.64;0.24;0.11;435.19;453.21;132.16;83.34;47.09;53.31;16.75;13.45;17.34
2006;7;11;0.21;0.21;9.2;9.2;4.01;4.01;0.27;0.12;434.53;453.27;132.83;83.72;35.08;39.72;16.98;13.17;20.17
2006;7;12;6.13;6.32;8.1;8.1;3.78;3.78;0.18;0.07;434.71;453.93;133.44;84.05;24.43;27.65;18.34;14.4;22.69
2006;7;13;1.25;1.29;7.7;7.7;3.68;3.69;0.23;0.1;433.97;453.8;134.04;84.4;14.36;16.25;18.11;14.38;16.72
2006;7;14;2.34;2.38;7.9;7.9;3.73;3.73;0.22;0.1;433.48;453.87;134.59;84.72;4.01;4.54;17.48;13.85;18.25
2006;7;15;0.24;0.26;8.5;8.5;3.87;3.87;0.15;0;431.82;452.73;134.98;84.88;0;0;15.71;11.97;20.43
2006;7;16;0.02;0.02;8.5;8.5;3.86;3.87;0.8;0.74;428.97;450.23;135.01;84.66;0;0;20.6;16.79;20.15
2006;7;17;0.35;0.36;8.3;8.3;3.82;3.82;1.41;1.44;425.59;447.1;134.58;83.95;0;0;20.23;16.49;19.48
2006;7;18;0;0;9.3;9.3;4.03;4.04;1.51;1.55;422.06;443.81;133.74;82.78;0;0;20.46;16.61;19.5
2006;7;19;0.47;0.46;10.4;10.4;4.25;4.26;1.55;1.59;418.61;440.58;132.56;81.26;0;0;21.67;17.49;21.47
2006;7;20;1.09;0.97;10.6;10.6;4.29;4.29;1.5;1.55;415.4;437.49;131.14;79.48;0;0;22.37;17.94;21.9
2006;7;21;4.82;4.5;9.8;9.8;4.13;4.14;1.11;1.16;413.54;435.49;129.59;77.56;0;0;22.35;17.95;20.42
2006;7;22;1.24;1.28;9.3;9.3;4.03;4.04;1.39;1.43;410.47;432.62;127.98;75.58;0;0;21.54;17.33;23.36
2006;7;23;6.56;6.42;8;8;3.75;3.75;0.86;0.89;409.34;431.39;126.38;73.61;0;0;20.4;16.49;21.1
2006;7;24;0.54;0.55;8.7;8.7;3.9;3.91;1.41;1.45;406.14;428.38;124.81;71.67;0;0;20.16;16.39;21.57
2006;7;25;1.86;1.98;9.5;9.5;4.08;4.08;1.35;1.38;403.34;425.78;123.23;69.72;0;0;20.52;16.51;23.8
2006;7;26;2.04;2.18;9.1;9.1;4;3.99;1.3;1.33;400.66;423.3;121.63;67.77;0;0;20.33;16.22;22.66
2006;7;27;1.83;1.88;9.3;9.3;4.04;4.04;1.33;1.38;397.95;420.73;120.03;65.83;0;0;20.24;16.17;22.49
2006;7;28;13.59;13.74;7.8;7.8;3.71;3.71;0.26;0.26;399.7;422.29;118.56;64.02;0;0;20.62;16.76;25.11
2006;7;29;9.63;9.48;5.6;5.6;3.16;3.17;0.5;0.53;400.08;422.45;117.36;62.53;0;0;19.06;15.79;20.61
2006;7;30;0.09;0.1;7.4;7.4;3.62;3.62;1.33;1.38;396.9;419.45;116.36;61.25;0;0;18.2;15.06;20.61
2006;7;31;2.58;2.73;7.9;7.9;3.73;3.73;1.17;1.2;394.59;417.32;115.38;59.98;0;0;17.92;14.47;22.88
2006;8;1;10.82;10.87;6.7;6.7;3.16;3.17;0.42;0.43;395.55;418.13;114.44;58.77;0;0;18.03;14.69;22.29
2006;8;2;1.24;1.24;5;5;2.75;2.75;0.94;0.98;393.13;415.85;113.59;57.66;0;0;15.55;12.72;20.3
2006;8;3;28.43;28.51;0.6;0.6;0.97;1;0;0;392.08;415.02;112.76;56.58;25.69;25.6;8.29;6.7;9.12
2006;8;4;4.63;4.39;-1;-1;0;0;0;0;390.25;413.4;111.88;55.44;30.32;29.99;5.7;5.06;6.34
2006;8;5;1.37;1.35;-0.4;-0.4;0;0;0;0;388.44;411.8;110.9;54.21;31.7;31.34;4.95;4.43;4.61
2006;8;6;7.19;6.95;1;1;1.28;1.27;0.1;0.09;387.6;411.02;109.86;52.92;35.83;35.28;5.13;4.63;4.26
2006;8;7;8.93;8.59;2;2;1.79;1.78;0.08;0.08;389.01;411.91;108.87;51.69;35.25;35.05;6.47;5.93;4.82
2006;8;8;1.34;1.25;2.8;2.8;2.1;2.09;0.15;0.12;390.53;412.7;108.06;50.65;26.89;27.73;7.62;6.96;4.09
2006;8;9;5.87;5.92;2.6;2.6;2.01;2.01;0.1;0.08;391.85;413.45;107.48;49.84;23.32;25.12;8.02;7.25;3.88
2006;8;10;3.62;3.56;1.6;1.6;1.59;1.6;0.09;0.08;391.41;412.91;107.07;49.19;22.62;24.76;7.36;6.55;4.04
2006;8;11;5.29;5.26;0.2;0.2;0.57;0.59;0.05;0.05;389.79;411.52;106.68;48.55;27.12;29.18;6;5.25;3.53
2006;8;12;8.48;8.49;-0.6;-0.6;0;0;0;0;387.97;409.92;106.21;47.84;35.6;37.67;4.92;4.28;3.1
2006;8;13;4.29;4.33;-1.5;-1.5;0;0;0;0;387.97;409.92;103.33;44.77;39.89;42;3.97;3.43;2.83
2006;8;14;7.39;7.43;-1.2;-1.2;0;0;0;0;387.97;409.92;100.63;41.89;47.29;49.43;3.39;2.95;2.8
2006;8;15;0.14;0.14;0.9;0.9;1.23;1.21;0.16;0.15;387.08;409.08;100.53;41.6;44.5;46.82;3.62;3.21;2.91
2006;8;16;4.87;4.98;3.3;3.2;2.25;2.22;0.12;0.1;390.09;411.07;100.38;41.27;35.52;39.44;6.01;5.47;3.3
2006;8;17;3;3.1;4.9;4.8;2.73;2.7;0.06;0.07;392.02;413.14;100.42;41.14;26.14;29.59;8.21;7.5;5.49
2006;8;18;5.03;4.8;6.2;6.2;3.06;3.05;0.09;0.07;393.56;414.9;100.71;41.29;19.61;22.2;9.79;8.03;10.02
2006;8;19;3.64;3.73;6.1;6.1;3.04;3.03;0.15;0.07;394.51;416.35;101.23;41.69;12.89;14.6;10.89;8.14;9.82
2006;8;20;4.27;4.22;5.2;5.2;2.8;2.81;0.12;0.06;395.46;417.63;101.9;42.26;6.96;7.88;10.71;8.06;9.24
2006;8;21;1.61;1.66;2.4;2.4;1.93;1.94;0.08;0.05;394.55;417.01;102.61;42.88;4.99;5.66;8.54;6.95;7.39
2006;8;22;0.87;0.77;2.1;2.1;1.81;1.82;0.05;0.05;393.45;416.11;103.22;43.4;3.22;3.64;6.13;5.45;6.6
2006;8;23;0.15;0.16;3.6;3.6;2.35;2.35;0.04;0;392.48;415.51;103.65;43.73;0;0;6.02;4.92;6.65
2006;8;24;13.13;13.06;3.4;3.4;2.29;2.29;0.01;0;394.68;417.42;104.02;44.01;0;0;8.16;6.53;7.05
2006;8;25;0.36;0.39;1.8;1.8;1.68;1.69;0.02;0;392.91;415.89;104.38;44.27;0;0;7.35;6.17;5.99
2006;8;26;1.27;1.27;1.8;1.8;1.68;1.69;0;0;391.47;414.62;104.62;44.4;0;0;5.29;4.65;5.99
2006;8;27;4.17;4.11;0.2;0.2;0.61;0.59;0.06;0.06;389.96;413.25;104.67;44.33;3.17;3.19;4.64;4.09;4.33
2006;8;28;12.88;12.59;0.6;0.6;1;1;0.03;0.03;388.97;412.34;104.56;44.08;13.45;13.22;4.7;4.17;3.44
2006;8;29;6.79;6.69;-2.1;-2.1;0;0;0;0;387.16;410.74;104.31;43.69;20.24;19.91;4.49;3.97;3.09
2006;8;30;3.24;3.12;-3.7;-3.7;0;0;0;0;387.16;410.74;101.66;40.88;23.48;23.03;3.65;3.18;2.78
2006;8;31;0.06;0.05;-0.5;-0.4;0;0;0;0;387.16;410.74;99.17;38.25;23.54;23.08;3.09;2.7;2.61
2006;9;1;0;0;3.4;3.4;1.94;1.95;0.15;0.12;388.93;411.97;99.32;38.31;12.88;13.08;4.55;4.13;3.01
2006;9;2;0.16;0.18;4.8;4.8;2.3;2.31;0.06;0.07;389.76;412.48;99.47;38.37;5.04;5.7;6.3;5.75;3.58
2006;9;3;0.22;0.22;6;6;2.56;2.56;0.04;0;389.39;412.53;99.7;38.51;0;0;7.2;5.73;6.11
2006;9;4;0;0;8.6;8.6;3.04;3.05;0.57;0.55;387.02;410.38;99.91;38.62;0;0;14.03;11.34;13.74
2006;9;5;0;0;7.8;7.8;2.91;2.91;1;1.04;384.22;407.75;99.98;38.6;0;0;14.28;11.15;12.87
2006;9;6;1.07;1.11;8.4;8.4;3.01;3.01;0.97;1.01;381.82;405.48;99.9;38.41;0;0;14.67;11.42;12.54
2006;9;7;1.19;1.3;7.3;7.3;2.82;2.82;0.9;0.93;379.54;403.37;99.7;38.1;0;0;14.12;10.93;13.94
2006;9;8;1.28;1.26;5.4;5.4;2.44;2.44;0.77;0.81;377.47;401.39;99.4;37.69;0;0;12.1;9.38;17.86
2006;9;9;0.03;0.03;5;5;2.35;2.35;0.8;0.84;374.94;399;99.04;37.21;0;0;10.78;8.48;11.09
2006;9;10;0.17;0.18;5.6;5.6;2.48;2.48;0.84;0.88;372.44;396.63;98.59;36.65;0;0;10.91;8.65;10.66
2006;9;11;5.87;5.76;5;5;2.35;2.35;0.52;0.55;372.4;396.46;98.12;36.06;0;0;11.35;9.08;10.95
2006;9;12;0.24;0.23;4.9;4.9;2.32;2.33;0.78;0.82;370;394.17;97.69;35.52;0;0;11.1;8.9;9.6
2006;9;13;3.02;2.99;3.6;3.6;2.01;2.01;0.3;0.3;369.15;393.37;97.26;34.99;0;0;6.35;4.38;9.26
2006;9;14;1.7;1.74;2.7;2.6;1.75;1.72;0.04;0;368.04;392.44;96.85;34.47;0;0;5.39;3.62;6.54
2006;9;15;14.03;14.36;3.6;3.5;2.01;1.98;0.02;0;371.62;395.9;96.54;34.07;0;0;7.21;5.32;15.45
2006;9;16;2.97;3;4.8;4.8;2.31;2.31;0.35;0.34;370.66;395.03;96.42;33.87;0;0;11.22;9.05;11.6
2006;9;17;6.17;5.99;3;3;1.84;1.84;0.21;0.21;371.11;395.31;96.4;33.8;0;0;7.55;5.53;8.29
2006;9;18;7.35;7.21;2.3;2.3;1.62;1.62;0.04;0.03;371.95;395.96;96.46;33.8;0.65;0.73;6.3;5.1;7.07
2006;9;19;5.8;5.71;2.2;2.2;1.59;1.59;0.03;0.03;372.3;396.2;96.59;33.86;0.96;1.09;5.62;4.98;5.68
2006;9;20;0;0;2.9;2.9;1.81;1.81;0.02;0;370.89;395.03;96.72;33.93;0;0;5.11;4.15;5.02
2006;9;21;0;0;5.7;5.7;2.51;2.5;0.46;0.45;368.73;393.05;96.78;33.91;0;0;9.11;7.41;5.55
2006;9;22;0.01;0.01;6.4;6.4;2.65;2.64;0.9;0.95;366.14;390.58;96.7;33.76;0;0;10.69;8.41;6.62
2006;9;23;0.26;0.27;6.9;6.9;2.75;2.74;0.92;0.97;363.64;388.19;96.51;33.48;0;0;11.6;9.01;7.8
2006;9;24;2.23;2.21;5.6;5.6;2.49;2.48;0.73;0.77;362.14;386.71;96.24;33.13;0;0;11.2;8.6;9.55
2006;9;25;2.51;2.56;3.1;3;1.86;1.84;0.29;0.28;361.19;385.86;95.94;32.74;0;0;6.33;4.19;7.1
2006;9;26;3.39;3.37;2.2;2.2;1.6;1.59;0.02;0;360.91;385.61;95.65;32.37;0;0;4.9;3.72;5.43
2006;9;27;0.7;0.67;2.6;2.6;1.71;1.72;0;0;359.55;384.36;95.36;32.01;0;0;3.92;3.39;5.24
2006;9;28;0.06;0.07;2.7;2.7;1.75;1.75;0.02;0;357.92;382.89;95.04;31.62;0;0;3.71;2.85;5.91
2006;9;29;4.9;4.89;2.8;2.8;1.78;1.78;0.01;0;358.31;383.25;94.71;31.21;0;0;4.24;3.39;6.98
2006;9;30;2.15;1.99;2.3;2.3;1.61;1.62;0;0;357.61;382.51;94.41;30.85;0;0;4.05;3.56;6.05
2006;10;1;5.64;5.67;3.8;3.8;1.83;1.83;0.01;0;358.3;383.18;94.16;30.54;0;0;4.73;3.78;6.8
2006;10;2;1.08;1.12;4.9;4.9;2.06;2.06;0.33;0.32;356.78;381.79;93.96;30.28;0;0;8.59;6.96;8.83
2006;10;3;19.48;19.93;3.6;3.5;1.78;1.75;0;0;363.16;387.92;93.91;30.18;0;0;8.14;6.3;12.18
2006;10;4;19.19;19.44;-2;-2;0;0;0;0;361.51;386.41;94.05;30.31;19.19;19.44;6.85;5.63;7.83
2006;10;5;0.1;0.09;-4.9;-4.9;0;0;0;0;361.51;386.41;92.16;28.36;19.29;19.53;3.72;3.17;3.81
2006;10;6;0;0;-4.7;-4.7;0;0;0;0;361.51;386.41;90.38;26.54;19.29;19.53;2.38;1.98;3.04
2006;10;7;4.74;4.75;-3;-3;0;0;0;0;361.51;386.41;88.7;24.83;24.03;24.28;2.06;1.73;2.75
2006;10;8;0;0;-0.5;-0.5;0;0;0;0;361.51;386.41;87.12;23.24;24.03;24.28;1.92;1.62;2.47
2006;10;9;0;0;1.2;1.2;1.04;1.05;0.14;0.13;363.44;388.17;85.64;21.75;19.1;19.36;2.06;1.76;2.37
2006;10;10;0;0;1.5;1.5;1.17;1.17;0.09;0.07;364.54;388.61;86.49;22.91;13.17;13.9;3.18;2.85;2.38
2006;10;11;0;0;1.2;1.2;1.04;1.05;0.07;0.06;364.24;388.15;87.42;23.9;9.84;10.91;3.7;3.31;2.45
2006;10;12;0.4;0.4;0.8;0.8;0.86;0.87;0.05;0.05;363.36;387.36;88.2;24.74;8.2;9.27;3.55;3.11;2.44
2006;10;13;0.92;0.92;0.3;0.3;0.53;0.54;0.03;0.03;362.03;386.16;88.83;25.41;8.24;9.32;3.24;2.78;2.44
2006;10;14;4.96;5;-1.5;-1.5;0;0;0;0;362.03;386.16;87.22;23.78;13.21;14.32;2.49;2.06;2.2
2006;10;15;3.13;3.18;-1;-1;0;0;0;0;362.03;386.16;85.7;22.25;16.33;17.5;1.95;1.6;2
2006;10;16;0;0;-0.5;-0.5;0;0;0;0;362.03;386.16;84.27;20.82;16.33;17.5;1.76;1.45;1.87
2006;10;17;0;0;0.7;0.7;0.81;0.81;0.08;0.08;362.99;386.97;82.92;19.48;13.94;15.23;1.66;1.36;1.85
2006;10;18;0;0;0.2;0.2;0.4;0.45;0.02;0.03;361.88;385.71;83.77;20.64;13.31;14.53;1.93;1.64;1.81
2006;10;19;1.66;1.66;0;0;0.07;0;0.01;0;360.35;384.22;84.57;21.51;14.77;16.18;2.18;1.88;1.82
2006;10;20;0.59;0.62;-0.7;-0.7;0;0;0;0;360.35;384.22;83.19;20.13;15.37;16.8;1.88;1.56;1.77
2006;10;21;0.4;0.42;-0.2;-0.2;0;0;0;0;360.35;384.22;81.88;18.84;15.77;17.23;1.63;1.33;1.71
2006;10;22;0.23;0.24;0.9;0.9;0.93;0.92;0.05;0.06;359.72;383.47;82.75;19.81;13.63;15.41;1.85;1.54;1.74
2006;10;23;1.45;1.54;1.2;1.1;1.04;1.01;0.05;0.06;358.95;382.89;83.43;20.56;12.78;14.47;2.59;2.23;1.78
2006;10;24;9.04;9.12;1.1;1.1;1.02;1.01;0.05;0.04;359.04;382.85;84.01;21.21;17.7;19.72;3.19;2.79;3.05
2006;10;25;0;0;0.5;0.5;0.69;0.69;0.05;0.04;357.82;381.67;84.51;21.76;16.73;18.89;3.13;2.69;2.14
2006;10;26;0;0;3.2;3.2;1.69;1.68;0.05;0.05;357.64;381.8;84.95;22.24;12.91;14.62;3.3;2.85;2.29
2006;10;27;0;0;2;2;1.34;1.34;0.05;0.04;356.77;381.2;85.34;22.67;10.82;12.24;3.68;2.94;2.36
2006;10;28;0.02;0.02;0.9;0.9;0.91;0.92;0.04;0.03;355.5;380.12;85.67;23.03;9.88;11.18;3.45;2.74;2.44
2006;10;29;5.6;5.42;-0.3;-0.3;0;0;0;0;353.89;378.65;85.92;23.3;15.47;16.6;2.76;2.33;2.41
2006;10;30;0.12;0.11;-0.8;-0.8;0;0;0;0;352.28;377.18;86.07;23.47;15.59;16.71;2.5;2.1;1.85
2006;10;31;0.08;0.08;0.4;0.4;0.6;0.62;0.06;0.06;351.14;376.17;86.14;23.54;14.51;15.58;2.58;2.19;1.62
2006;11;1;4.22;4.05;-5.8;-5.8;0;0;0;0;351.14;376.17;84.64;22.03;18.72;19.63;2.19;1.82;1.48
2006;11;2;1.46;1.41;-15.5;-15.4;0;0;0;0;351.14;376.17;83.22;20.61;20.18;21.04;1.79;1.47;1.3
2006;11;3;1.9;1.82;-14.4;-14.4;0;0;0;0;351.14;376.17;81.88;19.29;22.08;22.86;1.63;1.34;1.32
2006;11;4;0;0;-10.4;-10.3;0;0;0;0;351.14;376.17;80.62;18.05;22.08;22.86;1.53;1.25;1.32
2006;11;5;1.2;1.17;-7.9;-7.9;0;0;0;0;351.14;376.17;79.43;16.89;23.28;24.03;1.45;1.17;1.36
2006;11;6;0;0;-3.8;-3.7;0;0;0;0;351.14;376.17;78.31;15.81;23.28;24.03;1.37;1.1;1.34
2006;11;7;0;0;-0.8;-0.8;0;0;0;0;351.14;376.17;77.25;14.79;23.28;24.03;1.29;1.03;1.32
2006;11;8;0;0;-1.4;-1.4;0;0;0;0;351.14;376.17;76.25;13.84;23.28;24.03;1.22;0.96;1.31
2006;11;9;4.13;4;-3.6;-3.6;0;0;0;0;351.14;376.17;75.3;12.95;27.42;28.03;1.16;0.9;1.25
2006;11;10;0.22;0.21;-6.1;-6.1;0;0;0;0;351.14;376.17;74.4;12.12;27.64;28.24;1.1;0.84;1.23
2006;11;11;2.3;2.24;-5.8;-5.7;0;0;0;0;351.14;376.17;73.55;11.34;29.94;30.48;1.04;0.79;1.23
2006;11;12;7.51;7.28;-8.2;-8.2;0;0;0;0;351.14;376.17;72.74;10.62;37.45;37.76;0.99;0.74;1.23
2006;11;13;1.55;1.53;-7;-7;0;0;0;0;351.14;376.17;71.98;9.93;39.01;39.29;0.93;0.69;1.22
2006;11;14;2.77;2.58;-3.3;-3.3;0;0;0;0;351.14;376.17;71.25;9.3;41.77;41.87;0.89;0.65;1.25
2006;11;15;0.06;0.07;-5.1;-5;0;0;0;0;351.14;376.17;70.57;8.7;41.84;41.94;0.84;0.6;1.23
2006;11;16;0.16;0.18;-3.6;-3.5;0;0;0;0;351.14;376.17;69.91;8.14;42;42.12;0.8;0.57;1.21
2006;11;17;0.64;0.65;-3.7;-3.6;0;0;0;0;351.14;376.17;69.29;7.62;42.63;42.77;0.76;0.53;1.18
2006;11;18;1.99;2.07;-3.9;-3.9;0;0;0;0;351.14;376.17;68.7;7.13;44.62;44.84;0.72;0.5;1.16
2006;11;19;0.28;0.3;-5.5;-5.5;0;0;0;0;351.14;376.17;68.14;6.67;44.91;45.14;0.69;0.46;1.13
2006;11;20;3.14;3.16;-7.3;-7.3;0;0;0;0;351.14;376.17;67.6;6.25;48.05;48.3;0.66;0.43;1.12
2006;11;21;2.4;2.41;-8.2;-8.2;0;0;0;0;351.14;376.17;67.09;5.85;50.45;50.71;0.63;0.41;1.12
2006;11;22;3.93;3.79;-11;-11;0;0;0;0;351.14;376.17;66.6;5.47;54.37;54.5;0.6;0.38;1.11
2006;11;23;0.09;0.09;-8.9;-8.9;0;0;0;0;351.14;376.17;66.13;5.12;54.47;54.59;0.57;0.36;1.11
2006;11;24;0.31;0.33;-5.3;-5.3;0;0;0;0;351.14;376.17;65.68;4.8;54.77;54.92;0.55;0.33;1.12
2006;11;25;0.31;0.33;-1.1;-1.1;0;0;0;0;351.14;376.17;65.26;4.49;55.08;55.25;0.52;0.31;1.12
2006;11;26;0;0;-4.5;-4.5;0;0;0;0;351.14;376.17;64.85;4.2;55.08;55.25;0.5;0.29;1.11
2006;11;27;0;0;-8.1;-8.1;0;0;0;0;351.14;376.17;64.45;3.93;55.08;55.25;0.48;0.27;1.1
2006;11;28;0;0;-6.7;-6.6;0;0;0;0;351.14;376.17;64.07;3.68;55.08;55.25;0.46;0.26;1.09
2006;11;29;0.04;0.03;-7.3;-7.3;0;0;0;0;351.14;376.17;63.71;3.45;55.12;55.28;0.44;0.24;1.08
2006;11;30;0;0;-7.4;-7.4;0;0;0;0;351.14;376.17;63.36;3.23;55.12;55.28;0.43;0.22;1.07
2006;12;1;0;0;-7.5;-7.4;0;0;0;0;351.14;376.17;63.02;3.02;55.12;55.28;0.41;0.21;1.07
2006;12;2;0;0;-8;-7.9;0;0;0;0;351.14;376.17;62.7;2.83;55.12;55.28;0.4;0.2;1.06
2006;12;3;0.26;0.28;-7.3;-7.3;0;0;0;0;351.14;376.17;62.39;2.65;55.38;55.56;0.38;0.18;1.07
2006;12;4;3.15;3.06;-5.8;-5.8;0;0;0;0;351.14;376.17;62.09;2.48;58.53;58.62;0.37;0.17;1.05
2006;12;5;0.68;0.67;-4.1;-4.1;0;0;0;0;351.14;376.17;61.79;2.32;59.21;59.29;0.36;0.16;1.02
2006;12;6;8.15;8.27;-4.4;-4.4;0;0;0;0;351.14;376.17;61.51;2.17;67.36;67.56;0.34;0.15;1.02
2006;12;7;5.07;5.2;-4.9;-4.9;0;0;0;0;351.14;376.17;61.23;2.04;72.43;72.76;0.33;0.14;1.01
2006;12;8;6.7;6.94;-5.8;-5.8;0;0;0;0;351.14;376.17;60.97;1.91;79.12;79.7;0.32;0.13;1
2006;12;9;33.31;33.34;-7.7;-7.7;0;0;0;0;351.14;376.17;60.71;1.79;112.44;113.04;0.31;0.12;0.99
2006;12;10;2.46;2.38;-13.3;-13.3;0;0;0;0;351.14;376.17;60.46;1.67;114.89;115.42;0.3;0.12;0.96
2006;12;11;0;0;-19.8;-19.8;0;0;0;0;351.14;376.17;60.21;1.57;114.89;115.42;0.3;0.11;0.92
2006;12;12;0.21;0.2;-12.9;-12.9;0;0;0;0;351.14;376.17;59.98;1.47;115.1;115.62;0.29;0.1;0.93
2006;12;13;0;0;-14.9;-14.9;0;0;0;0;351.14;376.17;59.74;1.38;115.1;115.62;0.28;0.1;0.9
2006;12;14;0;0;-9.9;-9.8;0;0;0;0;351.14;376.17;59.52;1.29;115.1;115.62;0.27;0.09;0.89
2006;12;15;0;0;-9.1;-9;0;0;0;0;351.14;376.17;59.3;1.21;115.1;115.62;0.27;0.08;0.89
2006;12;16;0.18;0.18;-11.3;-11.2;0;0;0;0;351.14;376.17;59.08;1.13;115.27;115.8;0.26;0.08;0.88
2006;12;17;2.73;2.73;-8.7;-8.7;0;0;0;0;351.14;376.17;58.87;1.06;118;118.53;0.25;0.07;0.87
2006;12;18;0.96;0.93;-10;-10;0;0;0;0;351.14;376.17;58.66;1;118.96;119.46;0.25;0.07;0.87
2006;12;19;0.1;0.1;-14.3;-14.3;0;0;0;0;351.14;376.17;58.46;0.93;119.07;119.56;0.24;0.06;0.86
2006;12;20;0;0;-18.8;-18.8;0;0;0;0;351.14;376.17;58.26;0.87;119.07;119.56;0.24;0.06;0.86
2006;12;21;0;0;-17.4;-17.4;0;0;0;0;351.14;376.17;58.06;0.82;119.07;119.56;0.23;0.06;0.85
2006;12;22;0;0;-18;-17.9;0;0;0;0;351.14;376.17;57.87;0.77;119.07;119.56;0.23;0.05;0.84
2006;12;23;0;0;-12;-11.9;0;0;0;0;351.14;376.17;57.69;0.72;119.07;119.56;0.22;0.05;0.84
2006;12;24;0;0;-11.8;-11.7;0;0;0;0;351.14;376.17;57.5;0.68;119.07;119.56;0.22;0.05;0.83
2006;12;25;0;0;-11.2;-11.1;0;0;0;0;351.14;376.17;57.32;0.64;119.07;119.56;0.22;0.04;0.82
2006;12;26;0;0;-11.6;-11.5;0;0;0;0;351.14;376.17;57.14;0.6;119.07;119.56;0.21;0.04;0.82
2006;12;27;0;0;-12.5;-12.4;0;0;0;0;351.14;376.17;56.96;0.56;119.07;119.56;0.21;0.04;0.81
2006;12;28;0;0;-13.5;-13.4;0;0;0;0;351.14;376.17;56.78;0.52;119.07;119.56;0.21;0.04;0.81
2006;12;29;0;0;-12.5;-12.4;0;0;0;0;351.14;376.17;56.61;0.49;119.07;119.56;0.2;0.03;0.8
2006;12;30;0;0;-12.3;-12.2;0;0;0;0;351.14;376.17;56.44;0.46;119.06;119.56;0.2;0.03;0.79
2006;12;31;0.09;0.08;-10;-9.9;0;0;0;0;351.14;376.17;56.27;0.44;119.15;119.64;0.2;0.03;0.79
2007;1;1;8.38;8.24;-10.6;-10.5;0;0;0;0;351.14;376.17;56.11;0.41;127.54;127.88;0.2;0.03;0.78
2007;1;2;6.79;6.62;-15.7;-15.7;0;0;0;0;351.14;376.17;55.94;0.38;134.33;134.5;0.19;0.03;0.78
2007;1;3;3.06;2.98;-15;-15;0;0;0;0;351.14;376.17;55.78;0.36;137.39;137.47;0.19;0.03;0.78
2007;1;4;5.11;5.04;-9.9;-9.9;0;0;0;0;351.14;376.17;55.62;0.34;142.5;142.51;0.19;0.02;0.77
2007;1;5;1.48;1.43;-9.8;-9.8;0;0;0;0;351.14;376.17;55.46;0.32;143.98;143.94;0.19;0.02;0.77
2007;1;6;0.09;0.08;-8.3;-8.3;0;0;0;0;351.14;376.17;55.3;0.3;144.07;144.03;0.19;0.02;0.77
2007;1;7;0.12;0.11;-9.4;-9.3;0;0;0;0;351.14;376.17;55.15;0.28;144.19;144.13;0.18;0.02;0.77
2007;1;8;0.24;0.25;-12.3;-12.2;0;0;0;0;351.14;376.17;54.99;0.27;144.43;144.38;0.18;0.02;0.77
2007;1;9;5.1;5.02;-7.3;-7.3;0;0;0;0;351.14;376.17;54.84;0.25;149.53;149.41;0.18;0.02;0.77
2007;1;10;0.12;0.12;-7.2;-7.1;0;0;0;0;351.14;376.17;54.69;0.24;149.65;149.53;0.18;0.02;0.76
2007;1;11;0.69;0.66;-6.9;-6.9;0;0;0;0;351.14;376.17;54.53;0.22;150.34;150.19;0.18;0.02;0.77
2007;1;12;7.46;7.43;-7.8;-7.8;0;0;0;0;351.14;376.17;54.38;0.21;157.8;157.62;0.18;0.01;0.78
2007;1;13;0;0;-4.4;-4.4;0;0;0;0;351.14;376.17;54.23;0.2;157.8;157.62;0.17;0.01;0.77
2007;1;14;0.1;0.09;-8.1;-8;0;0;0;0;351.14;376.17;54.09;0.19;157.89;157.71;0.17;0.01;0.76
2007;1;15;0;0;-11.2;-11.1;0;0;0;0;351.14;376.17;53.94;0.18;157.89;157.71;0.17;0.01;0.75
2007;1;16;0;0;-9.5;-9.4;0;0;0;0;351.14;376.17;53.79;0.17;157.89;157.71;0.17;0.01;0.75
2007;1;17;0;0;-12.2;-12.1;0;0;0;0;351.14;376.17;53.65;0.16;157.89;157.71;0.17;0.01;0.76
2007;1;18;5.48;5.44;-11.4;-11.3;0;0;0;0;351.14;376.17;53.5;0.15;163.37;163.15;0.17;0.01;0.77
2007;1;19;13.51;13.39;-5;-5.1;0;0;0;0;351.14;376.17;53.36;0.14;176.88;176.53;0.17;0.01;0.95
2007;1;20;0.01;0.01;-4.1;-4.1;0;0;0;0;351.14;376.17;53.22;0.14;176.89;176.54;0.17;0.01;0.79
2007;1;21;1.79;1.72;-8.3;-8.3;0;0;0;0;351.14;376.17;53.08;0.13;178.67;178.26;0.17;0.01;0.72
2007;1;22;3.62;3.75;-9.2;-9.1;0;0;0;0;351.14;376.17;52.93;0.12;182.29;182.01;0.16;0.01;0.7
2007;1;23;14.13;14.46;-7.7;-7.7;0;0;0;0;351.14;376.17;52.79;0.12;196.42;196.47;0.16;0.01;0.69
2007;1;24;4.64;4.55;-14.2;-14.2;0;0;0;0;351.14;376.17;52.65;0.11;201.06;201.02;0.16;0.01;0.68
2007;1;25;0.79;0.79;-18;-18;0;0;0;0;351.14;376.17;52.51;0.1;201.85;201.81;0.16;0.01;0.67
2007;1;26;1.57;1.56;-18.4;-18.4;0;0;0;0;351.14;376.17;52.38;0.1;203.43;203.37;0.16;0.01;0.67
2007;1;27;2.76;2.67;-19.5;-19.5;0;0;0;0;351.14;376.17;52.24;0.1;206.19;206.04;0.16;0.01;0.66
2007;1;28;0.08;0.08;-14.8;-14.8;0;0;0;0;351.14;376.17;52.1;0.09;206.27;206.12;0.16;0.01;0.66
2007;1;29;0.28;0.27;-11.9;-11.9;0;0;0;0;351.14;376.17;51.96;0.09;206.55;206.39;0.16;0.01;0.65
2007;1;30;0;0;-12.8;-12.8;0;0;0;0;351.14;376.17;51.83;0.08;206.55;206.39;0.16;0.01;0.65
2007;1;31;0;0;-10.8;-10.8;0;0;0;0;351.14;376.17;51.69;0.08;206.55;206.39;0.16;0.01;0.64
2007;2;1;0.48;0.47;-9.6;-9.6;0;0;0;0;351.14;376.17;51.56;0.08;207.03;206.86;0.16;0.01;0.64
2007;2;2;0;0;-10.7;-10.7;0;0;0;0;351.14;376.17;51.42;0.07;207.03;206.86;0.16;0.01;0.63
2007;2;3;0.52;0.49;-10.1;-10.1;0;0;0;0;351.14;376.17;51.29;0.07;207.55;207.35;0.16;0;0.63
2007;2;4;0;0;-12.5;-12.5;0;0;0;0;351.14;376.17;51.15;0.07;207.55;207.35;0.15;0;0.62
2007;2;5;0;0;-11.1;-11.1;0;0;0;0;351.14;376.17;51.02;0.06;207.55;207.35;0.15;0;0.62
2007;2;6;1.41;1.42;-14.1;-14.1;0;0;0;0;351.14;376.17;50.89;0.06;208.96;208.77;0.15;0;0.61
2007;2;7;0.51;0.54;-12.7;-12.7;0;0;0;0;351.14;376.17;50.76;0.06;209.47;209.31;0.15;0;0.61
2007;2;8;1.58;1.61;-12;-12;0;0;0;0;351.14;376.17;50.62;0.06;211.05;210.92;0.15;0;0.6
2007;2;9;0.26;0.23;-11.6;-11.6;0;0;0;0;351.14;376.17;50.49;0.06;211.31;211.15;0.15;0;0.6
2007;2;10;0.47;0.46;-11.2;-11.2;0;0;0;0;351.14;376.17;50.36;0.06;211.78;211.61;0.15;0;0.59
2007;2;11;2.22;2.18;-12;-12;0;0;0;0;351.14;376.17;50.23;0.05;214;213.79;0.15;0;0.59
2007;2;12;10.36;10.21;-9.2;-9.2;0;0;0;0;351.14;376.17;50.1;0.05;224.36;224;0.15;0;0.58
2007;2;13;3.48;3.33;-11.2;-11.2;0;0;0;0;351.14;376.17;49.97;0.05;227.84;227.33;0.15;0;0.58
2007;2;14;2.12;2.13;-10;-10;0;0;0;0;351.14;376.17;49.84;0.05;229.96;229.46;0.15;0;0.57
2007;2;15;2.2;2.13;-8.6;-8.6;0;0;0;0;351.14;376.17;49.72;0.05;232.16;231.59;0.15;0;0.57
2007;2;16;0;0;-8;-8;0;0;0;0;351.14;376.17;49.59;0.05;232.16;231.59;0.15;0;0.56
2007;2;17;0.03;0.03;-7.9;-7.8;0;0;0;0;351.14;376.17;49.46;0.04;232.18;231.62;0.15;0;0.56
2007;2;18;0.09;0.1;-10.1;-10.1;0;0;0;0;351.14;376.17;49.33;0.04;232.28;231.72;0.15;0;0.55
2007;2;19;0.21;0.2;-10.5;-10.5;0;0;0;0;351.14;376.17;49.2;0.04;232.49;231.92;0.15;0;0.55
2007;2;20;0;0;-10.9;-10.9;0;0;0;0;351.14;376.17;49.08;0.04;232.49;231.92;0.15;0;0.54
2007;2;21;0.06;0.06;-8.9;-8.8;0;0;0;0;351.14;376.17;48.95;0.04;232.54;231.98;0.15;0;0.54
2007;2;22;0.1;0.11;-8.7;-8.7;0;0;0;0;351.14;376.17;48.83;0.04;232.64;232.09;0.15;0;0.53
2007;2;23;0.48;0.51;-8.9;-8.9;0;0;0;0;351.14;376.17;48.7;0.04;233.12;232.6;0.14;0;0.52
2007;2;24;2.22;2.27;-8.9;-8.9;0;0;0;0;351.14;376.17;48.58;0.04;235.34;234.87;0.14;0;0.52
2007;2;25;4.92;4.93;-9.8;-9.8;0;0;0;0;351.14;376.17;48.45;0.04;240.27;239.8;0.14;0;0.51
2007;2;26;7.41;7.19;-11;-11;0;0;0;0;351.14;376.17;48.33;0.04;247.68;246.99;0.14;0;0.51
2007;2;27;9.37;9.27;-11.3;-11.3;0;0;0;0;351.14;376.17;48.2;0.04;257.05;256.26;0.14;0;0.5
2007;2;28;4.49;4.47;-6.8;-6.8;0;0;0;0;351.14;376.17;48.08;0.04;261.54;260.73;0.14;0;0.5
2007;3;1;5.45;5.29;-7.7;-7.7;0;0;0;0;351.14;376.17;47.95;0.04;266.98;266.02;0.14;0;0.5
2007;3;2;8.82;8.64;-8.6;-8.6;0;0;0;0;351.14;376.17;47.83;0.04;275.8;274.66;0.14;0;0.49
2007;3;3;9.88;9.72;-8.2;-8.2;0;0;0;0;351.14;376.17;47.71;0.04;285.69;284.38;0.14;0;0.49
2007;3;4;0.35;0.33;-6.8;-6.8;0;0;0;0;351.14;376.17;47.59;0.03;286.03;284.71;0.14;0;0.48
2007;3;5;1.22;1.21;-5.8;-5.8;0;0;0;0;351.14;376.17;47.46;0.03;287.25;285.92;0.14;0;0.47
2007;3;6;2.06;2.15;-6.2;-6.2;0;0;0;0;351.14;376.17;47.34;0.03;289.31;288.07;0.14;0;0.47
2007;3;7;8.56;8.71;-5.8;-5.8;0;0;0;0;351.14;376.17;47.22;0.03;297.87;296.78;0.14;0;0.47
2007;3;8;7.33;7.09;-7.2;-7.2;0;0;0;0;351.14;376.17;47.1;0.03;305.2;303.87;0.14;0;0.46
2007;3;9;0.2;0.18;-8.1;-8.1;0;0;0;0;351.14;376.17;46.98;0.03;305.4;304.05;0.14;0;0.46
2007;3;10;2.54;2.38;-10.9;-10.9;0;0;0;0;351.14;376.17;46.86;0.03;307.94;306.43;0.14;0;0.45
2007;3;11;0;0;-10.5;-10.5;0;0;0;0;351.14;376.17;46.74;0.03;307.94;306.43;0.14;0;0.44
2007;3;12;0;0;-6.7;-6.7;0;0;0;0;351.14;376.17;46.62;0.03;307.94;306.43;0.14;0;0.44
2007;3;13;0;0;-5.6;-5.6;0;0;0;0;351.14;376.17;46.5;0.03;307.94;306.43;0.14;0;0.46
2007;3;14;0;0;-6.1;-6.1;0;0;0;0;351.14;376.17;46.38;0.03;307.94;306.43;0.14;0;0.6
2007;3;15;0;0;-5.7;-5.7;0;0;0;0;351.14;376.17;46.26;0.03;307.94;306.43;0.14;0;0.67
2007;3;16;0;0;-6.3;-6.3;0;0;0;0;351.14;376.17;46.14;0.03;307.94;306.43;0.14;0;0.66
2007;3;17;0.09;0.09;-6.7;-6.7;0;0;0;0;351.14;376.17;46.02;0.03;308.04;306.52;0.14;0;0.64
2007;3;18;2.23;2.3;-5.1;-5.1;0;0;0;0;351.14;376.17;45.91;0.03;310.27;308.82;0.14;0;0.68
2007;3;19;18.01;18.04;-10.4;-10.4;0;0;0;0;351.14;376.17;45.79;0.03;328.27;326.86;0.14;0;0.66
2007;3;20;8.15;7.88;-14.4;-14.4;0;0;0;0;351.14;376.17;45.67;0.03;336.43;334.74;0.14;0;0.62
2007;3;21;1.82;1.76;-15.7;-15.7;0;0;0;0;351.14;376.17;45.55;0.03;338.25;336.5;0.13;0;0.62
2007;3;22;0.21;0.2;-16.2;-16.2;0;0;0;0;351.14;376.17;45.44;0.03;338.46;336.7;0.13;0;0.62
2007;3;23;2.75;2.67;-13.5;-13.4;0;0;0;0;351.14;376.17;45.32;0.03;341.21;339.37;0.13;0;0.61
2007;3;24;2.36;2.34;-11.2;-11.2;0;0;0;0;351.14;376.17;45.2;0.03;343.57;341.71;0.13;0;0.61
2007;3;25;1.14;1.17;-9.7;-9.7;0;0;0;0;351.14;376.17;45.09;0.03;344.71;342.88;0.13;0;0.59
2007;3;26;0.13;0.13;-8.4;-8.4;0;0;0;0;351.14;376.17;44.97;0.03;344.83;343.01;0.13;0;0.58
2007;3;27;0;0;-10.5;-10.5;0;0;0;0;351.14;376.17;44.86;0.03;344.83;343.01;0.13;0;0.6
2007;3;28;0.58;0.57;-10.1;-10.1;0;0;0;0;351.14;376.17;44.74;0.03;345.42;343.58;0.13;0;0.59
2007;3;29;0.63;0.59;-9.4;-9.4;0;0;0;0;351.14;376.17;44.63;0.03;346.04;344.17;0.13;0;0.59
2007;3;30;1.04;1.09;-8.9;-8.9;0;0;0;0;351.14;376.17;44.52;0.03;347.08;345.26;0.13;0;0.54
2007;3;31;4.28;4.32;-7.7;-7.7;0;0;0;0;351.14;376.17;44.4;0.03;351.37;349.58;0.13;0;0.59
2007;4;1;0.82;0.85;-7.2;-7.2;0;0;0;0;351.14;376.17;44.29;0.03;352.19;350.43;0.13;0;0.57
2007;4;2;0.25;0.27;-6.2;-6.2;0;0;0;0;351.14;376.17;44.17;0.03;352.43;350.7;0.13;0;0.61
2007;4;3;0.96;0.92;-7.1;-7.1;0;0;0;0;351.14;376.17;44.06;0.03;353.39;351.62;0.13;0;0.64
2007;4;4;2.2;2.23;-7.2;-7.2;0;0;0;0;351.14;376.17;43.95;0.03;355.6;353.85;0.13;0;0.64
2007;4;5;0;0;-5;-5;0;0;0;0;351.14;376.17;43.84;0.03;355.6;353.85;0.13;0;0.64
2007;4;6;0;0;-5;-5;0;0;0;0;351.14;376.17;43.72;0.03;355.6;353.85;0.13;0;0.77
2007;4;7;0.08;0.08;-4.3;-4.3;0;0;0;0;351.14;376.17;43.61;0.03;355.68;353.93;0.13;0;0.89
2007;4;8;0.18;0.18;-4.7;-4.7;0;0;0;0;351.14;376.17;43.5;0.03;355.86;354.11;0.13;0;0.96
2007;4;9;0;0;-4.9;-4.9;0;0;0;0;351.14;376.17;43.39;0.03;355.86;354.11;0.13;0;0.96
2007;4;10;0;0;-3.7;-3.7;0;0;0;0;351.14;376.17;43.28;0.03;355.86;354.11;0.13;0;1.03
2007;4;11;0;0;-1.4;-1.4;0;0;0;0;351.14;376.17;43.17;0.03;355.86;354.11;0.13;0;1.15
2007;4;12;0;0;-0.6;-0.5;0;0;0;0;351.14;376.17;43.06;0.03;355.86;354.11;0.13;0;1.34
2007;4;13;0;0;-0.6;-0.6;0;0;0;0;351.14;376.17;42.95;0.03;355.86;354.11;0.13;0;1.4
2007;4;14;0;0;0.3;0.3;0.59;0.66;0.09;0.1;351.14;376.17;42.84;0.03;355.77;354.01;0.13;0;1.49
2007;4;15;0;0;1.3;1.4;1.35;1.39;0.21;0.21;352.22;377.39;42.73;0.03;352.87;350.74;0.14;0.01;1.59
2007;4;16;0.77;0.82;0.1;0.1;0.35;0.39;0.05;0.06;352.34;377.52;42.62;0.03;353.29;351.17;0.15;0.02;1.69
2007;4;17;0.03;0.03;-0.5;-0.5;0;0;0;0;352.34;377.52;42.51;0.03;353.31;351.2;0.13;0;1.82
2007;4;18;0.48;0.46;-2.4;-2.4;0;0;0;0;352.34;377.52;42.4;0.03;353.79;351.66;0.13;0;1.67
2007;4;19;0;0;-1.8;-1.8;0;0;0;0;352.34;377.52;42.29;0.03;353.79;351.66;0.13;0;1.49
2007;4;20;0;0;-1.3;-1.2;0;0;0;0;352.34;377.52;42.18;0.03;353.79;351.66;0.12;0;1.59
2007;4;21;0;0;-1.2;-1.1;0;0;0;0;352.34;377.52;42.08;0.03;353.79;351.66;0.12;0;1.76
2007;4;22;0.02;0.02;-0.6;-0.5;0;0;0;0;352.34;377.52;41.97;0.03;353.81;351.68;0.12;0;1.93
2007;4;23;0;0;-0.3;-0.2;0;0;0;0;352.34;377.52;41.86;0.03;353.81;351.68;0.12;0;2.17
2007;4;24;0.04;0.04;-1;-0.9;0;0;0;0;352.34;377.52;41.75;0.03;353.85;351.72;0.12;0;2.12
2007;4;25;0.01;0.01;0.7;0.8;1.02;1.06;0.16;0.16;352.61;377.83;41.65;0.03;353.01;350.78;0.12;0;2.4
2007;4;26;0.51;0.54;0;0;0;0;0;0;352.61;377.83;41.54;0.03;353.52;351.32;0.12;0;3.13
2007;4;27;2.78;2.63;-0.6;-0.6;0;0;0;0;352.61;377.83;41.44;0.03;356.3;353.95;0.12;0;3.27
2007;4;28;0.88;0.78;-0.3;-0.3;0;0;0;0;352.61;377.83;41.33;0.03;357.18;354.73;0.12;0;3.15
2007;4;29;0.39;0.37;0;0;0;0;0;0;352.61;377.83;41.22;0.03;357.57;355.1;0.12;0;3.38
2007;4;30;5.86;6.01;-1.9;-1.9;0;0;0;0;352.61;377.83;41.12;0.03;363.43;361.11;0.12;0;2.84
2007;5;1;2.95;3.04;-2;-2;0;0;0;0;352.61;377.83;41.01;0.03;366.38;364.15;0.12;0;2.33
2007;5;2;2.6;2.69;-1.6;-1.6;0;0;0;0;352.61;377.83;40.91;0.03;368.97;366.84;0.12;0;2.16
2007;5;3;4.63;4.67;-2.3;-2.3;0;0;0;0;352.61;377.83;40.8;0.03;373.61;371.51;0.12;0;1.75
2007;5;4;8.03;8.1;-2.4;-2.4;0;0;0;0;352.61;377.83;40.7;0.03;381.63;379.61;0.12;0;1.68
2007;5;5;6.36;6.26;-2.7;-2.7;0;0;0;0;352.61;377.83;40.6;0.03;387.99;385.87;0.12;0;1.58
2007;5;6;9.53;9.38;-2.8;-2.8;0;0;0;0;352.61;377.83;40.49;0.03;397.52;395.25;0.12;0;1.56
2007;5;7;0.48;0.44;-1.6;-1.6;0;0;0;0;352.61;377.83;40.39;0.03;398;395.69;0.12;0;1.53
2007;5;8;3.56;3.36;-0.7;-0.7;0;0;0;0;352.61;377.83;40.28;0.03;401.56;399.05;0.12;0;1.68
2007;5;9;3.62;3.44;-0.7;-0.7;0;0;0;0;352.61;377.83;40.18;0.03;405.18;402.49;0.12;0;1.84
2007;5;10;0.01;0.01;0.8;0.8;1.2;1.22;0.19;0.19;352.77;378.01;40.08;0.03;404.61;401.87;0.12;0;1.86
2007;5;11;2.55;2.61;0.9;0.9;1.27;1.29;0.17;0.17;353.26;378.56;39.98;0.03;405.73;402.9;0.12;0;2.15
2007;5;12;0.9;0.94;0.5;0.5;0.95;0.98;0.14;0.14;352.31;377.49;41.72;2.12;405.6;402.7;0.36;0.24;2.98
2007;5;13;0.89;0.95;1.6;1.6;1.71;1.7;0.26;0.25;352.29;377.8;43.23;3.95;402.26;398.9;1.35;1.23;3.75
2007;5;14;4.31;4.4;0.8;0.8;1.26;1.22;0.15;0.14;351.56;377.28;44.61;5.61;404.25;400.75;1.87;1.73;4.03
2007;5;15;15;14.85;-3.4;-3.4;0;0;0;0;351.56;377.28;44.2;5.25;419.25;415.6;1.21;1.04;2.72
2007;5;16;0.52;0.5;-4.5;-4.5;0;0;0;0;351.56;377.28;43.8;4.92;419.77;416.1;0.57;0.42;1.81
2007;5;17;16.53;16.3;-4;-4;0;0;0;0;351.56;377.28;43.42;4.6;436.3;432.4;0.46;0.32;1.77
2007;5;18;0.35;0.34;-1.8;-1.8;0;0;0;0;351.56;377.28;43.06;4.31;436.65;432.74;0.43;0.3;1.73
2007;5;19;0;0;1;1.1;1.37;1.42;0.22;0.22;351.92;377.69;42.72;4.03;435.54;431.5;0.42;0.28;1.79
2007;5;20;0.98;0.99;2.7;2.7;2.18;2.18;0.27;0.25;353.29;379.23;44.33;5.97;429.51;424.63;1.47;1.33;2.55
2007;5;21;1.3;1.29;3.7;3.7;2.54;2.54;0.31;0.29;357.72;382.63;45.89;7.8;417.01;413.13;3.7;3.52;6.68
2007;5;22;4.75;4.74;2.8;2.8;2.21;2.22;0.21;0.2;360.97;385.13;47.53;9.68;410.26;407.17;4.95;4.62;10.83
2007;5;23;5.86;5.9;3.4;3.4;2.44;2.44;0.21;0.19;367.08;390.31;49.32;11.69;397.21;394.89;6.45;5.96;8.27
2007;5;24;3.86;3.95;3.2;3.2;2.37;2.37;0.24;0.22;371.9;394.35;51.33;13.88;384.45;382.92;7.61;6.98;6.65
2007;5;25;5.47;5.3;3.4;3.4;2.43;2.44;0.21;0.2;377.44;398.94;53.57;16.28;370.82;370.07;8.39;7.65;7.65
2007;5;26;2.32;2.33;3;3;2.28;2.3;0.2;0.18;380.55;401.5;55.97;18.81;359.67;359.6;8.3;7.48;8
2007;5;27;2.68;2.73;1.9;1.9;1.86;1.85;0.16;0.14;381.28;401.93;58.39;21.31;355.33;355.94;6.89;6.06;7.19
2007;5;28;16.43;16.38;-0.5;-0.5;0;0;0;0;379.49;400.37;60.61;23.56;371.76;372.31;4.77;4.02;3.95
2007;5;29;29.03;28.63;-5.4;-5.4;0;0;0;0;379.49;400.37;59.17;22.05;400.79;400.94;2.88;2.29;2.76
2007;5;30;0.61;0.6;-3.1;-3.1;0;0;0;0;379.49;400.37;57.82;20.63;401.4;401.55;1.96;1.52;3
2007;5;31;1.77;1.86;-2.1;-2.1;0;0;0;0;379.49;400.37;56.55;19.31;403.17;403.4;1.69;1.35;2.82
2007;6;1;14.08;14.08;-0.8;-0.8;0;0;0;0;379.49;400.37;55.35;18.07;417.25;417.49;1.55;1.26;2.73
2007;6;2;3.92;3.95;-0.3;-0.3;0;0;0;0;379.49;400.37;54.23;16.91;421.17;421.44;1.46;1.18;2.69
2007;6;3;0.65;0.65;2;2;1.92;1.92;0.24;0.23;380.55;401.57;53.17;15.83;418.25;418.09;1.51;1.23;2.96
2007;6;4;7.73;7.66;2.9;2.9;2.28;2.29;0.13;0.12;382.81;403.79;55.86;18.65;414.11;413.75;3.75;3.44;3.8
2007;6;5;5.64;5.81;3;3.1;2.35;2.37;0.16;0.14;385.7;406.32;58.32;21.22;406;406.16;6.24;5.79;4.97
2007;6;6;3.67;3.43;3.1;3.1;2.36;2.37;0.19;0.17;388.38;408.27;60.71;23.7;396.65;397.7;7.31;6.66;4.89
2007;6;7;1.37;1.39;4.4;4.4;2.8;2.8;0.27;0.24;392.36;411.39;63.11;26.14;380.55;382.85;8.4;7.57;6.93
2007;6;8;11.91;11.87;4.3;4.3;2.76;2.77;0.08;0.08;399.61;417.59;65.68;28.72;363.79;367.18;11.48;10.43;8.31
2007;6;9;4.18;4.3;4.3;4.3;2.76;2.77;0.22;0.19;404.07;421.31;68.54;31.56;346.35;350.92;13.2;11.96;9.12
2007;6;10;1.45;1.49;4.8;4.9;2.93;2.95;0.28;0.25;408.22;424.74;71.64;34.59;326.07;331.81;13.38;12.02;10.44
2007;6;11;9.13;9.17;4.4;4.4;2.8;2.8;0.1;0.08;413.31;428.87;74.91;37.73;309.17;316.52;14.43;12.95;12.63
2007;6;12;6.85;6.91;4.3;4.3;2.77;2.77;0.13;0.1;416.67;431.35;78.32;40.96;295.35;304.7;14.73;13.1;11.05
2007;6;13;8.26;8.23;3.9;3.9;2.64;2.64;0.1;0.08;419.8;433.65;81.78;44.16;282.91;294.21;14.48;12.72;9.8
2007;6;14;5.18;5.28;4.7;4.7;2.9;2.89;0.16;0.12;422.7;435.69;85.22;47.25;267.48;281.22;14.57;12.69;11.66
2007;6;15;15.04;15.06;4.5;4.5;2.85;2.83;0.02;0.02;427.57;439.49;88.71;50.32;252.1;268.45;16.69;14.62;11.95
2007;6;16;3.65;3.75;2.1;2.1;1.96;1.97;0.12;0.09;426.89;438.89;92.18;53.29;248.92;266.08;14.92;12.8;9.54
2007;6;17;1.14;1.19;4.3;4.3;2.78;2.77;0.2;0.16;427.76;439.28;95.36;55.88;236.51;255.84;12.39;10.43;9.5
2007;6;18;6.73;6.88;5.6;5.6;3.14;3.14;0.14;0.11;430.63;441.44;98.27;58.16;219.76;241.65;14;12.02;13.43
2007;6;19;1.88;1.91;7.4;7.4;3.59;3.59;0.22;0.2;433.07;443.44;101.17;60.36;198.64;222.39;16.3;14.14;14.57
2007;6;20;8.18;8.33;8.5;8.5;3.84;3.84;0.06;0.06;436.36;446.92;104.24;62.72;176.71;199.91;19.21;16.98;17.57
2007;6;21;3.63;3.6;6.3;6.3;3.33;3.32;0.07;0.08;436.03;447.08;107.41;65.19;168.94;191.27;17.97;15.96;17.56
2007;6;22;11.86;11.82;4.6;4.6;2.86;2.86;0.04;0.03;436.77;448.19;110.44;67.53;163.22;184.8;16.77;14.3;15.75
2007;6;23;7.72;7.67;3.6;3.6;2.54;2.54;0.1;0.04;436.37;448.21;113.19;69.63;159.68;180.79;16.29;13.41;12.32
2007;6;24;5.47;5.44;6.4;6.4;3.36;3.35;0.17;0.07;436.16;448.57;115.61;71.42;152.17;172.29;15.87;12.69;14.82
2007;6;25;8.5;8.29;6.9;6.9;3.48;3.47;0.12;0.05;436.65;449.49;117.76;72.99;143.83;162.84;17.3;13.55;16.36
2007;6;26;11.15;11.29;1.5;1.5;1.67;1.67;0.06;0.03;435.43;448.52;119.63;74.3;149.44;168.78;14.89;12.28;13.86
2007;6;27;5.62;5.6;-0.7;-0.7;0;0;0;0;433.27;446.78;121.03;75.14;155.06;174.38;10.09;8.86;9.51
2007;6;28;0.16;0.18;0.8;0.8;1.24;1.24;0.1;0.08;431.57;445.37;121.84;75.38;152.86;172.4;8.19;7.2;8.05
2007;6;29;5.25;5.27;3;3;2.34;2.33;0.04;0.05;431.11;445.06;122.21;75.18;149.13;168.84;9.09;8.14;9.33
2007;6;30;0.89;0.88;4.1;4.1;2.71;2.71;0.13;0.08;429.75;444.21;122.34;74.74;145.07;164.25;10.25;8.62;8.22
2007;7;1;2.79;2.89;5.8;5.8;3.22;3.22;0.2;0.08;429.04;444.11;122.32;74.19;138.9;157.26;11.66;9.2;11.96
2007;7;2;13.02;13.05;4.3;4.3;2.79;2.79;0.04;0.02;430.2;445.48;122.34;73.73;134.05;151.76;14.14;11.63;12.95
2007;7;3;8.21;8.19;3.3;3.3;2.47;2.46;0.09;0.04;429.89;445.42;122.53;73.47;132.11;149.57;14.43;12.12;9.22
2007;7;4;9.23;9.13;0.3;0.3;0.77;0.78;0.05;0.04;428.02;443.91;122.71;73.21;139.99;157.31;11.16;9.56;9.42
2007;7;5;4.03;3.99;-1.5;-1.5;0;0;0;0;425.93;442.18;122.63;72.7;144.02;161.3;7.84;6.94;4.4
2007;7;6;0.64;0.62;2.2;2.2;2.04;2.02;0.15;0.12;425.3;441.47;122.28;71.91;138.04;156.01;7.68;6.88;5.48
2007;7;7;0.25;0.26;4.9;4.9;2.97;2.97;0.08;0.09;424.32;440.87;121.8;70.98;132.37;149.87;8.58;7.75;7.59
2007;7;8;5.04;5.11;5.9;5.9;3.25;3.25;0.11;0.07;424.35;441.33;121.32;70.08;126.08;142.74;10.76;9.08;10.09
2007;7;9;21.17;21.33;3.6;3.6;2.56;2.56;0;0;426.92;443.75;121.11;69.49;124.29;140.72;14.79;12.51;16.38
2007;7;10;4.33;4.27;-2.2;-2.2;0;0;0;0;424.85;442.03;121.16;69.18;128.63;144.99;12.45;10.89;8.08
2007;7;11;1.97;1.94;-2.3;-2.3;0;0;0;0;422.79;440.31;121.11;68.77;130.6;146.93;8;7.1;4.16
2007;7;12;0.23;0.2;-0.3;-0.3;0;0;0;0;421.28;438.6;120.32;68.06;130.82;147.13;6.32;5.63;3.79
2007;7;13;0.03;0.03;4.1;4.1;2.72;2.73;0.07;0.08;420.62;438.03;119.77;67.1;124.53;141;6.94;6.32;6.47
2007;7;14;1.16;1.19;8.4;8.4;3.84;3.84;0.17;0.11;420.43;438.44;119.18;66.13;115.64;130.93;9.94;8.09;11.53
2007;7;15;0.25;0.25;9.7;9.7;4.12;4.12;0.27;0.12;420.29;439.04;118.73;65.34;104.91;118.78;13.08;9.7;18.16
2007;7;16;0;0;9.8;9.8;4.15;4.14;0.28;0.13;420.17;439.67;118.48;64.81;93.69;106.07;14.33;10.43;19.09
2007;7;17;0.47;0.48;10.1;10.1;4.2;4.2;0.27;0.12;420.26;440.49;118.45;64.54;81.79;92.61;14.97;10.91;21
2007;7;18;0.98;0.96;10.4;10.4;4.25;4.26;0.26;0.12;420.56;441.48;118.63;64.53;69.28;78.44;15.64;11.51;22.16
2007;7;19;2.03;2.05;9.6;9.6;4.1;4.1;0.23;0.11;420.92;442.46;119.01;64.78;57.52;65.12;16.17;12.01;21.53
2007;7;20;5.72;5.72;8.3;8.3;3.83;3.82;0.16;0.08;421.82;443.74;119.59;65.25;47.16;53.39;16.68;12.73;18.85
2007;7;21;1.46;1.47;7.9;7.8;3.73;3.71;0.22;0.1;421.63;444.11;120.32;65.91;37.37;42.31;16.15;12.38;21.06
2007;7;22;5.48;5.38;5.8;5.8;3.21;3.22;0.13;0.07;421.96;444.67;121.11;66.63;29.99;33.95;15.27;11.98;16.52
2007;7;23;0.46;0.48;5.4;5.3;3.11;3.08;0.19;0.09;421.05;444.26;121.86;67.31;23.24;26.31;13.73;10.87;18.03
2007;7;24;9.16;9.1;4.4;4.4;2.83;2.82;0.08;0.04;421.9;445.11;122.54;67.91;17.55;19.87;13.88;11.24;14.17
2007;7;25;0.01;0.01;5.7;5.7;3.19;3.19;0.19;0.1;420.99;444.72;123.17;68.46;10.23;11.58;13.49;10.95;12.38
2007;7;26;0.3;0.32;7.6;7.6;3.67;3.66;0.22;0.11;420.55;444.85;123.72;68.92;0.45;0.51;13.46;10.48;16.48
2007;7;27;3.7;3.68;7.5;7.5;3.64;3.64;0.09;0;419.34;443.81;124.12;69.22;0;0;12.72;9.38;18.77
2007;7;28;10.36;10.43;6.8;6.8;3.47;3.47;0.27;0.25;419.29;443.58;124.35;69.34;0;0;18.7;15.41;18.88
2007;7;29;0.73;0.73;5.8;5.8;3.22;3.22;1.14;1.18;416.35;440.8;124.41;69.25;0;0;17.74;14.71;16.83
2007;7;30;4.67;4.34;1.5;1.5;1.68;1.69;0.26;0.26;415.15;439.47;124.23;68.9;0.87;0.9;9.75;7.96;10.72
2007;7;31;0;0;1.7;1.7;1.78;1.79;0;0;413.4;437.93;123.8;68.27;0;0;7;6.29;9.62
2007;8;1;0;0;6.6;6.6;3.14;3.14;0.58;0.6;410.9;435.62;123.13;67.37;0;0;12.3;10.76;13.3
2007;8;2;7.01;6.9;6.9;6.9;3.21;3.21;0.69;0.73;410.02;434.57;122.29;66.29;0;0;15.5;12.95;16.44
2007;8;3;8.09;7.99;2.4;2.4;1.94;1.94;0.2;0.21;409.82;434.16;121.44;65.19;0.61;0.69;10.4;8.69;8.15
2007;8;4;0;0;4.8;4.8;2.7;2.7;0.04;0;408;432.62;120.6;64.11;0;0;8.22;6.78;9.57
2007;8;5;0;0;7.4;7.4;3.32;3.32;0.66;0.64;405.44;430.3;119.67;62.92;0;0;13.61;11.27;13.22
2007;8;6;0.82;0.83;7.8;7.8;3.4;3.4;1.2;1.24;402.58;427.56;118.61;61.6;0;0;15.13;12.31;15.97
2007;8;7;10.23;10.02;6.2;6.2;3.05;3.05;0.44;0.47;403.09;427.7;117.53;60.26;0;0;15.78;12.95;16.28
2007;8;8;16.49;16.69;5.1;5.1;2.78;2.78;0.02;0.01;405.56;429.82;116.67;59.16;0;0;17.32;14.72;18.96
2007;8;9;6.81;6.59;1.9;1.9;1.73;1.73;0.21;0.22;405.05;429.07;116.12;58.4;1.3;1.47;11.62;9.96;11.97
2007;8;10;2.47;2.47;2.1;2.1;1.82;1.82;0.04;0.05;403.99;428.15;115.69;57.75;0.46;0.52;8.03;7.24;7.43
2007;8;11;4.97;4.91;3.6;3.6;2.36;2.35;0.02;0;403.53;427.71;115.25;57.1;0;0;7.74;6.53;8.15
2007;8;12;0.52;0.52;5.4;5.4;2.85;2.86;0.55;0.53;401.24;425.63;114.75;56.38;0;0;11.73;9.81;9.63
2007;8;13;4.76;4.74;4.6;4.6;2.64;2.64;0.7;0.73;399.99;424.36;114.17;55.58;0;0;12.04;9.95;9.62
2007;8;14;8.14;8.11;4.9;4.9;2.73;2.73;0.52;0.54;399.9;424.1;113.6;54.79;0;0;13.31;11.17;11.75
2007;8;15;0.35;0.36;7.4;7.4;3.33;3.32;1.2;1.25;396.94;421.29;113.04;54.02;0;0;15.29;12.65;14.72
2007;8;16;7.94;7.81;8;8;3.45;3.45;0.67;0.71;396.77;420.9;112.49;53.26;0;0;17.09;13.88;17.97
2007;8;17;7.35;7.54;4.1;4.1;2.5;2.5;0.52;0.53;396.49;420.62;112;52.56;0;0;14.76;11.97;13.51
2007;8;18;6.43;6.53;4.1;4.1;2.5;2.5;0.57;0.59;395.92;420.04;111.6;51.98;0;0;13.48;11.29;11.56
2007;8;19;4.49;4.22;3.6;3.6;2.35;2.35;0.34;0.34;395.14;419.14;111.27;51.46;0;0;9.09;7.07;10.72
2007;8;20;7.7;7.71;1.6;1.6;1.6;1.6;0.07;0.05;394.86;418.71;110.94;50.95;2.67;2.99;7.45;6.13;8.18
2007;8;21;5.01;5.15;1.6;1.5;1.58;1.55;0.03;0.03;394.18;418.06;110.6;50.42;3.82;4.32;6.49;5.79;6.03
2007;8;22;4.51;4.58;1.9;1.8;1.72;1.69;0.03;0.04;393.5;417.43;110.23;49.86;4.46;5.05;6.19;5.57;5.45
2007;8;23;0.54;0.53;3.4;3.3;2.28;2.26;0.1;0.07;392.53;416.77;109.83;49.28;1.64;1.85;6.52;5.37;6.76
2007;8;24;0.07;0.07;5.3;5.3;2.84;2.83;0.08;0;391.09;415.66;109.39;48.65;0;0;6.93;5.03;6.75
2007;8;25;0.26;0.24;6.9;6.9;3.21;3.21;0.62;0.61;388.75;413.5;108.86;47.95;0;0;11.99;9.62;9.18
2007;8;26;0;0;6.6;6.6;3.14;3.14;1.15;1.21;385.81;410.69;108.23;47.13;0;0;12.75;10.13;11.32
2007;8;27;1.13;1.12;6.9;6.9;3.21;3.21;1.1;1.15;383.31;408.27;107.5;46.22;0;0;13.18;10.47;11.71
2007;8;28;7.38;7.38;6.1;6.1;3.02;3.03;0.62;0.65;383.39;408.2;106.76;45.31;0;0;13.85;11.15;16.49
2007;8;29;11.3;11.34;5.1;5.1;2.78;2.78;0.33;0.35;385.05;409.61;106.17;44.56;0;0;14.52;12;20.95
2007;8;30;10.82;10.82;3.6;3.6;2.35;2.35;0.16;0.16;386.66;410.99;105.84;44.09;0;0;10.52;8.33;15.54
2007;8;31;0.07;0.06;2.4;2.4;1.94;1.94;0.03;0;384.88;409.41;105.66;43.79;0;0;7.49;6.16;10.93
2007;9;1;1.43;1.36;1.8;1.8;1.45;1.44;0;0;383.6;408.22;105.45;43.46;0;0;5.15;4.51;8.25
2007;9;2;0;0;2.6;2.6;1.71;1.72;0.29;0.31;381.54;406.32;105.14;43;0;0;6.83;5.91;7.74
2007;9;3;6.94;6.63;1.7;1.7;1.4;1.4;0.17;0.17;381.4;405.97;104.74;42.46;2.02;2.05;5.5;4.6;7.93
2007;9;4;7.75;7.56;-4.2;-4.1;0;0;0;0;379.65;404.39;104.29;41.87;9.77;9.61;4.68;4.12;4.4
2007;9;5;9.11;8.89;-7;-6.9;0;0;0;0;379.65;404.39;101.74;39.18;18.88;18.5;3.63;3.15;3.14
2007;9;6;8.4;8.1;-4.1;-4.1;0;0;0;0;379.65;404.39;99.34;36.66;27.28;26.6;2.99;2.6;2.94
2007;9;7;0.87;0.82;0;0;0;0;0;0;379.65;404.39;97.09;34.31;28.15;27.42;2.73;2.39;3.26
2007;9;8;0.14;0.14;1;1;1.07;1.09;0.14;0.13;380.68;405.4;94.97;32.1;25.04;24.15;2.67;2.35;3.37
2007;9;9;0.53;0.49;0.6;0.6;0.83;0.85;0.1;0.1;381.44;406.13;92.98;30.04;23.16;22.13;2.86;2.55;3.54
2007;9;10;2.44;2.37;1;1.1;1.08;1.14;0.09;0.09;381.09;405.62;93.33;30.63;22.24;20.9;3.42;3.1;3.38
2007;9;11;4.22;4.02;-1.8;-1.7;0;0;0;0;381.09;405.62;91.43;28.66;26.46;24.92;3.03;2.72;2.88
2007;9;12;0;0;-0.4;-0.3;0;0;0;0;381.09;405.62;89.63;26.82;26.46;24.92;2.27;1.96;2.64
2007;9;13;0;0;1.4;1.4;1.26;1.28;0.09;0.08;381.04;405.23;90.24;27.7;22.44;20.91;2.78;2.48;2.83
2007;9;14;0.26;0.24;1.8;1.9;1.46;1.48;0.11;0.09;381;404.99;90.88;28.38;17.86;16.69;3.87;3.53;2.96
2007;9;15;0.04;0.03;3.9;3.9;2.08;2.09;0.09;0.06;382.32;405.17;91.45;28.97;10.25;10.92;4.68;4.2;4.18
2007;9;16;0.22;0.25;4.8;4.8;2.3;2.31;0.06;0.07;382.51;405.41;92.02;29.54;4.55;5.15;5.24;4.62;5.17
2007;9;17;2.24;2.35;3.9;3.9;2.08;2.09;0.08;0.06;382.68;405.95;92.6;30.12;0.43;0.49;6.09;4.89;4.63
2007;9;18;12.52;12.43;-0.3;-0.3;0;0;0;0;380.9;404.37;93.16;30.66;12.95;12.91;5.33;4.19;6.81
2007;9;19;0.02;0.02;-2.6;-2.6;0;0;0;0;379.14;402.8;93.57;31.05;12.97;12.94;3.65;3.09;3.09
2007;9;20;0;0;-1.3;-1.3;0;0;0;0;379.14;402.8;91.64;29.05;12.97;12.94;2.77;2.31;2.64
2007;9;21;0;0;1.3;1.3;1.22;1.23;0.12;0.11;379.12;402.77;92.12;29.52;7.91;7.92;3.3;2.88;2.7
2007;9;22;0.02;0.02;3.6;3.6;2;2.01;0.05;0.06;379.49;402.96;92.51;29.88;2;2.27;4.48;4.01;3.08
2007;9;23;0.22;0.21;4;4;2.11;2.11;0.03;0;378.41;402.17;92.87;30.21;0;0;5.07;3.96;3.74
2007;9;24;0.15;0.12;3.4;3.4;1.95;1.95;0.05;0;376.67;400.64;93.15;30.46;0;0;4.93;3.32;4.05
2007;9;25;18.18;18.17;0.7;0.7;0.88;0.92;0;0;375.92;400.07;93.33;30.6;15.29;15.09;4.38;3.34;3.27
2007;9;26;23.13;23.39;-3.1;-3.1;0;0;0;0;374.19;398.52;93.42;30.65;38.42;38.48;3.63;3.11;2.73
2007;9;27;5.93;6.06;-4.3;-4.3;0;0;0;0;374.19;398.52;91.52;28.68;44.35;44.54;2.76;2.33;2.56
2007;9;28;13.83;13.65;-4.5;-4.5;0;0;0;0;374.19;398.52;89.72;26.84;58.18;58.19;2.26;1.9;2.48
2007;9;29;0.18;0.2;-5.3;-5.3;0;0;0;0;374.19;398.52;88.03;25.11;58.36;58.39;2.06;1.75;2.41
2007;9;30;0.07;0.07;-3.4;-3.4;0;0;0;0;374.19;398.52;86.43;23.5;58.43;58.46;1.94;1.63;2.43
2007;10;1;0;0;-2;-2;0;0;0;0;374.19;398.52;84.93;21.99;2.92;2.92;1.83;1.53;2.54
2007;10;2;0.02;0.02;0.7;0.7;0.82;0.81;0.13;0.12;374.22;398.53;83.52;20.58;2.75;2.78;1.73;1.43;2.71
2007;10;3;0.82;0.82;1.1;1.1;1;1.01;0.03;0.03;375.29;399.47;82.18;19.25;0.63;0.72;1.66;1.37;2.96
2007;10;4;7.8;7.86;1.7;1.7;1.23;1.24;0.05;0.04;375.83;399.51;82.92;20.27;3.25;3.62;2.67;2.37;3.55
2007;10;5;0.49;0.52;3.2;3.2;1.67;1.68;0.04;0.05;375.16;399.1;83.72;21.16;0.5;0.56;3.47;3.13;3.88
2007;10;6;4.81;4.87;2.5;2.5;1.49;1.49;0;0;375.31;399.31;84.47;21.98;0;0;3.96;3.57;4.32
2007;10;7;0;0;2;2;1.35;1.34;0.22;0.22;373.37;397.54;85.14;22.72;0;0;5.15;4.43;2.76
2007;10;8;0;0;1.9;1.9;1.31;1.31;0.42;0.44;371.24;395.56;85.69;23.32;0;0;4.9;3.94;2.36
2007;10;9;0.17;0.18;0.7;0.7;0.81;0.81;0.13;0.13;369.47;393.95;86.09;23.75;0;0;3.11;2.42;2.21
2007;10;10;0.74;0.74;-0.2;-0.2;0;0;0;0;367.78;392.42;86.36;24.04;0.74;0.74;2.57;2.13;2.14
2007;10;11;0;0;0.3;0.3;0.55;0.54;0.02;0.02;366.36;391.11;86.51;24.2;0.08;0.09;2.6;2.19;2.08
2007;10;12;0;0;0.7;0.7;0.79;0.81;0;0;364.71;389.62;86.58;24.26;0;0;2.61;2.2;1.95
2007;10;13;0.03;0.03;0.7;0.7;0.81;0.81;0;0;363.06;388.12;86.57;24.25;0;0;2.54;2.14;1.89
2007;10;14;0;0;2.3;2.3;1.43;1.44;0.23;0.24;361.19;386.38;86.5;24.16;0;0;4.44;3.74;1.93
2007;10;15;0;0;3;3;1.63;1.63;0.52;0.54;359.03;384.33;86.37;24.01;0;0;5.7;4.58;1.98
2007;10;16;0;0;2;2;1.35;1.34;0.42;0.45;356.98;382.39;86.2;23.82;0;0;5.23;4.06;1.97
2007;10;17;0;0;0;0;0;0;0;0;355.37;380.9;85.99;23.59;0;0;3.1;2.35;1.89
2007;10;18;5.74;5.62;-5.9;-5.9;0;0;0;0;355.37;380.9;84.49;22.07;5.74;5.62;2.09;1.7;1.67
2007;10;19;1.78;1.68;-10.4;-10.4;0;0;0;0;355.37;380.9;83.07;20.65;7.52;7.3;1.77;1.46;1.47
2007;10;20;1.54;1.48;-13.4;-13.4;0;0;0;0;355.37;380.9;81.73;19.32;9.06;8.78;1.63;1.34;1.23
2007;10;21;1.13;1.07;-12.8;-12.8;0;0;0;0;355.37;380.9;80.47;18.08;10.19;9.85;1.53;1.26;1.17
2007;10;22;0.38;0.36;-9.2;-9.2;0;0;0;0;355.37;380.9;79.28;16.92;10.57;10.21;1.45;1.18;1.14
2007;10;23;1.74;1.75;-5.6;-5.6;0;0;0;0;355.37;380.9;78.15;15.83;12.31;11.96;1.37;1.1;1.2
2007;10;24;0.72;0.73;-6.1;-6.1;0;0;0;0;355.37;380.9;77.09;14.82;13.03;12.69;1.29;1.03;1.16
2007;10;25;0;0;-5.5;-5.4;0;0;0;0;355.37;380.9;76.09;13.87;13.03;12.69;1.22;0.96;1.17
2007;10;26;1.6;1.62;-3.6;-3.6;0;0;0;0;355.37;380.9;75.14;12.97;14.62;14.31;1.16;0.9;1.13
2007;10;27;0.62;0.65;-2.3;-2.2;0;0;0;0;355.37;380.9;74.24;12.14;15.25;14.96;1.1;0.84;1.11
2007;10;28;0.45;0.41;-5.1;-5;0;0;0;0;355.37;380.9;73.39;11.36;15.7;15.37;1.04;0.79;0.99
2007;10;29;0.06;0.07;-2.4;-2.3;0;0;0;0;355.37;380.9;72.58;10.63;15.76;15.44;0.98;0.74;0.93
2007;10;30;4.13;4.08;-4.2;-4.2;0;0;0;0;355.37;380.9;71.82;9.95;19.89;19.52;0.93;0.69;0.9
2007;10;31;0.29;0.27;-4;-4;0;0;0;0;355.37;380.9;71.09;9.31;20.18;19.79;0.89;0.65;1.01
2007;11;1;0;0;-4.5;-4.4;0;0;0;0;355.37;380.9;70.4;8.71;20.18;19.79;0.84;0.61;1.2
2007;11;2;0;0;-2.5;-2.4;0;0;0;0;355.37;380.9;69.75;8.15;20.18;19.79;0.8;0.57;1.17
2007;11;3;0.06;0.06;-0.7;-0.7;0;0;0;0;355.37;380.9;69.13;7.63;20.24;19.85;0.76;0.53;1.14
2007;11;4;0.66;0.62;-2;-2;0;0;0;0;355.37;380.9;68.53;7.14;20.91;20.47;0.72;0.5;1.11
2007;11;5;0;0;-4.7;-4.7;0;0;0;0;355.37;380.9;67.97;6.68;20.91;20.47;0.69;0.46;1.04
2007;11;6;3.33;3.19;-10.1;-10.1;0;0;0;0;355.37;380.9;67.43;6.26;24.24;23.66;0.66;0.43;0.98
2007;11;7;6.22;6.09;-9.8;-9.8;0;0;0;0;355.37;380.9;66.92;5.86;30.45;29.75;0.63;0.41;0.99
2007;11;8;0.72;0.68;-8.3;-8.3;0;0;0;0;355.37;380.9;66.43;5.48;31.18;30.43;0.6;0.38;1.01
2007;11;9;10.91;10.74;-14.2;-14.1;0;0;0;0;355.37;380.9;65.96;5.13;42.08;41.17;0.57;0.36;0.99
2007;11;10;27.05;26.86;-13.3;-13.3;0;0;0;0;355.37;380.9;65.52;4.8;69.14;68.03;0.55;0.33;0.97
2007;11;11;17.27;17;-8.7;-8.7;0;0;0;0;355.37;380.9;65.09;4.49;86.4;85.03;0.52;0.31;0.96
2007;11;12;4.06;3.98;-14.3;-14.3;0;0;0;0;355.37;380.9;64.68;4.21;90.46;89.01;0.5;0.29;0.95
2007;11;13;1.76;1.74;-18.3;-18.3;0;0;0;0;355.37;380.9;64.28;3.94;92.22;90.75;0.48;0.27;0.94
2007;11;14;4.87;4.67;-16.1;-16.1;0;0;0;0;355.37;380.9;63.91;3.68;97.1;95.42;0.46;0.26;0.93
2007;11;15;1.26;1.18;-19.5;-19.5;0;0;0;0;355.37;380.9;63.54;3.45;98.36;96.6;0.44;0.24;0.92
2007;11;16;0.01;0.01;-20;-20;0;0;0;0;355.37;380.9;63.19;3.23;98.37;96.61;0.43;0.22;0.91
2007;11;17;0;0;-19.4;-19.4;0;0;0;0;355.37;380.9;62.86;3.02;98.37;96.61;0.41;0.21;0.9
2007;11;18;0;0;-18.8;-18.8;0;0;0;0;355.37;380.9;62.53;2.83;98.37;96.61;0.39;0.2;0.89
2007;11;19;0;0;-12.9;-12.9;0;0;0;0;355.37;380.9;62.22;2.65;98.37;96.61;0.38;0.18;0.88
2007;11;20;0;0;-8.7;-8.7;0;0;0;0;355.37;380.9;61.92;2.48;98.37;96.61;0.37;0.17;0.87
2007;11;21;0.23;0.24;-8.1;-8.1;0;0;0;0;355.37;380.9;61.62;2.32;98.61;96.85;0.35;0.16;0.86
2007;11;22;2.9;3.01;-5.8;-5.8;0;0;0;0;355.37;380.9;61.34;2.17;101.5;99.86;0.34;0.15;0.85
2007;11;23;13.43;13.81;-4.5;-4.5;0;0;0;0;355.37;380.9;61.07;2.04;114.93;113.67;0.33;0.14;0.84
2007;11;24;15.61;15.86;-4.1;-4.1;0;0;0;0;355.37;380.9;60.8;1.91;130.54;129.53;0.32;0.13;0.83
2007;11;25;2.67;2.66;-6.7;-6.7;0;0;0;0;355.37;380.9;60.54;1.78;133.21;132.19;0.31;0.12;0.82
2007;11;26;3.27;3.1;-13.2;-13.2;0;0;0;0;355.37;380.9;60.29;1.67;136.48;135.29;0.3;0.12;0.81
2007;11;27;0.1;0.09;-13.6;-13.6;0;0;0;0;355.37;380.9;60.05;1.57;136.57;135.38;0.29;0.11;0.8
2007;11;28;0;0;-13.4;-13.4;0;0;0;0;355.37;380.9;59.81;1.47;136.57;135.38;0.29;0.1;0.79
2007;11;29;0;0;-11.6;-11.6;0;0;0;0;355.37;380.9;59.58;1.37;136.57;135.38;0.28;0.1;0.78
2007;11;30;0.77;0.75;-11;-11;0;0;0;0;355.37;380.9;59.35;1.29;137.35;136.13;0.27;0.09;0.77
2007;12;1;2.46;2.46;-9.2;-9.2;0;0;0;0;355.37;380.9;59.13;1.21;139.81;138.59;0.26;0.08;0.76
2007;12;2;2.48;2.49;-9.4;-9.4;0;0;0;0;355.37;380.9;58.91;1.13;142.29;141.08;0.26;0.08;0.75
2007;12;3;9.74;9.65;-11.5;-11.5;0;0;0;0;355.37;380.9;58.7;1.06;152.03;150.73;0.25;0.07;0.74
2007;12;4;9.55;9.46;-15.6;-15.6;0;0;0;0;355.37;380.9;58.5;0.99;161.58;160.19;0.25;0.07;0.73
2007;12;5;1.1;1.07;-8.7;-8.7;0;0;0;0;355.37;380.9;58.3;0.93;162.68;161.26;0.24;0.06;0.73
2007;12;6;1.51;1.47;-9.8;-9.8;0;0;0;0;355.37;380.9;58.1;0.87;164.19;162.73;0.24;0.06;0.72
2007;12;7;10.14;9.96;-7.2;-7.2;0;0;0;0;355.37;380.9;57.9;0.82;174.32;172.69;0.23;0.06;0.71
2007;12;8;4.1;3.98;-11.8;-11.8;0;0;0;0;355.37;380.9;57.71;0.77;178.42;176.67;0.23;0.05;0.7
2007;12;9;3.43;3.4;-11;-11;0;0;0;0;355.37;380.9;57.52;0.72;181.85;180.07;0.22;0.05;0.69
2007;12;10;1.64;1.52;-14.7;-14.7;0;0;0;0;355.37;380.9;57.34;0.67;183.49;181.59;0.22;0.05;0.68
2007;12;11;6.68;6.37;-14.8;-14.8;0;0;0;0;355.37;380.9;57.15;0.63;190.17;187.96;0.22;0.04;0.68
2007;12;12;2.25;2.09;-14;-14;0;0;0;0;355.37;380.9;56.98;0.59;192.42;190.05;0.21;0.04;0.67
2007;12;13;0.17;0.16;-14;-14;0;0;0;0;355.37;380.9;56.8;0.56;192.59;190.21;0.21;0.04;0.66
2007;12;14;0.1;0.1;-17.3;-17.3;0;0;0;0;355.37;380.9;56.62;0.52;192.69;190.31;0.21;0.04;0.65
2007;12;15;0.02;0.02;-22.2;-22.2;0;0;0;0;355.37;380.9;56.45;0.49;192.71;190.33;0.2;0.03;0.64
2007;12;16;0;0;-22.6;-22.6;0;0;0;0;355.37;380.9;56.28;0.46;192.71;190.33;0.2;0.03;0.63
2007;12;17;0.05;0.05;-22.3;-22.3;0;0;0;0;355.37;380.9;56.11;0.43;192.76;190.38;0.2;0.03;0.63
2007;12;18;0;0;-20.7;-20.6;0;0;0;0;355.37;380.9;55.95;0.4;192.76;190.38;0.2;0.03;0.62
2007;12;19;0;0;-16.4;-16.4;0;0;0;0;355.37;380.9;55.78;0.38;192.76;190.38;0.19;0.03;0.61
2007;12;20;0;0;-12.8;-12.7;0;0;0;0;355.37;380.9;55.62;0.36;192.76;190.38;0.19;0.02;0.6
2007;12;21;0;0;-11.8;-11.7;0;0;0;0;355.37;380.9;55.46;0.34;192.76;190.38;0.19;0.02;0.59
2007;12;22;0;0;-14.1;-14;0;0;0;0;355.37;380.9;55.3;0.32;192.76;190.38;0.19;0.02;0.58
2007;12;23;0.05;0.05;-13.7;-13.6;0;0;0;0;355.37;380.9;55.15;0.3;192.81;190.43;0.18;0.02;0.58
2007;12;24;0;0;-17.2;-17.2;0;0;0;0;355.37;380.9;54.99;0.28;192.81;190.43;0.18;0.02;0.57
2007;12;25;0;0;-20.1;-20.1;0;0;0;0;355.37;380.9;54.83;0.26;192.81;190.43;0.18;0.02;0.56
2007;12;26;0;0;-15;-15;0;0;0;0;355.37;380.9;54.68;0.25;192.81;190.43;0.18;0.02;0.55
2007;12;27;0;0;-15.3;-15.3;0;0;0;0;355.37;380.9;54.53;0.23;192.81;190.43;0.18;0.02;0.54
2007;12;28;0;0;-14.1;-14;0;0;0;0;355.37;380.9;54.38;0.22;192.81;190.43;0.18;0.02;0.54
2007;12;29;0;0;-14.7;-14.6;0;0;0;0;355.37;380.9;54.23;0.21;192.81;190.43;0.17;0.01;0.53
2007;12;30;2.57;2.55;-14.1;-14.1;0;0;0;0;355.37;380.9;54.08;0.2;195.38;192.98;0.17;0.01;0.52
2007;12;31;0.46;0.42;-16.6;-16.6;0;0;0;0;355.37;380.9;53.93;0.18;195.84;193.4;0.17;0.01;0.51
2008;1;1;0.1;0.09;-17.9;-17.9;0;0;0;0;355.37;380.9;53.78;0.17;195.93;193.49;0.17;0.01;0.5
2008;1;2;0.27;0.29;-20.3;-20.3;0;0;0;0;355.37;380.9;53.64;0.16;196.2;193.78;0.17;0.01;0.5
2008;1;3;0.81;0.85;-15.6;-15.5;0;0;0;0;355.37;380.9;53.49;0.16;197.01;194.63;0.17;0.01;0.49
2008;1;4;0.73;0.77;-11.3;-11.2;0;0;0;0;355.37;380.9;53.35;0.15;197.75;195.4;0.17;0.01;0.48
2008;1;5;1.88;1.97;-10.3;-10.2;0;0;0;0;355.37;380.9;53.21;0.14;199.63;197.37;0.17;0.01;0.48
2008;1;6;8.83;8.75;-9.7;-9.7;0;0;0;0;355.37;380.9;53.06;0.13;208.46;206.12;0.17;0.01;0.48
2008;1;7;3.49;3.42;-12.1;-12.1;0;0;0;0;355.37;380.9;52.92;0.12;211.95;209.54;0.16;0.01;0.48
2008;1;8;0;0;-15.7;-15.7;0;0;0;0;355.37;380.9;52.78;0.12;211.95;209.54;0.16;0.01;0.48
2008;1;9;0.57;0.58;-13.6;-13.6;0;0;0;0;355.37;380.9;52.64;0.11;212.52;210.12;0.16;0.01;0.48
2008;1;10;0.02;0.02;-13.8;-13.8;0;0;0;0;355.37;380.9;52.5;0.11;212.54;210.14;0.16;0.01;0.48
2008;1;11;1.39;1.46;-13.3;-13.2;0;0;0;0;355.37;380.9;52.36;0.1;213.93;211.59;0.16;0.01;0.47
2008;1;12;15.25;15.45;-8.9;-8.8;0;0;0;0;355.37;380.9;52.22;0.1;229.18;227.05;0.16;0.01;0.47
2008;1;13;1.37;1.38;-9.8;-9.8;0;0;0;0;355.37;380.9;52.09;0.09;230.55;228.43;0.16;0.01;0.47
2008;1;14;0.62;0.66;-11.4;-11.4;0;0;0;0;355.37;380.9;51.95;0.09;231.18;229.09;0.16;0.01;0.47
2008;1;15;0.71;0.77;-12.8;-12.8;0;0;0;0;355.37;380.9;51.81;0.08;231.89;229.85;0.16;0.01;0.47
2008;1;16;5.29;5.44;-10.1;-10.1;0;0;0;0;355.37;380.9;51.68;0.08;237.18;235.29;0.16;0.01;0.47
2008;1;17;2.87;2.82;-10.4;-10.4;0;0;0;0;355.37;380.9;51.54;0.08;240.06;238.12;0.16;0.01;0.47
2008;1;18;3.18;3.1;-10.5;-10.5;0;0;0;0;355.37;380.9;51.41;0.07;243.24;241.22;0.16;0;0.47
2008;1;19;0.12;0.11;-7.5;-7.5;0;0;0;0;355.37;380.9;51.27;0.07;243.36;241.32;0.15;0;0.47
2008;1;20;0;0;-9;-9;0;0;0;0;355.37;380.9;51.14;0.07;243.36;241.32;0.15;0;0.47
2008;1;21;0;0;-9.1;-9.1;0;0;0;0;355.37;380.9;51.01;0.06;243.36;241.32;0.15;0;0.47
2008;1;22;11.45;11.31;-13.4;-13.4;0;0;0;0;355.37;380.9;50.87;0.06;254.81;252.63;0.15;0;0.47
2008;1;23;0.03;0.03;-14;-14;0;0;0;0;355.37;380.9;50.74;0.06;254.84;252.66;0.15;0;0.47
2008;1;24;0.01;0.01;-9.6;-9.6;0;0;0;0;355.37;380.9;50.61;0.06;254.85;252.68;0.15;0;0.47
2008;1;25;0.4;0.38;-11.1;-11.1;0;0;0;0;355.37;380.9;50.48;0.05;255.25;253.06;0.15;0;0.46
2008;1;26;0;0;-13.3;-13.3;0;0;0;0;355.37;380.9;50.35;0.05;255.25;253.06;0.15;0;0.46
2008;1;27;0.93;0.92;-9.2;-9.2;0;0;0;0;355.37;380.9;50.22;0.05;256.18;253.97;0.15;0;0.46
2008;1;28;0.09;0.09;-5.9;-5.9;0;0;0;0;355.37;380.9;50.09;0.05;256.27;254.06;0.15;0;0.46
2008;1;29;0;0;-7.1;-7.1;0;0;0;0;355.37;380.9;49.96;0.05;256.27;254.06;0.15;0;0.46
2008;1;30;1.29;1.24;-9.1;-9.1;0;0;0;0;355.37;380.9;49.83;0.04;257.57;255.3;0.15;0;0.46
2008;1;31;0.51;0.51;-11.2;-11.2;0;0;0;0;355.37;380.9;49.7;0.04;258.08;255.81;0.15;0;0.46
2008;2;1;0.35;0.38;-11.7;-11.6;0;0;0;0;355.37;380.9;49.57;0.04;258.43;256.19;0.15;0;0.46
2008;2;2;3.15;3.14;-12.5;-12.5;0;0;0;0;355.37;380.9;49.44;0.04;261.58;259.33;0.15;0;0.46
2008;2;3;0.55;0.58;-14.2;-14.2;0;0;0;0;355.37;380.9;49.32;0.04;262.14;259.91;0.15;0;0.46
2008;2;4;8.98;9.03;-11.7;-11.6;0;0;0;0;355.37;380.9;49.19;0.04;271.12;268.94;0.15;0;0.46
2008;2;5;1.01;1.01;-10.4;-10.4;0;0;0;0;355.37;380.9;49.06;0.04;272.13;269.95;0.15;0;0.46
2008;2;6;4.23;4.1;-10;-10;0;0;0;0;355.37;380.9;48.94;0.04;276.36;274.05;0.15;0;0.46
2008;2;7;1.26;1.2;-13;-13;0;0;0;0;355.37;380.9;48.81;0.04;277.62;275.25;0.14;0;0.45
2008;2;8;0;0;-14.5;-14.5;0;0;0;0;355.37;380.9;48.68;0.04;277.62;275.25;0.14;0;0.45
2008;2;9;0;0;-10.8;-10.8;0;0;0;0;355.37;380.9;48.56;0.04;277.61;275.25;0.14;0;0.45
2008;2;10;0;0;-11.3;-11.3;0;0;0;0;355.37;380.9;48.43;0.03;277.61;275.25;0.14;0;0.45
2008;2;11;0;0;-13.1;-13.1;0;0;0;0;355.37;380.9;48.31;0.03;277.61;275.25;0.14;0;0.45
2008;2;12;0;0;-13.2;-13.2;0;0;0;0;355.37;380.9;48.19;0.03;277.61;275.25;0.14;0;0.45
2008;2;13;0;0;-13.4;-13.4;0;0;0;0;355.37;380.9;48.06;0.03;277.61;275.25;0.14;0;0.45
2008;2;14;0;0;-12.8;-12.8;0;0;0;0;355.37;380.9;47.94;0.03;277.61;275.25;0.14;0;0.45
2008;2;15;0;0;-12.9;-12.9;0;0;0;0;355.37;380.9;47.81;0.03;277.62;275.25;0.14;0;0.45
2008;2;16;0;0;-17.1;-17.1;0;0;0;0;355.37;380.9;47.69;0.03;277.62;275.25;0.14;0;0.45
2008;2;17;0;0;-14.8;-14.8;0;0;0;0;355.37;380.9;47.57;0.03;277.62;275.25;0.14;0;0.45
2008;2;18;0;0;-13.3;-13.3;0;0;0;0;355.37;380.9;47.45;0.03;277.62;275.25;0.14;0;0.45
2008;2;19;0;0;-10.9;-10.9;0;0;0;0;355.37;380.9;47.33;0.03;277.62;275.25;0.14;0;0.45
2008;2;20;0;0;-10.5;-10.5;0;0;0;0;355.37;380.9;47.2;0.03;277.62;275.25;0.14;0;0.45
2008;2;21;0.55;0.53;-9.9;-9.9;0;0;0;0;355.37;380.9;47.08;0.03;278.17;275.78;0.14;0;0.45
2008;2;22;0.13;0.13;-6.2;-6.2;0;0;0;0;355.37;380.9;46.96;0.03;278.3;275.91;0.14;0;0.45
2008;2;23;0;0;-5.1;-5.1;0;0;0;0;355.37;380.9;46.84;0.03;278.3;275.91;0.14;0;0.45
2008;2;24;0;0;-3.8;-3.8;0;0;0;0;355.37;380.9;46.72;0.03;278.3;275.91;0.14;0;0.45
2008;2;25;0;0;-4.6;-4.6;0;0;0;0;355.37;380.9;46.6;0.03;278.3;275.91;0.14;0;0.45
2008;2;26;0.12;0.11;-5.2;-5.2;0;0;0;0;355.37;380.9;46.48;0.03;278.41;276.02;0.14;0;0.45
2008;2;27;1.59;1.52;-6.6;-6.6;0;0;0;0;355.37;380.9;46.36;0.03;280;277.54;0.14;0;0.45
2008;2;28;0.05;0.05;-6.6;-6.6;0;0;0;0;355.37;380.9;46.24;0.03;280.05;277.59;0.14;0;0.45
2008;2;29;0.91;0.87;-5.7;-5.7;0;0;0;0;355.37;380.9;46.13;0.03;280.96;278.46;0.14;0;0.45
2008;3;1;11.86;11.74;-6.8;-6.8;0;0;0;0;355.37;380.9;46.01;0.03;292.82;290.2;0.14;0;0.45
2008;3;2;4.53;4.48;-5;-5;0;0;0;0;355.37;380.9;45.89;0.03;297.35;294.68;0.14;0;0.45
2008;3;3;3.14;3.12;-4.3;-4.3;0;0;0;0;355.37;380.9;45.77;0.03;300.49;297.8;0.14;0;0.45
2008;3;4;5.7;5.66;-11.5;-11.5;0;0;0;0;355.37;380.9;45.66;0.03;306.19;303.46;0.13;0;0.45
2008;3;5;2.16;2.03;-17.1;-17.1;0;0;0;0;355.37;380.9;45.54;0.02;308.35;305.49;0.13;0;0.45
2008;3;6;0.01;0.01;-13.3;-13.3;0;0;0;0;355.37;380.9;45.42;0.02;308.36;305.5;0.13;0;0.45
2008;3;7;0.37;0.37;-8.7;-8.7;0;0;0;0;355.37;380.9;45.31;0.02;308.72;305.87;0.13;0;0.45
2008;3;8;0.5;0.5;-7.8;-7.8;0;0;0;0;355.37;380.9;45.19;0.02;309.22;306.37;0.13;0;0.45
2008;3;9;0.57;0.61;-8.5;-8.5;0;0;0;0;355.37;380.9;45.07;0.02;309.79;306.98;0.13;0;0.45
2008;3;10;3.9;4.06;-9.2;-9.2;0;0;0;0;355.37;380.9;44.96;0.02;313.69;311.04;0.13;0;0.45
2008;3;11;3.95;3.88;-9.2;-9.2;0;0;0;0;355.37;380.9;44.84;0.02;317.64;314.92;0.13;0;0.45
2008;3;12;7.53;7.32;-7.6;-7.6;0;0;0;0;355.37;380.9;44.73;0.02;325.17;322.24;0.13;0;0.45
2008;3;13;0.63;0.6;-10.8;-10.8;0;0;0;0;355.37;380.9;44.61;0.02;325.8;322.84;0.13;0;0.45
2008;3;14;2.4;2.32;-6.6;-6.6;0;0;0;0;355.37;380.9;44.5;0.02;328.2;325.16;0.13;0;0.45
2008;3;15;0.22;0.24;-5.1;-5.1;0;0;0;0;355.37;380.9;44.39;0.02;328.43;325.4;0.13;0;0.45
2008;3;16;10.47;10.56;-6.1;-6.1;0;0;0;0;355.37;380.9;44.27;0.02;338.89;335.96;0.13;0;0.45
2008;3;17;3.91;3.63;-8.8;-8.8;0;0;0;0;355.37;380.9;44.16;0.02;342.8;339.59;0.13;0;0.45
2008;3;18;0.76;0.7;-13;-13;0;0;0;0;355.37;380.9;44.05;0.02;343.56;340.29;0.13;0;0.45
2008;3;19;0.36;0.34;-16;-16;0;0;0;0;355.37;380.9;43.93;0.02;343.93;340.63;0.13;0;0.45
2008;3;20;0.71;0.67;-17.5;-17.5;0;0;0;0;355.37;380.9;43.82;0.02;344.63;341.3;0.13;0;0.45
2008;3;21;12.88;12.72;-13.1;-13.1;0;0;0;0;355.37;380.9;43.71;0.02;357.51;354.02;0.13;0;0.45
2008;3;22;0.35;0.36;-14.3;-14.3;0;0;0;0;355.37;380.9;43.6;0.02;357.86;354.38;0.13;0;0.45
2008;3;23;3.03;2.99;-14.8;-14.8;0;0;0;0;355.37;380.9;43.48;0.02;360.89;357.37;0.13;0;0.45
2008;3;24;0.88;0.86;-16.2;-16.2;0;0;0;0;355.37;380.9;43.37;0.02;361.77;358.23;0.13;0;0.45
2008;3;25;5.28;5.17;-18.8;-18.8;0;0;0;0;355.37;380.9;43.26;0.02;367.06;363.4;0.13;0;0.45
2008;3;26;1.23;1.2;-13.8;-13.8;0;0;0;0;355.37;380.9;43.15;0.02;368.29;364.6;0.13;0;0.45
2008;3;27;4.05;4.01;-10.8;-10.8;0;0;0;0;355.37;380.9;43.04;0.02;372.34;368.61;0.13;0;0.45
2008;3;28;1.13;1.11;-8.4;-8.4;0;0;0;0;355.37;380.9;42.93;0.02;373.46;369.72;0.13;0;0.45
2008;3;29;0.66;0.63;-8;-7.9;0;0;0;0;355.37;380.9;42.82;0.02;374.12;370.35;0.13;0;0.45
2008;3;30;0.01;0.01;-5.8;-5.8;0;0;0;0;355.37;380.9;42.71;0.02;374.13;370.36;0.13;0;0.47
2008;3;31;1.83;1.83;-6.2;-6.2;0;0;0;0;355.37;380.9;42.6;0.02;375.96;372.19;0.13;0;0.5
2008;4;1;0.11;0.1;-5.1;-5.1;0;0;0;0;355.37;380.9;42.49;0.02;376.08;372.29;0.13;0;0.52
2008;4;2;11.42;11.35;-8.7;-8.7;0;0;0;0;355.37;380.9;42.38;0.02;387.49;383.64;0.13;0;0.53
2008;4;3;10.65;10.49;-11;-11;0;0;0;0;355.37;380.9;42.28;0.02;398.14;394.13;0.12;0;0.5
2008;4;4;0.38;0.35;-10.7;-10.7;0;0;0;0;355.37;380.9;42.17;0.02;398.52;394.48;0.12;0;0.49
2008;4;5;0.55;0.52;-10.9;-10.9;0;0;0;0;355.37;380.9;42.06;0.02;399.07;395;0.12;0;0.48
2008;4;6;7.19;7.34;-9.8;-9.7;0;0;0;0;355.37;380.9;41.95;0.02;406.26;402.34;0.12;0;0.48
2008;4;7;7.66;7.69;-11.7;-11.7;0;0;0;0;355.37;380.9;41.84;0.02;413.91;410.03;0.12;0;0.47
2008;4;8;0.28;0.29;-7.6;-7.6;0;0;0;0;355.37;380.9;41.74;0.02;414.19;410.32;0.12;0;0.49
2008;4;9;3.12;3.14;-5.7;-5.7;0;0;0;0;355.37;380.9;41.63;0.02;417.31;413.46;0.12;0;0.49
2008;4;10;1.42;1.5;-3.7;-3.7;0;0;0;0;355.37;380.9;41.52;0.02;418.72;414.96;0.12;0;0.55
2008;4;11;13.08;13.19;-3.5;-3.5;0;0;0;0;355.37;380.9;41.42;0.02;431.81;428.15;0.12;0;0.63
2008;4;12;9.83;9.8;-6.2;-6.2;0;0;0;0;355.37;380.9;41.31;0.02;441.63;437.95;0.12;0;0.61
2008;4;13;0.61;0.63;-7.2;-7.2;0;0;0;0;355.37;380.9;41.21;0.02;442.24;438.58;0.12;0;0.58
2008;4;14;11.01;11;-8.5;-8.5;0;0;0;0;355.37;380.9;41.1;0.02;453.25;449.58;0.12;0;0.58
2008;4;15;8.76;8.57;-9.7;-9.7;0;0;0;0;355.37;380.9;41;0.02;462.01;458.15;0.12;0;0.58
2008;4;16;2.37;2.28;-10.2;-10.2;0;0;0;0;355.37;380.9;40.89;0.02;464.38;460.43;0.12;0;0.56
2008;4;17;1.52;1.6;-8.1;-8.1;0;0;0;0;355.37;380.9;40.79;0.02;465.9;462.03;0.12;0;0.56
2008;4;18;4.36;4.48;-5.3;-5.3;0;0;0;0;355.37;380.9;40.68;0.02;470.26;466.51;0.12;0;0.59
2008;4;19;2.65;2.63;-5.3;-5.3;0;0;0;0;355.37;380.9;40.58;0.02;472.9;469.14;0.12;0;0.62
2008;4;20;0.57;0.59;-5.5;-5.5;0;0;0;0;355.37;380.9;40.47;0.02;473.48;469.73;0.12;0;0.66
2008;4;21;12;12.02;-3.9;-3.9;0;0;0;0;355.37;380.9;40.37;0.02;485.48;481.75;0.12;0;0.71
2008;4;22;15.01;14.68;-4.7;-4.7;0;0;0;0;355.37;380.9;40.27;0.02;500.49;496.43;0.12;0;0.69
2008;4;23;2.81;2.64;-4.6;-4.6;0;0;0;0;355.37;380.9;40.16;0.02;503.3;499.07;0.12;0;0.68
2008;4;24;0.49;0.45;-5.4;-5.4;0;0;0;0;355.37;380.9;40.06;0.02;503.79;499.52;0.12;0;0.68
2008;4;25;3.77;3.65;-6.5;-6.5;0;0;0;0;355.37;380.9;39.96;0.02;507.55;503.17;0.12;0;0.67
2008;4;26;0.04;0.04;-5.3;-5.3;0;0;0;0;355.37;380.9;39.86;0.02;507.59;503.21;0.12;0;0.68
2008;4;27;0;0;-3.4;-3.4;0;0;0;0;355.37;380.9;39.76;0.02;507.59;503.21;0.12;0;0.81
2008;4;28;1.94;1.97;-2.2;-2.2;0;0;0;0;355.37;380.9;39.65;0.02;509.53;505.18;0.12;0;1.19
2008;4;29;11.26;11.18;-3.9;-3.9;0;0;0;0;355.37;380.9;39.55;0.02;520.79;516.36;0.12;0;1.19
2008;4;30;2.63;2.68;-3.6;-3.6;0;0;0;0;355.37;380.9;39.45;0.02;523.42;519.04;0.12;0;1
2008;5;1;6.29;6.31;-4.8;-4.8;0;0;0;0;355.37;380.9;39.35;0.02;529.71;525.35;0.12;0;0.93
2008;5;2;0;0;-4.7;-4.7;0;0;0;0;355.37;380.9;39.25;0.02;529.71;525.35;0.12;0;0.88
2008;5;3;0;0;-2.9;-2.9;0;0;0;0;355.37;380.9;39.15;0.02;529.71;525.35;0.12;0;1.13
2008;5;4;0.32;0.31;-2.6;-2.6;0;0;0;0;355.37;380.9;39.05;0.02;530.03;525.66;0.12;0;1.44
2008;5;5;0.43;0.43;-3.8;-3.8;0;0;0;0;355.37;380.9;38.95;0.02;530.46;526.09;0.11;0;1.62
2008;5;6;0.08;0.09;-2.8;-2.8;0;0;0;0;355.37;380.9;38.85;0.02;530.54;526.18;0.11;0;1.74
2008;5;7;0.27;0.29;-1.5;-1.5;0;0;0;0;355.37;380.9;38.75;0.02;530.8;526.47;0.11;0;1.92
2008;5;8;0.13;0.14;-0.7;-0.7;0;0;0;0;355.37;380.9;38.65;0.02;530.93;526.61;0.11;0;2.1
2008;5;9;0.65;0.68;-0.3;-0.3;0;0;0;0;355.37;380.9;38.55;0.02;531.59;527.29;0.11;0;2.37
2008;5;10;3.31;3.4;-0.8;-0.8;0;0;0;0;355.37;380.9;38.45;0.02;534.89;530.69;0.11;0;2.59
2008;5;11;3.38;3.39;-1.5;-1.5;0;0;0;0;355.37;380.9;38.35;0.02;538.27;534.08;0.11;0;2.96
2008;5;12;0.05;0.05;-1.7;-1.7;0;0;0;0;355.37;380.9;38.26;0.02;538.32;534.13;0.11;0;2.92
2008;5;13;0.2;0.19;-1.6;-1.6;0;0;0;0;355.37;380.9;38.16;0.02;538.51;534.32;0.11;0;2.84
2008;5;14;1.23;1.14;-1.1;-1.1;0;0;0;0;355.37;380.9;38.06;0.02;539.75;535.46;0.11;0;2.91
2008;5;15;3.36;3.43;-1.6;-1.6;0;0;0;0;355.37;380.9;37.96;0.02;543.11;538.89;0.11;0;2.96
2008;5;16;2.66;2.71;-0.5;-0.5;0;0;0;0;355.37;380.9;37.87;0.02;545.76;541.6;0.11;0;3.24
2008;5;17;5.72;5.88;0.4;0.4;0.9;0.88;0.1;0.09;355.37;380.9;37.77;0.02;551.39;547.39;0.11;0;3.21
2008;5;18;15.9;15.88;-0.6;-0.6;0;0;0;0;355.37;380.9;37.67;0.02;567.29;563.27;0.11;0;3.06
2008;5;19;2.61;2.57;-1.1;-1.1;0;0;0;0;355.37;380.9;37.58;0.02;569.9;565.84;0.11;0;2.61
2008;5;20;6.24;6.26;-0.9;-0.9;0;0;0;0;355.37;380.9;37.48;0.02;576.14;572.1;0.11;0;2.73
2008;5;21;6.16;6.32;-0.9;-0.9;0;0;0;0;355.37;380.9;37.38;0.02;582.3;578.42;0.11;0;2.64
2008;5;22;10.06;10.09;-0.5;-0.5;0;0;0;0;355.37;380.9;37.29;0.02;592.37;588.51;0.11;0;3.25
2008;5;23;3.95;4.07;-0.6;-0.6;0;0;0;0;355.37;380.9;37.19;0.02;596.32;592.58;0.11;0;3.4
2008;5;24;3.79;3.87;0.8;0.8;1.21;1.22;0.15;0.14;355.38;380.92;37.1;0.02;599.91;596.25;0.11;0;3.2
2008;5;25;1.11;1.15;2.5;2.5;2.1;2.1;0.31;0.3;355.19;381.04;38.27;1.45;597.05;592.96;0.55;0.44;4.24
2008;5;26;1.22;1.24;3.6;3.6;2.51;2.51;0.37;0.36;357.67;383.95;39.41;2.84;587.52;582.42;2.64;2.5;5.66
2008;5;27;0.21;0.21;5;5;2.93;2.93;0.46;0.44;365.63;390.74;40.79;4.46;564.53;560.11;5.86;5.6;8.35
2008;5;28;0.56;0.58;5.9;5.9;3.18;3.17;0.4;0.38;374.33;397.7;42.62;6.53;539.14;536.3;8.69;8.2;14.88
2008;5;29;1.73;1.78;4.2;4.2;2.7;2.7;0.32;0.3;380.81;403.16;44.94;9.09;518.54;516.54;9.89;9.17;17.83
2008;5;30;2.15;2.16;3;3;2.31;2.3;0.26;0.25;384.83;406.32;47.64;11.99;504.31;503.3;9.37;8.52;20.77
2008;5;31;4;3.78;2.3;2.3;2.02;2.02;0.2;0.19;386.67;407.89;50.48;15;497.35;496.41;7.97;7.1;10.47
2008;6;1;1.41;1.44;4.2;4.2;2.74;2.74;0.33;0.31;391.63;412.21;53.39;18.03;478.01;477.6;8.65;7.77;9.55
2008;6;2;5.39;5.31;4.3;4.3;2.77;2.77;0.19;0.17;397.71;417.38;56.45;21.18;458.34;458.63;11.04;10.07;10.34
2008;6;3;4.17;3.95;3;3.1;2.35;2.37;0.18;0.17;399.89;419.02;59.67;24.46;449.06;449.98;10.88;9.81;10.33
2008;6;4;12.56;12.39;2.7;2.8;2.24;2.26;0.06;0.06;402.63;421.34;62.88;27.68;445.71;446.97;10.16;9.07;11.25
2008;6;5;8.77;8.8;3.1;3.1;2.37;2.37;0.12;0.1;405.46;423.48;66.02;30.77;438.08;440.51;10.38;9.26;10.98
2008;6;6;10.99;10.89;3.5;3.5;2.51;2.51;0.09;0.08;409.49;426.6;69.14;33.8;427.82;431.57;11.57;10.35;11.68
2008;6;7;9.1;9.15;2.3;2.4;2.08;2.1;0.1;0.09;410.3;427.44;72.21;36.73;425.97;429.82;11.24;9.96;11.36
2008;6;8;8.88;9.03;2.1;2.1;1.96;1.97;0.1;0.08;410.53;427.72;75.08;39.42;426.1;430.22;9.66;8.49;11.15
2008;6;9;4.39;4.32;2.3;2.3;2.04;2.05;0.16;0.14;410.79;427.92;77.65;41.77;421.77;426.18;8.72;7.66;9.97
2008;6;10;4.08;4;2.6;2.6;2.17;2.18;0.17;0.15;411.49;428.45;79.93;43.8;415.43;420.31;8.7;7.69;9.95
2008;6;11;8.26;8.2;1.4;1.5;1.64;1.67;0.08;0.08;410.79;427.95;81.93;45.52;418.41;423.23;8.14;7.16;10.84
2008;6;12;2.23;2.25;1.3;1.3;1.54;1.56;0.14;0.12;409.79;427.15;83.61;46.9;416.65;421.55;7.1;6.2;9.91
2008;6;13;3.53;3.43;-1.7;-1.6;0;0;0;0;407.81;425.49;84.92;47.9;420.18;424.98;5.78;4.99;8.02
2008;6;14;1.99;1.96;-2.2;-2.2;0;0;0;0;407.81;425.49;82.09;44.82;422.17;426.94;4.33;3.67;5.41
2008;6;15;4.17;4.28;-2.5;-2.5;0;0;0;0;407.81;425.49;79.44;41.94;426.34;431.22;3.52;3.01;4.18
2008;6;16;6.84;6.99;0;0;0;0;0;0;407.81;425.49;76.95;39.24;433.19;438.21;3.2;2.78;3.57
2008;6;17;11.14;11.15;1.9;1.9;1.86;1.87;0.06;0.06;407.42;425.05;78.05;40.61;439.69;444.13;3.89;3.51;4.39
2008;6;18;1.07;1.01;3.2;3.3;2.42;2.44;0.23;0.21;408.41;425.86;79.33;41.66;429.64;434.47;6.22;5.78;5.64
2008;6;19;1.03;1.1;5.3;5.3;3.05;3.06;0.3;0.26;411.81;428.59;80.61;42.72;410.5;416.5;9.45;8.74;8.05
2008;6;20;3.36;3.51;5.4;5.4;3.08;3.09;0.19;0.15;415.89;431.92;82.17;44.06;390.16;397.49;12.58;11.53;9.87
2008;6;21;3.65;3.76;6.9;6.9;3.47;3.47;0.21;0.16;419.99;434.68;84.13;45.78;369.84;380.1;14.34;12.94;13.11
2008;6;22;0.68;0.71;8.7;8.7;3.88;3.88;0.29;0.23;424.61;437.63;86.49;47.84;343.32;357.51;15.66;13.85;17.09
2008;6;23;3.7;3.63;7.9;7.9;3.7;3.7;0.22;0.18;428.95;440.63;89.25;50.2;318.62;336.33;17.2;14.98;19.81
2008;6;24;4.42;4.4;8;8;3.72;3.73;0.21;0.17;433.16;443.62;92.43;52.87;293.05;314.4;18.75;16.18;19.41
2008;6;25;4.49;4.55;9.5;9.5;4.04;4.05;0.22;0.18;437.93;447.09;96.04;55.84;262.26;287.93;20.91;18;22.91
2008;6;26;7.35;7.3;7.8;7.8;3.68;3.68;0.14;0.13;441.21;449.92;100.09;59.15;238.15;265.82;22.52;19.37;23.82
2008;6;27;7.71;7.88;6.7;6.7;3.42;3.42;0.11;0.11;443.24;452.08;104.45;62.68;218.82;246.61;22.64;19.59;20.95
2008;6;28;0.09;0.1;7.1;7.1;3.52;3.52;0.1;0.11;442.66;451.93;108.77;66.14;207.5;234.93;19.22;16.61;18.81
2008;6;29;2.22;2.18;8.1;8.1;3.75;3.75;0.17;0.1;442.1;452.07;112.66;69.19;197.16;223.22;17.2;13.77;20.73
2008;6;30;3.47;3.39;7;7;3.49;3.5;0.21;0.09;441.5;452.16;116.02;71.73;188.16;213.04;17.51;13.29;25.98
2008;7;1;10.63;10.59;6.4;6.4;3.37;3.38;0.09;0.04;442.01;453.13;118.95;73.92;179.83;203.6;18.38;14.47;19.35
2008;7;2;10.11;9.97;5.9;5.9;3.25;3.25;0.09;0.04;442.32;453.85;121.63;75.91;172.13;194.88;19.3;15.61;17.36
2008;7;3;3.6;3.68;6.3;6.3;3.35;3.35;0.21;0.08;441.56;453.77;124.07;77.71;163.94;185.61;18.4;14.78;17.54
2008;7;4;1.7;1.67;4.8;4.9;2.96;2.97;0.19;0.08;440.32;453.15;126.15;79.19;157.57;178.39;16.17;12.93;16.95
2008;7;5;0.84;0.85;5.7;5.7;3.19;3.19;0.23;0.09;439.1;452.61;127.78;80.24;150.15;170;14.62;11.67;14.37
2008;7;6;6.05;6.25;6.1;6.1;3.3;3.3;0.17;0.06;438.81;452.91;129.04;80.97;142.16;160.95;15.6;12.48;17.34
2008;7;7;12.62;12.67;5.3;5.3;3.08;3.08;0.06;0.02;439.53;453.9;130.19;81.63;135.16;153.02;17.87;14.75;25.92
2008;7;8;6.77;6.78;3;3;2.35;2.35;0.1;0.04;438.59;453.29;131.28;82.26;133.29;150.91;16.71;14.08;11.82
2008;7;9;0;0;4;4;2.69;2.7;0.19;0.08;436.9;452.19;132.14;82.67;128.82;145.85;13.62;11.33;10.96
2008;7;10;0.99;1.05;6.8;6.8;3.47;3.47;0.24;0.1;435.83;451.79;132.66;82.74;120.9;136.88;13.37;10.62;12.79
2008;7;11;3.8;3.85;7;7;3.53;3.52;0.2;0.08;435.35;451.86;132.97;82.62;112.51;127.38;15.09;11.78;15.03
2008;7;12;10.13;10.09;5.7;5.7;3.19;3.19;0.09;0.04;435.84;452.58;133.27;82.53;105.49;119.44;16.91;13.66;20.08
2008;7;13;23.87;24.03;3.5;3.5;2.53;2.53;0;0;437.75;454.22;133.79;82.69;104.53;118.34;19.19;16.43;24.66
2008;7;14;12.65;12.36;0.5;0.5;0.98;1;0.03;0.03;435.93;452.73;134.44;82.99;115.08;128.53;15.77;13.96;11.21
2008;7;15;0.01;0.01;4.1;4.1;2.73;2.73;0.07;0.08;435.34;452.02;134.92;83.09;106.59;120.68;11.96;10.85;8.48
2008;7;16;0.12;0.14;7.2;7.2;3.57;3.57;0.17;0.11;434.2;451.45;135.13;82.91;98.97;112.06;12.43;10.41;9.47
2008;7;17;9.05;9.23;4.4;4.4;2.81;2.82;0.1;0.04;434.21;451.76;135.22;82.6;94.03;106.46;14.53;11.91;10.21
2008;7;18;4.53;4.51;3.7;3.7;2.59;2.6;0.13;0.06;433.31;451.2;135.27;82.27;90.28;102.22;14.22;12;9.9
2008;7;19;0.78;0.84;5.3;5.3;3.09;3.08;0.21;0.09;432.03;450.5;135.24;81.86;84.36;95.51;13.2;10.86;11.15
2008;7;20;8.14;8.29;5.6;5.6;3.16;3.17;0.12;0.05;432.19;450.98;135.15;81.42;77.83;88.11;14.45;11.83;16.68
2008;7;21;1.31;1.2;1.2;1.2;1.51;1.52;0.06;0.04;430.44;449.5;135.01;80.93;77.13;87.33;12.52;10.76;11.16
2008;7;22;5;4.89;-1.7;-1.7;0;0;0;0;428.37;447.76;134.63;80.2;82.13;92.22;8.73;7.91;5.67
2008;7;23;0.6;0.55;-0.3;-0.3;0;0;0;0;426.31;446.02;133.91;79.11;82.73;92.77;7.13;6.45;5.06
2008;7;24;0.01;0.01;4.2;4.2;2.76;2.76;0.08;0.08;425.54;445.31;132.94;77.76;76.2;86.28;7.83;7.17;7.78
2008;7;25;0.33;0.33;6.1;6.1;3.29;3.3;0.15;0.1;424.54;444.8;131.91;76.35;69.75;78.97;9.9;8.34;11.22
2008;7;26;8.07;7.98;5.2;5.2;3.05;3.06;0.1;0.05;425.05;445.46;130.99;75.09;63.93;72.39;12.71;10.33;10.46
2008;7;27;3.55;3.24;6;6;3.27;3.27;0.15;0.08;424.84;445.5;130.31;74.08;57.03;64.57;13.69;11.15;9.52
2008;7;28;4.64;4.47;6.4;6.4;3.37;3.38;0.15;0.08;424.92;445.87;129.85;73.35;49.46;56;14.09;11.33;14.52
2008;7;29;12.32;12.41;6.2;6.2;3.32;3.32;0.06;0.03;426.49;447.49;129.69;72.93;41.9;47.44;16.07;13.19;16.41
2008;7;30;4.41;4.43;7.3;7.3;3.6;3.59;0.17;0.08;426.57;447.99;129.85;72.88;32.94;37.3;16.91;13.76;19.62
2008;7;31;1.23;1.31;7.9;7.9;3.73;3.73;0.22;0.11;426.1;448.12;130.21;73.05;23.16;26.23;16.19;12.76;18.01
2008;8;1;11.66;11.44;7.2;7.2;3.27;3.28;0.05;0.03;427.74;449.67;130.72;73.4;14.05;15.91;17.36;13.95;17.16
2008;8;2;9.07;8.97;7.1;7.1;3.25;3.25;0.09;0.05;428.7;450.72;131.47;74.02;5.03;5.69;18.64;15.27;21.71
2008;8;3;0.44;0.45;8.2;8.2;3.49;3.49;0.12;0;427.34;449.84;132.31;74.73;0;0;16.53;12.96;19.84
2008;8;4;1.32;1.38;8;8;3.44;3.45;0.65;0.61;424.9;447.69;132.92;75.18;0;0;19.99;16.33;15.46
2008;8;5;0.84;0.81;7;7;3.23;3.23;1.15;1.18;421.93;444.89;133.09;75.16;0;0;18.43;15.01;15.3
2008;8;6;1.96;2;7.6;7.6;3.36;3.36;1.11;1.14;419.23;442.36;132.84;74.69;0;0;18.03;14.73;21.74
2008;8;7;6.49;6.52;8.3;8.3;3.51;3.51;0.8;0.82;417.84;440.94;132.31;73.91;0;0;19.71;16.17;22.86
2008;8;8;11.78;11.85;4.5;4.5;2.62;2.62;0.29;0.3;418.15;441.05;131.72;73.07;0;0;18.13;14.99;19.9
2008;8;9;1;0.91;3;3;2.16;2.16;0.41;0.39;416.02;439.11;131.13;72.22;0;0;11.48;9.2;11.24
2008;8;10;0.01;0.01;6.6;6.6;3.14;3.14;0.64;0.6;413.44;436.8;130.41;71.22;0;0;14.79;12.35;11.76
2008;8;11;7.39;7.38;6.5;6.5;3.13;3.12;0.65;0.67;412.59;435.86;129.53;70.06;0;0;16.91;13.9;11.77
2008;8;12;1.63;1.64;6.7;6.6;3.17;3.14;1.06;1.09;409.98;433.4;128.58;68.82;0;0;17.35;14.08;12.26
2008;8;13;6.26;6.19;6.9;6.9;3.21;3.21;0.75;0.78;408.88;432.21;127.59;67.55;0;0;17.76;14.47;18.23
2008;8;14;3.99;4.11;6.2;6.2;3.06;3.05;0.86;0.88;407.06;430.51;126.59;66.27;0;0;17.18;14.07;15.23
2008;8;15;23.68;23.46;2.8;2.8;2.08;2.09;0;0;410.55;433.08;125.76;65.17;3.44;3.89;12.74;10.77;17.53
2008;8;16;3.31;3.23;1.1;1.2;1.35;1.39;0.05;0.03;409.24;431.89;125.17;64.32;4.22;4.67;10.29;9.37;8.19
2008;8;17;1.64;1.7;2.4;2.4;1.92;1.94;0.05;0.05;408.08;430.93;124.64;63.53;2.58;2.93;8.05;7.27;5.83
2008;8;18;0;0;4;4;2.47;2.47;0.04;0;406.69;429.89;124.03;62.66;0;0;7.62;6.35;7.1
2008;8;19;1.18;1.17;6.9;6.9;3.22;3.21;0.6;0.57;404.49;427.9;123.31;61.68;0;0;13.37;11.15;10.67
2008;8;20;7.81;7.94;5.4;5.4;2.86;2.86;0.56;0.58;404.07;427.45;122.52;60.63;0;0;14.39;11.88;12.54
2008;8;21;0.62;0.65;7.1;7.1;3.26;3.25;1.16;1.2;401.18;424.74;121.72;59.58;0;0;15.47;12.79;12.65
2008;8;22;3.95;3.78;6.8;6.8;3.2;3.19;0.91;0.95;399.54;423.04;120.88;58.49;0;0;15.58;12.58;14.27
2008;8;23;7.1;7.07;2.4;2.4;1.94;1.94;0.23;0.24;399.4;422.81;120.04;57.41;0.32;0.36;9.45;7.54;11.67
2008;8;24;0;0;2.8;2.8;2.08;2.09;0.03;0;397.59;421.26;119.22;56.35;0;0;7.04;5.86;6.69
2008;8;25;1.96;1.85;4;4;2.47;2.47;0.44;0.42;395.9;419.66;118.36;55.25;0;0;10.04;8.45;8.52
2008;8;26;0.84;0.85;5.4;5.4;2.86;2.86;1;1.04;393.31;417.2;117.42;54.08;0;0;11.55;9.58;11.51
2008;8;27;0.5;0.5;5.7;5.7;2.93;2.93;1.05;1.09;390.59;414.62;116.43;52.85;0;0;12.2;9.89;12.14
2008;8;28;1.14;1.15;5.8;5.8;2.95;2.96;1.01;1.06;388.12;412.27;115.37;51.56;0;0;12.52;10.08;13.13
2008;8;29;0;0;6.7;6.7;3.17;3.17;1.16;1.22;385.16;409.45;114.28;50.24;0;0;13.34;10.71;13.53
2008;8;30;0.04;0.04;7.8;7.8;3.4;3.4;1.25;1.3;382.15;406.57;113.14;48.89;0;0;14.59;11.62;15.34
2008;8;31;2.91;2.98;6.9;6.9;3.21;3.21;0.97;1.01;380.39;404.87;112;47.53;0;0;14.63;11.57;16.32
2008;9;1;10.16;10.19;4.9;4.9;2.32;2.33;0.31;0.33;381.81;406.09;110.97;46.31;0;0;13.9;11.25;13.88
2008;9;2;0.76;0.8;4.9;4.9;2.33;2.33;0.76;0.79;379.54;403.96;110.1;45.27;0;0;12.92;10.58;14.29
2008;9;3;2.55;2.57;5;5;2.36;2.35;0.68;0.71;377.98;402.47;109.31;44.32;0;0;12.15;9.77;10.56
2008;9;4;1.82;1.88;5.1;5;2.37;2.35;0.72;0.75;376.15;400.75;108.55;43.4;0;0;11.99;9.5;13.2
2008;9;5;1.2;1.29;5.7;5.6;2.5;2.48;0.79;0.82;374.05;398.78;107.79;42.48;0;0;12.35;9.72;12.14
2008;9;6;2.72;2.82;5.9;5.8;2.54;2.52;0.72;0.75;372.57;397.4;107.03;41.59;0;0;12.84;10.05;12.78
2008;9;7;20.71;20.84;4.2;4.2;2.16;2.16;0;0;378.45;402.76;106.46;40.89;0;0;14.24;11.72;13.16
2008;9;8;0.16;0.16;3.4;3.4;1.95;1.95;0.35;0.35;376.41;400.9;106.16;40.49;0;0;9.41;7.4;9.56
2008;9;9;0;0;7.1;7.1;2.78;2.78;0.51;0.5;374.18;398.84;105.92;40.16;0;0;12.83;10.47;10.02
2008;9;10;9.9;9.96;7;7;2.76;2.76;0.38;0.4;375.65;400.14;105.68;39.82;0;0;15.17;12.23;13.12
2008;9;11;3.15;3.13;6;6;2.56;2.56;0.71;0.75;374.35;398.84;105.49;39.54;0;0;14.66;11.78;15.12
2008;9;12;7.46;7.54;4.6;4.7;2.27;2.28;0.43;0.45;374.89;399.3;105.36;39.33;0;0;13.07;10.59;13.11
2008;9;13;10.27;10.48;4;4;2.12;2.11;0.28;0.28;376.54;400.87;105.34;39.22;0;0;12.77;10.59;9.5
2008;9;14;15.39;15.44;0.4;0.4;0.66;0.7;0.02;0.02;375.37;399.91;105.39;39.21;13.66;13.54;7.67;6.28;5.39
2008;9;15;1.83;1.69;-3.8;-3.7;0;0;0;0;373.65;398.36;105.4;39.15;15.48;15.23;4.76;4.15;3.95
2008;9;16;0.21;0.19;-3.8;-3.7;0;0;0;0;373.65;398.36;103;36.63;15.69;15.42;3.45;2.98;3.7
2008;9;17;0;0;-1.4;-1.3;0;0;0;0;373.65;398.36;100.74;34.28;15.69;15.42;2.82;2.43;3.02
2008;9;18;1.3;1.29;-0.2;-0.1;0;0;0;0;373.65;398.36;98.61;32.08;16.99;16.71;2.58;2.23;2.46
2008;9;19;2.76;2.69;-1;-1;0;0;0;0;373.65;398.36;96.61;30.02;19.75;19.4;2.42;2.09;2.18
2008;9;20;0.07;0.06;-1.6;-1.6;0;0;0;0;373.65;398.36;94.73;28.09;19.81;19.46;2.28;1.95;1.98
2008;9;21;0.29;0.3;-3;-3;0;0;0;0;373.65;398.36;92.96;26.28;20.1;19.76;2.15;1.83;1.83
2008;9;22;0.61;0.62;-4;-4;0;0;0;0;373.65;398.36;91.29;24.6;20.71;20.38;2.02;1.71;1.7
2008;9;23;4.55;4.63;-4;-4;0;0;0;0;373.65;398.36;89.72;23.02;25.26;25.01;1.91;1.6;1.65
2008;9;24;0.46;0.44;-3.1;-3.1;0;0;0;0;373.65;398.36;88.23;21.54;25.72;25.45;1.8;1.5;1.61
2008;9;25;1.72;1.7;-3.9;-3.9;0;0;0;0;373.65;398.36;86.83;20.16;27.44;27.15;1.7;1.4;1.53
2008;9;26;0.21;0.19;-3.2;-3.1;0;0;0;0;373.65;398.36;85.52;18.86;27.65;27.34;1.6;1.31;1.48
2008;9;27;0;0;-2.4;-2.4;0;0;0;0;373.65;398.36;84.27;17.65;27.65;27.34;1.51;1.23;1.47
2008;9;28;0;0;-0.3;-0.3;0;0;0;0;373.65;398.36;83.09;16.52;27.65;27.34;1.43;1.15;1.42
2008;9;29;0.05;0.05;0.3;0.3;0.58;0.61;0.09;0.09;373.88;398.62;81.98;15.46;26.91;26.5;1.35;1.07;1.42
2008;9;30;1.17;1.18;-0.8;-0.8;0;0;0;0;373.88;398.62;80.93;14.47;28.08;27.68;1.28;1.01;1.37
2008;10;1;0.55;0.57;-0.1;-0.1;0;0;0;0;373.88;398.62;79.94;13.54;1.43;1.41;1.21;0.94;1.37
2008;10;2;4.72;4.73;-0.7;-0.7;0;0;0;0;373.88;398.62;79;12.67;6.16;6.14;1.15;0.88;1.36
2008;10;3;19.38;19.52;-5.8;-5.8;0;0;0;0;373.88;398.62;78.11;11.86;25.53;25.66;1.09;0.82;1.35
2008;10;4;1.64;1.49;-10.1;-10;0;0;0;0;373.88;398.62;77.26;11.1;27.17;27.15;1.03;0.77;1.32
2008;10;5;0.04;0.04;-7.7;-7.7;0;0;0;0;373.88;398.62;76.46;10.39;27.21;27.19;0.98;0.72;1.38
2008;10;6;0.19;0.16;-2.6;-2.5;0;0;0;0;373.88;398.62;75.7;9.72;27.4;27.35;0.93;0.68;1.38
2008;10;7;0.66;0.65;-0.2;-0.2;0;0;0;0;373.88;398.62;74.98;9.1;28.06;28;0.88;0.63;1.35
2008;10;8;0.58;0.6;-0.6;-0.6;0;0;0;0;373.88;398.62;74.29;8.52;28.64;28.6;0.84;0.59;1.34
2008;10;9;0.36;0.35;0.2;0.2;0.4;0.45;0.06;0.07;373.96;398.71;73.64;7.97;28.7;28.6;0.8;0.55;1.32
2008;10;10;0.01;0.01;1.3;1.3;1.09;1.09;0.14;0.13;375.69;400.27;73.02;7.46;23.81;23.71;1.02;0.78;1.32
2008;10;11;0;0;2.3;2.3;1.43;1.44;0.11;0.09;376.96;401.06;75.02;9.81;15.79;16.31;2.6;2.31;1.31
2008;10;12;0;0;2.1;2.1;1.38;1.38;0.09;0.08;377.38;401.01;76.84;11.93;10.23;11.5;3.58;3.16;1.28
2008;10;13;0;0;2.5;2.5;1.49;1.49;0.04;0.05;376.65;400.56;78.51;13.86;7.05;7.99;3.56;3.06;1.34
2008;10;14;0.72;0.75;1.2;1.2;1.04;1.05;0.03;0.03;375.42;399.53;80.01;15.57;6.22;7.05;3.14;2.65;1.45
2008;10;15;0.06;0.07;0.6;0.6;0.73;0.76;0.02;0.02;373.89;398.2;81.29;17.04;5.67;6.42;2.68;2.23;1.45
2008;10;16;5.06;4.97;-0.1;-0.1;0;0;0;0;372.18;396.65;82.35;18.24;10.73;11.39;2.36;1.93;1.36
2008;10;17;0.93;0.87;-2.6;-2.6;0;0;0;0;372.18;396.65;81.15;17.07;11.67;12.26;1.81;1.42;1.28
2008;10;18;0.01;0.01;0.1;0.1;0.32;0.32;0.05;0.05;372.26;396.73;80.01;15.98;11.39;11.97;1.47;1.14;1.17
2008;10;19;0;0;0.8;0.8;0.86;0.87;0.07;0.05;371.87;395.94;80.97;17.25;8.86;9.68;1.76;1.46;1.18
2008;10;20;0;0;0.8;0.8;0.86;0.87;0.02;0.03;370.75;394.84;81.88;18.28;7.36;8.33;2.35;2.03;1.16
2008;10;21;0;0;0.1;0.1;0.28;0.32;0.01;0.01;369.08;393.35;82.63;19.12;7.25;8.2;2.39;2.02;1.16
2008;10;22;1.97;1.99;1;1;0.95;0.96;0.03;0.03;368.09;392.46;83.23;19.8;7.33;8.3;2.55;2.15;1.15
2008;10;23;1.04;1.08;0;0;0.04;0;0.01;0;366.44;390.94;83.72;20.35;8.31;9.38;2.54;2.13;1.17
2008;10;24;0.11;0.1;0.5;0.5;0.68;0.69;0.02;0.02;365.09;389.74;84.09;20.77;7.56;8.56;2.49;2.08;1.18
2008;10;25;0.08;0.08;0.8;0.8;0.86;0.87;0.02;0.03;363.68;388.51;84.38;21.09;6.89;7.81;2.55;2.15;1.18
2008;10;26;0;0;0.9;0.9;0.91;0.92;0.04;0.03;362.31;387.34;84.59;21.34;6.04;6.84;2.73;2.17;1.13
2008;10;27;1.9;1.95;0.3;0.3;0.55;0.54;0.04;0.03;361.08;386.18;84.75;21.51;6.89;7.79;2.8;2.25;1.04
2008;10;28;9.86;10.05;-1.8;-1.8;0;0;0;0;361.08;386.18;83.36;20.13;16.74;17.84;2.14;1.74;1
2008;10;29;37.99;38.39;-2.1;-2.1;0;0;0;0;361.08;386.18;82.05;18.84;54.73;56.23;1.68;1.35;1.24
2008;10;30;14.87;15.1;-7.1;-7.1;0;0;0;0;361.08;386.18;80.81;17.63;69.6;71.33;1.52;1.23;1.17
2008;10;31;5.96;6.18;-6.7;-6.7;0;0;0;0;361.08;386.18;79.65;16.49;75.56;77.51;1.43;1.15;1.11
2008;11;1;0.8;0.83;-1.5;-1.5;0;0;0;0;361.08;386.18;78.54;15.43;76.36;78.34;1.35;1.07;1.14
2008;11;2;0.19;0.2;-2.5;-2.5;0;0;0;0;361.08;386.18;77.5;14.44;76.55;78.54;1.28;1;1.08
2008;11;3;14.74;14.96;-2.2;-2.2;0;0;0;0;361.08;386.18;76.52;13.52;91.29;93.5;1.21;0.94;1.09
2008;11;4;17.81;18.16;-1.9;-1.9;0;0;0;0;361.08;386.18;75.59;12.65;109.1;111.66;1.14;0.88;1.36
2008;11;5;3.9;4.01;-2.9;-2.9;0;0;0;0;361.08;386.18;74.7;11.84;113;115.67;1.08;0.82;1.68
2008;11;6;0.16;0.16;-5;-5;0;0;0;0;361.08;386.18;73.87;11.08;113.16;115.83;1.03;0.77;1.3
2008;11;7;0.04;0.04;-5.4;-5.4;0;0;0;0;361.08;386.18;73.08;10.37;113.2;115.87;0.97;0.72;1.22
2008;11;8;0.18;0.18;-7.3;-7.3;0;0;0;0;361.08;386.18;72.33;9.7;113.38;116.05;0.92;0.67;1.15
2008;11;9;0.07;0.08;-7.8;-7.8;0;0;0;0;361.08;386.18;71.61;9.08;113.45;116.13;0.88;0.63;1.09
2008;11;10;0;0;-7.2;-7.3;0;0;0;0;361.08;386.18;70.94;8.5;113.45;116.13;0.83;0.59;1.05
2008;11;11;0.1;0.11;-6.7;-6.7;0;0;0;0;361.08;386.18;70.29;7.95;113.56;116.24;0.79;0.55;1.01
2008;11;12;13.29;13.49;-5.3;-5.3;0;0;0;0;361.08;386.18;69.68;7.44;126.85;129.73;0.75;0.52;0.99
2008;11;13;8.14;8.13;-6.4;-6.4;0;0;0;0;361.08;386.18;69.1;6.96;134.99;137.86;0.72;0.48;0.98
2008;11;14;0.01;0.01;-7.7;-7.7;0;0;0;0;361.08;386.18;68.54;6.52;135;137.87;0.68;0.45;0.95
2008;11;15;0.01;0.01;-9.8;-9.8;0;0;0;0;361.08;386.18;68.02;6.1;135.01;137.88;0.65;0.42;0.94
2008;11;16;0.22;0.21;-8.2;-8.3;0;0;0;0;361.08;386.18;67.51;5.71;135.24;138.09;0.62;0.4;0.93
2008;11;17;1.76;1.67;-10.8;-10.8;0;0;0;0;361.08;386.18;67.03;5.34;136.99;139.76;0.59;0.37;0.92
2008;11;18;0.37;0.37;-14.1;-14.1;0;0;0;0;361.08;386.18;66.56;5;137.36;140.13;0.57;0.35;0.91
2008;11;19;0.1;0.1;-12.4;-12.4;0;0;0;0;361.08;386.18;66.12;4.68;137.46;140.23;0.54;0.33;0.9
2008;11;20;0.04;0.04;-10.7;-10.7;0;0;0;0;361.08;386.18;65.7;4.38;137.5;140.27;0.52;0.3;0.89
2008;11;21;19.83;19.55;-11;-11;0;0;0;0;361.08;386.18;65.3;4.1;157.34;159.82;0.5;0.29;0.88
2008;11;22;15.18;15.05;-18.4;-18.4;0;0;0;0;361.08;386.18;64.91;3.84;172.51;174.87;0.48;0.27;0.86
2008;11;23;2.71;2.67;-20.4;-20.4;0;0;0;0;361.08;386.18;64.53;3.6;175.22;177.54;0.46;0.25;0.85
2008;11;24;4.41;4.39;-16.4;-16.4;0;0;0;0;361.08;386.18;64.17;3.37;179.63;181.93;0.44;0.23;0.84
2008;11;25;0.28;0.26;-17.7;-17.7;0;0;0;0;361.08;386.18;63.83;3.15;179.91;182.19;0.42;0.22;0.83
2008;11;26;0.03;0.03;-18.5;-18.6;0;0;0;0;361.08;386.18;63.49;2.95;179.94;182.22;0.41;0.21;0.82
2008;11;27;0;0;-17.1;-17.1;0;0;0;0;361.08;386.18;63.17;2.76;179.94;182.22;0.39;0.19;0.81
2008;11;28;8.86;9.06;-12.8;-12.8;0;0;0;0;361.08;386.18;62.86;2.59;188.8;191.28;0.38;0.18;0.8
2008;11;29;4.6;4.72;-10.8;-10.8;0;0;0;0;361.08;386.18;62.56;2.42;193.4;196;0.37;0.17;0.79
2008;11;30;10.16;10.41;-11.4;-11.3;0;0;0;0;361.08;386.18;62.27;2.27;203.56;206.41;0.35;0.16;0.77
2008;12;1;24.52;24.88;-11.6;-11.6;0;0;0;0;361.08;386.18;61.99;2.12;228.08;231.29;0.34;0.15;0.76
2008;12;2;0.72;0.76;-15.5;-15.5;0;0;0;0;361.08;386.18;61.71;1.99;228.8;232.05;0.33;0.14;0.76
2008;12;3;0.1;0.11;-18.3;-18.3;0;0;0;0;361.08;386.18;61.45;1.86;228.9;232.16;0.32;0.13;0.75
2008;12;4;0.37;0.37;-15.6;-15.6;0;0;0;0;361.08;386.18;61.19;1.75;229.27;232.53;0.31;0.12;0.74
2008;12;5;3.26;3.16;-13.3;-13.3;0;0;0;0;361.08;386.18;60.94;1.63;232.53;235.69;0.3;0.11;0.74
2008;12;6;2.67;2.51;-17.6;-17.6;0;0;0;0;361.08;386.18;60.7;1.53;235.2;238.2;0.3;0.11;0.73
2008;12;7;1.08;1.02;-17.2;-17.2;0;0;0;0;361.08;386.18;60.46;1.43;236.28;239.22;0.29;0.1;0.72
2008;12;8;0;0;-17.1;-17.1;0;0;0;0;361.08;386.18;60.23;1.34;236.28;239.22;0.28;0.09;0.71
2008;12;9;0.09;0.09;-14.3;-14.3;0;0;0;0;361.08;386.18;60;1.26;236.37;239.31;0.27;0.09;0.71
2008;12;10;10.18;10.42;-12.7;-12.7;0;0;0;0;361.08;386.18;59.78;1.18;246.54;249.73;0.27;0.08;0.7
2008;12;11;13.15;13.34;-8.6;-8.6;0;0;0;0;361.08;386.18;59.57;1.11;259.7;263.07;0.26;0.08;0.69
2008;12;12;6.71;6.79;-10.6;-10.6;0;0;0;0;361.08;386.18;59.35;1.04;266.41;269.86;0.25;0.07;0.68
2008;12;13;1.77;1.85;-10.9;-10.8;0;0;0;0;361.08;386.18;59.15;0.97;268.19;271.71;0.25;0.07;0.68
2008;12;14;3.25;3.37;-10.7;-10.7;0;0;0;0;361.08;386.18;58.95;0.91;271.44;275.08;0.24;0.06;0.67
2008;12;15;1.5;1.55;-8.3;-8.3;0;0;0;0;361.08;386.18;58.75;0.85;272.94;276.63;0.24;0.06;0.66
2008;12;16;2.05;2.11;-8;-8;0;0;0;0;361.08;386.18;58.55;0.8;274.99;278.74;0.23;0.06;0.65
2008;12;17;0.54;0.53;-11.2;-11.2;0;0;0;0;361.08;386.18;58.36;0.75;275.53;279.27;0.23;0.05;0.65
2008;12;18;3.34;3.22;-12.3;-12.3;0;0;0;0;361.08;386.18;58.17;0.7;278.87;282.49;0.23;0.05;0.64
2008;12;19;4.66;4.53;-12.1;-12.1;0;0;0;0;361.08;386.18;57.98;0.66;283.52;287.02;0.22;0.05;0.63
2008;12;20;14.69;14.44;-9.8;-9.8;0;0;0;0;361.08;386.18;57.8;0.62;298.21;301.46;0.22;0.04;0.63
2008;12;21;9.98;9.72;-7;-7;0;0;0;0;361.08;386.18;57.62;0.58;308.19;311.18;0.21;0.04;0.62
2008;12;22;1.18;1.14;-9.1;-9.1;0;0;0;0;361.08;386.18;57.44;0.55;309.37;312.32;0.21;0.04;0.61
2008;12;23;0.12;0.11;-8;-8;0;0;0;0;361.08;386.18;57.27;0.51;309.49;312.43;0.21;0.04;0.6
2008;12;24;0.01;0.01;-11.7;-11.7;0;0;0;0;361.08;386.18;57.09;0.48;309.5;312.44;0.2;0.03;0.6
2008;12;25;1.06;1.03;-13.8;-13.8;0;0;0;0;361.08;386.18;56.92;0.45;310.56;313.47;0.2;0.03;0.59
2008;12;26;1.04;1.07;-16.5;-16.5;0;0;0;0;361.08;386.18;56.76;0.43;311.6;314.54;0.2;0.03;0.58
2008;12;27;0;0;-18.5;-18.5;0;0;0;0;361.08;386.18;56.59;0.4;311.6;314.54;0.2;0.03;0.58
2008;12;28;0.19;0.2;-20.3;-20.3;0;0;0;0;361.08;386.18;56.42;0.38;311.79;314.74;0.19;0.03;0.58
2008;12;29;0.07;0.07;-19.5;-19.5;0;0;0;0;361.08;386.18;56.26;0.35;311.86;314.81;0.19;0.02;0.57
2008;12;30;0;0;-17.4;-17.4;0;0;0;0;361.08;386.18;56.1;0.33;311.86;314.81;0.19;0.02;0.57
2008;12;31;0.4;0.41;-17;-16.9;0;0;0;0;361.08;386.18;55.94;0.31;312.26;315.22;0.19;0.02;0.57
2009;1;1;4.07;3.99;-14.8;-14.8;0;0;0;0;361.08;386.18;55.78;0.3;316.34;319.21;0.19;0.02;0.56
2009;1;2;0;0;-18.8;-18.8;0;0;0;0;361.08;386.18;55.62;0.28;316.34;319.21;0.18;0.02;0.56
2009;1;3;0;0;-21.1;-21.1;0;0;0;0;361.08;386.18;55.47;0.26;316.34;319.21;0.18;0.02;0.56
2009;1;4;0.02;0.02;-20;-20;0;0;0;0;361.08;386.18;55.31;0.25;316.36;319.23;0.18;0.02;0.55
2009;1;5;0.32;0.33;-20.8;-20.8;0;0;0;0;361.08;386.18;55.16;0.23;316.68;319.56;0.18;0.02;0.55
2009;1;6;1.05;1.08;-18.5;-18.5;0;0;0;0;361.08;386.18;55.01;0.22;317.73;320.64;0.18;0.02;0.55
2009;1;7;0.08;0.08;-18.5;-18.5;0;0;0;0;361.08;386.18;54.85;0.21;317.81;320.72;0.18;0.01;0.54
2009;1;8;0;0;-20;-20;0;0;0;0;361.08;386.18;54.7;0.2;317.81;320.72;0.18;0.01;0.54
2009;1;9;0;0;-19;-19;0;0;0;0;361.08;386.18;54.56;0.18;317.81;320.72;0.17;0.01;0.54
2009;1;10;0;0;-15.3;-15.3;0;0;0;0;361.08;386.18;54.41;0.18;317.81;320.72;0.17;0.01;0.53
2009;1;11;0;0;-15.5;-15.5;0;0;0;0;361.08;386.18;54.26;0.16;317.81;320.72;0.17;0.01;0.53
2009;1;12;0;0;-14.7;-14.7;0;0;0;0;361.08;386.18;54.11;0.16;317.81;320.72;0.17;0.01;0.53
2009;1;13;0;0;-17;-17;0;0;0;0;361.08;386.18;53.97;0.15;317.81;320.72;0.17;0.01;0.52
2009;1;14;4.45;4.44;-12;-12;0;0;0;0;361.08;386.18;53.82;0.14;322.25;325.16;0.17;0.01;0.52
2009;1;15;0.85;0.86;-11.2;-11.2;0;0;0;0;361.08;386.18;53.68;0.13;323.11;326.02;0.17;0.01;0.52
2009;1;16;0;0;-12.2;-12.2;0;0;0;0;361.08;386.18;53.54;0.13;323.11;326.02;0.17;0.01;0.51
2009;1;17;0;0;-11.7;-11.7;0;0;0;0;361.08;386.18;53.39;0.12;323.11;326.02;0.17;0.01;0.51
2009;1;18;3.81;3.76;-13.6;-13.6;0;0;0;0;361.08;386.18;53.25;0.11;326.91;329.78;0.16;0.01;0.5
2009;1;19;1.39;1.43;-13.5;-13.5;0;0;0;0;361.08;386.18;53.11;0.11;328.3;331.21;0.16;0.01;0.5
2009;1;20;14.97;15.2;-9.3;-9.3;0;0;0;0;361.08;386.18;52.97;0.1;343.27;346.41;0.16;0.01;0.5
2009;1;21;2.07;2.02;-10.3;-10.3;0;0;0;0;361.08;386.18;52.83;0.1;345.34;348.43;0.16;0.01;0.5
2009;1;22;0.18;0.17;-13.4;-13.4;0;0;0;0;361.08;386.18;52.69;0.09;345.53;348.6;0.16;0.01;0.49
2009;1;23;8.13;8.07;-16.3;-16.3;0;0;0;0;361.08;386.18;52.55;0.09;353.66;356.67;0.16;0.01;0.49
2009;1;24;0.75;0.75;-16.3;-16.3;0;0;0;0;361.08;386.18;52.42;0.09;354.41;357.42;0.16;0.01;0.49
2009;1;25;0.37;0.35;-12.8;-12.8;0;0;0;0;361.08;386.18;52.28;0.08;354.78;357.77;0.16;0.01;0.48
2009;1;26;0.34;0.35;-15.2;-15.2;0;0;0;0;361.08;386.18;52.14;0.08;355.12;358.12;0.16;0.01;0.48
2009;1;27;1.4;1.37;-13.6;-13.6;0;0;0;0;361.08;386.18;52.01;0.08;356.51;359.49;0.16;0.01;0.47
2009;1;28;0.62;0.61;-13.1;-13.1;0;0;0;0;361.08;386.18;51.87;0.07;357.13;360.1;0.16;0;0.47
2009;1;29;0.03;0.03;-13.9;-13.9;0;0;0;0;361.08;386.18;51.74;0.07;357.16;360.13;0.16;0;0.47
2009;1;30;0;0;-16.1;-16.1;0;0;0;0;361.08;386.18;51.6;0.07;357.16;360.13;0.16;0;0.46
2009;1;31;0.04;0.05;-19.3;-19.3;0;0;0;0;361.08;386.18;51.47;0.06;357.21;360.18;0.16;0;0.46
2009;2;1;0.95;1.02;-19.6;-19.5;0;0;0;0;361.08;386.18;51.33;0.06;358.16;361.2;0.15;0;0.46
2009;2;2;5.76;5.92;-11.8;-11.8;0;0;0;0;361.08;386.18;51.2;0.06;363.92;367.12;0.15;0;0.45
2009;2;3;0.9;0.93;-9.2;-9.2;0;0;0;0;361.08;386.18;51.07;0.06;364.81;368.05;0.15;0;0.45
2009;2;4;0.16;0.17;-12.5;-12.5;0;0;0;0;361.08;386.18;50.94;0.06;364.97;368.22;0.15;0;0.45
2009;2;5;1.8;1.89;-11.6;-11.5;0;0;0;0;361.08;386.18;50.8;0.05;366.77;370.11;0.15;0;0.44
2009;2;6;13.9;14.22;-9.4;-9.4;0;0;0;0;361.08;386.18;50.67;0.05;380.67;384.33;0.15;0;0.44
2009;2;7;11.43;11.63;-9.7;-9.7;0;0;0;0;361.08;386.18;50.54;0.05;392.1;395.96;0.15;0;0.44
2009;2;8;5.42;5.22;-12;-12;0;0;0;0;361.08;386.18;50.41;0.05;397.52;401.18;0.15;0;0.43
2009;2;9;1.58;1.56;-14.6;-14.6;0;0;0;0;361.08;386.18;50.28;0.05;399.1;402.74;0.15;0;0.43
2009;2;10;2.41;2.37;-11.5;-11.5;0;0;0;0;361.08;386.18;50.15;0.05;401.51;405.11;0.15;0;0.43
2009;2;11;3.98;3.8;-17.1;-17.1;0;0;0;0;361.08;386.18;50.02;0.04;405.49;408.91;0.15;0;0.42
2009;2;12;2.34;2.24;-19.8;-19.8;0;0;0;0;361.08;386.18;49.89;0.04;407.83;411.15;0.15;0;0.42
2009;2;13;1.73;1.66;-22.2;-22.2;0;0;0;0;361.08;386.18;49.76;0.04;409.56;412.81;0.15;0;0.42
2009;2;14;1.19;1.11;-21.7;-21.7;0;0;0;0;361.08;386.18;49.63;0.04;410.75;413.92;0.15;0;0.41
2009;2;15;0.06;0.06;-20.5;-20.5;0;0;0;0;361.08;386.18;49.51;0.04;410.81;413.98;0.15;0;0.41
2009;2;16;0.67;0.64;-17.6;-17.6;0;0;0;0;361.08;386.18;49.38;0.04;411.48;414.62;0.15;0;0.41
2009;2;17;15.95;15.72;-16.2;-16.2;0;0;0;0;361.08;386.18;49.25;0.04;427.44;430.34;0.15;0;0.4
2009;2;18;0.01;0.01;-18.3;-18.3;0;0;0;0;361.08;386.18;49.13;0.04;427.44;430.35;0.15;0;0.4
2009;2;19;0;0;-18.8;-18.8;0;0;0;0;361.08;386.18;49;0.04;427.44;430.35;0.15;0;0.4
2009;2;20;1.83;1.75;-17.7;-17.7;0;0;0;0;361.08;386.18;48.87;0.04;429.27;432.1;0.15;0;0.39
2009;2;21;1.21;1.14;-14.4;-14.4;0;0;0;0;361.08;386.18;48.75;0.04;430.49;433.24;0.14;0;0.39
2009;2;22;4.11;4.01;-11.3;-11.3;0;0;0;0;361.08;386.18;48.62;0.04;434.6;437.25;0.14;0;0.38
2009;2;23;4.38;4.2;-12.8;-12.8;0;0;0;0;361.08;386.18;48.5;0.04;438.98;441.45;0.14;0;0.38
2009;2;24;4.61;4.44;-14.2;-14.2;0;0;0;0;361.08;386.18;48.37;0.04;443.59;445.89;0.14;0;0.38
2009;2;25;0;0;-13.3;-13.3;0;0;0;0;361.08;386.18;48.25;0.04;443.59;445.89;0.14;0;0.37
2009;2;26;2.28;2.22;-11.4;-11.4;0;0;0;0;361.08;386.18;48.13;0.03;445.87;448.11;0.14;0;0.37
2009;2;27;1.88;1.8;-10.1;-10.1;0;0;0;0;361.08;386.18;48;0.03;447.75;449.91;0.14;0;0.37
2009;2;28;0.03;0.03;-7.3;-7.3;0;0;0;0;361.08;386.18;47.88;0.03;447.78;449.94;0.14;0;0.36
2009;3;1;0.53;0.54;-7.7;-7.7;0;0;0;0;361.08;386.18;47.76;0.03;448.31;450.48;0.14;0;0.39
2009;3;2;6.06;5.93;-7.3;-7.3;0;0;0;0;361.08;386.18;47.63;0.03;454.37;456.41;0.14;0;0.37
2009;3;3;4.9;4.95;-8.3;-8.3;0;0;0;0;361.08;386.18;47.51;0.03;459.27;461.36;0.14;0;0.37
2009;3;4;5.74;5.94;-9.2;-9.2;0;0;0;0;361.08;386.18;47.39;0.03;465.01;467.3;0.14;0;0.37
2009;3;5;11.35;11.44;-8.4;-8.4;0;0;0;0;361.08;386.18;47.27;0.03;476.36;478.74;0.14;0;0.37
2009;3;6;2.31;2.23;-9.7;-9.7;0;0;0;0;361.08;386.18;47.15;0.03;478.67;480.97;0.14;0;0.35
2009;3;7;1.78;1.68;-12.1;-12.1;0;0;0;0;361.08;386.18;47.03;0.03;480.45;482.65;0.14;0;0.35
2009;3;8;0.8;0.77;-9.7;-9.7;0;0;0;0;361.08;386.18;46.91;0.03;481.25;483.42;0.14;0;0.36
2009;3;9;5.99;5.89;-14.6;-14.6;0;0;0;0;361.08;386.18;46.79;0.03;487.24;489.31;0.14;0;0.35
2009;3;10;4.59;4.47;-13.8;-13.8;0;0;0;0;361.08;386.18;46.67;0.03;491.83;493.78;0.14;0;0.35
2009;3;11;11.18;11.09;-13.9;-13.9;0;0;0;0;361.08;386.18;46.55;0.03;503.01;504.87;0.14;0;0.35
2009;3;12;6.63;6.51;-12.7;-12.7;0;0;0;0;361.08;386.18;46.43;0.03;509.63;511.38;0.14;0;0.35
2009;3;13;1.67;1.62;-8.3;-8.3;0;0;0;0;361.08;386.18;46.31;0.03;511.3;513;0.14;0;0.35
2009;3;14;0;0;-8;-8;0;0;0;0;361.08;386.18;46.19;0.03;511.3;513;0.14;0;0.34
2009;3;15;3.4;3.27;-9;-9;0;0;0;0;361.08;386.18;46.07;0.03;514.71;516.27;0.14;0;0.37
2009;3;16;0.04;0.04;-7.4;-7.4;0;0;0;0;361.08;386.18;45.95;0.03;514.75;516.31;0.14;0;0.4
2009;3;17;0.07;0.07;-7.5;-7.5;0;0;0;0;361.08;386.18;45.84;0.03;514.82;516.38;0.14;0;0.4
2009;3;18;0.04;0.04;-10.1;-10.1;0;0;0;0;361.08;386.18;45.72;0.03;514.86;516.42;0.14;0;0.39
2009;3;19;3.09;2.99;-13.8;-13.8;0;0;0;0;361.08;386.18;45.6;0.03;517.95;519.41;0.13;0;0.39
2009;3;20;0.62;0.59;-16.9;-16.9;0;0;0;0;361.08;386.18;45.48;0.03;518.57;520;0.13;0;0.37
2009;3;21;0;0;-17;-17;0;0;0;0;361.08;386.18;45.37;0.03;518.57;520;0.13;0;0.36
2009;3;22;0.03;0.03;-13.7;-13.7;0;0;0;0;361.08;386.18;45.25;0.03;518.6;520.03;0.13;0;0.38
2009;3;23;2.1;2.04;-10.1;-10.1;0;0;0;0;361.08;386.18;45.14;0.03;520.7;522.07;0.13;0;0.37
2009;3;24;11.77;11.5;-13.7;-13.7;0;0;0;0;361.08;386.18;45.02;0.03;532.48;533.57;0.13;0;0.38
2009;3;25;7.84;7.72;-13;-13;0;0;0;0;361.08;386.18;44.91;0.03;540.32;541.29;0.13;0;0.38
2009;3;26;8.71;8.61;-11.5;-11.5;0;0;0;0;361.08;386.18;44.79;0.03;549.03;549.9;0.13;0;0.37
2009;3;27;3.06;3.04;-7.9;-7.9;0;0;0;0;361.08;386.18;44.67;0.03;552.08;552.94;0.13;0;0.38
2009;3;28;4.67;4.87;-6.6;-6.6;0;0;0;0;361.08;386.18;44.56;0.03;556.75;557.81;0.13;0;0.4
2009;3;29;16.58;16.67;-5.4;-5.4;0;0;0;0;361.08;386.18;44.45;0.03;573.33;574.48;0.13;0;0.39
2009;3;30;3.26;3.25;-4.3;-4.3;0;0;0;0;361.08;386.18;44.33;0.03;576.59;577.73;0.13;0;0.4
2009;3;31;0.79;0.81;-3.6;-3.6;0;0;0;0;361.08;386.18;44.22;0.03;577.38;578.54;0.13;0;0.41
2009;4;1;0.6;0.61;-2.7;-2.7;0;0;0;0;361.08;386.18;44.11;0.03;577.98;579.15;0.13;0;0.51
2009;4;2;1.93;1.98;-3.8;-3.8;0;0;0;0;361.08;386.18;43.99;0.03;579.91;581.13;0.13;0;0.65
2009;4;3;0.03;0.03;-3.7;-3.7;0;0;0;0;361.08;386.18;43.88;0.03;579.94;581.16;0.13;0;0.71
2009;4;4;0.81;0.69;-3.6;-3.6;0;0;0;0;361.08;386.18;43.77;0.03;580.74;581.85;0.13;0;0.75
2009;4;5;0.14;0.14;-3.6;-3.6;0;0;0;0;361.08;386.18;43.66;0.03;580.89;581.99;0.13;0;0.72
2009;4;6;0;0;-3.6;-3.6;0;0;0;0;361.08;386.18;43.55;0.03;580.89;581.99;0.13;0;0.8
2009;4;7;0;0;-3.7;-3.7;0;0;0;0;361.08;386.18;43.43;0.03;580.89;581.99;0.13;0;0.92
2009;4;8;0;0;-3.2;-3.2;0;0;0;0;361.08;386.18;43.32;0.03;580.89;581.99;0.13;0;0.97
2009;4;9;0;0;-2.5;-2.5;0;0;0;0;361.08;386.18;43.21;0.03;580.89;581.99;0.13;0;1.04
2009;4;10;0.01;0.01;-2.7;-2.7;0;0;0;0;361.08;386.18;43.1;0.03;580.9;582;0.13;0;1.11
2009;4;11;0;0;-3.6;-3.6;0;0;0;0;361.08;386.18;42.99;0.03;580.9;582;0.13;0;1.07
2009;4;12;0;0;-2.5;-2.5;0;0;0;0;361.08;386.18;42.88;0.03;580.9;582;0.13;0;1.07
2009;4;13;0.51;0.5;-3.2;-3.2;0;0;0;0;361.08;386.18;42.77;0.03;581.41;582.5;0.13;0;1.12
2009;4;14;0.04;0.04;-2.9;-2.9;0;0;0;0;361.08;386.18;42.66;0.03;581.44;582.53;0.13;0;1.15
2009;4;15;0.03;0.03;-2.8;-2.8;0;0;0;0;361.08;386.18;42.55;0.03;581.47;582.57;0.13;0;1.19
2009;4;16;6.67;6.87;-3.5;-3.5;0;0;0;0;361.08;386.18;42.44;0.03;588.14;589.43;0.13;0;1.15
2009;4;17;2.66;2.58;-5.9;-5.9;0;0;0;0;361.08;386.18;42.34;0.03;590.8;592.01;0.13;0;1.08
2009;4;18;0.71;0.74;-5.8;-5.8;0;0;0;0;361.08;386.18;42.23;0.03;591.51;592.75;0.12;0;1
2009;4;19;0.81;0.83;-4.2;-4.2;0;0;0;0;361.08;386.18;42.12;0.03;592.32;593.59;0.12;0;0.97
2009;4;20;0.18;0.18;-3.2;-3.2;0;0;0;0;361.08;386.18;42.01;0.03;592.5;593.76;0.12;0;1.01
2009;4;21;2.65;2.64;-2.7;-2.7;0;0;0;0;361.08;386.18;41.9;0.03;595.16;596.4;0.12;0;1.04
2009;4;22;1;0.96;-2.6;-2.6;0;0;0;0;361.08;386.18;41.8;0.03;596.15;597.36;0.12;0;1.15
2009;4;23;5.52;5.47;-7;-7;0;0;0;0;361.08;386.18;41.69;0.03;601.67;602.83;0.12;0;1.12
2009;4;24;0.08;0.08;-7.2;-7.2;0;0;0;0;361.08;386.18;41.58;0.03;601.75;602.91;0.12;0;1.01
2009;4;25;0.04;0.04;-3.6;-3.6;0;0;0;0;361.08;386.18;41.48;0.03;601.79;602.95;0.12;0;1.01
2009;4;26;2.64;2.74;-3.2;-3.2;0;0;0;0;361.08;386.18;41.37;0.03;604.43;605.69;0.12;0;1.01
2009;4;27;14.52;14.88;-2.6;-2.6;0;0;0;0;361.08;386.18;41.26;0.03;618.95;620.57;0.12;0;1.04
2009;4;28;8.59;8.63;-2.8;-2.8;0;0;0;0;361.08;386.18;41.16;0.03;627.53;629.2;0.12;0;1.11
2009;4;29;19.61;19.56;-5.4;-5.4;0;0;0;0;361.08;386.18;41.05;0.03;647.14;648.76;0.12;0;1.07
2009;4;30;2.15;2.04;-5.6;-5.6;0;0;0;0;361.08;386.18;40.95;0.03;649.29;650.8;0.12;0;0.97
2009;5;1;0.9;0.81;-3.7;-3.7;0;0;0;0;361.08;386.18;40.84;0.03;650.19;651.61;0.12;0;0.96
2009;5;2;3.32;3.23;-3.3;-3.3;0;0;0;0;361.08;386.18;40.74;0.03;653.51;654.84;0.12;0;1.07
2009;5;3;0.14;0.14;-2.8;-2.8;0;0;0;0;361.08;386.18;40.63;0.03;653.65;654.98;0.12;0;1.14
2009;5;4;6.47;6.35;-4.6;-4.6;0;0;0;0;361.08;386.18;40.53;0.03;660.12;661.33;0.12;0;1.16
2009;5;5;0.34;0.32;-4.9;-4.9;0;0;0;0;361.08;386.18;40.43;0.03;660.46;661.65;0.12;0;1.11
2009;5;6;1.59;1.55;-2.5;-2.5;0;0;0;0;361.08;386.18;40.32;0.03;662.06;663.2;0.12;0;1.17
2009;5;7;0;0;0;0;0;0;0;0;361.08;386.18;40.22;0.03;662.06;663.2;0.12;0;1.41
2009;5;8;0.9;0.94;0.3;0.3;0.73;0.76;0.11;0.11;361.08;386.18;40.12;0.03;662.85;664.03;0.12;0;1.6
2009;5;9;0.5;0.52;0.4;0.4;0.88;0.88;0.14;0.13;361.08;386.18;40.02;0.03;663.22;664.42;0.12;0;1.93
2009;5;10;0.56;0.56;0.5;0.5;0.99;0.98;0.15;0.14;361.21;386.33;39.91;0.03;663.27;664.44;0.12;0;2.33
2009;5;11;1.59;1.62;0.6;0.6;1.06;1.06;0.15;0.15;361.41;386.55;39.81;0.03;664.18;665.31;0.12;0;2.62
2009;5;12;6.51;6.61;0.7;0.7;1.12;1.15;0.11;0.11;360.05;385.37;41.22;1.74;669.8;670.93;0.26;0.14;2.76
2009;5;13;5.21;5.23;0.6;0.6;1.06;1.06;0.12;0.11;358.81;384.31;42.45;3.22;673.85;674.87;0.84;0.69;2.96
2009;5;14;0.58;0.61;0.4;0.4;0.87;0.88;0.13;0.13;357.44;383.11;43.55;4.55;673.6;674.56;1.17;0.98;3
2009;5;15;2.44;2.49;0;0;0.08;0;0.01;0;355.83;381.62;44.54;5.74;676.03;677.05;1.18;0.96;2.29
2009;5;16;1.48;1.38;0.3;0.3;0.75;0.76;0.11;0.11;354.43;380.37;45.44;6.8;676.87;677.73;1.24;1;2.21
2009;5;17;0.16;0.15;1.7;1.7;1.76;1.75;0.28;0.27;354.28;380.53;46.27;7.78;673.01;673.37;1.86;1.62;2.49
2009;5;18;5.91;5.85;1.1;1.1;1.41;1.42;0.14;0.14;353.82;380.34;47.09;8.73;675.83;675.74;2.36;2.11;3.17
2009;5;19;0.72;0.71;1.3;1.3;1.53;1.54;0.23;0.23;353.56;380.36;47.93;9.69;672.89;672.34;2.56;2.3;4.45
2009;5;20;1;1.03;2;2;1.9;1.89;0.28;0.27;354.59;381.42;48.78;10.66;667.3;666.53;3.09;2.82;4.99
2009;5;21;1.29;1.36;3.8;3.8;2.56;2.57;0.37;0.36;360.25;386.24;49.78;11.77;651.33;651.08;5.02;4.68;5.29
2009;5;22;2.26;2.3;3.2;3.2;2.36;2.37;0.32;0.31;364.8;389.98;51.03;13.14;638.43;638.81;6.56;6.11;6.03
2009;5;23;0.07;0.06;2.9;2.9;2.26;2.26;0.29;0.28;367.33;391.66;52.52;14.74;628.22;629.62;6.32;5.76;6.82
2009;5;24;0.3;0.3;3.4;3.4;2.44;2.44;0.31;0.29;370.59;393.82;54.14;16.44;616.31;619.09;6.03;5.4;10.72
2009;5;25;1.06;1.06;3.5;3.5;2.48;2.47;0.3;0.28;374.36;396.43;55.85;18.21;603.48;607.79;6.48;5.75;10.55
2009;5;26;8.98;8.91;4.3;4.3;2.72;2.73;0.16;0.16;383.56;404.34;57.81;20.2;583.01;588.28;9.48;8.62;9.57
2009;5;27;5.88;5.77;-0.5;-0.5;0;0;0;0;381.75;402.77;59.98;22.39;588.89;594.05;8.13;7.21;8.25
2009;5;28;1.25;1.17;-0.5;-0.5;0;0;0;0;379.96;401.2;62.02;24.39;590.14;595.22;4.61;3.83;6.09
2009;5;29;0.93;0.87;-2;-2;0;0;0;0;378.58;399.64;63.34;26.01;591.07;596.09;3.2;2.62;4.91
2009;5;30;0.34;0.35;-0.9;-0.9;0;0;0;0;378.58;399.64;61.76;24.34;591.41;596.44;2.4;1.96;4.34
2009;5;31;7.07;7.12;-2;-2;0;0;0;0;378.58;399.64;60.28;22.77;598.48;603.56;1.96;1.61;4.15
2009;6;1;1.87;1.88;-0.7;-0.7;0;0;0;0;378.58;399.64;58.88;21.31;600.35;605.44;1.79;1.48;3.7
2009;6;2;1.8;1.73;0;0;0;0;0;0;378.58;399.64;57.57;19.94;602.14;607.17;1.68;1.39;3.67
2009;6;3;0.55;0.48;0.6;0.6;1.06;1.08;0.13;0.13;378.72;399.8;56.34;18.66;602.14;607.04;1.58;1.3;3.27
2009;6;4;0.73;0.68;-0.3;-0.3;0;0;0;0;378.72;399.8;55.18;17.47;602.87;607.73;1.49;1.21;3.22
2009;6;5;4.28;4.41;1.2;1.2;1.5;1.5;0.15;0.14;377.42;398.78;57.15;19.48;605.53;610.34;1.67;1.39;3.65
2009;6;6;18.91;19.17;1.1;1.1;1.46;1.44;0;0;377.17;398.72;58.73;21.08;620.07;624.95;2.84;2.53;5.46
2009;6;7;9.26;9.24;0.1;0.1;0.4;0.46;0.03;0.03;375.45;397.22;60.05;22.41;629.17;634.01;3.06;2.7;4.17
2009;6;8;3.49;3.57;0.8;0.8;1.24;1.24;0.13;0.12;374.6;396.49;61.14;23.48;630.05;635;3.05;2.66;3.29
2009;6;9;7.78;7.88;1.5;1.5;1.69;1.67;0.12;0.11;375.27;397;62.07;24.39;631.27;636.62;3.89;3.46;2.77
2009;6;10;4;3.95;1.8;1.8;1.82;1.83;0.18;0.17;376.21;397.89;62.96;25.24;627.71;633.09;4.85;4.36;2.99
2009;6;11;3.93;4.02;1.1;1.1;1.42;1.44;0.14;0.14;375.98;397.8;63.84;26.06;627.2;632.56;4.91;4.4;3.24
2009;6;12;0.77;0.72;0.3;0.3;0.78;0.78;0.1;0.09;374.63;396.6;64.65;26.81;626.78;632.13;4.11;3.61;3.32
2009;6;13;0.22;0.21;3.7;3.7;2.57;2.58;0.33;0.31;378.74;400.16;65.44;27.53;610.92;616.74;5.65;5.13;3.76
2009;6;14;0.34;0.38;6.7;6.8;3.43;3.45;0.35;0.31;387.3;407.57;66.52;28.54;582.16;588.97;9.87;9.16;5.3
2009;6;15;9.16;9.23;6.8;6.8;3.45;3.45;0.16;0.14;397.55;416.01;68.22;30.2;555.41;564.26;14.18;13.15;9.93
2009;6;16;10.63;10.71;5.1;5.2;3.01;3.03;0.12;0.1;405.11;422.55;70.69;32.61;534.49;544.43;16.51;15.16;24.31
2009;6;17;0.78;0.81;5.4;5.4;3.09;3.09;0.31;0.27;409.82;426.2;73.74;35.57;511.62;523.35;16.07;14.52;17.15
2009;6;18;0.07;0.08;7.7;7.8;3.66;3.68;0.38;0.34;416.57;431.71;77.19;38.88;478.54;492.17;16.94;15.23;14.44
2009;6;19;20.81;20.87;6;6.1;3.26;3.27;0;0;426.05;439.9;81.18;42.68;451.38;466.52;21.87;19.88;18.26
2009;6;20;5.91;5.89;0.2;0.2;0.56;0.64;0.04;0.05;424.11;438.37;85.49;46.74;456.4;471.4;17.87;15.83;18
2009;6;21;1.72;1.64;-1.6;-1.5;0;0;0;0;422.02;436.66;89.34;50.27;458.11;473.04;10.19;8.57;9.4
2009;6;22;7.96;7.73;-2.8;-2.8;0;0;0;0;419.95;434.97;92.32;52.87;466.07;480.77;6.85;5.68;6.59
2009;6;23;10.69;10.29;-1.3;-1.3;0;0;0;0;419.95;434.97;89.2;49.47;476.76;491.06;5.32;4.42;5.36
2009;6;24;2.66;2.58;1.9;1.9;1.86;1.87;0.16;0.15;418.7;434.19;91.61;51.5;475.26;488.96;5.61;4.87;5.13
2009;6;25;5.5;5.57;4;4.1;2.68;2.71;0.14;0.11;421.02;436.28;93.52;53.03;461.69;475.83;9.21;8.43;6.34
2009;6;26;7.28;7.37;3.4;3.5;2.49;2.51;0.11;0.09;422.39;437.22;95.31;54.46;454.19;469.6;11.69;10.66;8.18
2009;6;27;6.78;6.73;3.8;3.8;2.6;2.61;0.12;0.1;424.07;438.26;97.11;55.88;444.85;462;12.32;11.02;9.6
2009;6;28;1.19;1.18;5.4;5.4;3.08;3.09;0.22;0.18;425.67;439.05;98.93;57.27;430.23;449.78;12.58;11.05;12.59
2009;6;29;3.83;3.85;5.6;5.6;3.14;3.14;0.19;0.15;428.03;440.53;100.81;58.66;414.11;436.27;13.53;11.77;16.86
2009;6;30;2.93;3.03;5.7;5.7;3.17;3.17;0.2;0.16;430.23;441.93;102.8;60.09;396.97;421.89;14.65;12.67;18.95
2009;7;1;4.45;4.48;5.5;5.5;3.14;3.14;0.18;0.14;432.55;443.49;104.95;61.62;379.9;407.49;15.59;13.42;19.96
2009;7;2;3.5;3.59;5.6;5.6;3.17;3.17;0.19;0.15;434.64;444.89;107.27;63.23;362.05;392.44;16.29;13.96;19.3
2009;7;3;6.91;6.92;5.7;5.7;3.19;3.19;0.14;0.12;437.3;446.85;109.78;64.96;343.54;376.73;17.52;15.03;19.11
2009;7;4;5.35;5.34;5.6;5.6;3.16;3.17;0.16;0.13;439.21;448.38;112.49;66.84;325.86;361.07;18.43;15.81;21.83
2009;7;5;5.87;5.81;5.8;5.8;3.21;3.22;0.14;0.13;441;449.98;115.37;68.84;308.09;344.63;18.94;16.31;22.16
2009;7;6;7.25;7.22;5.5;5.5;3.13;3.14;0.11;0.11;442.45;451.55;118.38;70.94;292.13;328.85;19.49;16.97;25.2
2009;7;7;15.07;15.15;3.3;3.3;2.46;2.46;0.02;0.02;443.15;452.39;121.44;73.09;288.2;325.27;19.01;16.68;19.53
2009;7;8;1.85;1.83;0.8;0.8;1.24;1.25;0.06;0.07;441.21;450.88;124.22;74.98;288.07;325.18;14.82;12.79;10.44
2009;7;9;2.76;2.77;0.9;0.9;1.3;1.32;0.06;0.07;439.37;449.46;126.39;76.26;288.38;325.54;10.79;9.14;7.43
2009;7;10;3.05;2.93;0.7;0.7;1.18;1.17;0.07;0.06;437.52;448;127.85;76.85;289.25;326.48;9.09;7.73;6.96
2009;7;11;2.14;2.18;0.8;0.8;1.25;1.25;0.06;0.07;435.67;446.56;128.68;76.84;289.3;326.62;8.37;7.18;6.25
2009;7;12;1.2;1.18;3.7;3.7;2.59;2.6;0.14;0.15;434.87;446.18;129.08;76.43;282.17;319.06;9.28;8.18;6.24
2009;7;13;0.71;0.76;7.7;7.7;3.69;3.69;0.19;0.22;435.34;447.3;129.34;75.96;266.45;301.68;12.23;11.17;12.52
2009;7;14;3.31;3.26;9.1;9.1;3.99;3.99;0.16;0.1;435.27;447.87;129.72;75.69;256.08;289.93;15.08;12.76;20.08
2009;7;15;10.38;10.27;8.4;8.4;3.84;3.84;0.1;0.05;436.3;449.32;130.29;75.71;246.65;279.25;17.98;14.31;24.38
2009;7;16;2.4;2.33;7.8;7.8;3.71;3.71;0.23;0.1;435.73;449.4;131.05;75.97;237.68;269.1;17.85;14.04;24.52
2009;7;17;14.1;14.04;7;7;3.53;3.52;0.04;0.02;437.19;451.12;131.97;76.45;229.28;259.59;18.76;15.03;28.45
2009;7;18;28.03;28.08;-1;-1;0;0;0;0;435.04;449.37;132.89;76.97;257.31;287.67;14.93;12.5;17.51
2009;7;19;0.15;0.15;-0.2;-0.2;0;0;0;0;432.89;447.62;133.47;77.13;257.45;287.82;9.28;8.2;10.5
2009;7;20;0.67;0.69;3.4;3.5;2.51;2.53;0.18;0.15;433.1;447.75;133.67;76.89;245.33;276.18;9.77;8.85;9.29
2009;7;21;5.88;5.95;6.1;6.1;3.3;3.3;0.06;0.06;433.87;448.45;133.81;76.6;235.07;266.14;12.61;11.56;10.9
2009;7;22;1.18;1.24;8.6;8.6;3.89;3.89;0.18;0.11;433.2;448.43;134.05;76.41;225.98;255.85;14.52;12.05;16.64
2009;7;23;3.37;3.31;8.9;8.8;3.95;3.93;0.22;0.1;433.01;448.84;134.37;76.33;216.21;244.79;16.21;12.32;29.57
2009;7;24;16.74;16.59;7.6;7.6;3.66;3.66;0;0;435.21;451.07;134.89;76.49;207.31;234.72;19.13;15.24;30.96
2009;7;25;0.18;0.17;2.6;2.6;2.2;2.19;0.11;0.07;433.47;449.8;135.59;76.86;204.38;231.4;16.12;13.7;22.07
2009;7;26;0;0;5.5;5.5;3.13;3.14;0.15;0.1;432.22;449.1;136.15;77.1;197.93;224.1;12.35;10.38;12.97
2009;7;27;2.74;2.83;8.7;8.7;3.91;3.91;0.23;0.1;431.97;449.51;136.53;77.16;187.5;212.28;14.26;11.08;16.73
2009;7;28;3.67;3.47;6.1;6.1;3.29;3.3;0.16;0.08;431.57;449.5;136.85;77.19;180.03;203.83;15.45;12.08;20.73
2009;7;29;0.04;0.04;8.7;8.7;3.91;3.91;0.27;0.12;430.89;449.52;137.15;77.22;169.3;191.68;15.45;11.99;19.27
2009;7;30;5.71;5.75;7.6;7.6;3.66;3.66;0.16;0.07;431.12;450.19;137.48;77.31;159.76;180.87;16.56;12.91;21.13
2009;7;31;9.25;9.32;7;7;3.52;3.52;0.11;0.05;431.89;451.23;137.94;77.56;150.85;170.79;17.9;14.42;19.33
2009;8;1;1.56;1.64;8.2;8.2;3.49;3.49;0.22;0.1;431.38;451.35;138.54;77.97;140.46;159.03;17.85;14.22;22.42
2009;8;2;8.69;8.59;7;7;3.24;3.23;0.1;0.05;432.07;452.21;139.23;78.49;131.47;148.84;18.14;14.47;22.46
2009;8;3;19.18;18.91;4.2;4.2;2.53;2.53;0;0;434.16;453.88;140.1;79.22;125.97;142.63;19.77;16.65;16.01
2009;8;4;2.49;2.41;3.3;3.3;2.27;2.26;0.13;0.06;432.92;452.97;141.1;80.07;122.25;138.41;17.26;14.75;11.39
2009;8;5;0;0;7.4;7.4;3.32;3.32;0.22;0.1;431.93;452.58;141.95;80.74;113.11;128.06;14.99;12.12;15
2009;8;6;0.1;0.1;8.3;8.3;3.51;3.51;0.23;0.11;431.14;452.41;142.57;81.17;102.74;116.32;15.53;11.98;16.88
2009;8;7;0.38;0.39;7.8;7.8;3.4;3.4;0.21;0.1;430.35;452.2;143;81.42;92.92;105.2;15.83;12.2;19.86
2009;8;8;11.68;11.74;6.3;6.3;3.07;3.07;0.06;0.03;431.43;453.29;143.41;81.66;84.83;96.04;17.44;14.1;18.03
2009;8;9;8.4;8.49;6.3;6.3;3.08;3.07;0.1;0.05;431.81;453.86;143.94;82.04;76.73;86.88;18.62;15.45;19.46
2009;8;10;9.27;9.36;5.7;5.7;2.93;2.93;0.09;0.04;432.24;454.4;144.62;82.58;69.37;78.54;18.67;15.61;20.01
2009;8;11;0.68;0.66;5.4;5.4;2.86;2.86;0.17;0.08;431.09;453.71;145.29;83.12;62.45;70.7;16.67;13.81;20.33
2009;8;12;0.03;0.03;6.3;6.3;3.07;3.07;0.19;0.09;430;453.14;145.78;83.46;54.37;61.55;14.84;11.99;19.11
2009;8;13;0.21;0.21;6.2;6.2;3.04;3.05;0.19;0.09;428.96;452.59;146.03;83.54;46.4;52.53;14.29;11.4;19.33
2009;8;14;0.12;0.11;6.4;6.4;3.09;3.1;0.19;0.09;427.96;452.09;146.06;83.42;38.17;43.22;14.13;11.25;24.98
2009;8;15;0.84;0.9;7.9;7.9;3.43;3.43;0.2;0.1;427.36;452.02;145.97;83.16;28;31.7;14.92;11.72;20.13
2009;8;16;0.41;0.44;8.2;8.2;3.49;3.49;0.21;0.1;426.75;451.95;145.84;82.87;17.45;19.76;15.86;12.32;20.67
2009;8;17;1.96;2.05;7.7;7.7;3.38;3.38;0.18;0.09;426.35;452.01;145.71;82.6;7.52;8.52;16.26;12.71;20.59
2009;8;18;0.7;0.68;8.1;8.1;3.46;3.47;0.11;0;425.44;451.52;145.57;82.34;0;0;15.65;12.13;26.49
2009;8;19;0.1;0.11;9.3;9.3;3.7;3.7;0.74;0.71;422.74;449.07;145.27;81.91;0;0;21.56;17.81;22.62
2009;8;20;0.13;0.14;10.1;10.1;3.85;3.85;1.41;1.47;419.4;445.88;144.64;81.11;0;0;22.12;17.99;22.45
2009;8;21;6.87;7.04;8.4;8.4;3.52;3.53;0.77;0.79;418.07;444.49;143.73;80;0;0;21.28;17.25;23.11
2009;8;22;9.76;9.95;5.8;5.8;2.95;2.96;0.45;0.46;417.71;443.95;142.75;78.81;0;0;19.61;16.28;20.77
2009;8;23;0.05;0.06;7.5;7.5;3.34;3.34;1.23;1.28;414.56;440.95;141.74;77.6;0;0;19.22;16.1;19.99
2009;8;24;0.37;0.38;8.7;8.7;3.59;3.59;1.29;1.34;411.44;437.96;140.59;76.22;0;0;19.31;15.77;21.48
2009;8;25;4.82;4.82;7.8;7.8;3.4;3.4;0.89;0.93;409.8;436.24;139.28;74.67;0;0;19.12;15.49;20.6
2009;8;26;5.26;5.41;6.8;6.8;3.19;3.19;0.8;0.83;408.34;434.78;137.93;73.07;0;0;18.53;15.18;15.8
2009;8;27;0.7;0.73;6.9;6.9;3.21;3.21;1.13;1.18;405.5;432.06;136.56;71.45;0;0;17.58;14.41;19.77
2009;8;28;1.05;1.02;8.1;8.1;3.46;3.47;1.19;1.25;402.72;429.34;135.13;69.76;0;0;17.87;14.56;22.43
2009;8;29;6.79;6.5;3.4;3.4;2.29;2.29;0.27;0.27;402.52;428.84;133.66;68.04;0;0;10.73;7.99;17.06
2009;8;30;0;0;4.3;4.3;2.56;2.56;0.51;0.49;400.17;426.68;132.21;66.33;0;0;12.54;10.44;14.49
2009;8;31;0;0;6.7;6.7;3.17;3.17;1.16;1.22;397.18;423.81;130.72;64.59;0;0;14.24;11.73;16.57
2009;9;1;0.64;0.61;8;8;2.94;2.94;0.97;1.01;394.59;421.29;129.16;62.78;0;0;15.89;12.77;19.52
2009;9;2;10.07;10.36;7;7;2.76;2.76;0.37;0.38;395.28;421.86;127.66;61.03;0;0;17.15;13.9;19.58
2009;9;3;3.01;3.18;6.8;6.8;2.72;2.72;0.76;0.79;393.53;420.22;126.31;59.45;0;0;17.14;14.02;17.35
2009;9;4;18.56;18.38;4.1;4.1;2.14;2.14;0;0;397.31;423.23;125.21;58.16;0;0;16.35;13.66;20.15
2009;9;5;0.03;0.03;-0.8;-0.8;0;0;0;0;395.49;421.59;124.38;57.15;0.03;0.03;10.3;8.76;7.8
2009;9;6;0;0;-0.4;-0.4;0;0;0;0;393.68;419.95;123.59;56.19;0.03;0.03;6.27;5.59;6.39
2009;9;7;0;0;2.7;2.7;1.74;1.75;0;0;391.89;418.33;122.7;55.11;0;0;5.12;4.58;6.14
2009;9;8;0;0;3.6;3.6;2;2.01;0.34;0.36;389.76;416.34;121.68;53.9;0;0;8.5;7.42;7.07
2009;9;9;0;0;3.1;3.1;1.87;1.87;0.64;0.67;387.35;414.05;120.57;52.6;0;0;9.02;7.44;6.82
2009;9;10;3.56;3.63;2.9;2.9;1.81;1.81;0.26;0.25;386.43;413.19;119.41;51.26;0;0;6.61;5.06;7.09
2009;9;11;1.98;2.03;2.4;2.4;1.65;1.66;0.02;0;385.28;412.14;118.28;49.95;0;0;5.97;4.94;6.01
2009;9;12;4.8;4.78;2.1;2.1;1.55;1.55;0.03;0.03;385.05;411.83;117.22;48.71;0.14;0.16;5.69;5.14;5.23
2009;9;13;5.29;5.23;1.1;1.1;1.14;1.14;0.06;0.05;384.46;411.12;116.23;47.57;2.01;2.18;5.72;5.21;5.02
2009;9;14;8.42;8.38;-1.9;-1.9;0;0;0;0;382.71;409.53;115.29;46.48;10.43;10.56;5.03;4.52;3.88
2009;9;15;0.07;0.07;0.1;0.1;0.36;0.36;0.06;0.06;381.04;408;114.34;45.38;10.25;10.36;4.38;3.89;3.38
2009;9;16;4.71;4.76;2.4;2.4;1.67;1.66;0.06;0.07;382.51;408.83;113.42;44.32;6.04;6.84;5.42;4.92;5.14
2009;9;17;3.07;3.1;3.3;3.3;1.92;1.93;0.06;0.05;382.56;409.05;112.66;43.43;3.3;3.74;6.74;5.76;5.27
2009;9;18;0.49;0.49;4.4;4.4;2.22;2.21;0.05;0;381.9;408.69;112.05;42.7;0;0;7.17;5.55;6.16
2009;9;19;1.63;1.66;3.8;3.8;2.06;2.06;0.04;0;380.65;407.59;111.5;42.05;0;0;6.59;4.81;5.74
2009;9;20;0.42;0.42;4;4;2.11;2.11;0.37;0.37;378.7;405.76;110.94;41.39;0;0;8.68;6.94;6.12
2009;9;21;0.02;0.02;4.3;4.3;2.19;2.19;0.74;0.78;376.26;403.41;110.32;40.67;0;0;9.04;7.25;6.64
2009;9;22;0;0;4.3;4.3;2.19;2.19;0.74;0.78;373.82;401.06;109.63;39.88;0;0;9.04;7.2;7.32
2009;9;23;0.06;0.06;4.8;4.8;2.3;2.31;0.78;0.82;371.38;398.7;108.89;39.04;0;0;9.5;7.56;7.89
2009;9;24;0.17;0.16;5;5;2.35;2.35;0.79;0.83;368.99;396.37;108.1;38.15;0;0;9.91;7.85;8.2
2009;9;25;7.26;7.32;4;4;2.11;2.11;0.4;0.43;369.64;396.85;107.35;37.31;0;0;10.26;8.25;7.09
2009;9;26;3.9;3.82;2.7;2.7;1.75;1.75;0.23;0.24;369.23;396.33;106.72;36.6;0;0;6.59;5.36;6.79
2009;9;27;1.32;1.28;2.3;2.3;1.61;1.62;0;0;368.07;395.22;106.17;35.98;0;0;4.68;4.13;6.47
2009;9;28;0.2;0.22;2.3;2.3;1.62;1.62;0;0;366.49;393.76;105.64;35.39;0;0;3.88;3.42;6.2
2009;9;29;0;0;3;3;1.84;1.84;0.31;0.33;364.54;391.9;105.08;34.76;0;0;6.12;5.22;5.93
2009;9;30;0.17;0.17;3.6;3.6;2;2.01;0.35;0.36;362.62;390.08;104.48;34.09;0;0;4.61;3.2;7.21
2009;10;1;0.69;0.73;2.3;2.3;1.43;1.44;0.01;0;361.24;388.82;103.85;33.4;0;0;3.92;2.95;6.51
2009;10;2;0.49;0.45;-0.1;-0.1;0;0;0;0;359.62;387.31;103.21;32.7;0.49;0.45;3.28;2.82;5.47
2009;10;3;0.01;0.01;0.7;0.7;0.81;0.81;0;0;358.24;385.98;102.56;32;0;0;3.14;2.74;5.49
2009;10;4;0;0;1.5;1.5;1.16;1.17;0.18;0.2;356.46;384.28;101.91;31.29;0;0;4.36;3.75;5.41
2009;10;5;0.03;0.03;2.4;2.4;1.47;1.47;0.23;0.24;354.65;382.56;101.26;30.58;0;0;3.37;2.77;5.69
2009;10;6;0.35;0.36;4.4;4.4;1.96;1.96;0.3;0.32;352.92;380.89;100.6;29.89;0;0;6.47;5.43;7.04
2009;10;7;0.1;0.11;5.2;5.2;2.12;2.12;0.66;0.7;350.74;378.75;99.96;29.2;0;0;8.57;6.75;9.69
2009;10;8;3.57;3.62;3.5;3.5;1.75;1.75;0.23;0.23;350.48;378.47;99.36;28.56;0;0;5.35;3.56;8.32
2009;10;9;3.57;3.49;2.8;2.8;1.58;1.58;0.01;0;350.48;378.37;98.83;28.02;0;0;4.46;3.43;5.27
2009;10;10;2.83;2.84;0.7;0.7;0.81;0.81;0.02;0.02;349.81;377.63;98.4;27.56;0.83;0.94;3.73;3.26;4.06
2009;10;11;0.62;0.57;-0.7;-0.7;0;0;0;0;348.26;376.17;98;27.16;1.45;1.51;3.18;2.77;2.43
2009;10;12;21.26;20.89;-6.2;-6.1;0;0;0;0;348.26;376.17;96.27;25.41;22.71;22.4;2.42;2.05;2.16
2009;10;13;6.81;6.59;-10.3;-10.2;0;0;0;0;348.26;376.17;94.64;23.78;29.52;28.99;2.01;1.68;2
2009;10;14;3.06;2.98;-13.1;-13;0;0;0;0;348.26;376.17;93.1;22.25;32.59;31.97;1.85;1.55;2.01
2009;10;15;0.26;0.25;-13;-13;0;0;0;0;348.26;376.17;91.65;20.82;32.85;32.22;1.74;1.45;1.69
2009;10;16;3.81;3.7;-10.8;-10.8;0;0;0;0;348.26;376.17;90.28;19.48;36.66;35.92;1.65;1.35;1.58
2009;10;17;4.66;4.46;-11.3;-11.3;0;0;0;0;348.26;376.17;88.99;18.23;41.32;40.38;1.56;1.27;1.63
2009;10;18;0.84;0.78;-11.4;-11.4;0;0;0;0;348.26;376.17;87.77;17.06;42.16;41.16;1.47;1.19;1.7
2009;10;19;0.01;0.01;-11.1;-11.1;0;0;0;0;348.26;376.17;86.61;15.96;42.17;41.17;1.39;1.11;1.48
2009;10;20;0;0;-10.9;-10.8;0;0;0;0;348.26;376.17;85.52;14.94;42.17;41.17;1.32;1.04;1.17
2009;10;21;1.23;1.27;-6.1;-6;0;0;0;0;348.26;376.17;84.49;13.98;43.4;42.44;1.25;0.97;1.05
2009;10;22;8.69;8.88;-2.7;-2.7;0;0;0;0;348.26;376.17;83.51;13.08;52.08;51.32;1.18;0.91;1.43
2009;10;23;7.4;7.29;-4.7;-4.7;0;0;0;0;348.26;376.17;82.59;12.24;59.48;58.61;1.12;0.85;1.04
2009;10;24;0.38;0.35;-3;-3;0;0;0;0;348.26;376.17;81.71;11.46;59.86;58.96;1.06;0.8;1.03
2009;10;25;0;0;-3.2;-3.2;0;0;0;0;348.26;376.17;80.88;10.72;59.86;58.96;1.01;0.75;1.02
2009;10;26;0.19;0.19;-2.2;-2.2;0;0;0;0;348.26;376.17;80.08;10.03;60.05;59.15;0.95;0.7;1.01
2009;10;27;0.04;0.04;-2.8;-2.8;0;0;0;0;348.26;376.17;79.33;9.39;60.09;59.19;0.91;0.65;1.01
2009;10;28;0;0;-2.1;-2;0;0;0;0;348.26;376.17;78.62;8.79;60.09;59.19;0.86;0.61;1
2009;10;29;0;0;-2.5;-2.4;0;0;0;0;348.26;376.17;77.94;8.22;60.09;59.19;0.82;0.57;1
2009;10;30;0;0;-6.3;-6.2;0;0;0;0;348.26;376.17;77.29;7.7;60.09;59.19;0.78;0.54;0.99
2009;10;31;0;0;-6.1;-6.1;0;0;0;0;348.26;376.17;76.68;7.2;60.09;59.19;0.74;0.5;0.99
2009;11;1;0;0;-3.6;-3.6;0;0;0;0;348.26;376.17;76.09;6.74;60.09;59.19;0.71;0.47;0.98
2009;11;2;19.12;18.98;-4.4;-4.4;0;0;0;0;348.26;376.17;75.53;6.31;79.21;78.17;0.68;0.44;0.98
2009;11;3;3.08;3.05;-9.8;-9.8;0;0;0;0;348.26;376.17;74.99;5.9;82.29;81.22;0.65;0.41;0.97
2009;11;4;9.83;9.77;-9;-9;0;0;0;0;348.26;376.17;74.48;5.53;92.12;90.99;0.62;0.38;0.97
2009;11;5;0.2;0.21;-13.4;-13.4;0;0;0;0;348.26;376.17;73.99;5.17;92.32;91.2;0.59;0.36;0.96
2009;11;6;2.22;2.22;-9.6;-9.6;0;0;0;0;348.26;376.17;73.52;4.84;94.54;93.42;0.57;0.34;0.96
2009;11;7;0.45;0.47;-10;-10;0;0;0;0;348.26;376.17;73.07;4.53;94.99;93.89;0.54;0.32;0.95
2009;11;8;6.36;6.39;-8.5;-8.5;0;0;0;0;348.26;376.17;72.64;4.24;101.34;100.28;0.52;0.29;0.95
2009;11;9;1.32;1.32;-8.8;-8.8;0;0;0;0;348.26;376.17;72.22;3.97;102.66;101.6;0.5;0.28;0.94
2009;11;10;0.67;0.64;-10.7;-10.7;0;0;0;0;348.26;376.17;71.82;3.72;103.33;102.24;0.48;0.26;0.94
2009;11;11;0.09;0.08;-10.9;-10.9;0;0;0;0;348.26;376.17;71.44;3.48;103.42;102.32;0.46;0.24;0.93
2009;11;12;0.5;0.48;-12.5;-12.5;0;0;0;0;348.26;376.17;71.06;3.26;103.92;102.8;0.45;0.23;0.93
2009;11;13;0.02;0.02;-5.6;-5.6;0;0;0;0;348.26;376.17;70.71;3.05;103.94;102.82;0.43;0.21;0.92
2009;11;14;0.17;0.19;-3.9;-3.9;0;0;0;0;348.26;376.17;70.36;2.85;104.11;103.01;0.42;0.2;0.92
2009;11;15;0.55;0.56;-6.9;-6.9;0;0;0;0;348.26;376.17;70.03;2.67;104.66;103.57;0.4;0.19;0.91
2009;11;16;0.91;0.89;-3.1;-3.1;0;0;0;0;348.26;376.17;69.7;2.5;105.57;104.46;0.39;0.17;0.9
2009;11;17;0.01;0.01;-4.9;-4.9;0;0;0;0;348.26;376.17;69.39;2.34;105.58;104.47;0.38;0.16;0.9
2009;11;18;1.92;1.86;-6.8;-6.8;0;0;0;0;348.26;376.17;69.08;2.19;107.5;106.33;0.36;0.15;0.89
2009;11;19;0.01;0.01;-8.4;-8.3;0;0;0;0;348.26;376.17;68.79;2.05;107.51;106.34;0.35;0.14;0.89
2009;11;20;0;0;-4.4;-4.3;0;0;0;0;348.26;376.17;68.5;1.92;107.51;106.34;0.34;0.13;0.88
2009;11;21;0;0;-4.7;-4.7;0;0;0;0;348.26;376.17;68.22;1.8;107.51;106.34;0.33;0.13;0.88
2009;11;22;0.14;0.12;-5;-5;0;0;0;0;348.26;376.17;67.95;1.69;107.65;106.46;0.32;0.12;0.87
2009;11;23;0.65;0.63;-7.6;-7.6;0;0;0;0;348.26;376.17;67.69;1.58;108.29;107.09;0.32;0.11;0.87
2009;11;24;3.67;3.55;-6;-6;0;0;0;0;348.26;376.17;67.43;1.48;111.96;110.64;0.31;0.1;0.86
2009;11;25;0;0;-7.8;-7.7;0;0;0;0;348.26;376.17;67.18;1.39;111.96;110.64;0.3;0.1;0.86
2009;11;26;0.68;0.73;-8.4;-8.3;0;0;0;0;348.26;376.17;66.93;1.3;112.64;111.37;0.29;0.09;0.85
2009;11;27;1;1.09;-7.4;-7.3;0;0;0;0;348.26;376.17;66.69;1.22;113.65;112.46;0.29;0.08;0.85
2009;11;28;0.56;0.56;-10.3;-10.2;0;0;0;0;348.26;376.17;66.45;1.14;114.21;113.02;0.28;0.08;0.84
2009;11;29;6.58;6.78;-9.4;-9.3;0;0;0;0;348.26;376.17;66.22;1.07;120.78;119.8;0.27;0.07;0.83
2009;11;30;56.55;57.19;-7;-7;0;0;0;0;348.26;376.17;66;1;177.33;176.99;0.27;0.07;0.83
2009;12;1;5.15;5.04;-10.5;-10.5;0;0;0;0;348.26;376.17;65.78;0.94;182.48;182.03;0.26;0.07;0.82
2009;12;2;0;0;-14.6;-14.6;0;0;0;0;348.26;376.17;65.56;0.88;182.48;182.03;0.26;0.06;0.82
2009;12;3;0.09;0.09;-15;-15;0;0;0;0;348.26;376.17;65.34;0.82;182.57;182.12;0.25;0.06;0.81
2009;12;4;7.8;7.76;-11.7;-11.7;0;0;0;0;348.26;376.17;65.13;0.77;190.37;189.88;0.25;0.05;0.81
2009;12;5;0.01;0.01;-12.2;-12.2;0;0;0;0;348.26;376.17;64.92;0.72;190.38;189.89;0.24;0.05;0.8
2009;12;6;0.31;0.3;-9.7;-9.7;0;0;0;0;348.26;376.17;64.72;0.68;190.69;190.19;0.24;0.05;0.8
2009;12;7;1.95;1.96;-7.2;-7.2;0;0;0;0;348.26;376.17;64.52;0.64;192.64;192.15;0.24;0.04;0.79
2009;12;8;9.14;9.04;-10.5;-10.5;0;0;0;0;348.26;376.17;64.32;0.6;201.78;201.19;0.23;0.04;0.79
2009;12;9;0.47;0.45;-12.3;-12.3;0;0;0;0;348.26;376.17;64.12;0.56;202.25;201.64;0.23;0.04;0.78
2009;12;10;2.59;2.41;-11.3;-11.3;0;0;0;0;348.26;376.17;63.93;0.53;204.83;204.05;0.23;0.04;0.78
2009;12;11;5.24;5.03;-13.4;-13.4;0;0;0;0;348.26;376.17;63.74;0.5;210.07;209.08;0.22;0.03;0.77
2009;12;12;0.97;0.93;-14.2;-14.2;0;0;0;0;348.26;376.17;63.55;0.46;211.04;210.01;0.22;0.03;0.77
2009;12;13;0.33;0.34;-17.5;-17.5;0;0;0;0;348.26;376.17;63.37;0.44;211.37;210.35;0.22;0.03;0.76
2009;12;14;0.06;0.06;-20.4;-20.4;0;0;0;0;348.26;376.17;63.18;0.41;211.43;210.41;0.22;0.03;0.76
2009;12;15;0;0;-21;-21.1;0;0;0;0;348.26;376.17;63;0.38;211.43;210.41;0.21;0.03;0.75
2009;12;16;0;0;-24.8;-25;0;0;0;0;348.26;376.17;62.82;0.36;211.43;210.41;0.21;0.03;0.75
2009;12;17;0.11;0.1;-27.3;-27.5;0;0;0;0;348.26;376.17;62.64;0.34;211.53;210.51;0.21;0.02;0.74
2009;12;18;0.06;0.06;-26.5;-26.6;0;0;0;0;348.26;376.17;62.46;0.32;211.59;210.57;0.21;0.02;0.74
2009;12;19;0.46;0.43;-25.4;-25.4;0;0;0;0;348.26;376.17;62.28;0.3;212.04;211;0.2;0.02;0.73
2009;12;20;0.66;0.63;-26;-26.1;0;0;0;0;348.26;376.17;62.11;0.28;212.7;211.63;0.2;0.02;0.72
2009;12;21;2.08;2.11;-19.4;-19.4;0;0;0;0;348.26;376.17;61.94;0.27;214.77;213.74;0.2;0.02;0.72
2009;12;22;6.96;7.13;-10.7;-10.7;0;0;0;0;348.26;376.17;61.77;0.25;221.73;220.87;0.2;0.02;0.71
2009;12;23;10.65;10.74;-7.5;-7.5;0;0;0;0;348.26;376.17;61.59;0.24;232.38;231.61;0.2;0.02;0.71
2009;12;24;12.82;13.16;-6.7;-6.6;0;0;0;0;348.26;376.17;61.43;0.22;245.21;244.77;0.2;0.02;0.7
2009;12;25;17.41;17.51;-8.5;-8.5;0;0;0;0;348.26;376.17;61.26;0.21;262.62;262.28;0.19;0.01;0.7
2009;12;26;0;0;-17;-17;0;0;0;0;348.26;376.17;61.09;0.2;262.62;262.28;0.19;0.01;0.69
2009;12;27;0.42;0.37;-17;-17.1;0;0;0;0;348.26;376.17;60.92;0.19;263.04;262.65;0.19;0.01;0.69
2009;12;28;0.2;0.2;-19.8;-19.9;0;0;0;0;348.26;376.17;60.76;0.18;263.25;262.85;0.19;0.01;0.68
2009;12;29;0.67;0.65;-13.2;-13.3;0;0;0;0;348.26;376.17;60.6;0.17;263.92;263.5;0.19;0.01;0.68
2009;12;30;5.54;5.38;-11.6;-11.6;0;0;0;0;348.26;376.17;60.43;0.16;269.46;268.88;0.19;0.01;0.67
2009;12;31;3.7;3.71;-12.1;-12.1;0;0;0;0;348.26;376.17;60.27;0.15;273.16;272.59;0.19;0.01;0.67
2010;1;1;3.26;3.15;-13.4;-13.4;0;0;0;0;348.26;376.17;60.11;0.14;276.42;275.74;0.19;0.01;0.66
2010;1;2;1.65;1.56;-18.6;-18.6;0;0;0;0;348.26;376.17;59.95;0.13;278.07;277.3;0.19;0.01;0.66
2010;1;3;0;0;-25.6;-25.6;0;0;0;0;348.26;376.17;59.79;0.13;278.07;277.3;0.18;0.01;0.65
2010;1;4;0.39;0.39;-23.1;-23.1;0;0;0;0;348.26;376.17;59.63;0.12;278.46;277.69;0.18;0.01;0.65
2010;1;5;0.03;0.03;-23.4;-23.5;0;0;0;0;348.26;376.17;59.48;0.11;278.49;277.72;0.18;0.01;0.64
2010;1;6;0.47;0.49;-19.9;-20;0;0;0;0;348.26;376.17;59.32;0.11;278.96;278.21;0.18;0.01;0.64
2010;1;7;1.53;1.56;-19.1;-19.1;0;0;0;0;348.26;376.17;59.16;0.1;280.49;279.77;0.18;0.01;0.63
2010;1;8;3.75;3.86;-11.6;-11.6;0;0;0;0;348.26;376.17;59.01;0.1;284.24;283.63;0.18;0.01;0.63
2010;1;9;4.25;4.35;-10.5;-10.5;0;0;0;0;348.26;376.17;58.85;0.09;288.49;287.98;0.18;0.01;0.62
2010;1;10;1.01;1.02;-12.3;-12.3;0;0;0;0;348.26;376.17;58.7;0.09;289.5;289;0.18;0.01;0.62
2010;1;11;1.73;1.69;-14.8;-14.8;0;0;0;0;348.26;376.17;58.54;0.08;291.23;290.69;0.18;0.01;0.62
2010;1;12;0.51;0.54;-15.5;-15.5;0;0;0;0;348.26;376.17;58.39;0.08;291.74;291.23;0.18;0.01;0.61
2010;1;13;1.01;1.01;-15.4;-15.4;0;0;0;0;348.26;376.17;58.24;0.08;292.75;292.24;0.18;0.01;0.61
2010;1;14;0.42;0.41;-14.4;-14.4;0;0;0;0;348.26;376.17;58.09;0.07;293.16;292.65;0.18;0.01;0.6
2010;1;15;0;0;-16.2;-16.3;0;0;0;0;348.26;376.17;57.93;0.07;293.16;292.65;0.17;0;0.6
2010;1;16;0.09;0.09;-15.4;-15.5;0;0;0;0;348.26;376.17;57.78;0.07;293.25;292.74;0.17;0;0.59
2010;1;17;2.31;2.22;-12.5;-12.5;0;0;0;0;348.26;376.17;57.63;0.06;295.56;294.96;0.17;0;0.59
2010;1;18;0.12;0.11;-15.9;-16;0;0;0;0;348.26;376.17;57.48;0.06;295.68;295.07;0.17;0;0.58
2010;1;19;0;0;-17.5;-17.6;0;0;0;0;348.26;376.17;57.33;0.06;295.68;295.07;0.17;0;0.58
2010;1;20;0.03;0.03;-17.3;-17.4;0;0;0;0;348.26;376.17;57.19;0.06;295.71;295.1;0.17;0;0.57
2010;1;21;1.82;1.74;-14.2;-14.2;0;0;0;0;348.26;376.17;57.04;0.06;297.52;296.84;0.17;0;0.57
2010;1;22;0.01;0;-13.7;-13.8;0;0;0;0;348.26;376.17;56.89;0.05;297.53;296.84;0.17;0;0.56
2010;1;23;0;0;-13.1;-13.2;0;0;0;0;348.26;376.17;56.74;0.05;297.53;296.84;0.17;0;0.56
2010;1;24;0;0;-12.2;-12.3;0;0;0;0;348.26;376.17;56.6;0.05;297.53;296.84;0.17;0;0.56
2010;1;25;0.01;0;-12.6;-12.7;0;0;0;0;348.26;376.17;56.45;0.05;297.54;296.84;0.17;0;0.55
2010;1;26;1.29;1.25;-14.7;-14.7;0;0;0;0;348.26;376.17;56.3;0.05;298.82;298.09;0.17;0;0.55
2010;1;27;0.01;0.01;-15.6;-15.7;0;0;0;0;348.26;376.17;56.16;0.05;298.83;298.1;0.17;0;0.54
2010;1;28;3.27;3.17;-15.7;-15.7;0;0;0;0;348.26;376.17;56.01;0.04;302.1;301.27;0.17;0;0.54
2010;1;29;1.56;1.52;-17;-17;0;0;0;0;348.26;376.17;55.87;0.04;303.66;302.79;0.17;0;0.53
2010;1;30;1.53;1.43;-18.1;-18.1;0;0;0;0;348.26;376.17;55.73;0.04;305.18;304.22;0.17;0;0.53
2010;1;31;0.89;0.88;-21.5;-21.5;0;0;0;0;348.26;376.17;55.58;0.04;306.07;305.1;0.17;0;0.52
2010;2;1;0.93;0.9;-23.9;-23.9;0;0;0;0;348.26;376.17;55.44;0.04;307;306;0.16;0;0.52
2010;2;2;1.2;1.17;-20.5;-20.6;0;0;0;0;348.26;376.17;55.3;0.04;308.21;307.17;0.16;0;0.51
2010;2;3;2.9;2.8;-15.8;-15.8;0;0;0;0;348.26;376.17;55.15;0.04;311.11;309.96;0.16;0;0.51
2010;2;4;0.01;0.01;-14.8;-14.8;0;0;0;0;348.26;376.17;55.01;0.04;311.12;309.98;0.16;0;0.5
2010;2;5;6.91;6.9;-10.5;-10.5;0;0;0;0;348.26;376.17;54.87;0.04;318.02;316.88;0.16;0;0.5
2010;2;6;4.99;4.79;-10.7;-10.7;0;0;0;0;348.26;376.17;54.73;0.04;323.01;321.67;0.16;0;0.5
2010;2;7;1.21;1.14;-13.1;-13.1;0;0;0;0;348.26;376.17;54.59;0.04;324.22;322.81;0.16;0;0.49
2010;2;8;0;0;-16.8;-16.8;0;0;0;0;348.26;376.17;54.45;0.03;324.22;322.81;0.16;0;0.49
2010;2;9;0.03;0.03;-16.4;-16.4;0;0;0;0;348.26;376.17;54.31;0.03;324.25;322.83;0.16;0;0.48
2010;2;10;3.83;3.82;-15.7;-15.7;0;0;0;0;348.26;376.17;54.17;0.03;328.08;326.65;0.16;0;0.48
2010;2;11;1.93;1.95;-16.3;-16.3;0;0;0;0;348.26;376.17;54.03;0.03;330.01;328.61;0.16;0;0.47
2010;2;12;0.06;0.05;-17.9;-17.8;0;0;0;0;348.26;376.17;53.89;0.03;330.06;328.65;0.16;0;0.47
2010;2;13;0;0;-18.2;-18.2;0;0;0;0;348.26;376.17;53.75;0.03;330.06;328.65;0.16;0;0.46
2010;2;14;0;0;-18.8;-18.7;0;0;0;0;348.26;376.17;53.62;0.03;330.06;328.65;0.16;0;0.46
2010;2;15;0.1;0.11;-18.7;-18.7;0;0;0;0;348.26;376.17;53.48;0.03;330.17;328.76;0.16;0;0.45
2010;2;16;0.17;0.18;-17.8;-17.8;0;0;0;0;348.26;376.17;53.34;0.03;330.33;328.94;0.16;0;0.45
2010;2;17;0.66;0.69;-12.4;-12.4;0;0;0;0;348.26;376.17;53.2;0.03;330.99;329.63;0.16;0;0.44
2010;2;18;1.17;1.18;-8.2;-8.2;0;0;0;0;348.26;376.17;53.07;0.03;332.15;330.81;0.16;0;0.44
2010;2;19;12.03;12.2;-9;-9;0;0;0;0;348.26;376.17;52.93;0.03;344.18;343.01;0.16;0;0.44
2010;2;20;4.5;4.5;-13.7;-13.7;0;0;0;0;348.26;376.17;52.8;0.03;348.68;347.51;0.16;0;0.43
2010;2;21;0.18;0.19;-16.5;-16.5;0;0;0;0;348.26;376.17;52.66;0.03;348.86;347.7;0.16;0;0.43
2010;2;22;1.14;1.17;-11.5;-11.5;0;0;0;0;348.26;376.17;52.53;0.03;350;348.87;0.16;0;0.42
2010;2;23;2.27;2.31;-9.4;-9.4;0;0;0;0;348.26;376.17;52.39;0.03;352.27;351.18;0.15;0;0.42
2010;2;24;0.78;0.8;-9.2;-9.2;0;0;0;0;348.26;376.17;52.26;0.03;353.05;351.98;0.15;0;0.41
2010;2;25;1.71;1.75;-10.2;-10.2;0;0;0;0;348.26;376.17;52.12;0.03;354.76;353.73;0.15;0;0.41
2010;2;26;10.3;10.3;-9.7;-9.7;0;0;0;0;348.26;376.17;51.99;0.03;365.05;364.03;0.15;0;0.4
2010;2;27;0.27;0.27;-12.2;-12.2;0;0;0;0;348.26;376.17;51.86;0.03;365.32;364.3;0.15;0;0.4
2010;2;28;0.64;0.67;-7.3;-7.3;0;0;0;0;348.26;376.17;51.72;0.03;365.96;364.97;0.15;0;0.39
2010;3;1;0;0;-10.5;-10.5;0;0;0;0;348.26;376.17;51.59;0.03;365.96;364.97;0.15;0;0.4
2010;3;2;1.94;1.77;-10.6;-10.6;0;0;0;0;348.26;376.17;51.46;0.03;367.91;366.74;0.15;0;0.41
2010;3;3;1.79;1.84;-10.8;-10.9;0;0;0;0;348.26;376.17;51.33;0.03;369.7;368.58;0.15;0;0.41
2010;3;4;2.97;2.94;-10.5;-10.5;0;0;0;0;348.26;376.17;51.2;0.03;372.68;371.52;0.15;0;0.41
2010;3;5;1.19;1.12;-19.3;-19.3;0;0;0;0;348.26;376.17;51.06;0.03;373.87;372.64;0.15;0;0.4
2010;3;6;3.58;3.52;-20;-20;0;0;0;0;348.26;376.17;50.93;0.03;377.45;376.16;0.15;0;0.4
2010;3;7;0.1;0.1;-21.3;-21.3;0;0;0;0;348.26;376.17;50.8;0.03;377.55;376.26;0.15;0;0.4
2010;3;8;0.01;0.01;-21.4;-21.4;0;0;0;0;348.26;376.17;50.67;0.03;377.56;376.27;0.15;0;0.4
2010;3;9;1.64;1.67;-21;-21;0;0;0;0;348.26;376.17;50.54;0.03;379.2;377.94;0.15;0;0.4
2010;3;10;4;4.09;-11.8;-11.8;0;0;0;0;348.26;376.17;50.41;0.03;383.2;382.03;0.15;0;0.4
2010;3;11;1.58;1.52;-11.3;-11.3;0;0;0;0;348.26;376.17;50.28;0.03;384.78;383.55;0.15;0;0.4
2010;3;12;0.2;0.2;-13;-13;0;0;0;0;348.26;376.17;50.16;0.03;384.98;383.75;0.15;0;0.41
2010;3;13;0.04;0.04;-14.2;-14.2;0;0;0;0;348.26;376.17;50.03;0.03;385.02;383.79;0.15;0;0.41
2010;3;14;0.23;0.22;-14.1;-14.1;0;0;0;0;348.26;376.17;49.9;0.03;385.25;384.01;0.15;0;0.41
2010;3;15;1.06;0.99;-14.8;-14.8;0;0;0;0;348.26;376.17;49.77;0.03;386.31;385;0.15;0;0.41
2010;3;16;2.44;2.31;-14.2;-14.2;0;0;0;0;348.26;376.17;49.64;0.03;388.75;387.31;0.15;0;0.41
2010;3;17;0;0;-12.2;-12.2;0;0;0;0;348.26;376.17;49.52;0.03;388.75;387.31;0.15;0;0.41
2010;3;18;0;0;-7.4;-7.4;0;0;0;0;348.26;376.17;49.39;0.03;388.75;387.31;0.15;0;0.41
2010;3;19;0;0;-4.5;-4.5;0;0;0;0;348.26;376.17;49.26;0.02;388.75;387.31;0.15;0;0.41
2010;3;20;0.19;0.2;-3.8;-3.8;0;0;0;0;348.26;376.17;49.14;0.02;388.93;387.51;0.14;0;0.45
2010;3;21;4.38;4.19;-3;-3;0;0;0;0;348.26;376.17;49.01;0.02;393.32;391.7;0.14;0;0.52
2010;3;22;2.84;2.91;-2.9;-2.9;0;0;0;0;348.26;376.17;48.89;0.02;396.15;394.61;0.14;0;0.63
2010;3;23;0.72;0.73;-2.8;-2.8;0;0;0;0;348.26;376.17;48.76;0.02;396.88;395.34;0.14;0;0.69
2010;3;24;0.05;0.05;-3.2;-3.2;0;0;0;0;348.26;376.17;48.64;0.02;396.93;395.39;0.14;0;0.72
2010;3;25;0.32;0.34;-3.4;-3.4;0;0;0;0;348.26;376.17;48.51;0.02;397.25;395.73;0.14;0;0.68
2010;3;26;15.31;15.53;-4.3;-4.3;0;0;0;0;348.26;376.17;48.39;0.02;412.55;411.26;0.14;0;0.67
2010;3;27;0.79;0.73;-7.8;-7.8;0;0;0;0;348.26;376.17;48.26;0.02;413.34;411.99;0.14;0;0.62
2010;3;28;2.52;2.35;-7.6;-7.6;0;0;0;0;348.26;376.17;48.14;0.02;415.86;414.34;0.14;0;0.57
2010;3;29;1.01;1.04;-5.1;-5.1;0;0;0;0;348.26;376.17;48.02;0.02;416.87;415.38;0.14;0;0.56
2010;3;30;10.47;10.57;-5.3;-5.3;0;0;0;0;348.26;376.17;47.9;0.02;427.34;425.95;0.14;0;0.59
2010;3;31;2.18;2.13;-8.4;-8.4;0;0;0;0;348.26;376.17;47.77;0.02;429.52;428.08;0.14;0;0.58
2010;4;1;10.52;10.66;-11.3;-11.3;0;0;0;0;348.26;376.17;47.65;0.02;440.04;438.74;0.14;0;0.52
2010;4;2;0;0;-12.8;-12.8;0;0;0;0;348.26;376.17;47.53;0.02;440.04;438.74;0.14;0;0.51
2010;4;3;0.86;0.91;-9.8;-9.8;0;0;0;0;348.26;376.17;47.41;0.02;440.9;439.65;0.14;0;0.49
2010;4;4;9.53;9.63;-7.5;-7.5;0;0;0;0;348.26;376.17;47.28;0.02;450.43;449.28;0.14;0;0.49
2010;4;5;2.16;2.05;-10;-10;0;0;0;0;348.26;376.17;47.16;0.02;452.59;451.33;0.14;0;0.47
2010;4;6;0;0;-7;-7;0;0;0;0;348.26;376.17;47.04;0.02;452.59;451.33;0.14;0;0.48
2010;4;7;0;0;-3.8;-3.8;0;0;0;0;348.26;376.17;46.92;0.02;452.59;451.33;0.14;0;0.56
2010;4;8;0.75;0.74;-3.9;-3.9;0;0;0;0;348.26;376.17;46.8;0.02;453.34;452.07;0.14;0;0.68
2010;4;9;0.28;0.26;-3.2;-3.2;0;0;0;0;348.26;376.17;46.68;0.02;453.62;452.33;0.14;0;0.8
2010;4;10;1.21;1.13;-5.1;-5.1;0;0;0;0;348.26;376.17;46.56;0.02;454.83;453.46;0.14;0;0.85
2010;4;11;1.42;1.4;-10.4;-10.4;0;0;0;0;348.26;376.17;46.45;0.02;456.25;454.86;0.14;0;0.78
2010;4;12;0.16;0.16;-11.5;-11.5;0;0;0;0;348.26;376.17;46.33;0.02;456.41;455.02;0.14;0;0.69
2010;4;13;0.69;0.67;-10;-10;0;0;0;0;348.26;376.17;46.21;0.02;457.1;455.69;0.14;0;0.64
2010;4;14;3.38;3.33;-9;-9;0;0;0;0;348.26;376.17;46.09;0.02;460.48;459.02;0.14;0;0.63
2010;4;15;1.24;1.22;-7.8;-7.8;0;0;0;0;348.26;376.17;45.97;0.02;461.72;460.24;0.14;0;0.61
2010;4;16;0.62;0.57;-6.8;-6.8;0;0;0;0;348.26;376.17;45.85;0.02;462.34;460.81;0.14;0;0.66
2010;4;17;0.18;0.18;-5.2;-5.2;0;0;0;0;348.26;376.17;45.74;0.02;462.52;460.99;0.13;0;0.8
2010;4;18;5.67;5.57;-6.1;-6.1;0;0;0;0;348.26;376.17;45.62;0.02;468.19;466.56;0.13;0;0.76
2010;4;19;0.91;0.82;-6;-6;0;0;0;0;348.26;376.17;45.5;0.02;469.1;467.38;0.13;0;0.7
2010;4;20;1.68;1.56;-6.3;-6.3;0;0;0;0;348.26;376.17;45.39;0.02;470.78;468.94;0.13;0;0.78
2010;4;21;0.4;0.35;-5.6;-5.6;0;0;0;0;348.26;376.17;45.27;0.02;471.18;469.29;0.13;0;0.86
2010;4;22;0.62;0.68;-3.8;-3.8;0;0;0;0;348.26;376.17;45.15;0.02;471.8;469.97;0.13;0;0.94
2010;4;23;1.19;1.26;-2.7;-2.7;0;0;0;0;348.26;376.17;45.04;0.02;472.99;471.23;0.13;0;1.09
2010;4;24;0.41;0.39;-0.9;-0.9;0;0;0;0;348.26;376.17;44.92;0.02;473.4;471.62;0.13;0;1.58
2010;4;25;0.85;0.83;-1.5;-1.5;0;0;0;0;348.26;376.17;44.81;0.02;474.25;472.45;0.13;0;1.85
2010;4;26;3.13;3.1;-2.2;-2.2;0;0;0;0;348.26;376.17;44.69;0.02;477.38;475.55;0.13;0;2.05
2010;4;27;0.45;0.46;-2.1;-2.1;0;0;0;0;348.26;376.17;44.58;0.02;477.83;476.01;0.13;0;1.67
2010;4;28;0;0;-0.4;-0.4;0;0;0;0;348.26;376.17;44.47;0.02;477.83;476.01;0.13;0;1.61
2010;4;29;0;0;1.5;1.5;1.46;1.44;0.23;0.22;348.7;376.67;44.35;0.02;476.5;474.54;0.13;0;2.18
2010;4;30;3.08;3.16;1.5;1.5;1.44;1.44;0.19;0.18;348.21;376.39;45.62;1.58;476.74;474.52;0.56;0.43;2.75
2010;5;1;5.84;5.75;0.7;0.7;1.16;1.15;0.12;0.12;347.35;375.7;46.76;2.99;480.77;478.25;1.23;1.08;2.99
2010;5;2;16.11;16.2;-0.4;-0.4;0;0;0;0;345.81;374.24;47.81;4.28;496.88;494.44;1.22;1.04;2.64
2010;5;3;17.19;17.32;-1.7;-1.7;0;0;0;0;345.81;374.24;47.45;4;514.08;511.76;0.71;0.53;2.3
2010;5;4;10.02;10.26;-1.8;-1.8;0;0;0;0;345.81;374.24;47.11;3.75;524.1;522.02;0.45;0.29;1.76
2010;5;5;11.49;11.82;-1.4;-1.4;0;0;0;0;345.81;374.24;46.79;3.51;535.59;533.84;0.4;0.24;2.38
2010;5;6;6.66;6.55;-3.8;-3.8;0;0;0;0;345.81;374.24;46.48;3.28;542.25;540.39;0.38;0.23;1.79
2010;5;7;2.77;2.83;-3.9;-3.9;0;0;0;0;345.81;374.24;46.18;3.07;545.02;543.22;0.37;0.21;1.42
2010;5;8;3.98;3.97;-4.1;-4.1;0;0;0;0;345.81;374.24;45.9;2.88;549;547.19;0.35;0.2;1.28
2010;5;9;2.62;2.69;-4.2;-4.2;0;0;0;0;345.81;374.24;45.63;2.69;551.62;549.88;0.34;0.19;1.3
2010;5;10;5.11;5.12;-1.9;-1.9;0;0;0;0;345.81;374.24;45.36;2.52;556.73;555;0.33;0.18;1.35
2010;5;11;2.45;2.52;-1.3;-1.3;0;0;0;0;345.81;374.24;45.11;2.36;559.18;557.52;0.31;0.16;1.52
2010;5;12;7.35;7.35;-1.6;-1.6;0;0;0;0;345.81;374.24;44.87;2.21;566.53;564.87;0.3;0.15;1.49
2010;5;13;10.64;10.71;-2.3;-2.3;0;0;0;0;345.81;374.24;44.63;2.07;577.17;575.58;0.29;0.14;1.54
2010;5;14;10.06;10;-3.9;-3.9;0;0;0;0;345.81;374.24;44.41;1.94;587.24;585.58;0.28;0.13;1.56
2010;5;15;3.65;3.45;-4.9;-4.8;0;0;0;0;345.81;374.24;44.19;1.82;590.89;589.03;0.27;0.13;1.35
2010;5;16;2.3;2.14;-6;-5.9;0;0;0;0;345.81;374.24;43.98;1.7;593.18;591.17;0.26;0.12;1.13
2010;5;17;1.38;1.26;-5.1;-5;0;0;0;0;345.81;374.24;43.78;1.59;594.57;592.43;0.25;0.11;1.07
2010;5;18;1.7;1.58;-6.1;-6;0;0;0;0;345.81;374.24;43.58;1.49;596.27;594.01;0.24;0.1;1.03
2010;5;19;2.82;2.78;-6.3;-6.3;0;0;0;0;345.81;374.24;43.39;1.4;599.09;596.79;0.24;0.1;1
2010;5;20;2.98;2.85;-3.2;-3.2;0;0;0;0;345.81;374.24;43.2;1.31;602.07;599.64;0.23;0.09;1.01
2010;5;21;1.67;1.64;-1.6;-1.6;0;0;0;0;345.81;374.24;43.02;1.23;603.73;601.28;0.22;0.09;1.12
2010;5;22;0.77;0.79;-0.4;-0.4;0;0;0;0;345.81;374.24;42.85;1.15;604.51;602.07;0.22;0.08;1.6
2010;5;23;0.8;0.82;0.1;0.1;0.4;0.45;0.06;0.07;345.81;374.24;42.67;1.08;605.25;602.83;0.21;0.07;2.3
2010;5;24;0.45;0.46;2.7;2.8;2.19;2.22;0.34;0.33;347.04;375.62;42.51;1.01;602.35;599.54;0.24;0.1;2.89
2010;5;25;2.54;2.59;3.2;3.3;2.38;2.4;0.32;0.31;349.06;378.18;43.97;2.75;595.73;591.81;1.9;1.76;3.87
2010;5;26;10.73;10.69;2.8;2.8;2.21;2.22;0.13;0.12;353.59;382.52;45.47;4.54;592.05;587.61;4.24;4.07;4.99
2010;5;27;11.4;11.38;0.6;0.6;1.02;1.06;0.05;0.05;352.88;381.92;47.05;6.4;601.25;596.61;3.96;3.73;4.46
2010;5;28;5;5.06;0.7;0.7;1.12;1.15;0.12;0.12;352.33;381.43;48.59;8.19;603.65;598.95;2.75;2.49;3.28
2010;5;29;8.64;8.66;1.5;1.5;1.63;1.65;0.12;0.12;353.33;382.24;50.02;9.84;606.18;601.5;2.86;2.59;3.96
2010;5;30;10.22;10.16;0.3;0.3;0.68;0.76;0.04;0.05;352.12;381.15;51.35;11.36;615.44;610.57;2.66;2.38;4.08
2010;5;31;10.91;10.7;-4.1;-4.1;0;0;0;0;352.12;381.15;50.6;10.63;626.36;621.27;1.62;1.36;3.13
2010;6;1;1.84;1.7;-2.3;-2.3;0;0;0;0;352.12;381.15;49.89;9.95;628.2;622.97;0.97;0.76;3.07
2010;6;2;9.7;9.33;-1.6;-1.6;0;0;0;0;352.12;381.15;49.22;9.31;637.89;632.3;0.83;0.65;2.77
2010;6;3;6.32;6.08;-0.2;-0.2;0;0;0;0;352.12;381.15;48.59;8.72;644.21;638.38;0.78;0.61;2.8
2010;6;4;0.03;0.03;3.5;3.6;2.52;2.54;0.33;0.31;353.18;382.29;50.17;10.5;637.47;631.26;1.62;1.44;4.14
2010;6;5;0.05;0.05;5.7;5.8;3.19;3.2;0.42;0.39;360.92;388.21;51.68;12.21;616.23;611.44;4.94;4.67;5.26
2010;6;6;2.95;2.81;6.1;6.2;3.29;3.3;0.35;0.34;372.85;398.33;53.52;14.25;585.75;581.73;9.59;9.1;7.49
2010;6;7;8.33;8.51;4.7;4.7;2.88;2.89;0.19;0.18;383.14;407.32;55.96;16.9;561.43;557.95;13.03;12.3;9.6
2010;6;8;5.21;5.35;4.9;5;2.96;2.98;0.27;0.25;392.04;415.02;59.03;20.2;534.81;531.85;14.78;13.88;11.32
2010;6;9;0.56;0.56;4.8;4.8;2.92;2.92;0.29;0.26;397.14;418.83;62.56;23.93;513.73;512.17;14.11;13.07;11.74
2010;6;10;0.13;0.14;6.3;6.3;3.32;3.32;0.34;0.3;403.79;423.79;66.31;27.84;486.04;486.45;14.03;12.84;17.24
2010;6;11;1.22;1.26;7.8;7.8;3.68;3.68;0.36;0.31;412.2;430.16;70.32;31.94;451.07;454.07;16.59;15.15;25.14
2010;6;12;7.26;7.33;7;7;3.5;3.5;0.21;0.18;420.31;436.51;74.74;36.37;419.04;424.38;19.93;18.15;22.39
2010;6;13;18.96;18.88;5.6;5.6;3.14;3.14;0;0;428.51;443.15;79.7;41.27;393.26;400.44;23.54;21.42;24.7
2010;6;14;11.59;11.42;4;4.1;2.69;2.71;0.06;0.05;431.62;445.39;85.07;46.48;379.67;388.56;22.69;20.35;22.82
2010;6;15;7.23;7.37;4.5;4.5;2.83;2.83;0.13;0.1;433.96;446.95;90.42;51.57;364.42;375.48;19.64;17.28;15.59
2010;6;16;11.04;11.05;4.8;4.8;2.92;2.92;0.08;0.06;437.04;449.13;95.54;56.31;348;361.4;19.25;16.89;17.59
2010;6;17;5.81;5.94;2.7;2.7;2.23;2.22;0.12;0.09;437.09;448.81;100.31;60.57;342.18;357.65;17.09;14.73;15.32
2010;6;18;6.69;6.47;0.3;0.3;0.68;0.78;0.05;0.06;435.07;447.25;104.39;64.05;347.73;362.83;12.48;10.4;8.02
2010;6;19;16.06;16.07;-0.4;-0.3;0;0;0;0;432.91;445.51;107.53;66.52;363.79;378.9;9.01;7.41;6.17
2010;6;20;17.53;17.42;-3.1;-3.1;0;0;0;0;431.38;443.78;108.73;68.02;381.31;396.32;7.35;6.16;4.97
2010;6;21;1.03;0.93;-1.5;-1.5;0;0;0;0;431.38;443.78;104.75;63.65;382.34;397.25;6.17;5.26;3.98
2010;6;22;0.19;0.17;-0.4;-0.4;0;0;0;0;431.38;443.78;101.01;59.56;382.53;397.42;5.44;4.7;3.45
2010;6;23;0;0;2.4;2.5;2.11;2.14;0.22;0.2;430.35;443.29;102.97;60.89;375.74;389.87;6.54;5.85;3.61
2010;6;24;0;0;2.6;2.7;2.19;2.22;0.16;0.14;429.97;442.98;104.39;61.72;366.76;381.4;8.53;7.75;4.49
2010;6;25;1.12;1.14;3.5;3.6;2.52;2.54;0.18;0.15;430.04;442.88;105.55;62.31;357.14;372.96;9.77;8.78;6.04
2010;6;26;1.68;1.69;3.9;4;2.65;2.67;0.18;0.15;430.57;443.13;106.59;62.79;345.77;362.97;10.86;9.63;7.34
2010;6;27;0;0;5.9;6;3.23;3.25;0.24;0.2;432.1;444.01;107.67;63.29;327.99;347.48;12.41;10.92;8.76
2010;6;28;0;0;6.8;6.9;3.45;3.47;0.26;0.21;434.14;445.32;108.94;63.95;307.07;329.15;14.27;12.48;12
2010;6;29;0.56;0.59;6.6;6.7;3.4;3.42;0.25;0.2;436.12;446.61;110.48;64.82;286.15;310.93;15.69;13.61;14.63
2010;6;30;1.5;1.49;6;6.1;3.26;3.27;0.21;0.18;437.72;447.74;112.3;65.92;267.1;294.02;16.4;14.12;14.2
2010;7;1;2.28;2.38;7.1;7.1;3.54;3.55;0.21;0.19;439.69;449.4;114.38;67.22;245.48;274.05;17.5;15.13;16.62
2010;7;2;1.8;1.95;8.5;8.5;3.86;3.87;0.11;0.1;440.83;450.61;116.7;68.74;226.68;255.76;18.12;15.8;19.98
2010;7;3;0.74;0.77;9;9;3.97;3.97;0.1;0.12;440.55;450.79;119.09;70.33;214.53;242.89;16.72;14.64;21.85
2010;7;4;1.25;1.22;8.3;8.3;3.82;3.82;0.18;0.11;439.93;450.89;121.34;71.82;203.97;230.93;16.15;13.08;21.26
2010;7;5;2.71;2.62;7.3;7.3;3.59;3.59;0.22;0.09;439.35;451;123.35;73.11;194.6;220.33;16.75;12.75;22.44
2010;7;6;4.1;4.08;4.8;4.8;2.94;2.94;0.17;0.07;438.57;450.8;125.09;74.19;188.4;213.3;15.79;12.32;19.18
2010;7;7;0;0;6;6;3.27;3.27;0.24;0.1;437.32;450.28;126.53;75.02;180.65;204.53;14.44;11.34;16.16
2010;7;8;0;0;9.8;9.8;4.13;4.14;0.3;0.13;436.76;450.57;127.7;75.64;168.01;190.22;15.41;11.66;19.87
2010;7;9;0.09;0.1;11.1;11.1;4.39;4.39;0.32;0.13;436.45;451.13;128.74;76.19;153.66;173.97;17.63;13.03;21.04
2010;7;10;1.05;1.13;11.6;11.6;4.48;4.49;0.31;0.13;436.37;451.91;129.77;76.8;138.62;156.94;19.26;14.24;24.38
2010;7;11;6.36;6.11;9.5;9.5;4.07;4.08;0.16;0.08;436.94;452.92;130.88;77.55;126.2;142.88;20.25;15.44;29.01
2010;7;12;3.81;3.67;9.4;9.4;4.05;4.06;0.21;0.1;436.96;453.5;132.08;78.46;113.93;128.99;20.11;15.65;30.58
2010;7;13;1.54;1.65;9.7;9.7;4.11;4.12;0.27;0.11;436.54;453.82;133.31;79.43;101.3;114.69;19.55;15.12;28.01
2010;7;14;0.79;0.82;11.1;11.1;4.39;4.39;0.29;0.13;436.23;454.28;134.51;80.39;86.86;98.34;19.65;14.95;26.44
2010;7;15;1.5;1.47;10.3;10.4;4.25;4.26;0.26;0.12;435.94;454.67;135.66;81.34;73.3;82.99;19.89;15.13;26.35
2010;7;16;2.82;2.68;11.3;11.4;4.44;4.45;0.24;0.12;436.07;455.37;136.8;82.31;58.42;66.15;20.48;15.71;29.93
2010;7;17;13.02;12.41;8.9;9;3.96;3.97;0.03;0.03;437.71;456.82;138.03;83.4;46.53;52.68;22.33;17.75;34.57
2010;7;18;1.28;1.24;5.5;5.5;3.14;3.14;0.2;0.09;436.54;456.15;139.33;84.55;39.33;44.53;19.92;16.21;19.76
2010;7;19;0.08;0.09;8.2;8.2;3.8;3.8;0.25;0.12;435.6;455.85;140.45;85.51;28.64;32.43;17.21;13.77;17.86
2010;7;20;0.32;0.33;9.2;9.2;4.01;4.01;0.26;0.12;434.87;455.76;141.32;86.21;16.66;18.86;17.49;13.59;19.53
2010;7;21;5.16;5.28;9.3;9.3;4.04;4.04;0.19;0.08;434.97;456.33;142.05;86.78;4.46;5.05;19.11;14.94;20.97
2010;7;22;7.03;7;9.3;9.3;4.03;4.04;0.09;0;434.5;456.01;142.73;87.31;0;0;19.05;14.8;22.59
2010;7;23;16.12;15.94;6.8;6.8;3.48;3.47;0.03;0.03;435.08;456.15;143.34;87.75;0;0;24.81;20.87;25.72
2010;7;24;10.27;9.95;0.7;0.7;1.18;1.17;0.12;0.12;433.44;454.66;143.78;87.98;7.26;7;15.89;13.57;9.23
2010;7;25;1.73;1.6;1;1;1.39;1.39;0.09;0.08;431.89;453.22;143.85;87.81;6.17;5.99;10.62;9.66;6.7
2010;7;26;4.01;3.98;0.8;0.8;1.26;1.25;0.08;0.06;430.36;451.77;143.5;87.15;7.46;7.52;9.19;8.41;5.14
2010;7;27;6.11;6;1.5;1.5;1.7;1.69;0.08;0.07;429.26;450.59;142.8;86.11;8.92;9.33;9;8.24;4.79
2010;7;28;1.7;1.63;3.2;3.2;2.42;2.42;0.06;0.07;428.34;449.59;141.88;84.82;4.93;5.58;9.33;8.55;5.27
2010;7;29;7.58;7.54;1.8;1.8;1.83;1.84;0.04;0.03;427.43;448.63;140.85;83.4;6.85;7.74;9.53;8.73;5.11
2010;7;30;3.81;3.75;0.7;0.7;1.19;1.17;0.06;0.06;425.87;447.18;139.72;81.88;8.4;9.47;8.84;8.06;4.23
2010;7;31;0;0;4.3;4.3;2.79;2.79;0.08;0.09;424.53;446.19;138.5;80.25;4.04;4.58;8.57;7.83;5.39
2010;8;1;0.83;0.85;7.4;7.4;3.32;3.32;0.06;0;423.26;445.32;137.22;78.58;0;0;9.77;8;9.98
2010;8;2;14.63;14.6;7;7;3.23;3.23;0.08;0.08;424.14;445.88;136.04;77.03;0;0;18.63;15.8;14.45
2010;8;3;13.18;12.92;4.2;4.2;2.53;2.53;0.21;0.22;424.63;445.99;135.13;75.78;0;0;18.88;16.24;16.67
2010;8;4;1.45;1.51;4.3;4.3;2.56;2.56;0.88;0.89;422.01;443.6;134.41;74.74;0;0;16.26;13.94;12.32
2010;8;5;32.82;32.52;0.6;0.6;0.98;1;0;0;420.56;442.37;133.66;73.64;30.02;29.61;9.83;8.29;8.92
2010;8;6;10.06;9.84;-0.6;-0.6;0;0;0;0;418.57;440.65;132.74;72.38;40.09;39.45;7.23;6.47;6.38
2010;8;7;0.1;0.09;2.4;2.5;1.95;1.98;0.2;0.18;418.33;440.43;131.71;71.02;31.85;31.06;7.87;7.22;6.52
2010;8;8;1.79;1.82;3.2;3.2;2.22;2.22;0.15;0.12;419.01;440.51;130.74;69.72;22.62;22.81;9.53;8.81;7.08
2010;8;9;0.12;0.13;5.9;5.9;2.98;2.98;0.08;0.09;419.91;440.66;129.97;68.62;11.05;12.51;10.5;9.62;7.5
2010;8;10;3.38;3.52;5.7;5.7;2.93;2.93;0.11;0.07;419.63;440.79;129.41;67.74;5.03;5.7;11.56;9.75;7.73
2010;8;11;9.7;9.69;5.5;5.5;2.88;2.88;0.04;0;420.6;441.83;129.09;67.12;0;0;13.45;10.83;12.17
2010;8;12;14.75;14.68;5.2;5.2;2.81;2.81;0.07;0.07;421.69;442.62;129.06;66.81;0;0;18.74;16.04;21.74
2010;8;13;11.33;11.23;4.3;4.3;2.56;2.56;0.31;0.33;421.76;442.51;129.26;66.75;0;0;18.46;15.86;15.85
2010;8;14;17.63;18.02;3.1;3;2.18;2.16;0.01;0;423.13;443.69;129.65;66.9;1.11;1.26;14.89;12.5;19
2010;8;15;12.04;12.34;3.4;3.3;2.28;2.26;0.04;0;423.65;444.25;130.21;67.22;0;0;14.58;12.23;28.44
2010;8;16;6.03;6.08;1.3;1.3;1.46;1.45;0.07;0.06;422.48;443.15;130.8;67.58;2;2.27;11.94;10.25;9.79
2010;8;17;2.27;2.21;3.5;3.5;2.32;2.32;0.04;0;421.26;442.19;131.21;67.73;0;0;9.57;8.13;8.18
2010;8;18;2.26;2.27;5.2;5.2;2.8;2.81;0.5;0.46;419.23;440.4;131.34;67.59;0;0;12.9;10.89;9.48
2010;8;19;0.26;0.27;7.1;7.1;3.25;3.25;1.2;1.23;416.1;437.51;131.18;67.14;0;0;14.55;12.03;17.24
2010;8;20;2.02;2.06;7;7;3.23;3.23;1.06;1.09;413.51;435.12;130.73;66.4;0;0;15.14;12.27;16.94
2010;8;21;0.99;0.98;8.2;8.2;3.49;3.49;1.23;1.26;410.57;432.36;130.06;65.43;0;0;16.46;13.29;17.22
2010;8;22;0.51;0.55;9.1;9.1;3.67;3.66;1.33;1.36;407.42;429.44;129.19;64.26;0;0;17.73;14.13;17.63
2010;8;23;1.61;1.64;8.3;8.3;3.51;3.51;1.18;1.21;404.73;426.91;128.17;62.93;0;0;17.57;13.87;18.33
2010;8;24;12.23;12.47;7.8;7.8;3.4;3.4;0.34;0.34;405.68;427.78;127.15;61.62;0;0;18.94;15.39;25.1
2010;8;25;0.24;0.23;7.9;7.9;3.42;3.43;1.26;1.3;402.58;424.87;126.22;60.42;0;0;18.75;15.26;18.92
2010;8;26;0.84;0.9;9;9;3.65;3.65;1.29;1.32;399.62;422.11;125.29;59.22;0;0;18.42;14.74;22.02
2010;8;27;11.21;11.2;7;7;3.23;3.23;0.4;0.41;400.52;422.81;124.36;58.04;0;0;18.19;14.62;24.28
2010;8;28;8.71;8.37;2;2;1.77;1.78;0.18;0.19;400.45;422.54;123.57;57.01;2.05;2.09;10.89;8.82;17.46
2010;8;29;0.33;0.33;0.2;0.2;0.57;0.59;0.03;0.02;398.65;420.95;122.86;56.07;2.09;2.16;7.08;6.25;7.86
2010;8;30;16.9;16.54;-2.7;-2.6;0;0;0;0;396.79;419.32;122.09;55.06;18.99;18.7;5.53;4.88;5.41
2010;8;31;6.78;6.56;-4.3;-4.3;0;0;0;0;396.79;419.32;118.78;51.52;25.77;25.26;4.47;3.92;4.62
2010;9;1;0;0;-3;-3;0;0;0;0;396.79;419.32;115.66;48.2;25.77;25.26;3.85;3.39;4.51
2010;9;2;0;0;-1.3;-1.3;0;0;0;0;396.79;419.32;112.74;45.11;25.77;25.26;3.53;3.14;4.38
2010;9;3;0.04;0.05;0.2;0.3;0.54;0.61;0.08;0.09;396.98;419.53;109.99;42.21;24.99;24.38;3.3;2.93;4.29
2010;9;4;1.15;1.08;0.1;0.2;0.45;0.5;0.06;0.07;397.17;419.75;107.41;39.49;25.32;24.53;3.11;2.75;4.31
2010;9;5;0.2;0.21;1.2;1.3;1.2;1.23;0.12;0.11;396.95;419.34;107.4;39.69;20.91;19.85;3.9;3.54;4.21
2010;9;6;2.04;2.05;2.7;2.7;1.75;1.75;0.12;0.09;397.9;419.67;107.56;39.78;14.15;14.16;5.57;5.14;4.2
2010;9;7;9.92;10.05;3;3;1.86;1.84;0.02;0.02;400.22;421.11;107.81;39.95;10.71;12.13;7.44;6.8;5.9
2010;9;8;14.48;14.52;3.1;3.1;1.88;1.87;0.01;0.01;402.41;423.1;108.27;40.34;10.7;12.12;9.65;8.24;6.82
2010;9;9;3.37;3.4;0.1;0.1;0.32;0.36;0.03;0.04;400.58;421.55;108.89;40.87;13.72;15.12;8.27;6.84;5.03
2010;9;10;0.19;0.18;0.6;0.6;0.85;0.85;0.06;0.05;399.16;420.27;109.41;41.3;12.28;13.78;5.55;4.74;4.58
2010;9;11;0;0;2.7;2.7;1.74;1.75;0.05;0.05;398.02;419.41;109.76;41.52;9.44;10.69;5.05;4.38;4.69
2010;9;12;0.13;0.13;3.8;3.8;2.06;2.06;0.09;0.06;397.08;418.86;109.96;41.61;5.76;6.52;5.79;4.65;5.03
2010;9;13;14.99;14.92;-0.4;-0.4;0;0;0;0;395.21;417.23;110.04;41.57;20.75;21.44;5.45;4.35;4.71
2010;9;14;0.05;0.05;1.7;1.7;1.4;1.4;0.14;0.13;395.12;417.09;110.02;41.42;14.88;15.74;5.19;4.57;4.59
2010;9;15;1.3;1.4;3.6;3.6;2.01;2.01;0.05;0.06;395.44;417.27;109.98;41.26;9.06;10.26;6.1;5.48;4.68
2010;9;16;2.84;2.86;3.2;3.2;1.89;1.9;0.07;0.05;395.02;417.11;109.99;41.15;6.67;7.55;6.78;5.69;5.01
2010;9;17;3.42;3.45;2.7;2.7;1.74;1.75;0.06;0.04;394.54;416.82;110.03;41.08;5.22;5.91;6.71;5.64;5.95
2010;9;18;16.79;17.06;0.9;0.9;1.03;1.03;0;0;393.84;416.21;110.08;41.01;18.18;19.15;5.92;5.26;5.63
2010;9;19;0.22;0.21;0.5;0.5;0.78;0.78;0.08;0.07;392.34;414.86;110.07;40.89;17.25;18.27;5.13;4.52;5.14
2010;9;20;0;0;1.4;1.4;1.28;1.28;0.1;0.08;391.89;414.27;109.98;40.69;13;14.45;4.98;4.38;4.64
2010;9;21;0;0;3.5;3.5;1.98;1.98;0.05;0.06;391.44;414.07;109.86;40.45;8.16;9.23;5.48;4.87;4.66
2010;9;22;0.08;0.08;4.3;4.3;2.18;2.19;0.09;0.07;390.86;413.9;109.75;40.22;3.55;4.02;6.33;5.14;4.89
2010;9;23;0.44;0.45;3.9;3.9;2.09;2.09;0.06;0;390.09;413.52;109.67;40.04;0;0;6.95;5.19;5.02
2010;9;24;8.69;8.64;1.7;1.6;1.39;1.36;0.05;0.04;390.06;413.23;109.59;39.87;3.37;3.82;6.45;5.23;4.59
2010;9;25;22.02;21.99;-2.7;-2.7;0;0;0;0;388.25;411.63;109.49;39.67;25.38;25.8;5.02;4.38;4.24
2010;9;26;1.49;1.42;-3.6;-3.6;0;0;0;0;388.25;411.63;107.05;37.12;26.88;27.23;3.66;3.12;3.69
2010;9;27;5.23;5.23;-3.6;-3.6;0;0;0;0;388.25;411.63;104.75;34.74;32.1;32.45;2.91;2.47;3.43
2010;9;28;0.33;0.31;-3.9;-3.9;0;0;0;0;388.25;411.63;102.59;32.51;32.43;32.76;2.64;2.26;3.2
2010;9;29;0.18;0.17;-4;-4;0;0;0;0;388.25;411.63;100.56;30.42;32.62;32.93;2.47;2.11;3.06
2010;9;30;0.85;0.86;-2.9;-2.9;0;0;0;0;388.25;411.63;98.64;28.46;33.46;33.79;2.32;1.98;2.72
2010;10;1;1.45;1.47;-2;-2;0;0;0;0;388.25;411.63;96.84;26.64;1.75;1.76;2.19;1.85;2.59
2010;10;2;0.05;0.05;-0.9;-0.9;0;0;0;0;388.25;411.63;95.14;24.92;1.79;1.81;2.07;1.73;2.61
2010;10;3;0.09;0.1;1.6;1.6;1.2;1.21;0;0;388.84;412.17;93.54;23.32;0;0;1.95;1.62;2.79
2010;10;4;2.64;2.75;1.3;1.3;1.1;1.09;0.02;0.03;389.56;412.84;92.03;21.82;0.28;0.32;2.03;1.7;2.8
2010;10;5;11.53;11.33;2.9;2.9;1.6;1.6;0.02;0.02;391.38;414.34;93.28;23.21;0.44;0.5;4.45;3.68;4.7
2010;10;6;0.03;0.03;3.4;3.4;1.74;1.73;0.05;0;389.64;412.88;94.41;24.46;0;0;5.39;4.04;4.47
2010;10;7;0.12;0.13;4.3;4.3;1.94;1.94;0.34;0.32;387.53;410.99;95.37;25.52;0;0;7.71;6.07;4.28
2010;10;8;0.38;0.4;4.1;4.1;1.9;1.89;0.6;0.61;385.25;408.89;96.11;26.32;0;0;7.67;5.9;4.16
2010;10;9;0.88;0.91;2.6;2.6;1.53;1.52;0.25;0.24;383.5;407.33;96.64;26.91;0;0;4.66;3.05;3.96
2010;10;10;0.15;0.16;1.4;1.4;1.15;1.13;0.02;0;381.76;405.79;97.01;27.3;0;0;3.59;2.6;3.5
2010;10;11;0;0;0.5;0.4;0.66;0.62;0.1;0.1;379.9;404.11;97.23;27.53;0;0;3.59;2.91;2.86
2010;10;12;0;0;0.1;0.1;0.32;0.32;0.1;0.11;378.05;402.44;97.31;27.62;0;0;3.2;2.55;2.37
2010;10;13;0;0;0.2;0.2;0.45;0.45;0.14;0.15;376.17;400.72;97.29;27.59;0;0;3.03;2.51;2.04
2010;10;14;0;0;0.2;0.2;0.43;0.45;0.14;0.15;374.31;399.02;97.18;27.45;0;0;3.01;2.51;1.94
2010;10;15;0.11;0.11;-1.8;-1.8;0;0;0;0;374.31;399.02;95.43;25.69;0.11;0.11;2.42;1.99;1.8
2010;10;16;6.44;6.44;-4.8;-4.8;0;0;0;0;374.31;399.02;93.79;24.04;6.55;6.55;2.05;1.69;1.55
2010;10;17;6;5.94;-6.2;-6.2;0;0;0;0;374.31;399.02;92.24;22.49;12.55;12.49;1.88;1.57;1.47
2010;10;18;0.26;0.24;-5.7;-5.7;0;0;0;0;374.31;399.02;90.78;21.05;12.81;12.73;1.77;1.46;1.47
2010;10;19;0.13;0.12;-5.8;-5.7;0;0;0;0;374.31;399.02;89.4;19.7;12.94;12.85;1.67;1.37;1.54
2010;10;20;7.01;6.79;-10.2;-10.1;0;0;0;0;374.31;399.02;88.09;18.43;19.95;19.64;1.58;1.28;1.47
2010;10;21;0.13;0.12;-11.5;-11.4;0;0;0;0;374.31;399.02;86.87;17.25;20.07;19.76;1.5;1.2;1.49
2010;10;22;0;0;-8.5;-8.4;0;0;0;0;374.31;399.02;85.7;16.14;20.07;19.76;1.41;1.12;1.38
2010;10;23;0.66;0.69;-5.4;-5.4;0;0;0;0;374.31;399.02;84.61;15.1;20.73;20.45;1.34;1.05;1.51
2010;10;24;9.79;9.9;-5.2;-5.1;0;0;0;0;374.31;399.02;83.57;14.13;30.52;30.35;1.27;0.98;1.5
2010;10;25;27.62;27.67;-8.4;-8.4;0;0;0;0;374.31;399.02;82.58;13.22;58.14;58.02;1.2;0.92;1.4
2010;10;26;0.11;0.1;-9.6;-9.6;0;0;0;0;374.31;399.02;81.65;12.38;58.25;58.12;1.14;0.86;1.41
2010;10;27;0;0;-8.6;-8.6;0;0;0;0;374.31;399.02;80.77;11.58;58.25;58.12;1.08;0.81;1.42
2010;10;28;0;0;-6.3;-6.3;0;0;0;0;374.31;399.02;79.93;10.84;58.25;58.12;1.02;0.75;1.41
2010;10;29;0;0;-6.8;-6.8;0;0;0;0;374.31;399.02;79.14;10.14;58.25;58.12;0.97;0.71;1.38
2010;10;30;0.75;0.78;-7.2;-7.1;0;0;0;0;374.31;399.02;78.39;9.49;59;58.9;0.92;0.66;1.4
2010;10;31;18.06;18.5;-4.7;-4.8;0;0;0;0;374.31;399.02;77.67;8.88;77.06;77.4;0.88;0.62;1.37
2010;11;1;8.92;9.19;-2.7;-2.7;0;0;0;0;374.31;399.02;76.99;8.31;85.98;86.59;0.83;0.58;1.42
2010;11;2;3.7;3.68;-2.1;-2.1;0;0;0;0;374.31;399.02;76.34;7.78;89.68;90.27;0.79;0.54;1.42
2010;11;3;0;0;-3;-3;0;0;0;0;374.31;399.02;75.72;7.28;89.68;90.27;0.76;0.51;1.42
2010;11;4;0.01;0.01;-3.8;-3.8;0;0;0;0;374.31;399.02;75.13;6.82;89.69;90.28;0.72;0.47;1.42
2010;11;5;0;0;-4.5;-4.5;0;0;0;0;374.31;399.02;74.57;6.38;89.69;90.28;0.69;0.44;1.37
2010;11;6;0;0;-5.7;-5.7;0;0;0;0;374.31;399.02;74.03;5.97;89.69;90.28;0.66;0.42;1.32
2010;11;7;10.78;10.79;-6.2;-6.2;0;0;0;0;374.31;399.02;73.52;5.59;100.46;101.07;0.63;0.39;1.27
2010;11;8;13.25;13.4;-7.9;-7.9;0;0;0;0;374.31;399.02;73.03;5.23;113.71;114.47;0.6;0.36;1.2
2010;11;9;1.06;1.09;-10.5;-10.5;0;0;0;0;374.31;399.02;72.55;4.9;114.77;115.56;0.57;0.34;1.14
2010;11;10;1.31;1.32;-11.7;-11.7;0;0;0;0;374.31;399.02;72.1;4.58;116.09;116.88;0.55;0.32;1.12
2010;11;11;0.64;0.61;-12.6;-12.6;0;0;0;0;374.31;399.02;71.67;4.29;116.72;117.49;0.53;0.3;1.09
2010;11;12;6.51;6.31;-5.1;-5.1;0;0;0;0;374.31;399.02;71.25;4.02;123.23;123.8;0.51;0.28;1.26
2010;11;13;0;0;-4.9;-4.9;0;0;0;0;374.31;399.02;70.85;3.76;123.23;123.8;0.49;0.26;1.21
2010;11;14;0.1;0.11;-5.5;-5.5;0;0;0;0;374.31;399.02;70.47;3.52;123.33;123.91;0.47;0.24;1.14
2010;11;15;6.75;6.92;-4.3;-4.3;0;0;0;0;374.31;399.02;70.1;3.29;130.08;130.83;0.45;0.23;1.15
2010;11;16;21.04;21.32;-4.3;-4.3;0;0;0;0;374.31;399.02;69.74;3.08;151.12;152.15;0.43;0.21;1.25
2010;11;17;0.54;0.55;-8.2;-8.2;0;0;0;0;374.31;399.02;69.4;2.89;151.66;152.7;0.42;0.2;1.12
2010;11;18;3.09;3.12;-10;-10;0;0;0;0;374.31;399.02;69.06;2.7;154.75;155.82;0.4;0.19;1.08
2010;11;19;4.71;4.69;-10.3;-10.3;0;0;0;0;374.31;399.02;68.74;2.53;159.45;160.51;0.39;0.18;1.03
2010;11;20;0.62;0.66;-13.2;-13.2;0;0;0;0;374.31;399.02;68.43;2.37;160.08;161.17;0.38;0.16;1.05
2010;11;21;8.18;8.34;-9.3;-9.3;0;0;0;0;374.31;399.02;68.12;2.22;168.25;169.51;0.37;0.15;1
2010;11;22;6.45;6.41;-9.2;-9.2;0;0;0;0;374.31;399.02;67.83;2.08;174.7;175.92;0.35;0.14;1.06
2010;11;23;1.17;1.07;-13;-13;0;0;0;0;374.31;399.02;67.55;1.95;175.87;176.99;0.34;0.14;0.97
2010;11;24;0.3;0.28;-17.7;-17.7;0;0;0;0;374.31;399.02;67.27;1.82;176.18;177.27;0.33;0.13;0.93
2010;11;25;0.29;0.3;-20.2;-20.2;0;0;0;0;374.31;399.02;67;1.71;176.47;177.57;0.33;0.12;0.97
2010;11;26;7.01;6.96;-18.6;-18.6;0;0;0;0;374.31;399.02;66.73;1.6;183.48;184.53;0.32;0.11;0.97
2010;11;27;0.37;0.37;-20.5;-20.5;0;0;0;0;374.31;399.02;66.48;1.5;183.84;184.9;0.31;0.1;0.94
2010;11;28;4.88;4.95;-15.7;-15.7;0;0;0;0;374.31;399.02;66.23;1.4;188.72;189.85;0.3;0.1;0.93
2010;11;29;2.22;2.17;-17.1;-17.1;0;0;0;0;374.31;399.02;65.98;1.32;190.94;192.02;0.29;0.09;0.91
2010;11;30;1.4;1.42;-20.1;-20.1;0;0;0;0;374.31;399.02;65.74;1.23;192.34;193.44;0.29;0.09;0.9
2010;12;1;10.39;10.47;-12.3;-12.3;0;0;0;0;374.31;399.02;65.51;1.16;202.72;203.91;0.28;0.08;0.89
2010;12;2;3.33;3.44;-14.9;-14.9;0;0;0;0;374.31;399.02;65.28;1.08;206.06;207.35;0.27;0.08;0.89
2010;12;3;1.65;1.66;-17.7;-17.7;0;0;0;0;374.31;399.02;65.06;1.01;207.71;209.01;0.27;0.07;0.88
2010;12;4;0.33;0.33;-19.6;-19.6;0;0;0;0;374.31;399.02;64.84;0.95;208.04;209.34;0.26;0.07;0.88
2010;12;5;1.58;1.58;-17.5;-17.5;0;0;0;0;374.31;399.02;64.62;0.89;209.62;210.92;0.26;0.06;0.88
2010;12;6;3.47;3.48;-9.8;-9.8;0;0;0;0;374.31;399.02;64.41;0.84;213.09;214.4;0.25;0.06;0.87
2010;12;7;1.28;1.27;-8.3;-8.3;0;0;0;0;374.31;399.02;64.2;0.78;214.37;215.67;0.25;0.05;0.87
2010;12;8;0.9;0.97;-5.8;-5.8;0;0;0;0;374.31;399.02;63.99;0.74;215.28;216.64;0.24;0.05;0.87
2010;12;9;3.52;3.35;-13.3;-13.3;0;0;0;0;374.31;399.02;63.79;0.69;218.79;219.99;0.24;0.05;0.86
2010;12;10;6.17;6.05;-18.2;-18.2;0;0;0;0;374.31;399.02;63.59;0.65;224.97;226.04;0.24;0.05;0.86
2010;12;11;7.3;7.21;-12.7;-12.7;0;0;0;0;374.31;399.02;63.4;0.61;232.26;233.25;0.23;0.04;0.85
2010;12;12;2.15;2.05;-16.2;-16.2;0;0;0;0;374.31;399.02;63.2;0.57;234.42;235.3;0.23;0.04;0.85
2010;12;13;2.15;2.07;-20.4;-20.4;0;0;0;0;374.31;399.02;63.01;0.54;236.57;237.37;0.23;0.04;0.85
2010;12;14;0.98;0.93;-24.1;-24.1;0;0;0;0;374.31;399.02;62.82;0.5;237.55;238.3;0.22;0.03;0.84
2010;12;15;1.15;1.09;-24.8;-24.8;0;0;0;0;374.31;399.02;62.63;0.47;238.7;239.39;0.22;0.03;0.84
2010;12;16;0.25;0.24;-27.5;-27.5;0;0;0;0;374.31;399.02;62.45;0.44;238.95;239.63;0.22;0.03;0.83
2010;12;17;4.01;3.97;-22.1;-22.1;0;0;0;0;374.31;399.02;62.27;0.42;242.96;243.6;0.21;0.03;0.83
2010;12;18;0.11;0.11;-26;-26;0;0;0;0;374.31;399.02;62.09;0.39;243.08;243.71;0.21;0.03;0.83
2010;12;19;0.18;0.18;-20.3;-20.3;0;0;0;0;374.31;399.02;61.91;0.37;243.25;243.89;0.21;0.03;0.82
2010;12;20;0.18;0.18;-17.3;-17.3;0;0;0;0;374.31;399.02;61.73;0.35;243.43;244.07;0.21;0.02;0.82
2010;12;21;1.69;1.74;-15.1;-15.1;0;0;0;0;374.31;399.02;61.55;0.33;245.12;245.81;0.21;0.02;0.82
2010;12;22;2.9;2.95;-7.9;-7.8;0;0;0;0;374.31;399.02;61.38;0.31;248.02;248.76;0.2;0.02;0.81
2010;12;23;9.26;9.54;-6.2;-6.1;0;0;0;0;374.31;399.02;61.21;0.29;257.28;258.3;0.2;0.02;0.81
2010;12;24;9.01;9.12;-6.6;-6.6;0;0;0;0;374.31;399.02;61.04;0.27;266.29;267.42;0.2;0.02;0.81
2010;12;25;4.12;4.09;-12.4;-12.4;0;0;0;0;374.31;399.02;60.87;0.26;270.41;271.51;0.2;0.02;0.8
2010;12;26;1.52;1.52;-17.6;-17.6;0;0;0;0;374.31;399.02;60.7;0.24;271.92;273.03;0.2;0.02;0.8
2010;12;27;0.02;0.02;-23.8;-23.8;0;0;0;0;374.31;399.02;60.53;0.23;271.94;273.05;0.19;0.02;0.79
2010;12;28;3.37;3.31;-16.8;-16.8;0;0;0;0;374.31;399.02;60.37;0.22;275.31;276.36;0.19;0.01;0.79
2010;12;29;1.11;1.09;-12.4;-12.4;0;0;0;0;374.31;399.02;60.2;0.2;276.42;277.45;0.19;0.01;0.79
2010;12;30;0.03;0.03;-16.7;-16.7;0;0;0;0;374.31;399.02;60.04;0.19;276.45;277.48;0.19;0.01;0.78
2010;12;31;0;0;-16.8;-16.8;0;0;0;0;374.31;399.02;59.88;0.18;276.45;277.48;0.19;0.01;0.78
2011;1;1;0;0;-14.2;-14.2;0;0;0;0;374.31;399.02;59.72;0.17;276.45;277.48;0.19;0.01;0.78
2011;1;2;0.4;0.37;-16.8;-16.8;0;0;0;0;374.31;399.02;59.55;0.16;276.84;277.85;0.19;0.01;0.77
2011;1;3;0.01;0.01;-22.1;-22.1;0;0;0;0;374.31;399.02;59.4;0.15;276.85;277.86;0.19;0.01;0.77
2011;1;4;0;0;-20.2;-20.1;0;0;0;0;374.31;399.02;59.24;0.15;276.85;277.86;0.18;0.01;0.76
2011;1;5;0;0;-20.2;-20.1;0;0;0;0;374.31;399.02;59.08;0.14;276.85;277.86;0.18;0.01;0.76
2011;1;6;1.48;1.47;-15.2;-15.2;0;0;0;0;374.31;399.02;58.92;0.13;278.34;279.33;0.18;0.01;0.76
2011;1;7;1.14;1.16;-9.5;-9.5;0;0;0;0;374.31;399.02;58.77;0.12;279.48;280.49;0.18;0.01;0.75
2011;1;8;1.19;1.25;-7.3;-7.3;0;0;0;0;374.31;399.02;58.61;0.12;280.67;281.74;0.18;0.01;0.75
2011;1;9;1;1.06;-9;-9;0;0;0;0;374.31;399.02;58.45;0.11;281.67;282.8;0.18;0.01;0.75
2011;1;10;2.5;2.58;-9.5;-9.5;0;0;0;0;374.31;399.02;58.3;0.11;284.17;285.38;0.18;0.01;0.74
2011;1;11;1;1.01;-11;-10.9;0;0;0;0;374.31;399.02;58.15;0.1;285.17;286.39;0.18;0.01;0.74
2011;1;12;4.37;4.28;-9.2;-9.2;0;0;0;0;374.31;399.02;57.99;0.1;289.53;290.67;0.18;0.01;0.74
2011;1;13;7.72;7.51;-4.8;-4.8;0;0;0;0;374.31;399.02;57.84;0.09;297.25;298.18;0.18;0.01;0.73
2011;1;14;0.13;0.12;-5.5;-5.5;0;0;0;0;374.31;399.02;57.69;0.09;297.38;298.3;0.18;0.01;0.73
2011;1;15;1.22;1.17;-7.5;-7.5;0;0;0;0;374.31;399.02;57.54;0.08;298.6;299.46;0.17;0.01;0.72
2011;1;16;0;0;-7.2;-7.2;0;0;0;0;374.31;399.02;57.39;0.08;298.6;299.46;0.17;0.01;0.72
2011;1;17;0;0;-8.7;-8.7;0;0;0;0;374.31;399.02;57.24;0.08;298.6;299.46;0.17;0.01;0.72
2011;1;18;0;0;-11.5;-11.5;0;0;0;0;374.31;399.02;57.09;0.08;298.6;299.46;0.17;0.01;0.71
2011;1;19;2.13;2.05;-14.7;-14.7;0;0;0;0;374.31;399.02;56.94;0.07;300.74;301.51;0.17;0;0.71
2011;1;20;0.42;0.4;-19.3;-19.3;0;0;0;0;374.31;399.02;56.79;0.07;301.15;301.92;0.17;0;0.7
2011;1;21;0.57;0.53;-20.8;-20.8;0;0;0;0;374.31;399.02;56.65;0.07;301.72;302.44;0.17;0;0.7
2011;1;22;0.03;0.02;-20.1;-20.2;0;0;0;0;374.31;399.02;56.5;0.06;301.75;302.46;0.17;0;0.7
2011;1;23;0;0;-20.4;-20.4;0;0;0;0;374.31;399.02;56.35;0.06;301.75;302.46;0.17;0;0.69
2011;1;24;1.3;1.21;-18.7;-18.7;0;0;0;0;374.31;399.02;56.21;0.06;303.04;303.68;0.17;0;0.69
2011;1;25;1.03;0.99;-18.3;-18.3;0;0;0;0;374.31;399.02;56.06;0.06;304.07;304.67;0.17;0;0.69
2011;1;26;0.92;0.88;-16.5;-16.5;0;0;0;0;374.31;399.02;55.92;0.06;304.99;305.55;0.17;0;0.68
2011;1;27;0.21;0.22;-17.9;-17.9;0;0;0;0;374.31;399.02;55.77;0.05;305.2;305.76;0.17;0;0.68
2011;1;28;0.46;0.48;-15.7;-15.7;0;0;0;0;374.31;399.02;55.63;0.05;305.66;306.25;0.17;0;0.68
2011;1;29;0.37;0.38;-14.2;-14.2;0;0;0;0;374.31;399.02;55.48;0.05;306.03;306.62;0.17;0;0.67
2011;1;30;0;0;-14.2;-14.2;0;0;0;0;374.31;399.02;55.34;0.05;306.03;306.62;0.17;0;0.67
2011;1;31;0;0;-15.3;-15.3;0;0;0;0;374.31;399.02;55.2;0.05;306.03;306.62;0.16;0;0.66
2011;2;1;0;0;-13.5;-13.5;0;0;0;0;374.31;399.02;55.05;0.05;306.03;306.62;0.16;0;0.66
2011;2;2;0;0;-14.5;-14.5;0;0;0;0;374.31;399.02;54.91;0.04;306.03;306.62;0.16;0;0.66
2011;2;3;0.04;0.04;-13.3;-13.3;0;0;0;0;374.31;399.02;54.77;0.04;306.07;306.66;0.16;0;0.65
2011;2;4;0;0;-11.4;-11.4;0;0;0;0;374.31;399.02;54.63;0.04;306.07;306.66;0.16;0;0.65
2011;2;5;0;0;-8.7;-8.7;0;0;0;0;374.31;399.02;54.49;0.04;306.07;306.66;0.16;0;0.65
2011;2;6;0;0;-8.2;-8.2;0;0;0;0;374.31;399.02;54.35;0.04;306.07;306.66;0.16;0;0.64
2011;2;7;0;0;-7.9;-7.9;0;0;0;0;374.31;399.02;54.21;0.04;306.07;306.66;0.16;0;0.64
2011;2;8;0;0;-9.3;-9.3;0;0;0;0;374.31;399.02;54.07;0.04;306.07;306.66;0.16;0;0.64
2011;2;9;0;0;-9.9;-9.9;0;0;0;0;374.31;399.02;53.93;0.04;306.07;306.66;0.16;0;0.63
2011;2;10;0;0;-8.9;-8.9;0;0;0;0;374.31;399.02;53.79;0.04;306.07;306.66;0.16;0;0.63
2011;2;11;0;0;-8.5;-8.5;0;0;0;0;374.31;399.02;53.66;0.04;306.07;306.66;0.16;0;0.63
2011;2;12;0.01;0.01;-9.7;-9.7;0;0;0;0;374.31;399.02;53.52;0.04;306.09;306.67;0.16;0;0.62
2011;2;13;0.35;0.38;-9.4;-9.4;0;0;0;0;374.31;399.02;53.38;0.04;306.44;307.05;0.16;0;0.62
2011;2;14;0.11;0.12;-10.1;-10;0;0;0;0;374.31;399.02;53.24;0.04;306.55;307.17;0.16;0;0.62
2011;2;15;1.44;1.5;-10;-10;0;0;0;0;374.31;399.02;53.11;0.04;307.98;308.67;0.16;0;0.61
2011;2;16;5.76;5.93;-9.5;-9.5;0;0;0;0;374.31;399.02;52.97;0.04;313.74;314.6;0.16;0;0.61
2011;2;17;1.54;1.58;-8.8;-8.8;0;0;0;0;374.31;399.02;52.83;0.04;315.28;316.18;0.16;0;0.61
2011;2;18;0.93;0.88;-9.8;-9.8;0;0;0;0;374.31;399.02;52.7;0.03;316.21;317.06;0.16;0;0.6
2011;2;19;0.1;0.1;-10.8;-10.8;0;0;0;0;374.31;399.02;52.56;0.03;316.32;317.16;0.16;0;0.6
2011;2;20;3.56;3.54;-10.3;-10.3;0;0;0;0;374.31;399.02;52.43;0.03;319.87;320.7;0.16;0;0.6
2011;2;21;2.12;2;-12.3;-12.3;0;0;0;0;374.31;399.02;52.29;0.03;322;322.7;0.15;0;0.59
2011;2;22;1.2;1.14;-15.7;-15.6;0;0;0;0;374.31;399.02;52.16;0.03;323.2;323.84;0.15;0;0.59
2011;2;23;0.08;0.08;-18.9;-18.9;0;0;0;0;374.31;399.02;52.03;0.03;323.28;323.92;0.15;0;0.58
2011;2;24;1.25;1.23;-14.9;-14.9;0;0;0;0;374.31;399.02;51.89;0.03;324.54;325.15;0.15;0;0.58
2011;2;25;2.59;2.49;-11.4;-11.4;0;0;0;0;374.31;399.02;51.76;0.03;327.12;327.64;0.15;0;0.58
2011;2;26;1.06;1.06;-11.4;-11.4;0;0;0;0;374.31;399.02;51.63;0.03;328.19;328.7;0.15;0;0.57
2011;2;27;10.27;10.15;-11;-11;0;0;0;0;374.31;399.02;51.49;0.03;338.46;338.85;0.15;0;0.57
2011;2;28;1.35;1.35;-10.3;-10.3;0;0;0;0;374.31;399.02;51.36;0.03;339.81;340.2;0.15;0;0.57
2011;3;1;0;0;-10;-10;0;0;0;0;374.31;399.02;51.23;0.03;339.81;340.2;0.15;0;0.56
2011;3;2;0.3;0.31;-12.6;-12.6;0;0;0;0;374.31;399.02;51.1;0.03;340.11;340.51;0.15;0;0.56
2011;3;3;0.51;0.53;-11.5;-11.5;0;0;0;0;374.31;399.02;50.97;0.03;340.62;341.04;0.15;0;0.56
2011;3;4;0;0;-10.2;-10.2;0;0;0;0;374.31;399.02;50.84;0.03;340.62;341.04;0.15;0;0.55
2011;3;5;0.03;0.03;-9.4;-9.4;0;0;0;0;374.31;399.02;50.71;0.03;340.65;341.07;0.15;0;0.55
2011;3;6;0.02;0.02;-9.6;-9.6;0;0;0;0;374.31;399.02;50.58;0.03;340.68;341.09;0.15;0;0.55
2011;3;7;0;0;-11.2;-11.2;0;0;0;0;374.31;399.02;50.45;0.03;340.68;341.09;0.15;0;0.54
2011;3;8;0;0;-10.1;-10.1;0;0;0;0;374.31;399.02;50.32;0.03;340.68;341.09;0.15;0;0.54
2011;3;9;0;0;-10.1;-10.1;0;0;0;0;374.31;399.02;50.19;0.03;340.68;341.09;0.15;0;0.54
2011;3;10;0;0;-10.3;-10.3;0;0;0;0;374.31;399.02;50.06;0.03;340.68;341.09;0.15;0;0.54
2011;3;11;0;0;-7.8;-7.8;0;0;0;0;374.31;399.02;49.93;0.03;340.68;341.09;0.15;0;0.54
2011;3;12;0.88;0.92;-7.2;-7.2;0;0;0;0;374.31;399.02;49.81;0.03;341.56;342.01;0.15;0;0.54
2011;3;13;3.3;3.41;-7.1;-7.1;0;0;0;0;374.31;399.02;49.68;0.03;344.85;345.42;0.15;0;0.54
2011;3;14;1.21;1.24;-5.3;-5.3;0;0;0;0;374.31;399.02;49.55;0.03;346.07;346.66;0.15;0;0.54
2011;3;15;1.56;1.62;-5.9;-5.9;0;0;0;0;374.31;399.02;49.42;0.03;347.62;348.28;0.15;0;0.54
2011;3;16;9.53;9.74;-4.4;-4.4;0;0;0;0;374.31;399.02;49.3;0.03;357.15;358.02;0.15;0;0.54
2011;3;17;17.37;17.12;-4.7;-4.7;0;0;0;0;374.31;399.02;49.17;0.03;374.52;375.14;0.15;0;0.53
2011;3;18;3.44;3.31;-6.4;-6.4;0;0;0;0;374.31;399.02;49.05;0.03;377.95;378.45;0.14;0;0.53
2011;3;19;2.31;2.25;-8.2;-8.2;0;0;0;0;374.31;399.02;48.92;0.03;380.27;380.7;0.14;0;0.53
2011;3;20;0.02;0.02;-11;-11;0;0;0;0;374.31;399.02;48.8;0.03;380.29;380.72;0.14;0;0.53
2011;3;21;0;0;-11.7;-11.7;0;0;0;0;374.31;399.02;48.67;0.03;380.29;380.72;0.14;0;0.53
2011;3;22;0;0;-7.9;-7.9;0;0;0;0;374.31;399.02;48.55;0.03;380.29;380.72;0.14;0;0.53
2011;3;23;0;0;-5.9;-5.9;0;0;0;0;374.31;399.02;48.42;0.03;380.29;380.72;0.14;0;0.53
2011;3;24;0;0;-4.6;-4.6;0;0;0;0;374.31;399.02;48.3;0.03;380.29;380.72;0.14;0;0.53
2011;3;25;0;0;-5.6;-5.6;0;0;0;0;374.31;399.02;48.17;0.03;380.29;380.72;0.14;0;0.53
2011;3;26;0.14;0.12;-7.3;-7.3;0;0;0;0;374.31;399.02;48.05;0.03;380.43;380.84;0.14;0;0.53
2011;3;27;2.28;2.22;-7.3;-7.3;0;0;0;0;374.31;399.02;47.93;0.03;382.71;383.06;0.14;0;0.53
2011;3;28;2.96;2.91;-7;-7;0;0;0;0;374.31;399.02;47.8;0.03;385.67;385.97;0.14;0;0.52
2011;3;29;0;0;-6.7;-6.7;0;0;0;0;374.31;399.02;47.68;0.03;385.67;385.97;0.14;0;0.52
2011;3;30;0.2;0.17;-7.6;-7.6;0;0;0;0;374.31;399.02;47.56;0.03;385.86;386.14;0.14;0;0.52
2011;3;31;1.91;1.86;-5.9;-5.9;0;0;0;0;374.31;399.02;47.44;0.03;387.77;388;0.14;0;0.52
2011;4;1;0.28;0.27;-2.8;-2.8;0;0;0;0;374.31;399.02;47.32;0.03;388.05;388.27;0.14;0;0.52
2011;4;2;0;0;-1.4;-1.4;0;0;0;0;374.31;399.02;47.2;0.03;388.05;388.27;0.14;0;0.52
2011;4;3;0.01;0.01;-0.7;-0.7;0;0;0;0;374.31;399.02;47.08;0.03;388.06;388.28;0.14;0;0.52
2011;4;4;5.19;5.09;-4.2;-4.2;0;0;0;0;374.31;399.02;46.95;0.03;393.25;393.37;0.14;0;0.52
2011;4;5;0.45;0.43;-4.9;-4.9;0;0;0;0;374.31;399.02;46.84;0.03;393.7;393.8;0.14;0;0.52
2011;4;6;0.02;0.02;-1.6;-1.6;0;0;0;0;374.31;399.02;46.72;0.03;393.72;393.82;0.14;0;0.57
2011;4;7;0.04;0.04;1;1.1;1.2;1.24;0.19;0.19;374.46;399.19;46.6;0.03;393.1;393.13;0.14;0;0.72
2011;4;8;0.01;0.01;0.2;0.2;0.48;0.55;0.07;0.08;374.52;399.26;46.48;0.03;392.86;392.86;0.14;0;0.92
2011;4;9;0;0;-1.6;-1.6;0;0;0;0;374.52;399.26;46.36;0.03;392.86;392.86;0.14;0;1
2011;4;10;0.01;0.01;-2.2;-2.2;0;0;0;0;374.52;399.26;46.24;0.03;392.87;392.87;0.14;0;0.97
2011;4;11;0;0;-1.2;-1.2;0;0;0;0;374.52;399.26;46.12;0.03;392.87;392.87;0.14;0;0.87
2011;4;12;6.45;6.16;-5.3;-5.3;0;0;0;0;374.52;399.26;46;0.03;399.32;399.03;0.14;0;0.73
2011;4;13;1.02;0.96;-11.4;-11.4;0;0;0;0;374.52;399.26;45.88;0.03;400.35;399.99;0.14;0;0.54
2011;4;14;0.97;0.96;-9.4;-9.4;0;0;0;0;374.52;399.26;45.77;0.03;401.32;400.95;0.14;0;0.44
2011;4;15;0.33;0.33;-8.7;-8.7;0;0;0;0;374.52;399.26;45.65;0.03;401.65;401.28;0.13;0;0.41
2011;4;16;0.02;0.02;-5.5;-5.5;0;0;0;0;374.52;399.26;45.53;0.03;401.68;401.3;0.13;0;0.42
2011;4;17;0;0;-3.7;-3.7;0;0;0;0;374.52;399.26;45.42;0.03;401.68;401.3;0.13;0;0.47
2011;4;18;0.04;0.04;-2.4;-2.4;0;0;0;0;374.52;399.26;45.3;0.03;401.71;401.34;0.13;0;0.57
2011;4;19;0.08;0.08;-2.2;-2.2;0;0;0;0;374.52;399.26;45.19;0.03;401.79;401.42;0.13;0;0.73
2011;4;20;0;0;-1.1;-1.1;0;0;0;0;374.52;399.26;45.07;0.03;401.79;401.42;0.13;0;0.82
2011;4;21;0.01;0.01;-0.9;-0.9;0;0;0;0;374.52;399.26;44.95;0.03;401.8;401.43;0.13;0;0.98
2011;4;22;0.01;0.01;-1.1;-1.1;0;0;0;0;374.52;399.26;44.84;0.03;401.81;401.44;0.13;0;1.04
2011;4;23;0.89;0.91;-1.6;-1.6;0;0;0;0;374.52;399.26;44.73;0.03;402.7;402.35;0.13;0;1.04
2011;4;24;5.19;5.24;-2;-2;0;0;0;0;374.52;399.26;44.61;0.03;407.89;407.59;0.13;0;1.07
2011;4;25;0.75;0.72;-2.2;-2.2;0;0;0;0;374.52;399.26;44.5;0.03;408.64;408.31;0.13;0;1.09
2011;4;26;0.74;0.7;-3.7;-3.7;0;0;0;0;374.52;399.26;44.38;0.03;409.38;409.01;0.13;0;1.22
2011;4;27;2.77;2.79;-4.2;-4.2;0;0;0;0;374.52;399.26;44.27;0.03;412.15;411.8;0.13;0;1.08
2011;4;28;2.31;2.31;-4.1;-4.1;0;0;0;0;374.52;399.26;44.16;0.03;414.46;414.11;0.13;0;1.03
2011;4;29;3.3;3.3;-3.6;-3.6;0;0;0;0;374.52;399.26;44.04;0.03;417.76;417.41;0.13;0;0.98
2011;4;30;1.56;1.5;-4;-4;0;0;0;0;374.52;399.26;43.93;0.03;419.32;418.91;0.13;0;0.97
2011;5;1;2.66;2.64;-3.6;-3.6;0;0;0;0;374.52;399.26;43.82;0.03;421.97;421.55;0.13;0;0.95
2011;5;2;4.46;4.4;-3.3;-3.3;0;0;0;0;374.52;399.26;43.71;0.03;426.44;425.95;0.13;0;0.97
2011;5;3;2.67;2.62;-3.7;-3.6;0;0;0;0;374.52;399.26;43.59;0.03;429.11;428.57;0.13;0;0.93
2011;5;4;0.16;0.14;-5.4;-5.4;0;0;0;0;374.52;399.26;43.48;0.03;429.26;428.71;0.13;0;0.81
2011;5;5;0;0;-4;-4;0;0;0;0;374.52;399.26;43.37;0.03;429.26;428.71;0.13;0;0.84
2011;5;6;0;0;-0.9;-0.9;0;0;0;0;374.52;399.26;43.26;0.03;429.26;428.71;0.13;0;1.02
2011;5;7;0.49;0.5;1.3;1.3;1.51;1.54;0.23;0.23;374.79;399.56;43.15;0.03;428.7;428.05;0.13;0;1.48
2011;5;8;0.21;0.21;1.1;1.1;1.41;1.42;0.22;0.22;375.45;400.31;43.04;0.03;426.64;425.73;0.16;0.03;2.12
2011;5;9;0.01;0.01;1.4;1.4;1.57;1.6;0.25;0.24;375.26;400.1;44.63;1.96;422.72;421.32;1.11;0.98;2.37
2011;5;10;0.47;0.48;2.1;2.2;1.96;1.98;0.3;0.3;375.81;401.05;46.13;3.77;415.92;413.7;2.61;2.47;2.57
2011;5;11;2.37;2.45;1.8;1.8;1.79;1.8;0.24;0.24;376.72;401.85;47.63;5.58;410.69;408.55;3.58;3.39;2.71
2011;5;12;7.74;7.69;1.2;1.2;1.46;1.48;0.12;0.12;376.67;401.8;49.16;7.38;413.54;411.32;3.61;3.33;3
2011;5;13;0.8;0.83;1.5;1.5;1.64;1.65;0.2;0.19;376.88;401.88;50.67;9.14;408.79;406.75;3.49;3.15;4.24
2011;5;14;16.84;17.03;1.5;1.5;1.64;1.65;0;0;377.03;401.88;52.15;10.81;420.49;418.84;3.55;3.16;4.63
2011;5;15;11.54;11.41;-5.4;-5.4;0;0;0;0;377.03;401.88;51.42;10.12;432.03;430.25;2.41;2.04;3.32
2011;5;16;1.1;1.02;-5.5;-5.5;0;0;0;0;377.03;401.88;50.74;9.47;433.13;431.27;1.18;0.88;2.31
2011;5;17;0.68;0.67;-3.4;-3.3;0;0;0;0;377.03;401.88;50.1;8.87;433.8;431.94;0.85;0.63;1.65
2011;5;18;1.53;1.56;-0.6;-0.6;0;0;0;0;377.03;401.88;49.49;8.3;435.33;433.5;0.78;0.58;1.95
2011;5;19;1.05;0.99;1.4;1.4;1.58;1.6;0.19;0.18;377.27;402.15;48.91;7.77;435.44;433.45;0.73;0.54;2.58
2011;5;20;3.51;3.45;1.2;1.3;1.51;1.54;0.15;0.15;377.73;402.67;48.37;7.27;437.34;435.11;0.7;0.51;3.6
2011;5;21;4.93;4.93;1.2;1.2;1.46;1.48;0.13;0.13;377.16;402.03;50.23;9.5;439.53;436.96;1.39;1.2;4.74
2011;5;22;5.75;5.77;1.3;1.3;1.52;1.54;0.13;0.12;376.55;401.73;51.94;11.42;441.62;438.61;2.37;2.18;5.46
2011;5;23;1.76;1.84;2.6;2.6;2.14;2.15;0.25;0.23;378.17;402.92;53.51;13.18;434.04;431.53;3.68;3.42;6.19
2011;5;24;3.58;3.64;2.8;2.9;2.24;2.26;0.23;0.22;381.25;405.66;55.11;14.95;423.63;421.17;5.61;5.22;6.81
2011;5;25;1.65;1.74;4;4;2.64;2.63;0.31;0.29;386.33;409.96;56.89;16.9;405.21;403.25;7.93;7.39;7.3
2011;5;26;5.97;6.11;4.2;4.2;2.69;2.7;0.18;0.16;393.04;415.73;59.04;19.21;385.14;383.67;10.62;9.91;8.53
2011;5;27;27.69;27.71;0.5;0.6;1;1.06;0;0;391.95;414.92;61.45;21.76;410.13;408.4;8.79;8.02;8.81
2011;5;28;1.64;1.58;-2.3;-2.2;0;0;0;0;390.12;413.31;63.73;24.14;411.77;409.98;5.08;4.41;4.63
2011;5;29;0;0;2.6;2.7;2.17;2.18;0.22;0.2;390.72;413.81;65.7;26.17;403.9;402.17;4.64;4.07;3.28
2011;5;30;1.34;1.21;5;5;2.93;2.93;0.28;0.25;395.55;417.4;67.56;28.06;384.76;384.27;7.5;6.86;4.74
2011;5;31;10.9;10.56;3.5;3.5;2.46;2.47;0.08;0.08;400.44;420.92;69.6;30.11;374.31;375.15;10.3;9.43;6.65
2011;6;1;4.14;4.13;1.5;1.6;1.69;1.73;0.13;0.12;400;420.58;71.77;32.26;373.17;374.01;9.19;8.2;6.05
2011;6;2;1.99;2.01;2.8;2.8;2.24;2.26;0.2;0.18;401.04;421.33;73.87;34.29;365.02;366.36;7.77;6.84;5.98
2011;6;3;2.01;1.93;3.6;3.6;2.54;2.54;0.23;0.21;403.27;422.85;75.87;36.19;353.01;355.41;8.37;7.46;6.97
2011;6;4;1.24;1.26;3.2;3.2;2.41;2.4;0.23;0.2;404.8;423.81;77.82;38.01;342.3;345.79;8.9;7.91;7.08
2011;6;5;1.43;1.44;3.2;3.2;2.42;2.4;0.23;0.2;406.45;424.76;79.74;39.76;331.32;336.22;9.02;7.95;7.45
2011;6;6;7.08;7.18;1.8;1.8;1.84;1.83;0.11;0.1;406.47;424.65;81.56;41.37;331.27;336.78;8.4;7.31;6.12
2011;6;7;8.28;8.4;0.8;0.8;1.24;1.24;0.06;0.06;405.31;423.69;83.19;42.75;336.56;342.25;6.98;5.98;4.93
2011;6;8;10.17;10.07;1.9;1.9;1.86;1.87;0.07;0.07;405.33;423.8;84.57;43.86;339.36;344.96;6.72;5.85;5.72
2011;6;9;7.17;7.17;0.6;0.6;1.05;1.08;0.06;0.06;403.88;422.64;85.71;44.73;344.54;350.02;6.29;5.5;5.43
2011;6;10;4.76;4.84;1;1;1.35;1.38;0.1;0.09;402.78;421.77;86.59;45.34;346.1;351.61;5.71;5;5.03
2011;6;11;6.64;6.67;0.3;0.3;0.68;0.78;0.05;0.06;401.11;420.42;87.22;45.68;351.67;357.07;5.25;4.6;5.45
2011;6;12;0.7;0.72;2;2;1.91;1.92;0.19;0.17;401.05;420.32;87.65;45.83;345.83;351.52;5.71;5.09;4.89
2011;6;13;7.96;7.95;1.3;1.3;1.55;1.56;0.08;0.08;400.5;419.87;87.96;45.86;348.94;354.74;6.25;5.59;5.42
2011;6;14;1.24;1.23;1.9;1.9;1.87;1.87;0.18;0.16;400.4;419.68;88.21;45.84;343.93;350.12;6.47;5.79;5.92
2011;6;15;0.31;0.32;4;4;2.68;2.67;0.2;0.16;402.22;420.8;88.49;45.84;331.95;339.5;7.57;6.8;6.66
2011;6;16;8.19;8;5;5;2.98;2.98;0.11;0.1;406.94;424.19;89;46.06;317.83;327.39;10.32;9.32;8.19
2011;6;17;4.26;4.43;5.2;5.2;3.04;3.03;0.18;0.14;410.6;426.7;89.91;46.66;302.3;314.26;12.24;10.94;9.84
2011;6;18;23.5;23.39;2.9;2.9;2.3;2.29;0;0;415.11;429.88;91.27;47.68;302.12;316.64;13.51;11.93;17.62
2011;6;19;0.34;0.31;-2.5;-2.4;0;0;0;0;413.07;428.21;92.84;48.87;302.46;316.95;10.78;9.17;9.11
2011;6;20;0.02;0.02;0.4;0.4;0.84;0.89;0.06;0.06;411.07;426.56;94.22;49.82;302.36;316.85;6.95;5.65;5.68
2011;6;21;2.08;2.2;5.1;5.1;3;3;0.2;0.16;413.17;427.89;95.34;50.49;289.32;305.92;7.72;6.59;7.74
2011;6;22;8.89;9;6.3;6.3;3.33;3.32;0.12;0.1;418.37;431.69;96.56;51.25;270.85;290.63;12.03;10.64;13.13
2011;6;23;8.52;8.65;4.5;4.5;2.82;2.83;0.11;0.08;421.61;434.26;98.17;52.37;257.44;279.2;14.76;12.98;15.4
2011;6;24;0.63;0.59;1.1;1.1;1.45;1.44;0.11;0.08;420.31;433.13;99.99;53.65;254.72;276.96;12.16;10.33;9.44
2011;6;25;0.66;0.63;1.1;1.1;1.46;1.44;0.11;0.08;419.03;431.98;101.61;54.71;252.09;274.91;8.69;7.13;7.19
2011;6;26;0.05;0.05;6.4;6.4;3.36;3.35;0.24;0.2;421.4;433.55;103;55.52;234.02;259.39;9.67;8.21;17.19
2011;6;27;0;0;9.3;9.3;4;4;0.25;0.25;424.88;436.65;104.5;56.41;209.38;235.87;13.48;11.82;15.99
2011;6;28;0;0;9.2;9.3;4;4;0.11;0.12;426.97;439.31;106.32;57.63;188.39;213.29;15.97;14.23;20.01
2011;6;29;2.77;2.82;7.7;7.7;3.65;3.66;0.15;0.09;427.01;440.02;108.35;59.12;179.22;202.91;15.93;13.24;19.3
2011;6;30;11.23;11.03;3;3;2.33;2.33;0.05;0.02;427.25;440.42;110.35;60.6;178.73;202.36;14.74;11.71;22.03
2011;7;1;2.08;2;-0.8;-0.8;0;0;0;0;425.14;438.7;112.06;61.82;180.81;204.36;10.64;8.8;9.3
2011;7;2;0.65;0.6;-2.9;-2.9;0;0;0;0;423.04;437;113.29;62.55;181.47;204.96;7.23;6.16;6.31
2011;7;3;0;0;0.2;0.2;0.65;0.64;0.07;0.06;421.11;435.42;113.99;62.75;180.75;204.28;6.15;5.27;6.31
2011;7;4;0.14;0.14;4.6;4.6;2.88;2.88;0.08;0.09;420.1;434.78;114.3;62.57;175.8;199.03;6.72;5.91;9.19
2011;7;5;0.2;0.19;4.7;4.7;2.91;2.91;0.14;0.09;419.06;434.3;114.39;62.19;170.57;193.12;8.26;6.78;11.07
2011;7;6;0.2;0.21;5.8;5.8;3.21;3.22;0.22;0.1;418.25;434.17;114.38;61.75;163.9;185.56;9.88;7.55;11.34
2011;7;7;7;7.11;6.2;6.2;3.34;3.32;0.14;0.06;419.19;435.61;114.4;61.39;156.51;177.2;12.11;9.36;14.28
2011;7;8;3.32;3.43;5.7;5.7;3.21;3.19;0.18;0.08;419.12;436.13;114.58;61.24;149.6;169.38;13.16;10.23;20.38
2011;7;9;2.67;2.61;7.1;7.1;3.55;3.55;0.2;0.09;419.27;436.87;114.91;61.28;140.88;159.5;13.29;10.2;18.98
2011;7;10;4.93;4.67;7;7;3.53;3.52;0.15;0.08;420;437.98;115.38;61.5;132.13;149.6;14.06;10.77;14.98
2011;7;11;2.52;2.61;6.5;6.5;3.39;3.4;0.2;0.09;419.92;438.5;115.97;61.87;123.95;140.33;14.05;10.85;17.4
2011;7;12;0.75;0.78;8.4;8.4;3.85;3.84;0.25;0.11;419.89;439.18;116.63;62.34;113.32;128.3;14.09;10.68;19.04
2011;7;13;13.74;14.19;7.5;7.5;3.65;3.64;0.07;0.02;422.5;442.13;117.46;63.01;103.61;117.31;16.87;13.18;26.22
2011;7;14;11.07;11.05;4.7;4.7;2.91;2.91;0.06;0.03;423.8;443.53;118.57;64;97.51;110.4;17.75;14.59;28.2
2011;7;15;1.63;1.64;2.1;2.1;1.98;1.98;0.08;0.06;422.37;442.43;119.75;65.07;95.68;108.33;13.42;11.63;22.7
2011;7;16;1.1;1.14;3.4;3.4;2.5;2.49;0.11;0.07;421.18;441.63;120.7;65.89;91.9;104.05;10.15;8.71;13.01
2011;7;17;16.48;16.52;4.6;4.5;2.87;2.85;0;0;423.6;443.91;121.5;66.54;86.46;97.89;13.42;11.22;15.52
2011;7;18;12.73;13;1;1;1.37;1.39;0.04;0.03;422.37;442.87;122.29;67.18;95.13;106.76;12.93;11.23;14.03
2011;7;19;8.23;8.29;1.2;1.2;1.55;1.52;0.08;0.07;421.38;441.81;122.91;67.62;98.94;111.1;9.49;8.61;7.28
2011;7;20;9.78;9.58;-1.5;-1.4;0;0;0;0;419.38;440.1;123.19;67.69;108.72;120.68;7.5;6.75;5.73
2011;7;21;2.38;2.31;0.3;0.3;0.69;0.78;0.08;0.08;417.52;438.54;123.11;67.36;110.26;122.03;6.43;5.75;4.99
2011;7;22;1.74;1.73;0.8;0.8;1.24;1.25;0.12;0.1;416.1;437.3;122.72;66.7;109.43;121.21;6.41;5.79;4.94
2011;7;23;6.63;6.66;0.3;0.3;0.78;0.78;0.06;0.06;414.43;435.85;122.11;65.79;114.68;126.51;6.4;5.79;5.22
2011;7;24;5.25;5.11;-1.6;-1.6;0;0;0;0;414.43;435.85;118.21;61.56;119.93;131.62;5.45;4.9;3.8
2011;7;25;2.73;2.72;-0.8;-0.8;0;0;0;0;414.43;435.85;114.55;57.61;122.67;134.34;4.54;4.08;2.9
2011;7;26;0.98;0.95;0.9;0.9;1.3;1.32;0.12;0.12;413.39;434.59;114.05;57.22;121.44;132.99;4.69;4.3;2.91
2011;7;27;3.6;3.64;1.3;1.3;1.58;1.57;0.13;0.11;412.59;433.76;113.66;56.6;120.36;132.26;5.77;5.35;3.32
2011;7;28;6.06;6.06;1.5;1.5;1.69;1.69;0.08;0.07;411.95;433.05;113.18;55.89;121.23;133.47;6.6;6.07;4.14
2011;7;29;0.68;0.66;2.3;2.3;2.07;2.07;0.15;0.12;411.59;432.35;112.69;55.17;116.17;129.26;6.97;6.32;4.59
2011;7;30;0.42;0.38;1.7;1.7;1.78;1.79;0.13;0.11;410.75;431.42;112.21;54.44;112.43;125.99;6.87;6.14;4.01
2011;7;31;0.09;0.1;2.8;2.8;2.27;2.27;0.12;0.12;410.43;430.97;111.74;53.72;106.24;120.2;7.03;6.27;4.98
2011;8;1;0.19;0.2;4.8;4.8;2.7;2.7;0.07;0.08;409.57;430.48;111.32;53.03;101.4;114.8;7.26;6.52;8.27
2011;8;2;0;0;5.8;5.8;2.95;2.96;0.13;0.09;408.88;430.29;110.95;52.41;95.28;107.88;8.19;6.66;10.04
2011;8;3;9.7;9.82;6.2;6.2;3.05;3.05;0.08;0.04;410.82;432.44;110.75;52;88.36;100.03;11.29;8.87;13.6
2011;8;4;5.25;5.18;4.8;4.8;2.7;2.7;0.11;0.06;411.27;433.14;110.84;51.92;82.83;93.78;12.36;9.91;12.91
2011;8;5;3.13;3.25;5;5;2.75;2.75;0.14;0.07;411.19;433.5;111.15;52.09;76.94;87.11;11.56;9.22;12.41
2011;8;6;1.64;1.75;6.6;6.6;3.15;3.14;0.18;0.09;411.14;434;111.59;52.41;69.02;78.14;11.47;8.84;16.01
2011;8;7;18.26;18.29;6.4;6.4;3.1;3.1;0;0;415.26;437.88;112.27;53.01;61.04;69.11;14.88;11.92;17.73
2011;8;8;9.78;9.93;3.3;3.3;2.26;2.26;0.06;0.03;415.83;438.48;113.31;53.99;59.12;66.93;15.2;12.64;17.28
2011;8;9;2.8;2.67;-0.8;-0.8;0;0;0;0;413.87;436.77;114.39;55.03;61.92;69.6;10.33;8.86;6.52
2011;8;10;0.41;0.38;0.4;0.4;0.81;0.82;0.06;0.05;412.2;435.29;115.19;55.73;61.15;68.84;6.66;5.92;5.34
2011;8;11;0;0;4.6;4.6;2.64;2.64;0.07;0.08;411.4;434.66;115.65;56.08;56;63.41;6.45;5.83;9.37
2011;8;12;1.4;1.51;4.9;4.9;2.73;2.73;0.11;0.08;410.76;434.44;115.92;56.22;50.84;57.56;7.99;6.7;10.27
2011;8;13;0.81;0.88;4.7;4.7;2.67;2.67;0.15;0.08;409.97;434.1;116.09;56.26;45.67;51.7;9.25;7.27;12.67
2011;8;14;2.15;2.24;6.1;6.1;3.03;3.03;0.16;0.08;409.87;434.45;116.22;56.28;38.71;43.83;10.22;7.93;14.05
2011;8;15;9.49;9.45;5.3;5.3;2.83;2.83;0.07;0.04;411.53;436.1;116.46;56.42;32.44;36.73;12.25;9.79;18.17
2011;8;16;0.41;0.45;6.3;6.3;3.08;3.07;0.18;0.09;411.07;436.15;116.86;56.74;24.93;28.22;12.45;9.87;15.54
2011;8;17;1.09;1.16;7.2;7.2;3.28;3.28;0.18;0.09;411;436.6;117.34;57.16;16.2;18.34;12.27;9.35;17.23
2011;8;18;1.89;1.96;8;8;3.45;3.45;0.18;0.09;411.33;437.43;117.87;57.65;6.37;7.21;13.05;9.81;18.31
2011;8;19;1.89;1.99;7.9;7.9;3.42;3.43;0.1;0;410.98;437.49;118.44;58.2;0;0;13.04;9.66;18.91
2011;8;20;0.03;0.03;8.8;8.8;3.6;3.61;0.71;0.69;408.38;435.11;118.9;58.62;0;0;18.29;14.79;19.85
2011;8;21;0.02;0.02;10.3;10.3;3.89;3.89;1.43;1.49;405.09;431.93;119.08;58.74;0;0;19.79;15.9;17.19
2011;8;22;1.44;1.46;11;11;4.01;4.01;1.34;1.41;402.26;429.15;118.94;58.51;0;0;20.86;16.54;19.57
2011;8;23;0.94;0.95;10.3;10.3;3.89;3.89;1.34;1.41;399.32;426.29;118.54;58;0;0;20.58;16.17;20.65
2011;8;24;1.99;2.02;9.1;9.1;3.67;3.66;1.18;1.24;396.86;423.86;117.94;57.27;0;0;19.32;15.15;20.85
2011;8;25;0.31;0.31;8.9;8.9;3.63;3.63;1.3;1.37;393.83;420.92;117.2;56.37;0;0;18.49;14.53;19.89
2011;8;26;5.86;6.05;6.7;6.6;3.17;3.14;0.75;0.77;392.96;420.03;116.36;55.38;0;0;16.86;13.21;20.94
2011;8;27;32.95;33.05;1.5;1.5;1.54;1.55;0;0;393.12;420.07;115.56;54.43;26.39;26.48;9.72;7.69;17.02
2011;8;28;0;0;1.1;1.1;1.32;1.34;0.14;0.12;392.27;419.18;114.82;53.53;23.23;23.42;6.89;6.23;7.74
2011;8;29;0.43;0.42;3.2;3.2;2.22;2.22;0.16;0.13;393.75;419.76;114.15;52.71;13.83;15.11;7.12;6.55;10.18
2011;8;30;0.98;1.02;3.7;3.7;2.38;2.38;0.06;0.07;393.77;419.79;113.59;52;8.41;9.52;7.57;6.95;10
2011;8;31;5.75;5.98;3.6;3.6;2.35;2.35;0.06;0.05;394.29;420.48;113.16;51.43;5.59;6.33;8.44;7.2;9.67
2011;9;1;2.12;2.24;3.1;3.1;1.86;1.87;0.09;0.05;393.62;420.08;112.83;50.98;3.22;3.65;8.62;6.96;5.33
2011;9;2;0.99;1.06;4.7;4.7;2.28;2.28;0.06;0;392.85;419.64;112.54;50.56;0;0;8.03;6.26;7.94
2011;9;3;0.93;0.98;7.3;7.3;2.82;2.82;0.49;0.48;390.84;417.78;112.2;50.09;0;0;13.28;10.81;16.07
2011;9;4;5.57;5.68;7;7;2.77;2.76;0.63;0.65;390.1;416.99;111.79;49.56;0;0;14.72;11.73;24.35
2011;9;5;19.95;19.56;4.5;4.5;2.23;2.23;0;0;394.61;420.54;111.5;49.17;0;0;15.64;12.95;21.05
2011;9;6;0.02;0.02;3.5;3.5;1.99;1.98;0.37;0.35;392.44;418.56;111.42;48.98;0;0;10.42;8.26;10.94
2011;9;7;0;0;3.3;3.3;1.92;1.93;0.35;0.34;390.3;416.58;111.31;48.77;0;0;9.72;7.91;9.18
2011;9;8;0.57;0.54;3.1;3.1;1.88;1.87;0.33;0.32;388.37;414.79;111.03;48.36;0;0;6.31;4.64;7.55
2011;9;9;0.01;0.01;5.6;5.6;2.48;2.48;0.45;0.44;386.15;412.73;110.57;47.77;0;0;10.36;8.35;14.23
2011;9;10;0.08;0.09;6.6;6.6;2.68;2.68;0.91;0.96;383.51;410.2;109.96;47.02;0;0;12.48;9.95;13.44
2011;9;11;1.73;1.77;6.3;6.3;2.63;2.62;0.8;0.84;381.52;408.27;109.25;46.15;0;0;12.99;10.23;12.82
2011;9;12;1.29;1.36;5.3;5.3;2.42;2.42;0.76;0.8;379.45;406.29;108.48;45.24;0;0;12.24;9.64;13.42
2011;9;13;0.03;0.03;6.5;6.5;2.67;2.66;0.9;0.95;376.84;403.77;107.67;44.28;0;0;12.74;10.14;11.43
2011;9;14;2.73;2.8;5.3;5.3;2.41;2.42;0.68;0.72;375.39;402.35;106.83;43.3;0;0;12.2;9.64;10.87
2011;9;15;0.33;0.36;5.6;5.6;2.48;2.48;0.82;0.87;372.98;400.03;105.99;42.32;0;0;12;9.58;11.55
2011;9;16;0.27;0.3;4.8;4.8;2.3;2.31;0.77;0.81;370.62;397.76;105.13;41.33;0;0;11;8.68;9.96
2011;9;17;3.01;3.14;4.5;4.5;2.24;2.23;0.62;0.65;369.41;396.6;104.28;40.36;0;0;10.66;8.53;10.05
2011;9;18;42.87;43.13;1.5;1.5;1.31;1.32;0;0;370.21;397.31;103.51;39.47;36.23;36.39;6.77;5.47;10.03
2011;9;19;24.54;24.38;-4.3;-4.2;0;0;0;0;368.54;395.76;102.83;38.69;60.77;60.77;4.89;4.37;3.89
2011;9;20;0.66;0.61;-1.6;-1.6;0;0;0;0;366.88;394.22;102.16;37.92;61.43;61.38;3.9;3.47;3.02
2011;9;21;0;0;-0.7;-0.7;0;0;0;0;366.88;394.22;99.83;35.49;61.43;61.38;3.12;2.73;3.28
2011;9;22;0;0;1.2;1.2;1.19;1.19;0.16;0.15;366.56;393.89;99.38;34.97;57.8;57.73;3.39;3.02;3.1
2011;9;23;0.01;0.01;2;2;1.52;1.52;0.16;0.14;368.26;395.01;98.96;34.48;49.36;49.87;4.77;4.36;3
2011;9;24;0.17;0.18;2;2;1.51;1.52;0.15;0.14;369.48;395.78;98.67;34.14;42.14;43.1;5.63;5.15;2.94
2011;9;25;0.02;0.02;2.3;2.3;1.62;1.62;0.12;0.1;370.66;396.32;98.53;33.95;35.08;36.85;5.76;5.2;2.81
2011;9;26;0;0;1.1;1.1;1.14;1.14;0.09;0.07;370.24;395.65;98.48;33.85;31.95;34.18;5.18;4.59;2.69
2011;9;27;0.02;0.02;2.5;2.5;1.68;1.69;0.11;0.1;371.3;396.1;98.47;33.78;25.14;28.19;5.09;4.49;2.73
2011;9;28;0.01;0.01;2.3;2.3;1.62;1.62;0.04;0.05;371.1;396.07;98.51;33.74;20.88;23.64;5.2;4.6;2.7
2011;9;29;0.02;0.02;3.9;3.9;2.08;2.09;0.08;0.06;370.75;396.08;98.57;33.74;16.77;18.98;5.6;4.44;2.64
2011;9;30;0;0;3.6;3.6;2.01;2.01;0.1;0.06;370.31;396.02;98.64;33.75;12.83;14.52;6.13;4.46;2.81
2011;10;1;0;0;4.9;4.9;2.06;2.06;0.1;0.06;370.41;396.55;98.73;33.79;0.37;0.42;6.52;4.67;3.26
2011;10;2;0;0;4.7;4.7;2.02;2.02;0.1;0.06;368.69;395.01;98.79;33.82;0.29;0.33;6.06;4.03;3.32
2011;10;3;0;0;4.3;4.3;1.94;1.94;0.04;0;367.1;393.61;98.77;33.75;0;0;5.23;3.22;3.2
2011;10;4;0;0;3.2;3.2;1.68;1.68;0.28;0.28;365.16;391.8;98.63;33.57;0;0;7.39;5.64;2.97
2011;10;5;0;0;2.9;2.9;1.6;1.6;0.51;0.53;363.01;389.75;98.37;33.26;0;0;7.09;5.61;2.95
2011;10;6;2.86;2.9;1.6;1.6;1.2;1.21;0.16;0.17;362.33;389.1;98.05;32.89;0;0;4.51;3.57;3.08
2011;10;7;16.76;16.7;-6;-6;0;0;0;0;362.33;389.1;96.01;30.77;16.76;16.7;3.16;2.72;2.58
2011;10;8;14.21;14.07;-9.6;-9.6;0;0;0;0;362.33;389.1;94.08;28.8;30.97;30.77;2.43;2.08;2.37
2011;10;9;7.86;7.85;-10.2;-10.2;0;0;0;0;362.33;389.1;92.28;26.95;38.83;38.62;2.18;1.87;2.03
2011;10;10;17.33;17.15;-2.7;-2.7;0;0;0;0;362.33;389.1;90.57;25.21;56.16;55.77;2.05;1.75;4.32
2011;10;11;0;0;0.5;0.5;0.67;0.69;0.1;0.11;362.63;389.44;88.97;23.59;55.22;54.72;1.93;1.64;3.78
2011;10;12;0.06;0.06;0;0.1;0.28;0.32;0.04;0.05;362.73;389.55;87.45;22.08;54.96;54.41;1.82;1.53;3.3
2011;10;13;1.38;1.28;-2.3;-2.3;0;0;0;0;362.73;389.55;86.03;20.66;56.34;55.69;1.72;1.44;2.97
2011;10;14;0.03;0.03;-3.4;-3.4;0;0;0;0;362.73;389.55;84.68;19.33;56.37;55.72;1.62;1.34;2.65
2011;10;15;0;0;-5.2;-5.1;0;0;0;0;362.73;389.55;83.41;18.09;56.37;55.72;1.53;1.26;2.41
2011;10;16;0;0;-2.5;-2.4;0;0;0;0;362.73;389.55;82.21;16.93;56.37;55.72;1.45;1.18;2.29
2011;10;17;0;0;-1.7;-1.7;0;0;0;0;362.73;389.55;81.08;15.84;56.37;55.72;1.37;1.1;2.19
2011;10;18;0;0;-4.2;-4.2;0;0;0;0;362.73;389.55;80.01;14.83;56.37;55.72;1.29;1.03;2.11
2011;10;19;7.34;7.38;-4.2;-4.2;0;0;0;0;362.73;389.55;79;13.87;63.71;63.1;1.22;0.96;2.05
2011;10;20;5.11;5.11;-8.1;-8.1;0;0;0;0;362.73;389.55;78.04;12.98;68.82;68.21;1.16;0.9;1.97
2011;10;21;0;0;-10;-10;0;0;0;0;362.73;389.55;77.14;12.15;68.82;68.21;1.1;0.84;1.8
2011;10;22;0;0;-9.4;-9.3;0;0;0;0;362.73;389.55;76.28;11.37;68.82;68.21;1.04;0.79;1.76
2011;10;23;0.11;0.12;-8.7;-8.6;0;0;0;0;362.73;389.55;75.46;10.64;68.94;68.33;0.99;0.74;1.69
2011;10;24;0.32;0.34;-7.2;-7.2;0;0;0;0;362.73;389.55;74.69;9.96;69.26;68.67;0.94;0.69;1.65
2011;10;25;13.35;13.71;-4.5;-4.5;0;0;0;0;362.73;389.55;73.96;9.32;82.61;82.38;0.89;0.65;1.75
2011;10;26;3.85;3.96;-2.8;-2.8;0;0;0;0;362.73;389.55;73.26;8.72;86.45;86.34;0.84;0.61;1.86
2011;10;27;0.02;0.02;-4.6;-4.6;0;0;0;0;362.73;389.55;72.6;8.16;86.47;86.36;0.8;0.57;1.66
2011;10;28;0;0;-2.5;-2.6;0;0;0;0;362.73;389.55;71.97;7.64;86.47;86.36;0.76;0.53;1.6
2011;10;29;0;0;-1.3;-1.4;0;0;0;0;362.73;389.55;71.37;7.15;86.47;86.36;0.73;0.5;1.55
2011;10;30;0;0;-2.8;-2.8;0;0;0;0;362.73;389.55;70.8;6.69;86.47;86.36;0.69;0.47;1.53
2011;10;31;0;0;-4.1;-4.1;0;0;0;0;362.73;389.55;70.26;6.27;86.47;86.36;0.66;0.44;1.5
2011;11;1;0;0;-3.8;-3.8;0;0;0;0;362.73;389.55;69.74;5.87;86.47;86.36;0.63;0.41;1.46
2011;11;2;0;0;-4.3;-4.3;0;0;0;0;362.73;389.55;69.24;5.49;86.47;86.36;0.6;0.38;1.43
2011;11;3;0.08;0.09;-3.6;-3.6;0;0;0;0;362.73;389.55;68.77;5.14;86.55;86.45;0.58;0.36;1.4
2011;11;4;3.96;4.07;-1.7;-1.7;0;0;0;0;362.73;389.55;68.31;4.81;90.52;90.52;0.55;0.33;1.41
2011;11;5;6.08;6.24;-0.5;-0.6;0;0;0;0;362.73;389.55;67.88;4.5;96.6;96.76;0.53;0.31;2.09
2011;11;6;2.39;2.44;-0.4;-0.4;0;0;0;0;362.73;389.55;67.46;4.22;98.99;99.2;0.51;0.29;1.87
2011;11;7;4.4;4.5;-3.2;-3.2;0;0;0;0;362.73;389.55;67.06;3.95;103.39;103.7;0.48;0.27;1.61
2011;11;8;3.57;3.68;-3.5;-3.5;0;0;0;0;362.73;389.55;66.67;3.69;106.97;107.38;0.47;0.26;1.52
2011;11;9;0;0;-5.1;-5.1;0;0;0;0;362.73;389.55;66.3;3.46;106.97;107.38;0.45;0.24;1.43
2011;11;10;0;0;-6.3;-6.4;0;0;0;0;362.73;389.55;65.95;3.24;106.97;107.38;0.43;0.23;1.34
2011;11;11;0;0;-6.6;-6.6;0;0;0;0;362.73;389.55;65.6;3.03;106.97;107.38;0.41;0.21;1.26
2011;11;12;0;0;-6.4;-6.5;0;0;0;0;362.73;389.55;65.27;2.84;106.97;107.38;0.4;0.2;1.19
2011;11;13;0;0;-5.8;-5.9;0;0;0;0;362.73;389.55;64.95;2.66;106.97;107.38;0.39;0.18;1.15
2011;11;14;0;0;-4.9;-5;0;0;0;0;362.73;389.55;64.64;2.49;106.97;107.38;0.37;0.17;1.12
2011;11;15;0;0;-5.4;-5.4;0;0;0;0;362.73;389.55;64.34;2.33;106.97;107.38;0.36;0.16;1.09
2011;11;16;0;0;-6.8;-6.8;0;0;0;0;362.73;389.55;64.05;2.19;106.97;107.38;0.35;0.15;1.04
2011;11;17;0;0;-7.1;-7.1;0;0;0;0;362.73;389.55;63.77;2.05;106.97;107.38;0.34;0.14;0.99
2011;11;18;0;0;-7.7;-7.7;0;0;0;0;362.73;389.55;63.5;1.92;106.97;107.38;0.33;0.13;0.92
2011;11;19;0;0;-8.2;-8.2;0;0;0;0;362.73;389.55;63.23;1.8;106.97;107.38;0.32;0.12;0.9
2011;11;20;0;0;-8.2;-8.2;0;0;0;0;362.73;389.55;62.98;1.68;106.97;107.38;0.31;0.12;0.92
2011;11;21;0;0;-8.8;-8.8;0;0;0;0;362.73;389.55;62.73;1.58;106.96;107.38;0.3;0.11;0.88
2011;11;22;0;0;-8.7;-8.7;0;0;0;0;362.73;389.55;62.48;1.48;106.96;107.38;0.29;0.1;0.86
2011;11;23;0;0;-9.7;-9.7;0;0;0;0;362.73;389.55;62.24;1.38;106.96;107.38;0.29;0.1;0.83
2011;11;24;0;0;-10.2;-10.2;0;0;0;0;362.73;389.55;62.01;1.3;106.96;107.38;0.28;0.09;0.84
2011;11;25;0;0;-7.1;-7.1;0;0;0;0;362.73;389.55;61.78;1.22;106.96;107.38;0.27;0.08;0.81
2011;11;26;0;0;-7.7;-7.7;0;0;0;0;362.73;389.55;61.56;1.14;106.96;107.38;0.27;0.08;0.79
2011;11;27;0;0;-5.1;-5.1;0;0;0;0;362.73;389.55;61.34;1.07;106.96;107.38;0.26;0.07;0.81
2011;11;28;0;0;-5.4;-5.4;0;0;0;0;362.73;389.55;61.13;1;106.96;107.38;0.25;0.07;0.79
2011;11;29;0.57;0.57;-6.4;-6.4;0;0;0;0;362.73;389.55;60.92;0.94;107.53;107.95;0.25;0.07;0.78
2011;11;30;0.2;0.21;-5.7;-5.7;0;0;0;0;362.73;389.55;60.71;0.88;107.73;108.16;0.24;0.06;0.77
2011;12;1;0;0;-8.2;-8.2;0;0;0;0;362.73;389.55;60.51;0.83;107.73;108.16;0.24;0.06;0.73
2011;12;2;0.37;0.39;-7.4;-7.4;0;0;0;0;362.73;389.55;60.31;0.78;108.1;108.55;0.23;0.05;0.72
2011;12;3;2.77;2.81;-6.2;-6.2;0;0;0;0;362.73;389.55;60.12;0.73;110.87;111.36;0.23;0.05;0.73
2011;12;4;0.55;0.54;-7.2;-7.2;0;0;0;0;362.73;389.55;59.93;0.68;111.42;111.9;0.23;0.05;0.72
2011;12;5;7.26;7.11;-10.2;-10.2;0;0;0;0;362.73;389.55;59.74;0.64;118.68;119.01;0.22;0.04;0.72
2011;12;6;5.98;5.79;-15;-14.9;0;0;0;0;362.73;389.55;59.55;0.6;124.66;124.8;0.22;0.04;0.64
2011;12;7;16.25;16.04;-12.6;-12.6;0;0;0;0;362.73;389.55;59.37;0.57;140.91;140.84;0.22;0.04;0.68
2011;12;8;1.31;1.28;-12.1;-12.1;0;0;0;0;362.73;389.55;59.19;0.53;142.22;142.12;0.21;0.04;0.65
2011;12;9;0;0;-12.3;-12.3;0;0;0;0;362.73;389.55;59.01;0.5;142.22;142.12;0.21;0.03;0.67
2011;12;10;0.25;0.23;-12.7;-12.7;0;0;0;0;362.73;389.55;58.83;0.47;142.47;142.35;0.21;0.03;0.66
2011;12;11;0.21;0.22;-12.2;-12.2;0;0;0;0;362.73;389.55;58.66;0.44;142.67;142.57;0.21;0.03;0.63
2011;12;12;5.77;5.74;-12.3;-12.3;0;0;0;0;362.73;389.55;58.49;0.42;148.44;148.31;0.2;0.03;0.63
2011;12;13;0;0;-12.8;-12.8;0;0;0;0;362.73;389.55;58.32;0.39;148.44;148.31;0.2;0.03;0.6
2011;12;14;1.16;1.13;-10.8;-10.7;0;0;0;0;362.73;389.55;58.15;0.37;149.6;149.44;0.2;0.03;0.62
2011;12;15;2;2.02;-14.7;-14.7;0;0;0;0;362.73;389.55;57.98;0.35;151.59;151.46;0.2;0.02;0.59
2011;12;16;14.42;14.24;-12.2;-12.2;0;0;0;0;362.73;389.55;57.81;0.33;166.01;165.7;0.19;0.02;0.57
2011;12;17;3.47;3.34;-17;-17;0;0;0;0;362.73;389.55;57.65;0.31;169.48;169.04;0.19;0.02;0.57
2011;12;18;0.66;0.64;-20.9;-20.9;0;0;0;0;362.73;389.55;57.49;0.29;170.13;169.68;0.19;0.02;0.57
2011;12;19;0.35;0.33;-23.1;-23.1;0;0;0;0;362.73;389.55;57.33;0.27;170.48;170.01;0.19;0.02;0.57
2011;12;20;6.43;6.28;-21.2;-21.2;0;0;0;0;362.73;389.55;57.17;0.26;176.92;176.29;0.19;0.02;0.56
2011;12;21;2.75;2.66;-16.7;-16.7;0;0;0;0;362.73;389.55;57.01;0.24;179.67;178.95;0.19;0.02;0.56
2011;12;22;15.47;15.22;-12.3;-12.3;0;0;0;0;362.73;389.55;56.85;0.23;195.14;194.17;0.18;0.02;0.56
2011;12;23;0.69;0.66;-8;-8;0;0;0;0;362.73;389.55;56.7;0.22;195.83;194.83;0.18;0.02;0.56
2011;12;24;4.19;4.03;-14.7;-14.7;0;0;0;0;362.73;389.55;56.54;0.21;200.02;198.86;0.18;0.01;0.56
2011;12;25;0.06;0.05;-14.5;-14.5;0;0;0;0;362.73;389.55;56.39;0.2;200.07;198.91;0.18;0.01;0.55
2011;12;26;0;0;-11.4;-11.4;0;0;0;0;362.73;389.55;56.23;0.18;200.07;198.91;0.18;0.01;0.55
2011;12;27;0;0;-9;-9;0;0;0;0;362.73;389.55;56.08;0.18;200.07;198.91;0.18;0.01;0.55
2011;12;28;0;0;-8.2;-8.1;0;0;0;0;362.73;389.55;55.93;0.16;200.07;198.91;0.18;0.01;0.55
2011;12;29;1.77;1.74;-12.2;-12.2;0;0;0;0;362.73;389.55;55.78;0.16;201.85;200.65;0.17;0.01;0.54
2011;12;30;12.12;12.02;-17.7;-17.7;0;0;0;0;362.73;389.55;55.63;0.15;213.97;212.67;0.17;0.01;0.54
2011;12;31;13.32;13.1;-13.7;-13.7;0;0;0;0;362.73;389.55;55.48;0.14;227.29;225.77;0.17;0.01;0.54
2012;1;1;3.51;3.41;-7.5;-7.5;0;0;0;0;362.73;389.55;55.33;0.14;230.8;229.18;0.17;0.01;0.54
2012;1;2;7.72;7.68;-9.6;-9.6;0;0;0;0;362.73;389.55;55.19;0.13;238.52;236.86;0.17;0.01;0.53
2012;1;3;0.57;0.56;-11;-11;0;0;0;0;362.73;389.55;55.04;0.12;239.09;237.42;0.17;0.01;0.53
2012;1;4;2.62;2.53;-12.6;-12.6;0;0;0;0;362.73;389.55;54.9;0.12;241.72;239.95;0.17;0.01;0.53
2012;1;5;21.48;21.36;-14.3;-14.3;0;0;0;0;362.73;389.55;54.75;0.11;263.2;261.31;0.17;0.01;0.53
2012;1;6;17.46;17.26;-15;-15;0;0;0;0;362.73;389.55;54.6;0.11;280.67;278.57;0.17;0.01;0.52
2012;1;7;8.33;8.23;-13.5;-13.5;0;0;0;0;362.73;389.55;54.46;0.1;289;286.8;0.17;0.01;0.52
2012;1;8;13.19;13.04;-14;-14;0;0;0;0;362.73;389.55;54.32;0.1;302.19;299.84;0.17;0.01;0.52
2012;1;9;3.54;3.42;-13.4;-13.4;0;0;0;0;362.73;389.55;54.18;0.09;305.73;303.26;0.17;0.01;0.52
2012;1;10;1.94;1.86;-11.5;-11.5;0;0;0;0;362.73;389.55;54.03;0.09;307.67;305.12;0.16;0.01;0.52
2012;1;11;0;0;-11.3;-11.3;0;0;0;0;362.73;389.55;53.89;0.09;307.67;305.12;0.16;0.01;0.51
2012;1;12;0;0;-12.5;-12.5;0;0;0;0;362.73;389.55;53.75;0.08;307.67;305.12;0.16;0.01;0.51
2012;1;13;2.07;1.98;-14.5;-14.5;0;0;0;0;362.73;389.55;53.61;0.08;309.74;307.1;0.16;0.01;0.51
2012;1;14;0.13;0.12;-18.1;-18.1;0;0;0;0;362.73;389.55;53.47;0.08;309.87;307.22;0.16;0.01;0.51
2012;1;15;0;0;-20;-20;0;0;0;0;362.73;389.55;53.33;0.07;309.87;307.22;0.16;0.01;0.5
2012;1;16;0;0;-18.2;-18.2;0;0;0;0;362.73;389.55;53.2;0.07;309.87;307.22;0.16;0;0.5
2012;1;17;0;0;-16.1;-16.1;0;0;0;0;362.73;389.55;53.06;0.07;309.87;307.22;0.16;0;0.5
2012;1;18;0;0;-17;-17;0;0;0;0;362.73;389.55;52.92;0.07;309.87;307.22;0.16;0;0.5
2012;1;19;3.23;3.11;-10.6;-10.6;0;0;0;0;362.73;389.55;52.78;0.06;313.1;310.33;0.16;0;0.5
2012;1;20;24.33;24.12;-12.8;-12.8;0;0;0;0;362.73;389.55;52.65;0.06;337.42;334.45;0.16;0;0.49
2012;1;21;11.23;11.08;-11.8;-11.8;0;0;0;0;362.73;389.55;52.51;0.06;348.66;345.53;0.16;0;0.49
2012;1;22;5.17;5.05;-9.2;-9.2;0;0;0;0;362.73;389.55;52.37;0.06;353.83;350.58;0.16;0;0.49
2012;1;23;1.51;1.42;-10.9;-10.9;0;0;0;0;362.73;389.55;52.24;0.06;355.34;352;0.16;0;0.49
2012;1;24;7.2;7.09;-16;-16;0;0;0;0;362.73;389.55;52.1;0.06;362.54;359.09;0.16;0;0.48
2012;1;25;0.06;0.06;-18.4;-18.4;0;0;0;0;362.73;389.55;51.97;0.05;362.6;359.15;0.16;0;0.48
2012;1;26;0;0;-16.6;-16.6;0;0;0;0;362.73;389.55;51.83;0.05;362.6;359.15;0.15;0;0.48
2012;1;27;0.08;0.08;-14.5;-14.5;0;0;0;0;362.73;389.55;51.7;0.05;362.68;359.23;0.15;0;0.48
2012;1;28;0.82;0.83;-12.9;-12.9;0;0;0;0;362.73;389.55;51.57;0.05;363.5;360.06;0.15;0;0.47
2012;1;29;0.37;0.38;-12.2;-12.2;0;0;0;0;362.73;389.55;51.43;0.05;363.87;360.44;0.15;0;0.47
2012;1;30;0.08;0.09;-14.9;-14.9;0;0;0;0;362.73;389.55;51.3;0.05;363.95;360.53;0.15;0;0.47
2012;1;31;1.68;1.7;-16;-16;0;0;0;0;362.73;389.55;51.17;0.05;365.64;362.23;0.15;0;0.47
2012;2;1;1;1.02;-17.1;-17.1;0;0;0;0;362.73;389.55;51.04;0.05;366.64;363.25;0.15;0;0.46
2012;2;2;1.88;1.9;-16.7;-16.7;0;0;0;0;362.73;389.55;50.91;0.05;368.52;365.15;0.15;0;0.46
2012;2;3;0.23;0.22;-21.6;-21.6;0;0;0;0;362.73;389.55;50.78;0.04;368.75;365.37;0.15;0;0.46
2012;2;4;0.24;0.23;-24.8;-24.8;0;0;0;0;362.73;389.55;50.65;0.04;369;365.6;0.15;0;0.46
2012;2;5;0.05;0.05;-22.9;-22.9;0;0;0;0;362.73;389.55;50.52;0.04;369.04;365.65;0.15;0;0.46
2012;2;6;0.01;0.01;-23.7;-23.7;0;0;0;0;362.73;389.55;50.39;0.04;369.06;365.66;0.15;0;0.45
2012;2;7;1.99;2.01;-20.2;-20.2;0;0;0;0;362.73;389.55;50.26;0.04;371.05;367.67;0.15;0;0.45
2012;2;8;0.02;0.02;-17;-16.9;0;0;0;0;362.73;389.55;50.13;0.04;371.06;367.69;0.15;0;0.45
2012;2;9;1.47;1.43;-18.6;-18.6;0;0;0;0;362.73;389.55;50;0.04;372.53;369.12;0.15;0;0.45
2012;2;10;0.26;0.25;-24.8;-24.8;0;0;0;0;362.73;389.55;49.87;0.04;372.8;369.37;0.15;0;0.44
2012;2;11;0.32;0.33;-22.7;-22.7;0;0;0;0;362.73;389.55;49.74;0.04;373.12;369.69;0.15;0;0.44
2012;2;12;0.47;0.48;-23.1;-23.1;0;0;0;0;362.73;389.55;49.62;0.04;373.58;370.18;0.15;0;0.44
2012;2;13;0.28;0.25;-20.6;-20.6;0;0;0;0;362.73;389.55;49.49;0.04;373.86;370.43;0.15;0;0.44
2012;2;14;0.47;0.44;-19.4;-19.4;0;0;0;0;362.73;389.55;49.36;0.04;374.33;370.87;0.15;0;0.43
2012;2;15;9.07;8.85;-17.8;-17.9;0;0;0;0;362.73;389.55;49.23;0.04;383.4;379.71;0.15;0;0.43
2012;2;16;1.77;1.7;-14.6;-14.6;0;0;0;0;362.73;389.55;49.11;0.04;385.18;381.42;0.15;0;0.43
2012;2;17;0.41;0.4;-12.9;-12.9;0;0;0;0;362.73;389.55;48.98;0.04;385.59;381.81;0.15;0;0.43
2012;2;18;0;0;-11.3;-11.3;0;0;0;0;362.73;389.55;48.86;0.04;385.59;381.81;0.14;0;0.42
2012;2;19;3.64;3.61;-12.7;-12.6;0;0;0;0;362.73;389.55;48.73;0.04;389.23;385.43;0.14;0;0.42
2012;2;20;1.8;1.81;-14.2;-14.2;0;0;0;0;362.73;389.55;48.61;0.04;391.03;387.24;0.14;0;0.42
2012;2;21;0;0;-13.8;-13.8;0;0;0;0;362.73;389.55;48.48;0.04;391.03;387.24;0.14;0;0.42
2012;2;22;0;0;-11.7;-11.7;0;0;0;0;362.73;389.55;48.36;0.04;391.03;387.24;0.14;0;0.41
2012;2;23;0.3;0.29;-8.1;-8.1;0;0;0;0;362.73;389.55;48.23;0.04;391.34;387.52;0.14;0;0.41
2012;2;24;0;0;-4;-4;0;0;0;0;362.73;389.55;48.11;0.04;391.34;387.52;0.14;0;0.41
2012;2;25;1.43;1.37;-4.6;-4.6;0;0;0;0;362.73;389.55;47.99;0.04;392.77;388.89;0.14;0;0.41
2012;2;26;7.45;7.27;-10.7;-10.7;0;0;0;0;362.73;389.55;47.86;0.04;400.21;396.16;0.14;0;0.41
2012;2;27;0.27;0.25;-11.3;-11.3;0;0;0;0;362.73;389.55;47.74;0.04;400.48;396.41;0.14;0;0.4
2012;2;28;0.26;0.25;-8.6;-8.6;0;0;0;0;362.73;389.55;47.62;0.04;400.74;396.66;0.14;0;0.4
2012;2;29;0;0;-3.1;-3;0;0;0;0;362.73;389.55;47.5;0.04;400.74;396.66;0.14;0;0.4
2012;3;1;0;0;-3.6;-3.6;0;0;0;0;362.73;389.55;47.38;0.04;400.74;396.66;0.14;0;0.41
2012;3;2;0;0;-2.3;-2.3;0;0;0;0;362.73;389.55;47.25;0.04;400.74;396.66;0.14;0;0.46
2012;3;3;0.56;0.58;-3.6;-3.6;0;0;0;0;362.73;389.55;47.13;0.04;401.31;397.24;0.14;0;0.55
2012;3;4;2.32;2.33;-5.6;-5.6;0;0;0;0;362.73;389.55;47.01;0.04;403.63;399.57;0.14;0;0.5
2012;3;5;11.94;11.9;-9.2;-9.2;0;0;0;0;362.73;389.55;46.89;0.04;415.56;411.47;0.14;0;0.46
2012;3;6;0.28;0.28;-10.4;-10.4;0;0;0;0;362.73;389.55;46.77;0.04;415.84;411.75;0.14;0;0.45
2012;3;7;0.02;0.02;-10.8;-10.8;0;0;0;0;362.73;389.55;46.65;0.04;415.86;411.77;0.14;0;0.44
2012;3;8;2.32;2.17;-11.3;-11.3;0;0;0;0;362.73;389.55;46.53;0.04;418.18;413.94;0.14;0;0.43
2012;3;9;0.41;0.4;-11.5;-11.4;0;0;0;0;362.73;389.55;46.41;0.03;418.59;414.34;0.14;0;0.41
2012;3;10;0;0;-7.6;-7.6;0;0;0;0;362.73;389.55;46.3;0.03;418.59;414.34;0.14;0;0.4
2012;3;11;0.74;0.67;-8.1;-8.1;0;0;0;0;362.73;389.55;46.18;0.03;419.33;415.01;0.14;0;0.4
2012;3;12;0.23;0.22;-5.9;-5.9;0;0;0;0;362.73;389.55;46.06;0.03;419.55;415.23;0.14;0;0.4
2012;3;13;0;0;-4.9;-4.9;0;0;0;0;362.73;389.55;45.94;0.03;419.55;415.23;0.14;0;0.41
2012;3;14;0;0;-4.1;-4;0;0;0;0;362.73;389.55;45.82;0.03;419.55;415.23;0.14;0;0.42
2012;3;15;0;0;-3.6;-3.5;0;0;0;0;362.73;389.55;45.7;0.03;419.55;415.23;0.14;0;0.47
2012;3;16;0;0;-3.3;-3.3;0;0;0;0;362.73;389.55;45.59;0.03;419.55;415.23;0.14;0;0.54
2012;3;17;0.34;0.35;-5.6;-5.6;0;0;0;0;362.73;389.55;45.47;0.03;419.89;415.58;0.13;0;0.55
2012;3;18;1.95;1.99;-7.1;-7.1;0;0;0;0;362.73;389.55;45.35;0.03;421.84;417.57;0.13;0;0.5
2012;3;19;12.29;12.39;-7.7;-7.7;0;0;0;0;362.73;389.55;45.24;0.03;434.13;429.96;0.13;0;0.46
2012;3;20;0.09;0.09;-7.8;-7.8;0;0;0;0;362.73;389.55;45.12;0.03;434.22;430.05;0.13;0;0.46
2012;3;21;0.78;0.78;-5.8;-5.8;0;0;0;0;362.73;389.55;45.01;0.03;434.99;430.83;0.13;0;0.53
2012;3;22;0;0;-6.3;-6.3;0;0;0;0;362.73;389.55;44.89;0.03;434.99;430.83;0.13;0;0.62
2012;3;23;0;0;-6.9;-6.9;0;0;0;0;362.73;389.55;44.78;0.03;434.99;430.83;0.13;0;0.69
2012;3;24;1.9;1.89;-7;-7;0;0;0;0;362.73;389.55;44.66;0.03;436.89;432.72;0.13;0;0.73
2012;3;25;0.48;0.48;-7.4;-7.4;0;0;0;0;362.73;389.55;44.55;0.03;437.37;433.2;0.13;0;0.75
2012;3;26;0;0;-5.7;-5.7;0;0;0;0;362.73;389.55;44.44;0.03;437.37;433.2;0.13;0;0.79
2012;3;27;0;0;-5;-5;0;0;0;0;362.73;389.55;44.32;0.03;437.37;433.2;0.13;0;0.87
2012;3;28;0;0;-3;-3;0;0;0;0;362.73;389.55;44.21;0.03;437.37;433.2;0.13;0;0.94
2012;3;29;0.28;0.25;-5.3;-5.3;0;0;0;0;362.73;389.55;44.09;0.03;437.64;433.45;0.13;0;0.9
2012;3;30;2.62;2.53;-4.8;-4.8;0;0;0;0;362.73;389.55;43.98;0.03;440.26;435.98;0.13;0;0.87
2012;3;31;1.38;1.3;-4.6;-4.6;0;0;0;0;362.73;389.55;43.87;0.03;441.64;437.28;0.13;0;0.87
2012;4;1;0.55;0.52;-6.2;-6.2;0;0;0;0;362.73;389.55;43.76;0.03;442.18;437.8;0.13;0;0.91
2012;4;2;0.01;0.01;-4.7;-4.7;0;0;0;0;362.73;389.55;43.65;0.03;442.19;437.81;0.13;0;1.02
2012;4;3;0.44;0.47;-4.7;-4.7;0;0;0;0;362.73;389.55;43.53;0.03;442.64;438.28;0.13;0;1.05
2012;4;4;3.65;3.73;-3.7;-3.7;0;0;0;0;362.73;389.55;43.42;0.03;446.28;442.01;0.13;0;1.01
2012;4;5;11.11;11.1;-2.9;-2.9;0;0;0;0;362.73;389.55;43.31;0.03;457.39;453.11;0.13;0;0.99
2012;4;6;1.06;1.04;-3.5;-3.5;0;0;0;0;362.73;389.55;43.2;0.03;458.46;454.15;0.13;0;1.12
2012;4;7;7.22;7.15;-5.8;-5.8;0;0;0;0;362.73;389.55;43.09;0.03;465.67;461.3;0.13;0;1.05
2012;4;8;3.77;3.65;-12.5;-12.5;0;0;0;0;362.73;389.55;42.98;0.03;469.45;464.95;0.13;0;0.84
2012;4;9;0.07;0.07;-8.9;-8.9;0;0;0;0;362.73;389.55;42.87;0.03;469.52;465.02;0.13;0;0.74
2012;4;10;1.23;1.26;-4.7;-4.7;0;0;0;0;362.73;389.55;42.76;0.03;470.74;466.28;0.13;0;0.84
2012;4;11;14.97;14.98;-7.2;-7.2;0;0;0;0;362.73;389.55;42.65;0.03;485.72;481.26;0.13;0;0.77
2012;4;12;0.05;0.05;-8.4;-8.4;0;0;0;0;362.73;389.55;42.54;0.03;485.76;481.31;0.13;0;0.71
2012;4;13;5.32;5.42;-6.7;-6.7;0;0;0;0;362.73;389.55;42.43;0.03;491.08;486.73;0.13;0;0.72
2012;4;14;2.07;2.07;-5.7;-5.7;0;0;0;0;362.73;389.55;42.32;0.03;493.15;488.8;0.13;0;0.7
2012;4;15;6.78;6.73;-5.3;-5.3;0;0;0;0;362.73;389.55;42.22;0.03;499.93;495.53;0.13;0;0.69
2012;4;16;4.5;4.34;-7.4;-7.3;0;0;0;0;362.73;389.55;42.11;0.03;504.44;499.87;0.12;0;0.68
2012;4;17;0.1;0.1;-8.3;-8.3;0;0;0;0;362.73;389.55;42;0.03;504.54;499.97;0.12;0;0.66
2012;4;18;8.93;9.03;-7.7;-7.7;0;0;0;0;362.73;389.55;41.89;0.03;513.47;509;0.12;0;0.65
2012;4;19;4.08;4.13;-7.3;-7.3;0;0;0;0;362.73;389.55;41.78;0.03;517.55;513.13;0.12;0;0.64
2012;4;20;6.59;6.53;-7.5;-7.5;0;0;0;0;362.73;389.55;41.68;0.03;524.14;519.66;0.12;0;0.62
2012;4;21;1.63;1.63;-8.4;-8.4;0;0;0;0;362.73;389.55;41.57;0.03;525.77;521.29;0.12;0;0.64
2012;4;22;9.28;9.33;-8.3;-8.3;0;0;0;0;362.73;389.55;41.47;0.03;535.05;530.62;0.12;0;0.67
2012;4;23;3.41;3.53;-8.7;-8.7;0;0;0;0;362.73;389.55;41.36;0.03;538.46;534.15;0.12;0;0.66
2012;4;24;17.97;18.12;-8;-8;0;0;0;0;362.73;389.55;41.25;0.03;556.44;552.27;0.12;0;0.66
2012;4;25;0.08;0.08;-7;-7;0;0;0;0;362.73;389.55;41.15;0.03;556.51;552.35;0.12;0;0.65
2012;4;26;0.01;0.01;-2.1;-2.1;0;0;0;0;362.73;389.55;41.04;0.03;556.52;552.36;0.12;0;0.82
2012;4;27;0;0;1.5;1.5;1.44;1.44;0.23;0.22;363.01;389.86;40.94;0.03;555.52;551.26;0.12;0;1.28
2012;4;28;0;0;1.5;1.6;1.45;1.48;0.23;0.23;363.95;390.93;40.83;0.03;552.65;548.05;0.2;0.08;2.1
2012;4;29;1.73;1.78;-0.2;-0.2;0;0;0;0;363.95;390.93;40.73;0.03;554.38;549.83;0.19;0.07;2.78
2012;4;30;0.76;0.77;-0.2;-0.2;0;0;0;0;363.95;390.93;40.62;0.03;555.14;550.6;0.13;0.01;2.67
2012;5;1;4.91;5.04;-0.5;-0.5;0;0;0;0;363.95;390.93;40.52;0.03;560.05;555.64;0.12;0;2.85
2012;5;2;0.4;0.38;-0.9;-0.9;0;0;0;0;363.95;390.93;40.42;0.03;560.46;556.02;0.12;0;2.83
2012;5;3;4.13;3.94;-2;-2;0;0;0;0;363.95;390.93;40.31;0.03;564.59;559.96;0.12;0;2.56
2012;5;4;0.75;0.79;-2;-2;0;0;0;0;363.95;390.93;40.21;0.03;565.33;560.75;0.12;0;2.64
2012;5;5;5.54;5.68;-2.2;-2.2;0;0;0;0;363.95;390.93;40.11;0.04;570.87;566.43;0.12;0;2.43
2012;5;6;6.31;6.43;-3.1;-3.1;0;0;0;0;363.95;390.93;40.01;0.04;577.18;572.86;0.12;0;1.96
2012;5;7;0.12;0.13;-3.1;-3.1;0;0;0;0;363.95;390.93;39.9;0.04;577.31;572.99;0.12;0;1.9
2012;5;8;0.95;0.97;-1.8;-1.8;0;0;0;0;363.95;390.93;39.8;0.04;578.25;573.96;0.12;0;2.17
2012;5;9;0.81;0.88;0.7;0.7;1.1;1.15;0.16;0.17;363.98;390.96;39.7;0.04;578.82;574.58;0.12;0;2.67
2012;5;10;0.02;0.02;2.7;2.7;2.17;2.18;0.34;0.34;363.94;390.92;41.68;2.39;574.78;570.06;0.63;0.52;3.56
2012;5;11;0;0;4.9;5;2.92;2.93;0.46;0.45;368.67;395.83;43.52;4.58;557.23;551.38;3.86;3.73;4.33
2012;5;12;2.59;2.49;2.1;2.2;1.94;1.98;0.26;0.26;370.37;397.44;45.45;6.86;550.46;544.25;5.4;5.19;4.84
2012;5;13;0.55;0.49;-3.6;-3.6;0;0;0;0;369;395.89;47.33;9.1;551;544.74;3.74;3.49;4.35
2012;5;14;0.02;0.02;-4.5;-4.5;0;0;0;0;369;395.89;46.72;8.52;551.03;544.76;1.7;1.49;3
2012;5;15;3.32;3.27;-3.6;-3.6;0;0;0;0;369;395.89;46.13;7.97;554.34;548.03;0.81;0.65;2.6
2012;5;16;6.09;5.98;-9.4;-9.4;0;0;0;0;369;395.89;45.59;7.46;560.43;554.01;0.67;0.52;2.28
2012;5;17;0.06;0.06;-5.4;-5.4;0;0;0;0;369;395.89;45.06;6.98;560.49;554.07;0.64;0.49;1.82
2012;5;18;0.21;0.22;-1.1;-1;0;0;0;0;369;395.89;44.57;6.54;560.7;554.29;0.6;0.45;1.71
2012;5;19;0.08;0.08;0.3;0.3;0.68;0.76;0.1;0.12;369.09;395.99;44.1;6.12;560.43;553.98;0.57;0.43;2.24
2012;5;20;5.77;5.92;0.6;0.6;1.09;1.06;0.1;0.08;369.2;396.11;43.66;5.73;565.78;559.43;0.55;0.4;2.87
2012;5;21;9.41;9.67;-1.2;-1.2;0;0;0;0;369.2;396.11;43.24;5.36;575.18;569.1;0.52;0.37;3.22
2012;5;22;8.18;7.95;-1.4;-1.4;0;0;0;0;369.2;396.11;42.84;5.02;583.36;577.05;0.49;0.35;2.61
2012;5;23;2.2;2.08;1.6;1.6;1.69;1.7;0.19;0.18;369.45;396.39;42.45;4.7;584.62;578.11;0.47;0.33;4.82
2012;5;24;1.43;1.44;1.9;1.9;1.83;1.85;0.22;0.21;368.5;395.66;44.75;7.35;583.71;576.93;0.86;0.72;5.37
2012;5;25;0;0;1.2;1.2;1.46;1.48;0.19;0.18;367.62;395.01;46.68;9.57;581.19;574.11;1.76;1.59;5.46
2012;5;26;0.02;0.02;0.1;0.1;0.4;0.45;0.05;0.06;366.04;393.55;48.33;11.48;580.96;573.86;1.89;1.69;5.4
2012;5;27;0.52;0.5;-0.6;-0.6;0;0;0;0;364.69;392.02;49.65;13.09;581.48;574.36;1.69;1.48;4.81
2012;5;28;1.41;1.33;-1.6;-1.6;0;0;0;0;364.69;392.02;48.81;12.25;582.89;575.68;1.24;1.06;3.9
2012;5;29;2.73;2.66;-1;-1;0;0;0;0;364.69;392.02;48.02;11.46;585.62;578.34;0.98;0.82;3.51
2012;5;30;1.28;1.22;0.3;0.3;0.68;0.76;0.08;0.09;364.73;392.07;47.28;10.73;586.7;579.34;0.9;0.75;4.17
2012;5;31;1.97;1.98;1.6;1.6;1.68;1.7;0.19;0.18;364.28;391.56;48.65;12.39;585.92;578.24;1.27;1.12;5.08
2012;6;1;3.41;3.29;1.8;1.8;1.82;1.83;0.19;0.18;364.43;392.03;49.9;13.82;584.07;575.64;2.55;2.4;7.17
2012;6;2;0.92;0.98;3.8;3.9;2.63;2.64;0.32;0.31;368.15;394.92;51.11;15.2;571.43;563.66;4.48;4.26;9.12
2012;6;3;12.74;12.77;4.4;4.5;2.82;2.83;0.09;0.08;378.62;403.78;52.6;16.86;552.72;545.72;8.79;8.37;10.59
2012;6;4;28.51;28.54;-0.5;-0.5;0;0;0;0;376.89;402.21;54.41;18.83;581.23;574.26;7.79;7.23;14.59
2012;6;5;0.8;0.75;-1.8;-1.7;0;0;0;0;375.17;400.65;56.16;20.72;582.03;575.01;4.2;3.68;5.67
2012;6;6;2.51;2.54;1.3;1.4;1.58;1.62;0.17;0.17;374.37;400.12;57.65;22.3;581.51;574.15;3.31;2.89;4.59
2012;6;7;0.91;0.93;4;4;2.67;2.67;0.33;0.31;379.55;404.55;59.05;23.76;563.25;556.19;5.93;5.5;7.6
2012;6;8;13.7;13.93;4.9;4.9;2.94;2.95;0.07;0.06;391;414.56;60.79;25.58;538.88;532.33;11.83;11.22;13.99
2012;6;9;16.34;16.66;2.6;2.6;2.16;2.18;0.01;0;394.73;417.83;63.09;27.98;537.33;531.11;13.36;12.55;16.45
2012;6;10;18.77;18.79;0.3;0.3;0.74;0.78;0;0;393.14;416.48;65.58;30.55;555.15;548.85;9.12;8.31;9.43
2012;6;11;9.93;9.96;-0.1;-0.1;0;0;0;0;391.31;414.86;67.79;32.79;565.08;558.81;5.28;4.61;6.13
2012;6;12;19.92;19.82;-1.8;-1.8;0;0;0;0;389.89;413.25;69.22;34.52;585;578.63;3.78;3.27;5.55
2012;6;13;2.62;2.64;-1.9;-1.9;0;0;0;0;389.89;413.25;67.16;32.3;587.61;581.27;2.93;2.54;4.09
2012;6;14;0.12;0.13;-1.5;-1.5;0;0;0;0;389.89;413.25;65.23;30.23;587.73;581.4;2.45;2.13;3.78
2012;6;15;0.04;0.04;3.8;3.8;2.6;2.61;0.27;0.24;391.2;414.44;67;31.99;577.5;571.13;4.02;3.7;4.86
2012;6;16;0.38;0.39;6.4;6.4;3.35;3.35;0.34;0.3;397.16;418.76;68.66;33.63;554;549.48;8.3;7.77;9.56
2012;6;17;2.89;2.88;7.3;7.3;3.56;3.57;0.31;0.27;404.87;424.6;70.64;35.58;525.58;523.17;12.9;11.98;12.86
2012;6;18;0.6;0.61;8.7;8.7;3.88;3.88;0.39;0.34;413.14;430.78;73.19;38.08;490.14;490.48;16.76;15.41;16.04
2012;6;19;2.08;2.14;8.5;8.5;3.84;3.84;0.35;0.31;420.85;436.65;76.44;41.22;454.25;457.32;19.74;17.97;22.09
2012;6;20;12.24;12.34;8;8;3.72;3.73;0.08;0.06;429.19;443.21;80.43;45.04;421.29;427.07;23.25;21.08;25.24
2012;6;21;12.41;12.4;6.6;6.6;3.39;3.4;0.07;0.06;434.06;446.7;85.09;49.44;400.03;408.8;24.1;21.59;26
2012;6;22;1.95;1.97;5.7;5.8;3.19;3.2;0.22;0.17;435.91;447.78;90.01;53.98;381.37;392.66;20.95;18.3;25.07
2012;6;23;9.2;9.36;4.8;4.9;2.94;2.95;0.1;0.08;438.34;449.6;94.83;58.3;365.35;378.72;19.26;16.66;22.17
2012;6;24;1.92;2.01;4.9;4.9;2.95;2.95;0.2;0.16;439.42;450.17;99.4;62.24;349.03;364.75;18.13;15.61;20.22
2012;6;25;4.41;4.19;3.7;3.8;2.59;2.61;0.14;0.12;440.04;450.51;103.59;65.72;337.12;354.26;16.65;14.22;23.53
2012;6;26;1.48;1.42;1.8;1.8;1.81;1.83;0.12;0.1;438.75;449.46;107.23;68.58;333.11;350.68;13.93;11.74;15.29
2012;6;27;0.16;0.17;4.9;5;2.96;2.98;0.22;0.18;439.22;449.65;110.27;70.78;318.14;337.5;13.13;11.16;15.39
2012;6;28;0.45;0.49;8.1;8.1;3.75;3.75;0.28;0.22;441.63;451.14;112.98;72.62;292.64;315.6;15.94;13.84;18.73
2012;6;29;1.53;1.6;8.8;8.8;3.9;3.9;0.26;0.22;444.36;452.99;115.74;74.45;264.62;291.34;19.46;16.9;21.73
2012;6;30;0.95;0.98;10.6;10.6;4.27;4.26;0.15;0.12;447.02;455.27;118.79;76.5;233.31;261.96;22.52;19.58;23.92
2012;7;1;1.48;1.43;9.6;9.6;4.1;4.1;0.1;0.12;446.91;455.36;122.04;78.72;219.38;248.38;21.23;18.32;25.49
2012;7;2;17.23;17.76;6.5;6.5;3.41;3.4;0.02;0;447.99;456.99;125.28;80.92;211.01;238.9;21.81;18.15;32.29
2012;7;3;8.21;8.01;6;6;3.28;3.27;0.12;0.05;447.68;457.18;128.41;83.06;203.31;230.19;22.3;17.98;32.35
2012;7;4;3.82;3.88;5.5;5.5;3.16;3.14;0.2;0.07;446.61;456.8;131.24;84.97;196.25;222.19;19.65;15.63;22.27
2012;7;5;3.42;3.5;4.9;4.8;2.96;2.94;0.2;0.07;445.41;456.27;133.59;86.45;190.05;215.17;17.4;13.77;21.76
2012;7;6;5.53;5.55;4.7;4.7;2.93;2.91;0.16;0.06;444.58;456;135.44;87.49;183.95;208.26;16.61;13.32;23.42
2012;7;7;1.13;1.12;4;4;2.71;2.7;0.2;0.08;443.01;455.07;136.84;88.12;178.75;202.38;15.32;12.36;21.25
2012;7;8;1.61;1.66;4.4;4.4;2.84;2.82;0.2;0.08;441.61;454.31;137.78;88.35;173.03;195.9;14.18;11.39;16.83
2012;7;9;2.99;3.04;4.3;4.3;2.79;2.79;0.18;0.07;440.46;453.75;138.34;88.23;167.42;189.55;14.08;11.39;18.08
2012;7;10;4.11;4.07;3.6;3.6;2.56;2.56;0.14;0.06;439.37;453.13;138.62;87.86;163.2;184.77;13.88;11.42;18.72
2012;7;11;3.91;4.03;4.1;4.1;2.72;2.73;0.16;0.06;438.38;452.68;138.68;87.33;158;178.89;13.83;11.48;18.54
2012;7;12;0.52;0.49;3.7;3.7;2.6;2.6;0.18;0.08;436.81;451.69;138.57;86.65;153.36;173.63;13.07;10.75;16.58
2012;7;13;15.11;15.31;4.5;4.5;2.85;2.85;0.03;0.01;437.88;452.96;138.41;85.97;147.56;167.06;15.44;13.01;17.13
2012;7;14;21.65;21.83;4.4;4.4;2.82;2.82;0;0;439.94;454.99;138.58;85.67;141.79;160.53;20.07;17.4;24.67
2012;7;15;7.74;7.75;0.2;0.2;0.65;0.64;0.05;0.04;437.93;453.35;139.02;85.67;148.5;167.26;16.67;14.71;14.05
2012;7;16;0.02;0.01;0.3;0.3;0.78;0.78;0.08;0.07;435.93;451.7;139.24;85.44;147.53;166.33;10.76;9.67;8.91
2012;7;17;0.05;0.04;1.9;1.9;1.9;1.89;0.05;0.06;434.49;450.45;139.04;84.77;143.64;162.63;9.11;8.2;8.71
2012;7;18;0.04;0.05;5.7;5.7;3.19;3.19;0.16;0.1;433.11;449.62;138.53;83.79;137.95;156.19;10.19;8.54;14.6
2012;7;19;2.54;2.74;5.9;5.9;3.24;3.25;0.2;0.08;432.18;449.3;137.89;82.68;131.68;149.09;12.19;9.76;16.9
2012;7;20;15.95;16.14;4.5;4.5;2.85;2.85;0.02;0;433.61;450.78;137.37;81.74;126.6;143.33;15.39;12.97;19.31
2012;7;21;2.6;2.51;1.4;1.4;1.64;1.63;0.07;0.04;431.94;449.39;137.03;81.01;126.55;143.28;13.72;12.07;14.99
2012;7;22;0.54;0.54;-0.9;-0.9;0;0;0;0;429.85;447.64;136.59;80.18;127.09;143.82;9.34;8.44;6.83
2012;7;23;0;0;1.3;1.3;1.57;1.57;0.04;0.05;427.99;446.12;135.87;79.06;125.75;142.37;7.61;6.86;9.25
2012;7;24;1;0.95;5.6;5.6;3.17;3.17;0.14;0.09;427;445.59;134.95;77.74;119.81;135.65;9.1;7.6;13.3
2012;7;25;3.13;2.96;4.5;4.5;2.86;2.85;0.15;0.07;426.3;445.24;134;76.41;114.8;129.98;11.22;9;13.74
2012;7;26;0.21;0.22;6.4;6.4;3.37;3.38;0.22;0.1;425.34;444.88;133.12;75.17;107.47;121.67;11.96;9.48;18.66
2012;7;27;0.22;0.24;8.7;8.7;3.9;3.91;0.25;0.12;424.85;445.07;132.36;74.1;97.25;110.1;13.24;10.13;18.96
2012;7;28;12.11;12.18;7.3;7.3;3.6;3.59;0.07;0.03;426.62;446.97;131.89;73.35;88.35;100.02;16.24;12.84;19.89
2012;7;29;9.68;9.65;5.5;5.5;3.14;3.14;0.08;0.04;427.46;447.93;131.82;73.06;81.55;92.33;17.48;14.38;23.81
2012;7;30;4.22;4.16;5.7;5.7;3.19;3.19;0.15;0.07;427.23;448.04;132.07;73.12;74.45;84.3;16.16;13.32;19.65
2012;7;31;0.87;0.92;4.8;4.8;2.95;2.94;0.18;0.08;426.15;447.46;132.38;73.25;68.44;77.48;14.04;11.36;18.47
2012;8;1;1.38;1.43;5.4;5.4;2.87;2.86;0.17;0.08;425.32;447.12;132.61;73.3;61.62;69.77;12.94;10.3;19.26
2012;8;2;1.68;1.79;6.8;6.8;3.2;3.19;0.19;0.09;424.82;447.17;132.75;73.27;52.99;59.99;13.5;10.57;19.2
2012;8;3;3.24;3.03;6.3;6.3;3.08;3.07;0.15;0.08;424.68;447.31;132.88;73.23;44.94;50.88;14.27;11.19;19.62
2012;8;4;8.83;8.88;5.1;5.1;2.79;2.78;0.08;0.04;425.35;448.1;133.07;73.28;38.35;43.42;15.21;12.33;18.49
2012;8;5;2.25;2.32;5.9;5.9;3;2.98;0.17;0.08;424.81;448;133.36;73.43;30.77;34.84;15.11;12.22;22.55
2012;8;6;11.25;11.49;6.2;6.2;3.06;3.05;0.07;0.03;426.1;449.4;133.77;73.71;22.7;25.7;16.46;13.39;22.3
2012;8;7;0.06;0.06;5.3;5.3;2.83;2.83;0.18;0.09;425.01;448.78;134.26;74.1;15.87;17.97;15.61;12.7;19.94
2012;8;8;0.22;0.23;5.5;5.5;2.89;2.88;0.18;0.09;424.01;448.26;134.67;74.4;8.78;9.94;13.54;10.8;18.93
2012;8;9;2.19;2.21;4.2;4.2;2.54;2.53;0.14;0.07;423.19;447.77;134.91;74.52;3.34;3.78;12.67;10.15;17.02
2012;8;10;5.36;5.41;3.7;3.7;2.38;2.38;0.06;0;422.72;447.44;135;74.48;0;0;12.28;10.13;13.96
2012;8;11;0.21;0.19;2.7;2.7;2.06;2.05;0.03;0;420.76;445.73;134.9;74.23;0;0;9.87;8.54;13.6
2012;8;12;0.01;0.01;2;2;1.76;1.78;0.03;0;418.79;444;134.49;73.64;0;0;7.45;6.49;14.57
2012;8;13;0.18;0.18;3.6;3.6;2.34;2.35;0.07;0;416.81;442.31;133.75;72.69;0;0;7.13;5.7;14.32
2012;8;14;0.37;0.37;5.9;5.9;2.97;2.98;0.58;0.56;414.38;440.09;132.74;71.44;0;0;12.69;10.61;16.86
2012;8;15;1.03;1.12;7.4;7.4;3.32;3.32;1.15;1.19;411.52;437.4;131.51;69.97;0;0;15.87;13.04;17.3
2012;8;16;12.69;12.62;6;6;3;3;0.27;0.29;412.39;437.83;130.26;68.47;0;0;17.5;14.48;15.75
2012;8;17;0;0;7.6;7.6;3.37;3.36;1.24;1.29;409.24;434.83;129.11;67.07;0;0;18.55;15.39;18
2012;8;18;0;0;9.7;9.7;3.78;3.78;1.39;1.45;405.95;431.7;127.92;65.64;0;0;19.5;15.77;21.27
2012;8;19;0;0;10.7;10.7;3.96;3.96;1.46;1.52;402.63;428.5;126.62;64.09;0;0;20.64;16.38;20.29
2012;8;20;1.25;1.2;10.6;10.6;3.94;3.94;1.34;1.4;399.79;425.7;125.22;62.43;0;0;20.97;16.53;23.48
2012;8;21;1.04;1.13;9.8;9.8;3.8;3.8;1.3;1.36;396.91;422.95;123.77;60.72;0;0;20.24;15.92;22.1
2012;8;22;1.9;2.03;9.4;9.4;3.72;3.72;1.21;1.26;394.39;420.54;122.31;59.01;0;0;19.62;15.49;28.23
2012;8;23;3.98;4.07;8.8;8.8;3.61;3.61;1.01;1.05;392.72;418.89;120.88;57.34;0;0;19.25;15.28;25.27
2012;8;24;1.98;2.07;8.5;8.5;3.55;3.55;1.14;1.19;390.34;416.6;119.52;55.75;0;0;18.71;14.85;27.1
2012;8;25;18.66;18.13;7.8;7.8;3.4;3.4;0;0;394.49;419.8;118.36;54.39;0;0;20.25;16.53;30.4
2012;8;26;14.3;14.4;1.4;1.4;1.51;1.5;0.06;0.05;394.38;419.48;117.53;53.37;8.7;9.1;12.01;9.79;21.85
2012;8;27;0;0;2.3;2.3;1.89;1.9;0.05;0.06;393.97;418.98;116.9;52.57;4.06;4.59;7.78;6.95;11.23
2012;8;28;1.2;1.19;3.9;3.9;2.44;2.44;0.09;0.07;393.45;418.75;116.34;51.84;0.24;0.27;7.52;6.25;15.06
2012;8;29;0.11;0.12;4;4;2.48;2.47;0.07;0;391.66;417.23;115.78;51.12;0;0;7.24;5.41;14.85
2012;8;30;17.38;17.66;3.7;3.7;2.39;2.38;0.01;0;395.07;420.26;115.31;50.48;0;0;9.26;7.37;15.45
2012;8;31;34.2;34.16;-1.1;-1.1;0;0;0;0;393.26;418.63;114.98;50.01;34.2;34.16;8.48;7.2;11.06
2012;9;1;4.03;4.07;-0.6;-0.6;0;0;0;0;391.45;417;114.63;49.52;38.24;38.23;5.63;4.99;6.88
2012;9;2;0.9;0.9;1.1;1.1;1.14;1.14;0.14;0.13;390.73;416.3;114.17;48.92;35.5;35.52;5.22;4.68;6.54
2012;9;3;0.25;0.25;3.3;3.3;1.93;1.93;0.2;0.18;393;417.74;113.72;48.32;23.23;24.11;6.92;6.35;6.93
2012;9;4;1.44;1.47;3.5;3.5;1.99;1.98;0.1;0.11;394.44;418.39;113.44;47.9;14.85;16.82;8.1;7.4;6.9
2012;9;5;5.2;5;3;3;1.85;1.84;0.05;0.04;394.93;418.88;113.33;47.65;12.01;13.6;8.54;7.29;7.3
2012;9;6;0.36;0.32;3.4;3.4;1.96;1.95;0.11;0.06;393.92;418.19;113.3;47.47;9.04;10.23;8.21;6.45;9.15
2012;9;7;0;0;3.2;3.2;1.91;1.9;0.11;0.06;392.84;417.47;113.25;47.28;5.92;6.7;7.38;5.6;8.35
2012;9;8;0;0;3.4;3.4;1.97;1.95;0.11;0.06;391.88;416.88;113.12;47.01;2.4;2.72;7.1;5.33;9.06
2012;9;9;1.19;1.22;3.6;3.6;2.02;2.01;0.05;0;391.02;416.3;112.92;46.69;0;0;7.1;5.31;11.56
2012;9;10;0.75;0.63;3.5;3.5;1.98;1.98;0.05;0;389.44;414.85;112.65;46.29;0;0;6.51;4.75;11.27
2012;9;11;1;1.02;2.4;2.4;1.66;1.66;0.02;0;387.94;413.51;112.27;45.77;0;0;5.41;4.28;10.94
2012;9;12;20.33;20.33;-1.1;-1.1;0;0;0;0;386.17;411.91;111.76;45.13;20.33;20.33;4.42;3.87;7.55
2012;9;13;2.22;2.05;-4.7;-4.7;0;0;0;0;386.17;411.91;109.01;42.23;22.55;22.38;3.66;3.2;4.14
2012;9;14;0.04;0.03;-0.2;-0.2;0;0;0;0;386.17;411.91;106.43;39.51;22.59;22.41;3.16;2.78;4.07
2012;9;15;0.01;0.01;-0.9;-0.8;0;0;0;0;386.17;411.91;104;36.97;22.6;22.42;2.91;2.57;4.08
2012;9;16;0;0;3.8;3.8;2.06;2.06;0.16;0.13;388.74;413.65;104.1;37.02;9.77;10.43;4.68;4.29;4.39
2012;9;17;0;0;3.9;3.9;2.08;2.09;0.06;0.06;388.68;413.61;104.22;37.09;4.15;4.7;6.21;5.69;4.65
2012;9;18;2.7;2.79;3.1;3.1;1.87;1.87;0.06;0.05;388.35;413.51;104.4;37.24;1.72;1.95;6.47;5.45;5.41
2012;9;19;9.08;8.9;-0.5;-0.5;0;0;0;0;386.57;411.91;104.56;37.35;10.8;10.85;5.5;4.51;4.09
2012;9;20;0.16;0.15;-2.8;-2.8;0;0;0;0;386.57;411.91;102.25;34.95;10.96;11;3.58;3.05;3.76
2012;9;21;0.02;0.02;-1.3;-1.3;0;0;0;0;386.57;411.91;100.09;32.7;10.98;11.02;2.74;2.34;3.26
2012;9;22;1.24;1.21;1.7;1.7;1.39;1.4;0.1;0.08;386.53;411.72;100.58;33.2;6.93;7.15;3.41;3.03;3.67
2012;9;23;0.12;0.13;3.7;3.7;2.04;2.04;0.06;0.06;386.25;411.38;100.93;33.54;2.44;2.76;4.57;4.12;5.1
2012;9;24;14.7;14.99;3.1;3.1;1.88;1.87;0.01;0.01;389.13;414.02;101.32;33.92;2.46;2.79;7.12;6.12;6.82
2012;9;25;0.95;1.02;0.2;0.1;0.43;0.36;0.04;0.03;387.42;412.49;101.8;34.41;3.09;3.5;6.81;5.76;4.4
2012;9;26;12.37;12.68;1.5;1.4;1.31;1.28;0.03;0.03;387.61;412.3;102.26;34.85;9.81;11.11;5.31;4.68;4.76
2012;9;27;17.54;17.66;1.5;1.5;1.32;1.32;0;0;387.67;412.22;102.66;35.23;21.75;23.32;5.47;4.86;11.58
2012;9;28;0.03;0.03;1.6;1.6;1.37;1.36;0.1;0.08;387.34;411.56;103.03;35.56;17.7;19.93;5.34;4.71;4.3
2012;9;29;6.04;6.03;1.8;1.8;1.45;1.44;0.05;0.06;387.32;411.4;103.35;35.84;18.39;20.82;5.34;4.71;6.11
2012;9;30;1.74;1.79;2.5;2.5;1.71;1.69;0.1;0.09;387;411.38;103.65;36.08;14.95;16.93;5.96;4.93;5.92
2012;10;1;2.51;2.54;2;2;1.35;1.34;0.05;0.04;386.22;410.76;103.93;36.29;0.71;0.8;5.85;4.86;4.42
2012;10;2;0.35;0.36;1.1;1.1;1.01;1.01;0.03;0.03;384.57;409.28;104.12;36.42;0.63;0.72;4.61;4.03;4.6
2012;10;3;0.21;0.23;-0.7;-0.7;0;0;0;0;382.99;407.91;104.18;36.41;0.18;0.2;3.96;3.45;3.91
2012;10;4;1.02;1.02;0.6;0.6;0.76;0.76;0.02;0.02;381.6;406.65;104.11;36.27;0.09;0.1;3.83;3.34;3.22
2012;10;5;0.03;0.03;0.7;0.7;0.81;0.81;0.01;0;379.88;405.11;103.92;36;0;0;3.76;3.18;3.11
2012;10;6;0.08;0.09;1.3;1.3;1.09;1.09;0.01;0;378.15;403.56;103.62;35.62;0;0;3.6;3.02;3.15
2012;10;7;5.42;5.24;-0.1;-0.1;0;0;0;0;376.43;401.99;103.23;35.14;5.42;5.24;3.37;2.91;3.2
2012;10;8;0.28;0.28;-0.6;-0.6;0;0;0;0;374.71;400.43;102.77;34.59;5.71;5.52;3.28;2.84;2.38
2012;10;9;9.84;9.6;-0.3;-0.3;0;0;0;0;373.34;398.87;102.04;33.97;15.55;15.12;3.21;2.79;3.14
2012;10;10;8.32;8.06;-1.1;-1.1;0;0;0;0;373.34;398.87;99.93;31.79;23.87;23.18;2.74;2.38;3.34
2012;10;11;0.24;0.25;-0.2;-0.2;0;0;0;0;373.34;398.87;97.94;29.75;24.11;23.43;2.41;2.09;2.27
2012;10;12;5.26;5.19;-1;-1;0;0;0;0;373.34;398.87;96.07;27.84;29.38;28.62;2.25;1.93;2.12
2012;10;13;1.04;1.09;-2.3;-2.3;0;0;0;0;373.34;398.87;94.31;26.05;30.42;29.71;2.12;1.81;1.94
2012;10;14;1.74;1.82;-3.2;-3.2;0;0;0;0;373.34;398.87;92.65;24.37;32.16;31.53;2;1.69;1.68
2012;10;15;37.41;37.56;-4.5;-4.5;0;0;0;0;373.34;398.87;91.08;22.81;69.57;69.09;1.89;1.59;1.58
2012;10;16;1.01;1.01;-5.1;-5.1;0;0;0;0;373.34;398.87;89.61;21.34;70.58;70.1;1.78;1.48;1.73
2012;10;17;0.07;0.08;-3.6;-3.6;0;0;0;0;373.34;398.87;88.21;19.97;70.66;70.18;1.68;1.39;1.85
2012;10;18;0.03;0.03;-0.6;-0.6;0;0;0;0;373.34;398.87;86.9;18.69;70.68;70.21;1.59;1.3;1.93
2012;10;19;0;0;-0.6;-0.6;0;0;0;0;373.34;398.87;85.66;17.49;70.68;70.21;1.5;1.22;1.75
2012;10;20;0.14;0.14;0.2;0.2;0.48;0.45;0.08;0.07;373.37;398.91;84.49;16.36;70.64;70.16;1.42;1.14;1.64
2012;10;21;0;0;2.7;2.7;1.55;1.55;0.2;0.19;375.92;400.85;85.13;17.13;59.21;59.27;2.87;2.55;1.68
2012;10;22;0;0;2.1;2.1;1.38;1.38;0.14;0.13;377.72;402.06;85.82;17.95;49.74;50.5;4.86;4.41;1.8
2012;10;23;0.01;0.01;0.1;0.1;0.32;0.32;0.03;0.03;376.13;400.6;86.59;18.83;49.33;50.13;4.23;3.69;1.75
2012;10;24;0;0;-0.3;-0.3;0;0;0;0;374.4;399.05;87.3;19.63;49.33;50.13;2.97;2.45;1.57
2012;10;25;0;0;-1.2;-1.2;0;0;0;0;374.4;399.05;86.01;18.37;49.33;50.13;2.06;1.61;1.54
2012;10;26;4.2;4.32;-3.1;-3.1;0;0;0;0;374.4;399.05;84.79;17.19;53.53;54.45;1.6;1.23;1.51
2012;10;27;16.69;16.65;-4.7;-4.7;0;0;0;0;374.4;399.05;83.63;16.09;70.22;71.1;1.44;1.12;1.55
2012;10;28;7.06;7.07;-12.5;-12.5;0;0;0;0;374.4;399.05;82.54;15.05;77.28;78.17;1.35;1.05;1.49
2012;10;29;1.62;1.59;-14;-14;0;0;0;0;374.4;399.05;81.51;14.09;78.9;79.76;1.28;0.98;1.59
2012;10;30;0.16;0.15;-16;-16;0;0;0;0;374.4;399.05;80.54;13.18;79.06;79.91;1.21;0.92;1.49
2012;10;31;4.63;4.73;-10.8;-10.7;0;0;0;0;374.4;399.05;79.61;12.34;83.69;84.64;1.15;0.86;1.4
2012;11;1;4.92;4.99;-4.2;-4.2;0;0;0;0;374.4;399.05;78.74;11.54;88.61;89.63;1.09;0.8;1.41
2012;11;2;2.82;2.86;-7.6;-7.6;0;0;0;0;374.4;399.05;77.91;10.8;91.43;92.49;1.03;0.75;1.42
2012;11;3;0.7;0.76;-7;-7;0;0;0;0;374.4;399.05;77.12;10.11;92.13;93.25;0.98;0.7;1.43
2012;11;4;14.01;14.09;-3.3;-3.3;0;0;0;0;374.4;399.05;76.38;9.46;106.14;107.34;0.93;0.66;1.5
2012;11;5;12.63;12.65;-5.9;-5.9;0;0;0;0;374.4;399.05;75.67;8.86;118.77;119.99;0.88;0.62;1.71
2012;11;6;1.61;1.57;-14.8;-14.7;0;0;0;0;374.4;399.05;74.99;8.29;120.38;121.56;0.84;0.58;1.38
2012;11;7;0.04;0.04;-11.8;-11.8;0;0;0;0;374.4;399.05;74.35;7.76;120.42;121.6;0.8;0.54;1.35
2012;11;8;0;0;-7.6;-7.5;0;0;0;0;374.4;399.05;73.74;7.26;120.42;121.6;0.76;0.5;1.38
2012;11;9;0.91;0.93;-5.9;-5.9;0;0;0;0;374.4;399.05;73.16;6.8;121.33;122.53;0.73;0.47;1.36
2012;11;10;8.73;8.88;-3.7;-3.7;0;0;0;0;374.4;399.05;72.6;6.36;130.06;131.41;0.69;0.44;1.39
2012;11;11;38.88;39.28;-2.9;-2.9;0;0;0;0;374.4;399.05;72.07;5.96;168.95;170.69;0.66;0.41;1.9
2012;11;12;0.26;0.27;-4.1;-4.1;0;0;0;0;374.4;399.05;71.56;5.57;169.21;170.96;0.63;0.39;1.42
2012;11;13;0.08;0.09;-6.6;-6.6;0;0;0;0;374.4;399.05;71.08;5.22;169.29;171.05;0.6;0.36;1.37
2012;11;14;0;0;-7.3;-7.3;0;0;0;0;374.4;399.05;70.61;4.88;169.29;171.05;0.58;0.34;1.36
2012;11;15;0;0;-8;-8;0;0;0;0;374.4;399.05;70.17;4.57;169.29;171.05;0.55;0.32;1.33
2012;11;16;0;0;-9.4;-9.4;0;0;0;0;374.4;399.05;69.74;4.28;169.29;171.05;0.53;0.3;1.3
2012;11;17;0;0;-10.4;-10.4;0;0;0;0;374.4;399.05;69.33;4.01;169.29;171.05;0.51;0.28;1.26
2012;11;18;0;0;-10.3;-10.3;0;0;0;0;374.4;399.05;68.94;3.75;169.29;171.05;0.49;0.26;1.19
2012;11;19;0;0;-8.5;-8.5;0;0;0;0;374.4;399.05;68.56;3.51;169.29;171.05;0.47;0.24;1.19
2012;11;20;0;0;-8.7;-8.7;0;0;0;0;374.4;399.05;68.19;3.29;169.29;171.05;0.45;0.23;1.17
2012;11;21;0;0;-9.2;-9.2;0;0;0;0;374.4;399.05;67.84;3.08;169.29;171.05;0.44;0.21;1.11
2012;11;22;1.47;1.48;-8.3;-8.3;0;0;0;0;374.4;399.05;67.5;2.88;170.76;172.53;0.42;0.2;1.09
2012;11;23;0.01;0.01;-10.2;-10.2;0;0;0;0;374.4;399.05;67.17;2.7;170.77;172.54;0.41;0.19;1.02
2012;11;24;0;0;-7.4;-7.4;0;0;0;0;374.4;399.05;66.85;2.53;170.77;172.54;0.39;0.18;1
2012;11;25;0;0;-8.1;-8.1;0;0;0;0;374.4;399.05;66.55;2.37;170.77;172.54;0.38;0.16;0.99
2012;11;26;1.33;1.41;-6.1;-6;0;0;0;0;374.4;399.05;66.25;2.22;172.1;173.94;0.37;0.15;0.98
2012;11;27;5.09;5.29;-5.5;-5.5;0;0;0;0;374.4;399.05;65.96;2.08;177.19;179.24;0.35;0.14;0.97
2012;11;28;19.88;20.28;-5.5;-5.5;0;0;0;0;374.4;399.05;65.68;1.95;197.07;199.51;0.34;0.14;0.96
2012;11;29;8.86;8.87;-9.5;-9.5;0;0;0;0;374.4;399.05;65.41;1.82;205.93;208.38;0.33;0.13;0.95
2012;11;30;0.24;0.23;-13.4;-13.4;0;0;0;0;374.4;399.05;65.14;1.71;206.17;208.62;0.32;0.12;0.94
2012;12;1;0.33;0.34;-15.9;-15.9;0;0;0;0;374.4;399.05;64.89;1.6;206.5;208.96;0.32;0.11;0.92
2012;12;2;1.15;1.09;-17.9;-17.9;0;0;0;0;374.4;399.05;64.63;1.5;207.64;210.04;0.31;0.1;0.91
2012;12;3;3.15;3.07;-18.8;-18.8;0;0;0;0;374.4;399.05;64.39;1.41;210.79;213.12;0.3;0.1;0.9
2012;12;4;6.8;6.6;-13.7;-13.7;0;0;0;0;374.4;399.05;64.15;1.32;217.59;219.72;0.29;0.09;0.89
2012;12;5;1.01;0.96;-18.6;-18.6;0;0;0;0;374.4;399.05;63.91;1.24;218.61;220.68;0.28;0.09;0.88
2012;12;6;2.69;2.57;-21.1;-21.1;0;0;0;0;374.4;399.05;63.69;1.16;221.3;223.25;0.28;0.08;0.87
2012;12;7;3.52;3.52;-21.1;-21.1;0;0;0;0;374.4;399.05;63.46;1.08;224.82;226.76;0.27;0.08;0.86
2012;12;8;0.62;0.59;-19.7;-19.7;0;0;0;0;374.4;399.05;63.24;1.02;225.44;227.35;0.27;0.07;0.84
2012;12;9;2.58;2.52;-20.5;-20.5;0;0;0;0;374.4;399.05;63.03;0.96;228.02;229.88;0.26;0.07;0.83
2012;12;10;10.1;9.9;-17.7;-17.7;0;0;0;0;374.4;399.05;62.82;0.9;238.12;239.78;0.26;0.06;0.82
2012;12;11;2.46;2.37;-20.5;-20.5;0;0;0;0;374.4;399.05;62.61;0.84;240.57;242.15;0.25;0.06;0.81
2012;12;12;0.03;0.03;-24.4;-24.4;0;0;0;0;374.4;399.05;62.4;0.79;240.61;242.18;0.25;0.05;0.8
2012;12;13;0.21;0.22;-21.1;-21.1;0;0;0;0;374.4;399.05;62.2;0.74;240.82;242.4;0.24;0.05;0.79
2012;12;14;1.79;1.85;-13.8;-13.8;0;0;0;0;374.4;399.05;62.01;0.69;242.61;244.25;0.24;0.05;0.77
2012;12;15;6.72;6.74;-10.6;-10.6;0;0;0;0;374.4;399.05;61.81;0.65;249.33;250.99;0.23;0.05;0.77
2012;12;16;1.63;1.59;-14.7;-14.7;0;0;0;0;374.4;399.05;61.62;0.61;250.95;252.57;0.23;0.04;0.76
2012;12;17;1.54;1.49;-14.6;-14.6;0;0;0;0;374.4;399.05;61.43;0.57;252.5;254.06;0.23;0.04;0.75
2012;12;18;0.73;0.69;-17.4;-17.4;0;0;0;0;374.4;399.05;61.24;0.54;253.22;254.75;0.22;0.04;0.75
2012;12;19;0.13;0.12;-20.3;-20.4;0;0;0;0;374.4;399.05;61.06;0.51;253.35;254.87;0.22;0.04;0.75
2012;12;20;3.09;3.07;-18;-18;0;0;0;0;374.4;399.05;60.88;0.48;256.44;257.94;0.22;0.03;0.74
2012;12;21;3.07;2.95;-12.7;-12.7;0;0;0;0;374.4;399.05;60.7;0.45;259.51;260.89;0.21;0.03;0.74
2012;12;22;7.84;7.79;-13.9;-13.9;0;0;0;0;374.4;399.05;60.52;0.42;267.34;268.68;0.21;0.03;0.73
2012;12;23;6.87;6.81;-8.7;-8.8;0;0;0;0;374.4;399.05;60.34;0.4;274.21;275.49;0.21;0.03;0.73
2012;12;24;0;0;-7.2;-7.2;0;0;0;0;374.4;399.05;60.17;0.37;274.21;275.49;0.21;0.03;0.72
2012;12;25;0.2;0.22;-9;-9;0;0;0;0;374.4;399.05;60;0.35;274.42;275.71;0.2;0.02;0.71
2012;12;26;3.49;3.49;-11.6;-11.6;0;0;0;0;374.4;399.05;59.83;0.33;277.91;279.2;0.2;0.02;0.71
2012;12;27;4.57;4.45;-13.9;-13.9;0;0;0;0;374.4;399.05;59.66;0.31;282.48;283.65;0.2;0.02;0.7
2012;12;28;11.47;11.31;-13;-13;0;0;0;0;374.4;399.05;59.49;0.3;293.95;294.96;0.2;0.02;0.7
2012;12;29;0;0;-11.9;-11.9;0;0;0;0;374.4;399.05;59.32;0.28;293.95;294.96;0.2;0.02;0.69
2012;12;30;0;0;-14.5;-14.5;0;0;0;0;374.4;399.05;59.16;0.26;293.96;294.96;0.19;0.02;0.69
2012;12;31;0;0;-14.8;-14.8;0;0;0;0;374.4;399.05;58.99;0.25;293.96;294.96;0.19;0.02;0.68
2013;1;1;0.29;0.29;-12.6;-12.6;0;0;0;0;374.4;399.05;58.83;0.23;294.25;295.25;0.19;0.02;0.68
2013;1;2;2.93;2.89;-14.6;-14.6;0;0;0;0;374.4;399.05;58.67;0.22;297.18;298.14;0.19;0.02;0.67
2013;1;3;1.59;1.51;-13.9;-13.9;0;0;0;0;374.4;399.05;58.51;0.21;298.77;299.65;0.19;0.01;0.67
2013;1;4;3.39;3.24;-8.1;-8.1;0;0;0;0;374.4;399.05;58.35;0.2;302.16;302.89;0.19;0.01;0.66
2013;1;5;11.34;11.01;-6.8;-6.8;0;0;0;0;374.4;399.05;58.19;0.19;313.5;313.9;0.19;0.01;0.66
2013;1;6;2.06;1.99;-7.1;-7.1;0;0;0;0;374.4;399.05;58.03;0.18;315.56;315.89;0.18;0.01;0.65
2013;1;7;0.12;0.12;-8.2;-8.2;0;0;0;0;374.4;399.05;57.88;0.17;315.68;316.01;0.18;0.01;0.65
2013;1;8;0;0;-7.6;-7.6;0;0;0;0;374.4;399.05;57.72;0.16;315.68;316.01;0.18;0.01;0.64
2013;1;9;0;0;-9.6;-9.6;0;0;0;0;374.4;399.05;57.57;0.15;315.68;316.01;0.18;0.01;0.64
2013;1;10;1.38;1.33;-11.5;-11.5;0;0;0;0;374.4;399.05;57.41;0.14;317.06;317.34;0.18;0.01;0.63
2013;1;11;3.32;3.18;-13.3;-13.3;0;0;0;0;374.4;399.05;57.26;0.14;320.38;320.52;0.18;0.01;0.63
2013;1;12;0.19;0.18;-17;-17;0;0;0;0;374.4;399.05;57.11;0.13;320.58;320.7;0.18;0.01;0.62
2013;1;13;0.54;0.56;-15.6;-15.6;0;0;0;0;374.4;399.05;56.96;0.12;321.12;321.26;0.18;0.01;0.62
2013;1;14;1.9;1.91;-15.5;-15.5;0;0;0;0;374.4;399.05;56.81;0.12;323.02;323.17;0.18;0.01;0.61
2013;1;15;2.27;2.3;-16.4;-16.4;0;0;0;0;374.4;399.05;56.66;0.11;325.29;325.47;0.17;0.01;0.61
2013;1;16;7.89;7.85;-16.8;-16.8;0;0;0;0;374.4;399.05;56.51;0.11;333.18;333.32;0.17;0.01;0.6
2013;1;17;2.81;2.72;-18.1;-18.1;0;0;0;0;374.4;399.05;56.36;0.1;335.99;336.04;0.17;0.01;0.6
2013;1;18;0.01;0.01;-19.5;-19.5;0;0;0;0;374.4;399.05;56.21;0.1;336;336.05;0.17;0.01;0.59
2013;1;19;1.81;1.84;-15.1;-15;0;0;0;0;374.4;399.05;56.06;0.1;337.81;337.89;0.17;0.01;0.59
2013;1;20;3.29;3.39;-10.1;-10;0;0;0;0;374.4;399.05;55.92;0.09;341.1;341.28;0.17;0.01;0.58
2013;1;21;4.75;4.75;-10.5;-10.5;0;0;0;0;374.4;399.05;55.77;0.09;345.85;346.03;0.17;0.01;0.58
2013;1;22;1.75;1.75;-13.2;-13.2;0;0;0;0;374.4;399.05;55.63;0.08;347.6;347.78;0.17;0.01;0.57
2013;1;23;0;0;-16.4;-16.4;0;0;0;0;374.4;399.05;55.48;0.08;347.6;347.78;0.17;0.01;0.57
2013;1;24;0.07;0.07;-15.9;-15.9;0;0;0;0;374.4;399.05;55.34;0.08;347.67;347.85;0.17;0.01;0.56
2013;1;25;0.09;0.08;-18.6;-18.6;0;0;0;0;374.4;399.05;55.19;0.08;347.75;347.93;0.17;0.01;0.56
2013;1;26;0;0;-19.3;-19.3;0;0;0;0;374.4;399.05;55.05;0.07;347.75;347.93;0.17;0;0.55
2013;1;27;0.52;0.51;-14.9;-14.9;0;0;0;0;374.4;399.05;54.91;0.07;348.28;348.44;0.17;0;0.55
2013;1;28;3.93;3.89;-13.6;-13.6;0;0;0;0;374.4;399.05;54.76;0.07;352.21;352.33;0.17;0;0.54
2013;1;29;6.22;6.09;-11.8;-11.8;0;0;0;0;374.4;399.05;54.62;0.06;358.43;358.42;0.16;0;0.54
2013;1;30;5.08;5.07;-7.7;-7.7;0;0;0;0;374.4;399.05;54.48;0.06;363.51;363.49;0.16;0;0.53
2013;1;31;0.6;0.59;-9.8;-9.8;0;0;0;0;374.4;399.05;54.34;0.06;364.11;364.08;0.16;0;0.53
2013;2;1;4.66;4.51;-9.5;-9.5;0;0;0;0;374.4;399.05;54.2;0.06;368.77;368.59;0.16;0;0.52
2013;2;2;11.13;10.87;-11.8;-11.8;0;0;0;0;374.4;399.05;54.06;0.06;379.91;379.46;0.16;0;0.52
2013;2;3;2.08;2.02;-16.9;-16.9;0;0;0;0;374.4;399.05;53.92;0.06;381.99;381.48;0.16;0;0.52
2013;2;4;8.73;8.6;-11.7;-11.7;0;0;0;0;374.4;399.05;53.78;0.06;390.72;390.08;0.16;0;0.51
2013;2;5;5.63;5.6;-11.6;-11.6;0;0;0;0;374.4;399.05;53.64;0.05;396.34;395.68;0.16;0;0.51
2013;2;6;3.06;3.02;-15.7;-15.7;0;0;0;0;374.4;399.05;53.5;0.05;399.4;398.7;0.16;0;0.51
2013;2;7;2.25;2.12;-17.9;-17.9;0;0;0;0;374.4;399.05;53.37;0.05;401.64;400.82;0.16;0;0.51
2013;2;8;1.6;1.53;-21;-21;0;0;0;0;374.4;399.05;53.23;0.05;403.24;402.35;0.16;0;0.51
2013;2;9;0.9;0.86;-23;-23;0;0;0;0;374.4;399.05;53.09;0.05;404.14;403.21;0.16;0;0.5
2013;2;10;0.01;0.01;-24.6;-24.6;0;0;0;0;374.4;399.05;52.95;0.05;404.15;403.22;0.16;0;0.5
2013;2;11;2.45;2.5;-18.1;-18.1;0;0;0;0;374.4;399.05;52.82;0.05;406.6;405.72;0.16;0;0.5
2013;2;12;4.02;4.03;-15.8;-15.8;0;0;0;0;374.4;399.05;52.68;0.05;410.63;409.75;0.16;0;0.5
2013;2;13;0.1;0.09;-17.4;-17.4;0;0;0;0;374.4;399.05;52.55;0.05;410.72;409.84;0.16;0;0.5
2013;2;14;0;0;-15.5;-15.5;0;0;0;0;374.4;399.05;52.41;0.04;410.72;409.84;0.16;0;0.49
2013;2;15;2.17;2.08;-13.7;-13.7;0;0;0;0;374.4;399.05;52.28;0.04;412.89;411.92;0.16;0;0.49
2013;2;16;0.42;0.41;-15.1;-15.1;0;0;0;0;374.4;399.05;52.14;0.04;413.31;412.33;0.16;0;0.49
2013;2;17;0.12;0.13;-16.4;-16.4;0;0;0;0;374.4;399.05;52.01;0.04;413.43;412.46;0.15;0;0.49
2013;2;18;0;0;-18;-18;0;0;0;0;374.4;399.05;51.88;0.04;413.43;412.46;0.15;0;0.49
2013;2;19;0.86;0.83;-17;-17;0;0;0;0;374.4;399.05;51.74;0.04;414.3;413.29;0.15;0;0.48
2013;2;20;0.94;0.88;-16.4;-16.4;0;0;0;0;374.4;399.05;51.61;0.04;415.24;414.17;0.15;0;0.48
2013;2;21;1.82;1.86;-16.8;-16.8;0;0;0;0;374.4;399.05;51.48;0.04;417.06;416.03;0.15;0;0.48
2013;2;22;0.81;0.83;-17.3;-17.3;0;0;0;0;374.4;399.05;51.34;0.04;417.86;416.86;0.15;0;0.48
2013;2;23;2.29;2.32;-16.9;-16.9;0;0;0;0;374.4;399.05;51.21;0.04;420.15;419.18;0.15;0;0.48
2013;2;24;4.35;4.41;-14.8;-14.8;0;0;0;0;374.4;399.05;51.08;0.04;424.5;423.59;0.15;0;0.47
2013;2;25;0.52;0.54;-16;-16;0;0;0;0;374.4;399.05;50.95;0.04;425.02;424.13;0.15;0;0.47
2013;2;26;0.24;0.23;-16.2;-16.2;0;0;0;0;374.4;399.05;50.82;0.04;425.26;424.36;0.15;0;0.47
2013;2;27;0.38;0.39;-10.4;-10.4;0;0;0;0;374.4;399.05;50.69;0.04;425.64;424.75;0.15;0;0.47
2013;2;28;0.02;0.02;-11.3;-11.3;0;0;0;0;374.4;399.05;50.56;0.04;425.66;424.77;0.15;0;0.47
2013;3;1;0;0;-12;-12;0;0;0;0;374.4;399.05;50.43;0.04;425.66;424.77;0.15;0;0.46
2013;3;2;0;0;-10.2;-10.2;0;0;0;0;374.4;399.05;50.3;0.04;425.66;424.77;0.15;0;0.46
2013;3;3;0;0;-10.7;-10.7;0;0;0;0;374.4;399.05;50.17;0.04;425.66;424.77;0.15;0;0.46
2013;3;4;0;0;-9.1;-9.1;0;0;0;0;374.4;399.05;50.04;0.04;425.66;424.77;0.15;0;0.46
2013;3;5;0.13;0.13;-10.1;-10.1;0;0;0;0;374.4;399.05;49.91;0.04;425.78;424.9;0.15;0;0.46
2013;3;6;2.19;2.26;-6.9;-6.9;0;0;0;0;374.4;399.05;49.79;0.04;427.98;427.16;0.15;0;0.45
2013;3;7;0.66;0.69;-4.9;-4.9;0;0;0;0;374.4;399.05;49.66;0.04;428.63;427.85;0.15;0;0.45
2013;3;8;3.61;3.61;-4.9;-4.9;0;0;0;0;374.4;399.05;49.53;0.04;432.24;431.46;0.15;0;0.45
2013;3;9;10.78;10.78;-4.8;-4.8;0;0;0;0;374.4;399.05;49.41;0.04;443.02;442.24;0.15;0;0.45
2013;3;10;0.94;0.95;-7.1;-7.1;0;0;0;0;374.4;399.05;49.28;0.04;443.96;443.19;0.15;0;0.44
2013;3;11;0.36;0.37;-10.1;-10;0;0;0;0;374.4;399.05;49.15;0.04;444.32;443.56;0.15;0;0.44
2013;3;12;1.22;1.27;-10.6;-10.5;0;0;0;0;374.4;399.05;49.03;0.04;445.54;444.83;0.15;0;0.44
2013;3;13;2.8;2.75;-11.3;-11.3;0;0;0;0;374.4;399.05;48.9;0.04;448.34;447.58;0.14;0;0.44
2013;3;14;1.16;1.09;-16.8;-16.8;0;0;0;0;374.4;399.05;48.78;0.04;449.5;448.67;0.14;0;0.44
2013;3;15;0.68;0.64;-20.1;-20.1;0;0;0;0;374.4;399.05;48.65;0.04;450.18;449.31;0.14;0;0.43
2013;3;16;0.1;0.1;-17.3;-17.3;0;0;0;0;374.4;399.05;48.53;0.04;450.27;449.41;0.14;0;0.43
2013;3;17;2.03;2.1;-13.2;-13.2;0;0;0;0;374.4;399.05;48.4;0.04;452.31;451.51;0.14;0;0.43
2013;3;18;13.68;13.76;-10.4;-10.4;0;0;0;0;374.4;399.05;48.28;0.04;465.99;465.27;0.14;0;0.43
2013;3;19;1.14;1.05;-12.6;-12.6;0;0;0;0;374.4;399.05;48.16;0.04;467.12;466.32;0.14;0;0.43
2013;3;20;2.32;2.28;-12.6;-12.5;0;0;0;0;374.4;399.05;48.03;0.04;469.44;468.6;0.14;0;0.42
2013;3;21;0.5;0.48;-13.6;-13.6;0;0;0;0;374.4;399.05;47.91;0.04;469.95;469.08;0.14;0;0.42
2013;3;22;0.03;0.03;-9.9;-9.9;0;0;0;0;374.4;399.05;47.79;0.04;469.97;469.11;0.14;0;0.42
2013;3;23;0.6;0.62;-7.4;-7.4;0;0;0;0;374.4;399.05;47.66;0.04;470.58;469.73;0.14;0;0.42
2013;3;24;2.82;2.93;-6.5;-6.5;0;0;0;0;374.4;399.05;47.54;0.04;473.4;472.66;0.14;0;0.42
2013;3;25;3.18;3.17;-6.5;-6.5;0;0;0;0;374.4;399.05;47.42;0.04;476.58;475.83;0.14;0;0.41
2013;3;26;6.11;6.02;-8.9;-8.9;0;0;0;0;374.4;399.05;47.3;0.04;482.69;481.85;0.14;0;0.41
2013;3;27;0.27;0.28;-10.4;-10.4;0;0;0;0;374.4;399.05;47.18;0.04;482.96;482.13;0.14;0;0.41
2013;3;28;3.66;3.68;-10.2;-10.2;0;0;0;0;374.4;399.05;47.06;0.04;486.62;485.81;0.14;0;0.41
2013;3;29;2.47;2.51;-7.2;-7.2;0;0;0;0;374.4;399.05;46.94;0.04;489.08;488.32;0.14;0;0.41
2013;3;30;10.08;10.08;-7.9;-7.9;0;0;0;0;374.4;399.05;46.82;0.04;499.17;498.4;0.14;0;0.4
2013;3;31;4.43;4.33;-10.3;-10.2;0;0;0;0;374.4;399.05;46.7;0.04;503.6;502.73;0.14;0;0.4
2013;4;1;0.16;0.18;-11.2;-11.2;0;0;0;0;374.4;399.05;46.58;0.04;503.76;502.91;0.14;0;0.43
2013;4;2;0.1;0.1;-9.5;-9.4;0;0;0;0;374.4;399.05;46.46;0.04;503.86;503.01;0.14;0;0.47
2013;4;3;0.01;0.01;-8.2;-8.2;0;0;0;0;374.4;399.05;46.34;0.04;503.87;503.02;0.14;0;0.48
2013;4;4;1.27;1.31;-8;-8;0;0;0;0;374.4;399.05;46.22;0.03;505.14;504.33;0.14;0;0.49
2013;4;5;4.63;4.66;-6.1;-6.1;0;0;0;0;374.4;399.05;46.1;0.03;509.77;508.99;0.14;0;0.5
2013;4;6;0.88;0.9;-6;-6;0;0;0;0;374.4;399.05;45.98;0.03;510.65;509.89;0.14;0;0.5
2013;4;7;2.1;2.12;-8.1;-8.1;0;0;0;0;374.4;399.05;45.87;0.03;512.75;512.01;0.14;0;0.46
2013;4;8;3.57;3.56;-8.7;-8.7;0;0;0;0;374.4;399.05;45.75;0.03;516.32;515.57;0.14;0;0.42
2013;4;9;2.93;2.94;-9.3;-9.3;0;0;0;0;374.4;399.05;45.63;0.03;519.25;518.51;0.14;0;0.43
2013;4;10;0.64;0.57;-9;-9;0;0;0;0;374.4;399.05;45.52;0.03;519.89;519.08;0.13;0;0.44
2013;4;11;2.66;2.64;-4.5;-4.5;0;0;0;0;374.4;399.05;45.4;0.03;522.55;521.72;0.13;0;0.55
2013;4;12;14.22;14.32;-4.3;-4.3;0;0;0;0;374.4;399.05;45.28;0.03;536.77;536.04;0.13;0;0.62
2013;4;13;0;0;-6.4;-6.4;0;0;0;0;374.4;399.05;45.17;0.03;536.77;536.04;0.13;0;0.62
2013;4;14;0.01;0.01;-2.7;-2.7;0;0;0;0;374.4;399.05;45.05;0.03;536.78;536.05;0.13;0;0.7
2013;4;15;0.29;0.31;0.6;0.6;0.92;0.93;0.14;0.14;374.4;399.05;44.94;0.03;536.93;536.22;0.13;0;0.92
2013;4;16;1.32;1.32;-0.3;-0.3;0;0;0;0;374.4;399.05;44.82;0.03;538.25;537.54;0.13;0;1.17
2013;4;17;0.03;0.02;0.2;0.2;0.58;0.55;0.09;0.08;374.42;399.06;44.71;0.03;538.14;537.42;0.13;0;1.58
2013;4;18;0.41;0.38;1.1;1.1;1.24;1.24;0.19;0.19;374.73;399.42;44.59;0.03;537.39;536.53;0.13;0;2.33
2013;4;19;25.32;25.47;-0.9;-0.9;0;0;0;0;374.73;399.42;44.48;0.03;562.71;562;0.13;0;1.88
2013;4;20;14.48;14.79;-3.1;-3.1;0;0;0;0;374.73;399.42;44.36;0.03;577.19;576.79;0.13;0;1.45
2013;4;21;1.15;1.12;-2.9;-2.9;0;0;0;0;374.73;399.42;44.25;0.03;578.34;577.91;0.13;0;1.16
2013;4;22;5.03;5.02;-3.5;-3.5;0;0;0;0;374.73;399.42;44.14;0.03;583.37;582.93;0.13;0;0.95
2013;4;23;0.4;0.41;-1.5;-1.5;0;0;0;0;374.73;399.42;44.02;0.03;583.76;583.34;0.13;0;1.1
2013;4;24;0.02;0.02;-0.4;-0.4;0;0;0;0;374.73;399.42;43.91;0.03;583.78;583.36;0.13;0;1.37
2013;4;25;0;0;1.1;1.1;1.25;1.24;0.2;0.19;374.9;399.6;43.8;0.04;583.08;582.59;0.13;0;1.94
2013;4;26;2.99;2.94;0.7;0.7;1.02;1;0.13;0.13;375.12;399.86;43.69;0.04;585.23;584.61;0.13;0;2.72
2013;4;27;10.9;11.19;-1.4;-1.4;0;0;0;0;375.12;399.86;43.58;0.04;596.12;595.8;0.13;0;3.07
2013;4;28;1.68;1.75;-0.7;-0.7;0;0;0;0;375.12;399.86;43.47;0.04;597.8;597.55;0.13;0;2.57
2013;4;29;5.57;5.7;1;1;1.2;1.18;0.13;0.12;375.08;400.2;43.36;0.04;602.32;602.08;0.13;0;3.1
2013;4;30;2.91;2.98;1;1;1.21;1.18;0.16;0.15;373.93;399.28;45.32;2.36;603.33;602.94;0.55;0.38;3.76
2013;5;1;4.62;4.69;1.2;1.2;1.51;1.48;0.17;0.16;373.27;398.83;47.03;4.38;604.67;604.09;1.56;1.35;3.95
2013;5;2;6.79;6.66;1.1;1.1;1.43;1.42;0.13;0.13;372.81;398.34;48.58;6.21;607.98;607.36;2.19;1.92;4.65
2013;5;3;2.71;2.68;-0.6;-0.7;0;0;0;0;371.11;396.79;50;7.86;610.69;610.04;1.96;1.67;4.25
2013;5;4;3.37;3.18;-2.1;-2.1;0;0;0;0;371.11;396.79;49.45;7.36;614.06;613.22;1.17;0.89;3.5
2013;5;5;0.25;0.26;-0.6;-0.6;0;0;0;0;371.11;396.79;48.92;6.89;614.31;613.48;0.74;0.52;3.13
2013;5;6;6.35;6.34;-0.4;-0.4;0;0;0;0;371.11;396.79;48.42;6.45;620.66;619.82;0.64;0.45;3.35
2013;5;7;4.7;4.58;0.3;0.3;0.77;0.76;0.09;0.08;371.11;396.79;47.95;6.04;625.27;624.31;0.6;0.42;3.38
2013;5;8;0.8;0.81;1.3;1.3;1.54;1.54;0.23;0.22;370.49;396.12;49.5;7.81;623.08;622.29;0.92;0.73;3.84
2013;5;9;4.3;4.39;1.5;1.5;1.67;1.65;0.2;0.19;370.9;396.12;50.86;9.34;622.02;621.89;2.15;1.88;4.41
2013;5;10;17.94;17.81;-0.1;-0.1;0;0;0;0;369.21;394.58;52.09;10.72;639.96;639.7;2.27;1.94;4.31
2013;5;11;9.1;9.04;-3;-3;0;0;0;0;369.21;394.58;51.37;10.04;649.05;648.74;1.43;1.11;3.43
2013;5;12;2.98;2.89;-5.3;-5.3;0;0;0;0;369.21;394.58;50.7;9.39;652.03;651.63;0.95;0.7;2.72
2013;5;13;0.47;0.44;-5.1;-5;0;0;0;0;369.21;394.58;50.05;8.79;652.49;652.07;0.82;0.61;2.41
2013;5;14;2.62;2.7;-2;-1.9;0;0;0;0;369.21;394.58;49.45;8.23;655.12;654.77;0.77;0.57;2.51
2013;5;15;2.6;2.7;-0.5;-0.5;0;0;0;0;369.21;394.58;48.88;7.7;657.72;657.47;0.73;0.54;2.55
2013;5;16;17.23;17.57;-0.9;-0.9;0;0;0;0;369.21;394.58;48.33;7.21;674.96;675.04;0.69;0.5;2.79
2013;5;17;10.4;10.54;-1.2;-1.2;0;0;0;0;369.21;394.58;47.82;6.75;685.36;685.58;0.66;0.47;3.94
2013;5;18;1.2;1.25;-2.2;-2.3;0;0;0;0;369.21;394.58;47.33;6.31;686.56;686.83;0.63;0.44;2.67
2013;5;19;11.69;11.67;-2.4;-2.4;0;0;0;0;369.21;394.58;46.87;5.91;698.25;698.5;0.59;0.41;3.03
2013;5;20;4.38;4.33;-5.5;-5.5;0;0;0;0;369.21;394.58;46.43;5.53;702.62;702.83;0.56;0.38;2.2
2013;5;21;1.92;1.94;-5;-5;0;0;0;0;369.21;394.58;46.01;5.18;704.54;704.77;0.54;0.36;1.57
2013;5;22;2.83;2.7;-4.5;-4.5;0;0;0;0;369.21;394.58;45.61;4.85;707.37;707.47;0.51;0.34;1.47
2013;5;23;6.21;6.09;-3.7;-3.7;0;0;0;0;369.21;394.58;45.23;4.54;713.58;713.56;0.49;0.32;1.43
2013;5;24;12.06;12.09;-8.6;-8.5;0;0;0;0;369.21;394.58;44.87;4.25;725.65;725.65;0.46;0.3;1.39
2013;5;25;5.59;5.43;-8.1;-8.1;0;0;0;0;369.21;394.58;44.52;3.98;731.24;731.08;0.44;0.28;1.36
2013;5;26;2.2;2.09;-7.7;-7.7;0;0;0;0;369.21;394.58;44.2;3.72;733.44;733.17;0.42;0.26;1.33
2013;5;27;0.6;0.6;-3.3;-3.3;0;0;0;0;369.21;394.58;43.88;3.49;734.04;733.77;0.4;0.24;1.32
2013;5;28;4.85;5.02;-1.8;-1.8;0;0;0;0;369.21;394.58;43.58;3.26;738.88;738.79;0.39;0.23;1.35
2013;5;29;22.26;22.36;-3.4;-3.4;0;0;0;0;369.21;394.58;43.29;3.06;761.14;761.15;0.37;0.21;1.42
2013;5;30;7.55;7.33;-5.5;-5.5;0;0;0;0;369.21;394.58;43.02;2.86;768.7;768.48;0.35;0.2;1.4
2013;5;31;20.58;20.05;-3.7;-3.7;0;0;0;0;369.21;394.58;42.75;2.68;789.28;788.53;0.34;0.19;1.38
2013;6;1;19.85;19.31;-1.9;-1.9;0;0;0;0;369.21;394.58;42.5;2.51;809.13;807.84;0.32;0.17;1.51
2013;6;2;9.08;8.7;-1.7;-1.7;0;0;0;0;369.21;394.58;42.26;2.35;818.21;816.54;0.31;0.16;1.59
2013;6;3;2.84;2.77;-1.8;-1.8;0;0;0;0;369.21;394.58;42.02;2.2;821.04;819.31;0.3;0.15;1.47
2013;6;4;0.91;0.95;0;0;0;0;0;0;369.21;394.58;41.8;2.06;821.96;820.26;0.29;0.14;2.01
2013;6;5;0.26;0.29;-0.3;-0.3;0;0;0;0;369.21;394.58;41.58;1.93;822.22;820.55;0.28;0.13;3.16
2013;6;6;0.36;0.39;-0.4;-0.3;0;0;0;0;369.21;394.58;41.37;1.81;822.58;820.94;0.27;0.13;3.99
2013;6;7;1.41;1.45;0.9;1;1.31;1.38;0.19;0.19;369.36;394.75;41.16;1.7;823.37;821.7;0.26;0.12;4.78
2013;6;8;4.91;4.9;2.2;2.3;2.01;2.05;0.22;0.22;369.19;394.56;42.87;3.74;824.56;822.41;0.79;0.65;6.28
2013;6;9;10.81;10.97;1.7;1.7;1.78;1.78;0.1;0.1;368.6;394.26;44.41;5.55;832.09;829.68;1.83;1.69;6.35
2013;6;10;12.38;11.99;-0.8;-0.8;0;0;0;0;367.24;392.73;45.75;7.18;844.47;841.67;1.75;1.61;4.61
2013;6;11;3.77;3.61;0.1;0.2;0.56;0.64;0.07;0.08;365.9;391.2;46.92;8.62;848.16;845.2;1.37;1.23;3.87
2013;6;12;0.02;0.02;1.7;1.8;1.8;1.83;0.28;0.28;365.9;391.56;48;9.89;843.17;839.58;2.08;1.92;4.65
2013;6;13;0.24;0.21;6.3;6.3;3.32;3.32;0.43;0.4;371.75;397.81;49.17;11.26;822.43;817.21;5.46;5.26;5.95
2013;6;14;6.57;6.62;5.8;5.8;3.19;3.2;0.25;0.24;380.68;404.88;50.75;13.05;801.15;797.46;9.32;8.93;8.78
2013;6;15;9.71;9.6;5.7;5.8;3.19;3.2;0.18;0.17;391.69;414.13;52.98;15.51;774.27;771.52;13.07;12.37;11.22
2013;6;16;8.19;8.46;6.8;6.8;3.45;3.45;0.24;0.21;403.83;424.57;56.09;18.85;737.61;735.85;17.57;16.53;15.11
2013;6;17;1.57;1.62;8.7;8.7;3.88;3.88;0.37;0.32;415.02;433.75;60.18;23.18;691.75;691.58;21.66;20.26;19.78
2013;6;18;0.74;0.66;9.8;9.9;4.12;4.13;0.41;0.36;423.94;440.4;65.19;28.38;648.52;651.16;23.72;21.91;22.06
2013;6;19;0.29;0.29;9.4;9.5;4.04;4.05;0.41;0.37;431.16;445.79;70.91;34.21;606.36;611.72;24.69;22.48;24.15
2013;6;20;4.84;4.84;8.1;8.1;3.75;3.75;0.28;0.25;437.23;450.3;77.16;40.44;569.34;577.42;25.7;23.15;26.48
2013;6;21;4.18;4.1;6.4;6.4;3.35;3.35;0.26;0.23;440.93;453.05;83.7;46.82;539.94;550.03;25.29;22.52;26.18
2013;6;22;5.15;4.97;4.8;4.8;2.91;2.92;0.15;0.13;442.92;454.46;90.2;53.02;519.43;531.04;23.08;20.31;22.91
2013;6;23;22.05;22.1;3.4;3.5;2.5;2.51;0;0;445.2;456.06;96.43;58.82;513.17;526.9;22;19.29;19.96
2013;6;24;12.53;12.35;-2.2;-2.2;0;0;0;0;442.97;454.28;102.05;63.87;525.7;539.25;16.77;14.31;13.44
2013;6;25;1.69;1.53;-2.1;-2.1;0;0;0;0;440.75;452.52;106.57;67.74;527.39;540.78;10.87;8.96;7.76
2013;6;26;1.1;1.05;-2.9;-2.9;0;0;0;0;440.75;452.52;102.61;63.39;528.49;541.83;7.86;6.49;6.46
2013;6;27;3.48;3.49;-3;-2.9;0;0;0;0;440.75;452.52;98.89;59.32;531.97;545.32;6.45;5.42;5.07
2013;6;28;2.04;2.09;-3;-3;0;0;0;0;440.75;452.52;95.41;55.51;534.01;547.41;5.85;5.02;4.18
2013;6;29;5.24;5.06;-1.9;-1.9;0;0;0;0;440.75;452.52;92.14;51.95;539.25;552.47;5.45;4.73;4.53
2013;6;30;1.03;0.98;1.1;1.2;1.47;1.5;0.18;0.17;441.1;452.91;89.08;48.62;537.57;550.41;5.26;4.59;4.55
2013;7;1;1.04;1.12;3.1;3.1;2.38;2.39;0.17;0.14;439.47;451.76;92.99;52.09;534.27;546.79;6.36;5.69;4.91
2013;7;2;3.96;4.04;3.9;3.9;2.66;2.66;0.16;0.12;439.67;451.67;96.03;54.7;524.54;538.67;8.96;8.1;5.95
2013;7;3;13.16;13.14;3.6;3.6;2.56;2.56;0.04;0.03;441.1;452.57;98.69;56.91;516.66;532.64;12.68;11.4;7.7
2013;7;4;9.28;9.3;4.4;4.5;2.84;2.85;0.1;0.08;442.43;453.44;101.32;59.06;504.6;522.4;15.43;13.71;9.54
2013;7;5;1.56;1.62;5.6;5.7;3.17;3.19;0.22;0.18;443.1;453.68;104.01;61.19;488.69;508.69;15.82;13.83;15.09
2013;7;6;0.88;0.89;6.4;6.5;3.38;3.4;0.24;0.2;444.17;454.14;106.7;63.26;469.59;492.34;15.87;13.7;17.37
2013;7;7;4.26;4.05;6.4;6.4;3.37;3.38;0.19;0.16;445.79;455.04;109.44;65.3;449.88;475.6;17.12;14.71;15.39
2013;7;8;4.93;4.85;6.3;6.3;3.34;3.35;0.18;0.15;447.35;456;112.33;67.39;430.01;458.66;18.62;15.95;16.97
2013;7;9;4.8;4.46;6.2;6.2;3.32;3.32;0.17;0.15;448.78;456.83;115.39;69.56;410;441.63;19.53;16.63;20.13
2013;7;10;4.01;4.16;5.9;6;3.26;3.27;0.19;0.15;449.8;457.53;118.6;71.79;390.64;424.88;19.89;16.86;20.28
2013;7;11;0.99;0.93;5;5.1;3;3.03;0.2;0.18;449.89;457.51;121.82;73.96;374.35;410.5;18.85;15.87;21.35
2013;7;12;0.01;0.01;6;6.1;3.27;3.3;0.23;0.2;450.14;457.73;124.92;75.96;355.47;393.15;18.03;15.22;17.83
2013;7;13;0.96;0.97;4.7;4.8;2.91;2.94;0.18;0.17;449.89;457.64;127.82;77.74;340.87;379.35;17.43;14.82;15.8
2013;7;14;0.3;0.28;5.6;5.7;3.17;3.19;0.2;0.19;449.84;457.78;130.51;79.32;323.91;362.89;17.19;14.8;15.02
2013;7;15;0.05;0.05;6;6;3.27;3.27;0.19;0.2;449.74;457.99;133.02;80.74;306.63;345.49;17.45;15.25;16.19
2013;7;16;0.06;0.07;8.2;8.2;3.8;3.8;0.12;0.12;449.57;458.26;135.38;82.07;289.45;327.57;17.72;15.72;16.76
2013;7;17;4.23;4.29;7.8;7.8;3.71;3.71;0.08;0.08;449;458.25;137.57;83.31;279.23;316.13;17.35;15.58;17.91
2013;7;18;6.46;5.85;6.5;6.5;3.4;3.4;0.09;0.07;448.56;458.22;139.57;84.42;270.77;306.56;17.65;15.02;21.13
2013;7;19;1.97;1.68;6.3;6.4;3.37;3.38;0.21;0.09;447.4;457.69;141.32;85.34;262.46;297.15;17.68;14.09;18.11
2013;7;20;2.53;2.53;6.7;6.7;3.45;3.45;0.23;0.09;446.34;457.33;142.76;86.02;253.75;287.29;17.07;13.39;17.53
2013;7;21;6.92;7.11;7.5;7.5;3.64;3.64;0.18;0.06;446.04;457.68;143.98;86.55;243.93;276.18;18.31;14.47;20.17
2013;7;22;4.6;4.75;7.6;7.6;3.67;3.66;0.22;0.08;445.41;457.74;145.11;87.05;234.01;264.94;19.32;15.3;21.24
2013;7;23;2.34;2.43;7.4;7.4;3.62;3.62;0.24;0.1;444.44;457.5;146.14;87.51;224.36;254.02;18.73;14.79;20.22
2013;7;24;13.54;13.31;6.9;6.9;3.5;3.5;0.04;0.02;445.21;458.47;147.15;88.01;215.25;243.7;20.08;16.29;19.78
2013;7;25;0.09;0.09;7.3;7.3;3.59;3.59;0.27;0.11;443.91;457.89;148.16;88.56;205.75;232.95;19.5;15.74;22.87
2013;7;26;1.88;1.99;9.3;9.3;4.04;4.04;0.28;0.11;443.16;457.91;149.07;89.04;193.64;219.24;18.82;14.71;22.08
2013;7;27;5.97;5.9;10.3;10.3;4.24;4.24;0.19;0.08;443.26;458.55;149.92;89.5;180.16;203.98;20.7;16.1;22.55
2013;7;28;0.47;0.49;10.7;10.7;4.32;4.32;0.31;0.13;442.5;458.58;150.8;90.03;166.26;188.24;21.4;16.51;26.9
2013;7;29;15.97;15.89;6.7;6.7;3.46;3.45;0.01;0.01;443.62;459.71;151.77;90.7;157.38;178.19;22.52;18.09;24.94
2013;7;30;0.12;0.1;5.1;5.1;3.03;3.03;0.22;0.09;442.05;458.74;152.76;91.41;150.73;170.66;19.77;16.3;17.12
2013;7;31;0;0;7.4;7.4;3.61;3.62;0.26;0.11;440.81;458.16;153.54;91.9;141.11;159.76;16.89;13.63;16.51
2013;8;1;0.41;0.42;10;10;3.83;3.83;0.26;0.12;440.03;458.09;154.05;92.13;128.13;145.06;17.78;13.86;16.58
2013;8;2;0.22;0.23;11.5;11.5;4.1;4.1;0.28;0.12;439.45;458.25;154.46;92.27;113.22;128.18;19.77;15.07;18.91
2013;8;3;2.24;1.91;11.8;11.9;4.16;4.17;0.22;0.11;439.38;458.66;154.87;92.45;97.76;110.68;21.38;16.32;17.59
2013;8;4;4.18;3.85;10;10;3.83;3.83;0.17;0.09;439.33;458.95;155.37;92.75;84.73;95.93;21.83;16.98;18.74
2013;8;5;3.05;3.11;10;10;3.84;3.83;0.22;0.1;438.96;459.13;155.94;93.14;71.72;81.2;21.53;16.93;20.2
2013;8;6;3.49;3.31;9.7;9.7;3.78;3.78;0.19;0.09;438.7;459.28;156.54;93.58;59.1;66.91;21.33;16.78;20.43
2013;8;7;1.11;1.14;8.5;8.5;3.56;3.55;0.22;0.1;437.83;458.98;157.11;93.99;48.07;54.42;20.25;15.93;18.95
2013;8;8;7.27;7.42;7.4;7.4;3.34;3.32;0.14;0.06;437.78;459.22;157.61;94.34;38.39;43.47;20.02;16.04;20.75
2013;8;9;20.16;19.79;5.2;5.2;2.8;2.81;0;0;439.61;460.47;158.22;94.81;31.48;35.64;22.12;18.72;18.17
2013;8;10;0.04;0.04;4.8;4.8;2.7;2.7;0.18;0.08;438.06;459.42;158.91;95.36;25.25;28.58;19.76;16.87;13.39
2013;8;11;0.15;0.15;5.7;5.7;2.92;2.93;0.19;0.09;436.69;458.55;159.39;95.66;17.86;20.22;16.28;13.51;12.03
2013;8;12;2.35;2.46;6.8;6.8;3.19;3.19;0.18;0.08;435.82;458.16;159.56;95.62;9.03;10.22;16.14;13.13;13.64
2013;8;13;3.18;3.26;5.5;5.5;2.87;2.88;0.15;0.07;434.95;457.67;159.51;95.36;1.87;2.12;16.45;13.47;14.01
2013;8;14;1.89;1.88;3.9;3.9;2.44;2.44;0.08;0;433.34;456.35;159.24;94.86;0;0;14.36;11.91;13.34
2013;8;15;0;0;5.9;5.9;2.98;2.98;0.61;0.57;430.69;454.01;158.6;93.96;0;0;17.41;14.98;13.21
2013;8;16;0.1;0.09;7.7;7.7;3.38;3.38;1.26;1.29;427.43;450.96;157.53;92.6;0;0;18.68;15.68;14.06
2013;8;17;1.15;1.17;7.3;7.3;3.29;3.3;1.15;1.18;424.48;448.2;156.1;90.85;0;0;18.56;15.28;14.65
2013;8;18;1.43;1.26;8.2;8.2;3.48;3.49;1.19;1.24;421.63;445.41;154.41;88.81;0;0;19.29;15.87;16.69
2013;8;19;17.18;17.17;5.7;5.7;2.92;2.93;0;0;423.19;446.46;152.71;86.76;0;0;20.12;16.9;17.57
2013;8;20;0.43;0.4;2;2;1.79;1.78;0.32;0.33;420.97;444.46;151.16;84.86;0;0;12.88;11;10.57
2013;8;21;0;0;5.6;5.6;2.9;2.91;0.54;0.56;418.46;442.17;149.58;82.95;0;0;14.38;12.59;9.38
2013;8;22;0.09;0.09;7.2;7.2;3.27;3.28;1.21;1.25;415.31;439.22;147.86;80.87;0;0;16.57;13.75;10.41
2013;8;23;2.36;2.43;5.7;5.7;2.93;2.93;0.93;0.96;412.95;437;146.01;78.67;0;0;15.87;12.97;10.35
2013;8;24;11.66;11.78;5;5;2.75;2.75;0.31;0.32;413.42;437.26;144.21;76.52;0;0;16.67;14.02;12.25
2013;8;25;31.15;31.15;0.9;0.9;1.19;1.21;0;0;412.39;436.37;142.57;74.57;27.07;26.92;11.39;9.73;9.48
2013;8;26;2.24;2.24;0.7;0.7;1.05;1.07;0.12;0.11;410.8;435;141.04;72.73;27.64;27.37;8.21;7.47;8.18
2013;8;27;9.38;9.25;2.1;2.1;1.81;1.82;0.08;0.08;411.24;435.13;139.57;70.96;27.57;27.45;8.48;7.83;8.23
2013;8;28;5.65;5.45;0.9;0.9;1.22;1.21;0.08;0.08;410.1;434.01;138.21;69.3;30.12;29.97;8.41;7.73;8.42
2013;8;29;0.23;0.23;2.1;2.1;1.81;1.82;0.14;0.11;409.72;433.37;136.91;67.72;24.6;24.99;7.97;7.27;7.05
2013;8;30;0.11;0.12;3.1;3.1;2.19;2.19;0.16;0.13;410.04;432.99;135.7;66.22;17.02;18.65;8.24;7.49;6.94
2013;8;31;0.58;0.59;4.1;4.1;2.5;2.5;0.06;0.07;409.56;432.56;134.61;64.84;11.57;13.1;8.45;7.65;7.07
2013;9;1;8.73;8.67;2.3;2.3;1.62;1.62;0.02;0.02;409.6;432.44;133.64;63.58;12.63;14.29;8.65;7.85;7.56
2013;9;2;0.02;0.02;2.4;2.4;1.66;1.66;0.04;0.05;408.1;431.23;132.75;62.41;10.62;12.02;7.86;7.11;6.61
2013;9;3;0;0;6.1;6.1;2.58;2.58;0.11;0.08;407.41;430.98;131.88;61.28;4.67;5.29;8.29;6.81;7.86
2013;9;4;0;0;7.6;7.6;2.87;2.87;0.09;0;406.43;430.44;131.06;60.21;0;0;9.52;7.04;7.8
2013;9;5;0.31;0.34;7.8;7.8;2.9;2.91;0.53;0.51;404.07;428.33;130.22;59.15;0;0;14.89;12.04;8.55
2013;9;6;8.12;8;6.9;6.9;2.74;2.74;0.49;0.51;403.9;427.94;129.38;58.09;0;0;15.87;12.97;9.72
2013;9;7;0.27;0.27;6.1;6.1;2.59;2.58;0.88;0.91;401.21;425.43;128.54;57.05;0;0;14.83;12.05;10.23
2013;9;8;5.23;5.14;5.8;5.8;2.53;2.52;0.6;0.63;400.21;424.36;127.69;56;0;0;14.21;11.52;11.3
2013;9;9;6.27;6.15;2.5;2.5;1.68;1.69;0.18;0.19;399.96;423.98;126.88;54.98;0;0;9.04;7.34;10.81
2013;9;10;8.28;8.36;0.7;0.7;0.9;0.92;0.05;0.04;398.81;422.99;126.12;54.03;5.6;5.6;6.9;6.16;6.57
2013;9;11;0.07;0.07;-1.9;-1.9;0;0;0;0;396.96;421.34;125.34;53.06;5.67;5.67;5.71;5.1;5.17
2013;9;12;6.83;6.63;-3.1;-3.1;0;0;0;0;395.51;419.71;124.21;52;12.51;12.3;4.89;4.35;3.76
2013;9;13;2.19;2.05;-2.6;-2.6;0;0;0;0;395.51;419.71;121.05;48.66;14.69;14.35;4.09;3.64;3.32
2013;9;14;0.18;0.17;-0.7;-0.6;0;0;0;0;395.51;419.71;118.09;45.53;14.88;14.52;3.58;3.19;3.33
2013;9;15;5.77;5.76;1.9;1.9;1.48;1.48;0.1;0.09;396.13;419.8;117.42;44.99;13.65;13.41;4.54;4.16;3.62
2013;9;16;9.31;9.33;1.5;1.5;1.34;1.32;0.05;0.04;395.96;419.4;117;44.44;17.65;17.86;5.77;5.32;4.13
2013;9;17;7.94;7.88;-5;-4.9;0;0;0;0;395.96;419.4;114.28;41.59;25.59;25.74;4.78;4.27;3.36
2013;9;18;16.13;15.77;-0.9;-0.9;0;0;0;0;395.96;419.4;111.72;38.91;41.72;41.51;3.4;2.94;3.86
2013;9;19;4.36;4.2;-1.9;-1.9;0;0;0;0;395.96;419.4;109.31;36.41;46.08;45.71;2.94;2.54;3.36
2013;9;20;0.02;0.02;-1.9;-1.8;0;0;0;0;395.96;419.4;107.05;34.07;46.1;45.73;2.73;2.37;2.95
2013;9;21;0.06;0.06;-0.5;-0.5;0;0;0;0;395.96;419.4;104.92;31.89;46.16;45.79;2.57;2.22;2.71
2013;9;22;0;0;-0.2;-0.2;0;0;0;0;395.96;419.4;102.92;29.84;46.16;45.79;2.43;2.07;2.47
2013;9;23;0;0;1.7;1.7;1.4;1.4;0.14;0.13;397.78;420.94;101.03;27.92;39.9;39.66;2.79;2.44;2.54
2013;9;24;0;0;2.7;2.7;1.75;1.75;0.14;0.11;398.8;421.29;102.07;29.05;30.79;31.6;4.62;4.17;2.69
2013;9;25;0;0;3.4;3.4;1.95;1.95;0.14;0.12;400.09;421.75;103.06;30.11;20.88;23.07;6.13;5.48;2.77
2013;9;26;0.99;0.89;2.7;2.7;1.75;1.75;0.04;0.05;399.57;421.22;104.06;31.13;17.18;19.45;6.14;5.36;4.22
2013;9;27;0.99;0.98;2.3;2.3;1.62;1.62;0.04;0.05;398.45;420.38;104.97;32.05;15.2;17.21;5.4;4.64;6.14
2013;9;28;0.53;0.54;2.8;2.8;1.77;1.78;0.05;0.05;397.39;419.62;105.76;32.83;12.55;14.21;4.97;4.3;5.67
2013;9;29;8.03;8.06;3.2;3.2;1.9;1.9;0.04;0.03;398.22;420.48;106.47;33.52;11.03;12.49;6.4;5.23;4.96
2013;9;30;9.75;9.69;1.9;1.9;1.48;1.48;0.04;0.04;398.43;420.45;107.19;34.22;13.92;15.76;7.14;5.94;5.65
2013;10;1;1.12;1.13;0;0;0;0;0;0;396.56;418.82;107.86;34.86;0.75;0.84;5.4;4.66;3.67
2013;10;2;0.09;0.1;0.4;0.4;0.62;0.62;0.1;0.1;394.74;417.23;108.35;35.3;0.66;0.75;4.11;3.47;3.08
2013;10;3;0.01;0.01;1.3;1.3;1.1;1.09;0.02;0;393.06;415.81;108.64;35.53;0;0;3.94;3.16;2.92
2013;10;4;2.22;2.03;2.9;2.9;1.61;1.6;0.04;0;391.91;414.74;108.77;35.58;0;0;4.53;3.38;4.38
2013;10;5;5.74;5.6;2.4;2.4;1.47;1.47;0.01;0;391.88;414.65;108.81;35.55;0;0;5.27;4.28;5.48
2013;10;6;1.45;1.43;2.2;2.2;1.4;1.41;0;0;390.5;413.43;108.83;35.49;0;0;4.88;4.24;4.5
2013;10;7;0.47;0.49;2.4;2.4;1.48;1.47;0.02;0;388.8;411.96;108.79;35.36;0;0;4.5;3.53;3.98
2013;10;8;2.62;2.56;2;2;1.35;1.34;0.02;0;387.83;411.08;108.67;35.15;0;0;4.53;3.6;3.87
2013;10;9;5.29;5.34;1.2;1.2;1.05;1.05;0.04;0.04;387.2;410.43;108.51;34.91;1.74;1.97;4.51;3.91;3.69
2013;10;10;31.79;31.86;-2.2;-2.2;0;0;0;0;385.4;408.84;108.32;34.63;33.53;33.83;4.14;3.57;2.93
2013;10;11;14.19;14.27;-8.9;-8.9;0;0;0;0;385.4;408.84;106.15;32.4;47.73;48.1;3.17;2.65;2.91
2013;10;12;10.43;10.61;-8;-8;0;0;0;0;385.4;408.84;104.11;30.32;58.15;58.71;2.59;2.15;2.85
2013;10;13;0.48;0.5;-6;-6;0;0;0;0;385.4;408.84;102.2;28.37;58.63;59.21;2.35;1.98;2.87
2013;10;14;0.44;0.46;-5.6;-5.6;0;0;0;0;385.4;408.84;100.39;26.55;59.08;59.67;2.2;1.85;2.74
2013;10;15;1.23;1.16;-5.2;-5.2;0;0;0;0;385.4;408.84;98.69;24.84;60.3;60.83;2.08;1.73;2.69
2013;10;16;7.46;7.36;-5.2;-5.2;0;0;0;0;385.4;408.84;97.08;23.25;67.76;68.19;1.96;1.62;2.72
2013;10;17;1.26;1.22;-4.8;-4.8;0;0;0;0;385.4;408.84;95.56;21.75;69.02;69.41;1.85;1.51;2.68
2013;10;18;0;0;-4.9;-4.9;0;0;0;0;385.4;408.84;94.14;20.36;69.02;69.41;1.75;1.42;2.55
2013;10;19;0;0;-2.3;-2.2;0;0;0;0;385.4;408.84;92.79;19.05;69.02;69.41;1.65;1.32;2.56
2013;10;20;2.38;2.42;-2.6;-2.6;0;0;0;0;385.4;408.84;91.51;17.83;71.41;71.83;1.56;1.24;2.75
2013;10;21;0.1;0.11;-0.8;-0.8;0;0;0;0;385.4;408.84;90.31;16.68;71.5;71.94;1.48;1.16;2.71
2013;10;22;0.3;0.33;-0.1;-0.1;0;0;0;0;385.4;408.84;89.17;15.61;71.8;72.27;1.4;1.09;2.62
2013;10;23;16.4;16.64;0.2;0.2;0.45;0.45;0;0;385.43;408.87;88.09;14.61;88.11;88.8;1.32;1.02;4.79
2013;10;24;2.9;2.96;-0.1;-0.1;0;0;0;0;385.43;408.87;87.07;13.67;91;91.76;1.25;0.95;5.48
2013;10;25;0.66;0.68;-0.5;-0.5;0;0;0;0;385.43;408.87;86.1;12.79;91.67;92.44;1.19;0.89;3.56
2013;10;26;0;0;0.3;0.3;0.55;0.54;0.09;0.08;385.51;408.96;85.19;11.97;91.31;92.05;1.12;0.83;3.16
2013;10;27;0.63;0.64;-1;-1;0;0;0;0;385.51;408.96;84.32;11.21;91.94;92.69;1.07;0.78;2.94
2013;10;28;0.4;0.41;-0.3;-0.3;0;0;0;0;385.51;408.96;83.49;10.49;92.33;93.1;1.01;0.73;2.75
2013;10;29;18.61;18.94;-2;-2;0;0;0;0;385.51;408.96;82.71;9.81;110.95;112.04;0.96;0.68;2.61
2013;10;30;9.26;9.43;-2.1;-2.1;0;0;0;0;385.51;408.96;81.96;9.19;120.21;121.47;0.92;0.64;2.5
2013;10;31;0;0;-2.4;-2.4;0;0;0;0;385.51;408.96;81.25;8.6;120.21;121.47;0.87;0.6;2.46
2013;11;1;0.06;0.06;-2.8;-2.8;0;0;0;0;385.51;408.96;80.58;8.04;120.27;121.53;0.83;0.56;2.42
2013;11;2;2.32;2.4;-2.3;-2.3;0;0;0;0;385.51;408.96;79.94;7.53;122.59;123.93;0.79;0.52;2.4
2013;11;3;14.45;14.39;-5.3;-5.3;0;0;0;0;385.51;408.96;79.32;7.05;137.04;138.32;0.75;0.49;2.34
2013;11;4;1.63;1.7;-6.7;-6.7;0;0;0;0;385.51;408.96;78.74;6.6;138.66;140.02;0.72;0.46;2.31
2013;11;5;2.65;2.48;-7.4;-7.4;0;0;0;0;385.51;408.96;78.18;6.17;141.31;142.5;0.69;0.43;2.19
2013;11;6;15.3;15.21;-6.1;-6.1;0;0;0;0;385.51;408.96;77.64;5.78;156.62;157.71;0.66;0.4;2.08
2013;11;7;0;0;-4.3;-4.3;0;0;0;0;385.51;408.96;77.13;5.41;156.62;157.71;0.63;0.38;2.01
2013;11;8;0.79;0.83;-4;-3.9;0;0;0;0;385.51;408.96;76.64;5.06;157.4;158.54;0.6;0.35;1.96
2013;11;9;18.46;18.63;-4.8;-4.8;0;0;0;0;385.51;408.96;76.17;4.74;175.86;177.17;0.58;0.33;1.91
2013;11;10;6.79;6.59;-10.7;-10.6;0;0;0;0;385.51;408.96;75.72;4.44;182.65;183.76;0.55;0.31;1.82
2013;11;11;1.37;1.3;-10.4;-10.4;0;0;0;0;385.51;408.96;75.28;4.16;184.02;185.06;0.53;0.29;1.73
2013;11;12;0;0;-7.7;-7.6;0;0;0;0;385.51;408.96;74.87;3.89;184.02;185.06;0.51;0.27;1.66
2013;11;13;0;0;-8.5;-8.4;0;0;0;0;385.51;408.96;74.47;3.64;184.02;185.06;0.49;0.25;1.62
2013;11;14;13.81;13.9;-7.6;-7.5;0;0;0;0;385.51;408.96;74.08;3.41;197.83;198.96;0.47;0.24;1.57
2013;11;15;3.22;3.28;-7.5;-7.5;0;0;0;0;385.51;408.96;73.7;3.19;201.05;202.24;0.46;0.22;1.48
2013;11;16;0;0;-7.6;-7.6;0;0;0;0;385.51;408.96;73.34;2.99;201.05;202.24;0.44;0.21;1.39
2013;11;17;0;0;-7.1;-7;0;0;0;0;385.51;408.96;73;2.8;201.05;202.24;0.43;0.19;1.34
2013;11;18;0.31;0.33;-9.2;-9.1;0;0;0;0;385.51;408.96;72.66;2.62;201.36;202.57;0.41;0.18;1.33
2013;11;19;2.94;3.02;-5.6;-5.5;0;0;0;0;385.51;408.96;72.33;2.46;204.3;205.59;0.4;0.17;1.27
2013;11;20;4.95;5.02;-7.1;-7.1;0;0;0;0;385.51;408.96;72.01;2.3;209.25;210.61;0.39;0.16;1.27
2013;11;21;9.05;9.25;-10.8;-10.8;0;0;0;0;385.51;408.96;71.71;2.15;218.29;219.86;0.37;0.15;1.34
2013;11;22;3.84;3.88;-13.4;-13.4;0;0;0;0;385.51;408.96;71.41;2.02;222.14;223.74;0.36;0.14;1.3
2013;11;23;7.41;7.37;-11.5;-11.5;0;0;0;0;385.51;408.96;71.12;1.89;229.55;231.11;0.35;0.13;1.27
2013;11;24;6.4;6.25;-9.4;-9.4;0;0;0;0;385.51;408.96;70.83;1.77;235.95;237.36;0.34;0.12;1.24
2013;11;25;0.9;0.84;-16.7;-16.7;0;0;0;0;385.51;408.96;70.56;1.66;236.85;238.2;0.33;0.12;1.21
2013;11;26;0.83;0.76;-19.1;-19.1;0;0;0;0;385.51;408.96;70.29;1.55;237.68;238.96;0.32;0.11;1.17
2013;11;27;0.03;0.03;-18;-18;0;0;0;0;385.51;408.96;70.03;1.46;237.71;238.99;0.32;0.1;1.14
2013;11;28;0.09;0.09;-11.9;-11.9;0;0;0;0;385.51;408.96;69.77;1.36;237.8;239.08;0.31;0.09;1.11
2013;11;29;0.09;0.09;-9.3;-9.3;0;0;0;0;385.51;408.96;69.52;1.28;237.9;239.17;0.3;0.09;1.08
2013;11;30;2.13;2.08;-11.9;-11.9;0;0;0;0;385.51;408.96;69.27;1.2;240.03;241.25;0.3;0.08;1.04
2013;12;1;0;0;-12.5;-12.5;0;0;0;0;385.51;408.96;69.03;1.12;240.03;241.25;0.29;0.08;1.01
2013;12;2;0;0;-8.4;-8.4;0;0;0;0;385.51;408.96;68.79;1.05;240.03;241.25;0.28;0.07;1
2013;12;3;0;0;-6.8;-6.8;0;0;0;0;385.51;408.96;68.56;0.99;240.03;241.25;0.28;0.07;0.99
2013;12;4;0;0;-6.9;-6.9;0;0;0;0;385.51;408.96;68.33;0.93;240.03;241.25;0.27;0.06;0.98
2013;12;5;0.03;0.03;-9.6;-9.6;0;0;0;0;385.51;408.96;68.11;0.87;240.06;241.28;0.27;0.06;0.97
2013;12;6;2.65;2.5;-13.6;-13.6;0;0;0;0;385.51;408.96;67.89;0.82;242.72;243.78;0.26;0.06;0.96
2013;12;7;0.19;0.19;-15.9;-15.9;0;0;0;0;385.51;408.96;67.68;0.77;242.91;243.97;0.26;0.05;0.95
2013;12;8;0;0;-18.8;-18.8;0;0;0;0;385.51;408.96;67.46;0.72;242.91;243.97;0.25;0.05;0.94
2013;12;9;0;0;-12.2;-12.2;0;0;0;0;385.51;408.96;67.25;0.68;242.91;243.97;0.25;0.05;0.93
2013;12;10;0;0;-8.6;-8.6;0;0;0;0;385.51;408.96;67.05;0.63;242.91;243.97;0.25;0.04;0.92
2013;12;11;0;0;-11.1;-11.1;0;0;0;0;385.51;408.96;66.84;0.6;242.91;243.97;0.24;0.04;0.91
2013;12;12;0;0;-10.4;-10.4;0;0;0;0;385.51;408.96;66.64;0.56;242.91;243.97;0.24;0.04;0.9
2013;12;13;0;0;-11.8;-11.7;0;0;0;0;385.51;408.96;66.44;0.53;242.91;243.97;0.24;0.04;0.89
2013;12;14;1.36;1.32;-13.1;-13.1;0;0;0;0;385.51;408.96;66.24;0.49;244.27;245.29;0.23;0.03;0.88
2013;12;15;0;0;-14;-14;0;0;0;0;385.51;408.96;66.05;0.46;244.27;245.29;0.23;0.03;0.87
2013;12;16;0;0;-10.7;-10.6;0;0;0;0;385.51;408.96;65.86;0.44;244.27;245.29;0.23;0.03;0.86
2013;12;17;0;0;-10.3;-10.2;0;0;0;0;385.51;408.96;65.67;0.41;244.27;245.29;0.22;0.03;0.85
2013;12;18;0;0;-11.2;-11.1;0;0;0;0;385.51;408.96;65.48;0.39;244.27;245.29;0.22;0.03;0.84
2013;12;19;1.32;1.34;-10.6;-10.5;0;0;0;0;385.51;408.96;65.29;0.36;245.59;246.63;0.22;0.03;0.83
2013;12;20;0.99;1.01;-9.2;-9.2;0;0;0;0;385.51;408.96;65.11;0.34;246.58;247.64;0.22;0.02;0.82
2013;12;21;0.09;0.1;-9.9;-9.9;0;0;0;0;385.51;408.96;64.92;0.32;246.66;247.74;0.22;0.02;0.81
2013;12;22;0.38;0.41;-8.5;-8.4;0;0;0;0;385.51;408.96;64.74;0.3;247.05;248.15;0.21;0.02;0.8
2013;12;23;0.19;0.21;-9.3;-9.3;0;0;0;0;385.51;408.96;64.56;0.29;247.24;248.36;0.21;0.02;0.79
2013;12;24;1.78;1.89;-8.2;-8.1;0;0;0;0;385.51;408.96;64.38;0.27;249.02;250.25;0.21;0.02;0.79
2013;12;25;24;24.55;-7.6;-7.6;0;0;0;0;385.51;408.96;64.2;0.26;273.02;274.8;0.21;0.02;0.78
2013;12;26;29.84;30.21;-7.8;-7.8;0;0;0;0;385.51;408.96;64.03;0.24;302.87;305.01;0.21;0.02;0.77
2013;12;27;0.07;0.06;-9.2;-9.2;0;0;0;0;385.51;408.96;63.85;0.23;302.93;305.07;0.2;0.02;0.77
2013;12;28;1.53;1.58;-9.2;-9.2;0;0;0;0;385.51;408.96;63.68;0.22;304.46;306.65;0.2;0.01;0.76
2013;12;29;7.8;7.8;-11.7;-11.7;0;0;0;0;385.51;408.96;63.51;0.2;312.27;314.45;0.2;0.01;0.76
2013;12;30;0;0;-18;-18;0;0;0;0;385.51;408.96;63.33;0.19;312.27;314.45;0.2;0.01;0.75
2013;12;31;0;0;-16.2;-16.2;0;0;0;0;385.51;408.96;63.16;0.18;312.27;314.45;0.2;0.01;0.75
2014;1;1;0;0;-15.1;-15;0;0;0;0;385.51;408.96;62.99;0.17;312.27;314.45;0.2;0.01;0.74
2014;1;2;2;2;-14.2;-14.2;0;0;0;0;385.51;408.96;62.83;0.16;314.27;316.45;0.2;0.01;0.74
2014;1;3;0.08;0.08;-15.4;-15.3;0;0;0;0;385.51;408.96;62.66;0.16;314.35;316.53;0.2;0.01;0.73
2014;1;4;12.28;12.57;-9.9;-9.9;0;0;0;0;385.51;408.96;62.49;0.15;326.63;329.1;0.19;0.01;0.73
2014;1;5;12.46;12.62;-9.2;-9.2;0;0;0;0;385.51;408.96;62.32;0.14;339.09;341.72;0.19;0.01;0.72
2014;1;6;0;0;-10.5;-10.5;0;0;0;0;385.51;408.96;62.16;0.13;339.09;341.72;0.19;0.01;0.72
2014;1;7;0.03;0.03;-8.7;-8.7;0;0;0;0;385.51;408.96;61.99;0.13;339.12;341.75;0.19;0.01;0.71
2014;1;8;0;0;-10.2;-10.2;0;0;0;0;385.51;408.96;61.83;0.12;339.12;341.75;0.19;0.01;0.7
2014;1;9;0;0;-9.7;-9.7;0;0;0;0;385.51;408.96;61.67;0.12;339.12;341.75;0.19;0.01;0.7
2014;1;10;1.57;1.48;-10.5;-10.5;0;0;0;0;385.51;408.96;61.51;0.11;340.69;343.23;0.19;0.01;0.69
2014;1;11;0.07;0.06;-11.7;-11.7;0;0;0;0;385.51;408.96;61.34;0.11;340.75;343.29;0.19;0.01;0.69
2014;1;12;0.02;0.02;-12.2;-12.2;0;0;0;0;385.51;408.96;61.18;0.1;340.77;343.31;0.19;0.01;0.68
2014;1;13;0.2;0.21;-11;-11;0;0;0;0;385.51;408.96;61.02;0.1;340.98;343.52;0.19;0.01;0.68
2014;1;14;13.96;14.03;-11.2;-11.2;0;0;0;0;385.51;408.96;60.86;0.09;354.94;357.55;0.18;0.01;0.68
2014;1;15;0.18;0.18;-13;-13;0;0;0;0;385.51;408.96;60.7;0.09;355.13;357.73;0.18;0.01;0.67
2014;1;16;0.46;0.48;-10.7;-10.7;0;0;0;0;385.51;408.96;60.55;0.09;355.59;358.21;0.18;0.01;0.67
2014;1;17;6.38;6.55;-9.7;-9.7;0;0;0;0;385.51;408.96;60.39;0.08;361.96;364.76;0.18;0.01;0.67
2014;1;18;2.67;2.79;-10.2;-10.1;0;0;0;0;385.51;408.96;60.23;0.08;364.64;367.55;0.18;0.01;0.66
2014;1;19;2.75;2.84;-8.1;-8.1;0;0;0;0;385.51;408.96;60.08;0.08;367.39;370.39;0.18;0.01;0.66
2014;1;20;2.68;2.6;-8.1;-8.1;0;0;0;0;385.51;408.96;59.92;0.07;370.07;372.99;0.18;0.01;0.66
2014;1;21;1.05;0.99;-10;-10;0;0;0;0;385.51;408.96;59.76;0.07;371.12;373.98;0.18;0;0.65
2014;1;22;0;0;-13.2;-13.2;0;0;0;0;385.51;408.96;59.61;0.07;371.12;373.98;0.18;0;0.65
2014;1;23;0.64;0.65;-14.5;-14.5;0;0;0;0;385.51;408.96;59.45;0.07;371.76;374.63;0.18;0;0.65
2014;1;24;2.99;2.89;-15.6;-15.6;0;0;0;0;385.51;408.96;59.3;0.06;374.75;377.52;0.18;0;0.64
2014;1;25;0.07;0.07;-14.7;-14.7;0;0;0;0;385.51;408.96;59.15;0.06;374.82;377.59;0.18;0;0.64
2014;1;26;7.11;7.05;-15.6;-15.6;0;0;0;0;385.51;408.96;58.99;0.06;381.93;384.64;0.18;0;0.64
2014;1;27;8.81;8.67;-13.8;-13.8;0;0;0;0;385.51;408.96;58.84;0.06;390.74;393.31;0.18;0;0.63
2014;1;28;1.39;1.36;-15.4;-15.4;0;0;0;0;385.51;408.96;58.69;0.06;392.13;394.67;0.18;0;0.63
2014;1;29;0.62;0.64;-17.5;-17.5;0;0;0;0;385.51;408.96;58.54;0.06;392.75;395.31;0.17;0;0.63
2014;1;30;12.51;12.76;-13.6;-13.5;0;0;0;0;385.51;408.96;58.39;0.06;405.26;408.07;0.17;0;0.62
2014;1;31;11.14;11.38;-9.2;-9.2;0;0;0;0;385.51;408.96;58.24;0.05;416.4;419.45;0.17;0;0.62
2014;2;1;5.36;5.54;-7.5;-7.5;0;0;0;0;385.51;408.96;58.09;0.05;421.76;424.99;0.17;0;0.62
2014;2;2;8.92;9.02;-6.8;-6.8;0;0;0;0;385.51;408.96;57.94;0.05;430.68;434.01;0.17;0;0.61
2014;2;3;3.52;3.64;-7.1;-7.1;0;0;0;0;385.51;408.96;57.79;0.05;434.2;437.65;0.17;0;0.61
2014;2;4;4.76;4.94;-7.9;-7.9;0;0;0;0;385.51;408.96;57.64;0.05;438.96;442.59;0.17;0;0.61
2014;2;5;3.03;3.12;-10;-10;0;0;0;0;385.51;408.96;57.49;0.05;441.99;445.71;0.17;0;0.61
2014;2;6;0.57;0.58;-10;-10;0;0;0;0;385.51;408.96;57.34;0.05;442.56;446.29;0.17;0;0.61
2014;2;7;9.22;9.25;-9.3;-9.3;0;0;0;0;385.51;408.96;57.2;0.05;451.78;455.54;0.17;0;0.61
2014;2;8;0.96;1;-11;-11;0;0;0;0;385.51;408.96;57.05;0.05;452.74;456.54;0.17;0;0.6
2014;2;9;7.77;7.74;-12.5;-12.5;0;0;0;0;385.51;408.96;56.9;0.04;460.5;464.27;0.17;0;0.6
2014;2;10;4.8;4.92;-11.8;-11.8;0;0;0;0;385.51;408.96;56.76;0.04;465.3;469.19;0.17;0;0.6
2014;2;11;3.39;3.35;-11.1;-11.1;0;0;0;0;385.51;408.96;56.61;0.04;468.69;472.55;0.17;0;0.6
2014;2;12;0.34;0.31;-14.4;-14.4;0;0;0;0;385.51;408.96;56.47;0.04;469.03;472.86;0.17;0;0.6
2014;2;13;4.68;4.62;-13.9;-13.9;0;0;0;0;385.51;408.96;56.32;0.04;473.71;477.48;0.17;0;0.6
2014;2;14;0.43;0.41;-13;-13;0;0;0;0;385.51;408.96;56.17;0.04;474.14;477.88;0.17;0;0.59
2014;2;15;0.38;0.4;-7.9;-7.9;0;0;0;0;385.51;408.96;56.03;0.04;474.52;478.29;0.17;0;0.59
2014;2;16;12.13;12.25;-8.5;-8.5;0;0;0;0;385.51;408.96;55.89;0.04;486.64;490.54;0.17;0;0.59
2014;2;17;5.93;6.01;-8;-8;0;0;0;0;385.51;408.96;55.74;0.04;492.58;496.55;0.17;0;0.59
2014;2;18;0.18;0.19;-8.8;-8.8;0;0;0;0;385.51;408.96;55.6;0.04;492.75;496.74;0.16;0;0.59
2014;2;19;11.69;11.72;-7.8;-7.8;0;0;0;0;385.51;408.96;55.46;0.04;504.44;508.45;0.16;0;0.58
2014;2;20;0.14;0.13;-8.5;-8.5;0;0;0;0;385.51;408.96;55.32;0.04;504.58;508.58;0.16;0;0.58
2014;2;21;5.7;5.69;-10.3;-10.3;0;0;0;0;385.51;408.96;55.17;0.04;510.28;514.27;0.16;0;0.58
2014;2;22;2.15;2.16;-11.8;-11.8;0;0;0;0;385.51;408.96;55.03;0.04;512.43;516.43;0.16;0;0.58
2014;2;23;0.08;0.07;-12.5;-12.5;0;0;0;0;385.51;408.96;54.89;0.04;512.5;516.5;0.16;0;0.58
2014;2;24;0;0;-12.9;-12.9;0;0;0;0;385.51;408.96;54.75;0.04;512.5;516.5;0.16;0;0.58
2014;2;25;0;0;-12.5;-12.5;0;0;0;0;385.51;408.96;54.61;0.04;512.5;516.5;0.16;0;0.58
2014;2;26;1.21;1.24;-12.5;-12.5;0;0;0;0;385.51;408.96;54.47;0.04;513.71;517.75;0.16;0;0.58
2014;2;27;0.75;0.76;-12.1;-12.1;0;0;0;0;385.51;408.96;54.33;0.04;514.46;518.5;0.16;0;0.58
2014;2;28;1.02;1.04;-13;-13;0;0;0;0;385.51;408.96;54.19;0.04;515.48;519.54;0.16;0;0.58
2014;3;1;6.26;6.31;-10.5;-10.5;0;0;0;0;385.51;408.96;54.05;0.04;521.74;525.85;0.16;0;0.58
2014;3;2;2.13;2.12;-9.4;-9.4;0;0;0;0;385.51;408.96;53.91;0.04;523.88;527.97;0.16;0;0.58
2014;3;3;0.46;0.48;-10.3;-10.3;0;0;0;0;385.51;408.96;53.78;0.04;524.34;528.45;0.16;0;0.58
2014;3;4;1.97;1.85;-10;-10;0;0;0;0;385.51;408.96;53.64;0.04;526.31;530.3;0.16;0;0.58
2014;3;5;1.66;1.54;-9.8;-9.8;0;0;0;0;385.51;408.96;53.5;0.04;527.97;531.84;0.16;0;0.58
2014;3;6;0.32;0.3;-9.2;-9.2;0;0;0;0;385.51;408.96;53.37;0.04;528.29;532.14;0.16;0;0.6
2014;3;7;0;0;-8.1;-8.1;0;0;0;0;385.51;408.96;53.23;0.04;528.29;532.14;0.16;0;0.61
2014;3;8;0;0;-8.7;-8.7;0;0;0;0;385.51;408.96;53.09;0.04;528.29;532.14;0.16;0;0.62
2014;3;9;0;0;-6.3;-6.3;0;0;0;0;385.51;408.96;52.96;0.04;528.29;532.14;0.16;0;0.63
2014;3;10;0;0;-5.8;-5.8;0;0;0;0;385.51;408.96;52.82;0.04;528.29;532.14;0.16;0;0.64
2014;3;11;0;0;-5;-5;0;0;0;0;385.51;408.96;52.69;0.04;528.29;532.14;0.16;0;0.65
2014;3;12;0;0;-4.2;-4.2;0;0;0;0;385.51;408.96;52.55;0.04;528.29;532.14;0.16;0;0.68
2014;3;13;0;0;-3;-3;0;0;0;0;385.51;408.96;52.42;0.04;528.29;532.14;0.16;0;0.85
2014;3;14;0;0;-3.5;-3.5;0;0;0;0;385.51;408.96;52.28;0.04;528.29;532.14;0.15;0;1.01
2014;3;15;1.25;1.18;-6.2;-6.2;0;0;0;0;385.51;408.96;52.15;0.04;529.54;533.32;0.15;0;1.03
2014;3;16;1.17;1.13;-4.5;-4.6;0;0;0;0;385.51;408.96;52.02;0.04;530.71;534.45;0.15;0;0.99
2014;3;17;0;0;-3.4;-3.4;0;0;0;0;385.51;408.96;51.88;0.04;530.71;534.45;0.15;0;1
2014;3;18;0.01;0.01;-1.6;-1.6;0;0;0;0;385.51;408.96;51.75;0.04;530.72;534.46;0.15;0;1.1
2014;3;19;0.52;0.47;-5.2;-5.2;0;0;0;0;385.51;408.96;51.62;0.04;531.23;534.93;0.15;0;1.25
2014;3;20;0;0;-3.6;-3.6;0;0;0;0;385.51;408.96;51.48;0.04;531.23;534.93;0.15;0;1.27
2014;3;21;0.06;0.06;-4.8;-4.8;0;0;0;0;385.51;408.96;51.35;0.04;531.29;534.99;0.15;0;1.36
2014;3;22;6.08;6.15;-5.4;-5.4;0;0;0;0;385.51;408.96;51.22;0.04;537.37;541.14;0.15;0;1.25
2014;3;23;29.8;29.62;-8.3;-8.2;0;0;0;0;385.51;408.96;51.09;0.04;567.17;570.76;0.15;0;1.13
2014;3;24;3.12;3.05;-12.7;-12.6;0;0;0;0;385.51;408.96;50.96;0.04;570.28;573.81;0.15;0;1
2014;3;25;0;0;-14.2;-14.2;0;0;0;0;385.51;408.96;50.83;0.04;570.28;573.81;0.15;0;0.9
2014;3;26;0.34;0.33;-12.2;-12.2;0;0;0;0;385.51;408.96;50.7;0.04;570.63;574.14;0.15;0;0.84
2014;3;27;0.03;0.03;-9.9;-9.9;0;0;0;0;385.51;408.96;50.57;0.04;570.66;574.17;0.15;0;0.79
2014;3;28;0;0;-7.5;-7.5;0;0;0;0;385.51;408.96;50.44;0.04;570.66;574.17;0.15;0;0.78
2014;3;29;0;0;-6;-6;0;0;0;0;385.51;408.96;50.31;0.04;570.66;574.17;0.15;0;0.81
2014;3;30;0;0;-4;-4;0;0;0;0;385.51;408.96;50.18;0.04;570.66;574.17;0.15;0;0.89
2014;3;31;0;0;-3.1;-3.1;0;0;0;0;385.51;408.96;50.05;0.04;570.66;574.17;0.15;0;1.02
2014;4;1;0;0;-3.2;-3.2;0;0;0;0;385.51;408.96;49.92;0.04;570.66;574.17;0.15;0;1.12
2014;4;2;0.03;0.03;-3.9;-3.9;0;0;0;0;385.51;408.96;49.8;0.04;570.68;574.2;0.15;0;1.26
2014;4;3;0;0;-3.2;-3.2;0;0;0;0;385.51;408.96;49.67;0.04;570.68;574.2;0.15;0;1.2
2014;4;4;0.1;0.09;-3.6;-3.6;0;0;0;0;385.51;408.96;49.54;0.04;570.78;574.29;0.15;0;1.17
2014;4;5;3.88;3.79;-2.9;-2.9;0;0;0;0;385.51;408.96;49.42;0.04;574.65;578.08;0.15;0;1.24
2014;4;6;0.32;0.31;-2.2;-2.2;0;0;0;0;385.51;408.96;49.29;0.04;574.97;578.39;0.15;0;1.43
2014;4;7;0;0;-1.6;-1.6;0;0;0;0;385.51;408.96;49.16;0.04;574.97;578.39;0.15;0;1.61
2014;4;8;4.48;4.44;-3;-3;0;0;0;0;385.51;408.96;49.04;0.04;579.45;582.83;0.15;0;1.57
2014;4;9;0.6;0.55;-6.9;-6.9;0;0;0;0;385.51;408.96;48.91;0.04;580.06;583.38;0.14;0;1.4
2014;4;10;0.79;0.76;-5.1;-5.1;0;0;0;0;385.51;408.96;48.79;0.04;580.85;584.14;0.14;0;1.3
2014;4;11;0.28;0.28;-3.8;-3.8;0;0;0;0;385.51;408.96;48.66;0.04;581.13;584.42;0.14;0;1.36
2014;4;12;2.77;2.75;-3.5;-3.5;0;0;0;0;385.51;408.96;48.54;0.04;583.89;587.17;0.14;0;1.38
2014;4;13;3.36;3.26;-3.6;-3.6;0;0;0;0;385.51;408.96;48.41;0.03;587.25;590.43;0.14;0;1.17
2014;4;14;4.12;4.01;-5;-5;0;0;0;0;385.51;408.96;48.29;0.03;591.38;594.44;0.14;0;1.12
2014;4;15;2.2;2.1;-11;-11;0;0;0;0;385.51;408.96;48.17;0.03;593.58;596.54;0.14;0;1.05
2014;4;16;0.27;0.25;-10.8;-10.8;0;0;0;0;385.51;408.96;48.04;0.03;593.84;596.79;0.14;0;0.92
2014;4;17;0;0;-7.3;-7.3;0;0;0;0;385.51;408.96;47.92;0.03;593.84;596.79;0.14;0;0.88
2014;4;18;9.89;9.83;-6.6;-6.6;0;0;0;0;385.51;408.96;47.8;0.03;603.73;606.62;0.14;0;0.87
2014;4;19;4.37;4.44;-5.3;-5.3;0;0;0;0;385.51;408.96;47.67;0.03;608.1;611.06;0.14;0;0.85
2014;4;20;0.98;1.02;-4.8;-4.8;0;0;0;0;385.51;408.96;47.55;0.03;609.07;612.08;0.14;0;0.89
2014;4;21;4.94;5.09;-3.6;-3.6;0;0;0;0;385.51;408.96;47.43;0.03;614.01;617.17;0.14;0;0.96
2014;4;22;0.08;0.07;-3.6;-3.6;0;0;0;0;385.51;408.96;47.31;0.03;614.09;617.24;0.14;0;1.1
2014;4;23;0.56;0.54;-3.1;-3.1;0;0;0;0;385.51;408.96;47.19;0.03;614.65;617.78;0.14;0;1.34
2014;4;24;0.02;0.02;-2.1;-2.1;0;0;0;0;385.51;408.96;47.07;0.03;614.68;617.8;0.14;0;1.59
2014;4;25;0.92;0.94;-1.2;-1.2;0;0;0;0;385.51;408.96;46.95;0.03;615.6;618.74;0.14;0;1.68
2014;4;26;1.5;1.51;-1.3;-1.3;0;0;0;0;385.51;408.96;46.83;0.03;617.1;620.25;0.14;0;1.79
2014;4;27;14.23;14.22;-2.6;-2.6;0;0;0;0;385.51;408.96;46.71;0.03;631.33;634.47;0.14;0;1.75
2014;4;28;9.87;9.97;-2.4;-2.4;0;0;0;0;385.51;408.96;46.59;0.03;641.2;644.44;0.14;0;1.67
2014;4;29;1.94;1.94;-2;-2;0;0;0;0;385.51;408.96;46.47;0.03;643.14;646.38;0.14;0;1.64
2014;4;30;5.44;5.42;-3;-3;0;0;0;0;385.51;408.96;46.35;0.03;648.58;651.8;0.14;0;1.9
2014;5;1;2.98;3.02;-2.6;-2.6;0;0;0;0;385.51;408.96;46.23;0.03;651.56;654.82;0.14;0;1.85
2014;5;2;3.58;3.49;-3.2;-3.2;0;0;0;0;385.51;408.96;46.11;0.03;655.14;658.31;0.14;0;1.82
2014;5;3;4.24;4.08;-4.3;-4.3;0;0;0;0;385.51;408.96;45.99;0.03;659.38;662.39;0.14;0;1.72
2014;5;4;0.23;0.21;-5.1;-5.1;0;0;0;0;385.51;408.96;45.88;0.03;659.61;662.6;0.14;0;1.61
2014;5;5;0;0;-3.3;-3.3;0;0;0;0;385.51;408.96;45.76;0.03;659.61;662.6;0.14;0;1.54
2014;5;6;0.14;0.15;-0.9;-0.9;0;0;0;0;385.51;408.96;45.64;0.03;659.75;662.75;0.14;0;1.63
2014;5;7;9.12;9.08;-2.1;-2.1;0;0;0;0;385.51;408.96;45.53;0.03;668.87;671.83;0.13;0;1.91
2014;5;8;0.04;0.04;-2.6;-2.6;0;0;0;0;385.51;408.96;45.41;0.03;668.91;671.87;0.13;0;1.86
2014;5;9;0.79;0.76;-1.2;-1.2;0;0;0;0;385.51;408.96;45.29;0.03;669.7;672.63;0.13;0;2.08
2014;5;10;0.16;0.17;-0.6;-0.6;0;0;0;0;385.51;408.96;45.18;0.03;669.86;672.8;0.13;0;2.43
2014;5;11;14.59;14.8;-3.7;-3.7;0;0;0;0;385.51;408.96;45.06;0.03;684.45;687.6;0.13;0;2.34
2014;5;12;2.68;2.55;-5.8;-5.8;0;0;0;0;385.51;408.96;44.95;0.03;687.12;690.15;0.13;0;1.9
2014;5;13;3.1;3.01;-6.8;-6.8;0;0;0;0;385.51;408.96;44.83;0.03;690.22;693.16;0.13;0;1.77
2014;5;14;6.03;5.77;-7.7;-7.7;0;0;0;0;385.51;408.96;44.72;0.03;696.25;698.93;0.13;0;1.67
2014;5;15;1.86;1.74;-7.8;-7.7;0;0;0;0;385.51;408.96;44.6;0.03;698.11;700.67;0.13;0;1.61
2014;5;16;2.06;1.93;-6.2;-6.1;0;0;0;0;385.51;408.96;44.49;0.03;700.17;702.6;0.13;0;1.57
2014;5;17;0.78;0.76;-3.8;-3.8;0;0;0;0;385.51;408.96;44.38;0.03;700.95;703.36;0.13;0;1.55
2014;5;18;0.29;0.32;-1.7;-1.7;0;0;0;0;385.51;408.96;44.26;0.03;701.24;703.68;0.13;0;1.59
2014;5;19;0.43;0.46;-1.4;-1.4;0;0;0;0;385.51;408.96;44.15;0.03;701.67;704.14;0.13;0;1.7
2014;5;20;0;0;0.2;0.2;0.56;0.63;0.08;0.1;385.51;408.96;44.03;0.03;701.59;704.04;0.13;0;2.14
2014;5;21;0;0;2.5;2.6;2.13;2.15;0.34;0.33;386.29;409.84;43.92;0.03;698.59;700.7;0.18;0.05;2.88
2014;5;22;1.28;1.32;3.4;3.4;2.43;2.44;0.35;0.34;387.16;411.26;45.82;2.31;690.3;691.24;2.23;2.09;4.98
2014;5;23;8.79;8.99;1.2;1.2;1.49;1.48;0.11;0.11;386.29;410.7;47.64;4.47;695.76;696.48;3.2;3.03;11.27
2014;5;24;0.1;0.09;-0.2;-0.2;0;0;0;0;384.51;409.1;49.35;6.49;695.87;696.57;2.31;2.09;7.56
2014;5;25;0;0;0.4;0.4;0.92;0.88;0.15;0.13;383.09;407.84;50.87;8.28;694.64;695.33;1.8;1.53;6.82
2014;5;26;2.7;2.69;-0.5;-0.5;0;0;0;0;381.33;406.25;52.19;9.82;697.35;698.02;1.67;1.38;5.86
2014;5;27;13.17;12.93;-1.5;-1.5;0;0;0;0;381.33;406.25;51.52;9.19;710.52;710.95;1.17;0.89;4.65
2014;5;28;1.06;0.96;-0.9;-0.9;0;0;0;0;381.33;406.25;50.89;8.6;711.58;711.91;0.85;0.63;3.7
2014;5;29;1.24;1.15;-1.5;-1.5;0;0;0;0;381.33;406.25;50.29;8.05;712.82;713.06;0.75;0.56;3.94
2014;5;30;2.12;2.03;-1.6;-1.6;0;0;0;0;381.33;406.25;49.73;7.54;714.94;715.09;0.7;0.52;3.64
2014;5;31;0.05;0.06;-3.3;-3.3;0;0;0;0;381.33;406.25;49.19;7.05;714.99;715.15;0.67;0.49;3.74
2014;6;1;0.18;0.18;-3.6;-3.6;0;0;0;0;381.33;406.25;48.68;6.6;715.17;715.33;0.63;0.46;3.87
2014;6;2;0.52;0.5;-2.7;-2.7;0;0;0;0;381.33;406.25;48.2;6.18;715.68;715.83;0.6;0.43;4.27
2014;6;3;0.38;0.36;-2.7;-2.7;0;0;0;0;381.33;406.25;47.74;5.78;716.07;716.19;0.57;0.4;4.47
2014;6;4;4;3.97;-1.8;-1.8;0;0;0;0;381.33;406.25;47.31;5.41;720.07;720.16;0.54;0.38;4.76
2014;6;5;1.53;1.56;0.1;0.1;0.4;0.46;0.06;0.06;381.33;406.25;46.89;5.07;721.55;721.65;0.52;0.35;5.03
2014;6;6;0.04;0.04;1.9;2;1.88;1.92;0.3;0.29;381.75;406.73;46.5;4.75;719.89;719.81;0.49;0.33;6.72
2014;6;7;0.34;0.37;3.2;3.3;2.42;2.44;0.37;0.37;382.18;407.61;48.21;6.72;712.59;711.6;1.92;1.75;11.08
2014;6;8;0.01;0.01;5.6;5.7;3.15;3.17;0.41;0.39;388.59;413.07;49.97;8.73;688.16;687.46;6.26;5.98;11.62
2014;6;9;0.74;0.77;5.8;5.9;3.2;3.22;0.4;0.38;394.33;417.45;52.11;11.13;665.81;666.35;9.59;9.05;13.84
2014;6;10;0.02;0.02;5.1;5.2;3.01;3.03;0.39;0.37;399.84;421.99;54.73;13.99;641.41;642.55;11.21;10.41;18.1
2014;6;11;2.62;2.64;3.3;3.4;2.46;2.48;0.27;0.26;403.28;424.82;57.74;17.23;625.27;626.78;11.39;10.46;18.73
2014;6;12;2.24;2.31;3.4;3.4;2.47;2.48;0.28;0.26;406.39;427.25;60.98;20.64;609.38;611.63;11.01;10.02;18.99
2014;6;13;1.09;1.06;3.1;3.2;2.39;2.4;0.29;0.28;408.64;428.97;64.29;24.09;594.8;597.59;10.61;9.58;18.78
2014;6;14;1.21;1.21;1.9;1.9;1.87;1.87;0.23;0.21;408.87;429.06;67.51;27.38;587.56;590.67;9.16;8.15;16.6
2014;6;15;3.43;3.5;0.9;0.9;1.29;1.31;0.13;0.13;407.83;428.21;70.42;30.32;587.21;590.32;7.08;6.17;12.5
2014;6;16;0.62;0.61;0.8;0.8;1.22;1.24;0.15;0.15;406.66;427.25;72.92;32.78;584.63;587.66;5.67;4.9;10.79
2014;6;17;0.95;0.91;0.1;0.1;0.4;0.46;0.05;0.05;404.82;425.69;74.95;34.74;585.18;588.12;4.62;3.95;9.15
2014;6;18;2.89;2.78;0.2;0.2;0.56;0.64;0.06;0.06;403.08;424.23;76.54;36.22;587.26;589.99;4.03;3.45;8.02
2014;6;19;2.13;2.04;0.1;0.1;0.4;0.46;0.04;0.05;401.25;422.66;77.72;37.27;589.06;591.65;3.84;3.3;7.95
2014;6;20;1.95;1.78;0.3;0.3;0.74;0.78;0.08;0.08;399.61;421.3;78.56;37.96;589.88;592.17;3.88;3.39;6.88
2014;6;21;0;0;2.2;2.2;1.99;2.01;0.2;0.18;400.07;421.61;79.19;38.42;581.66;584.2;5.17;4.65;7.01
2014;6;22;0.31;0.3;3.8;3.8;2.6;2.61;0.26;0.24;402.32;423.18;79.82;38.89;567.86;571.31;7.4;6.77;11.29
2014;6;23;5.77;5.89;4.5;4.6;2.85;2.86;0.2;0.17;407.1;426.97;80.72;39.63;550.07;554.63;10.63;9.78;18.17
2014;6;24;7;7.05;2.5;2.6;2.16;2.18;0.13;0.12;408.22;427.9;81.97;40.73;545.4;550.25;11.14;10.14;20.1
2014;6;25;3.08;3.12;1.4;1.4;1.6;1.62;0.13;0.12;407.44;427.23;83.36;41.94;543.9;548.86;8.76;7.79;14.56
2014;6;26;1.12;1.16;2;2.1;1.94;1.97;0.18;0.17;407.28;427.08;84.65;43.05;538.1;543.23;7.35;6.48;10.6
2014;6;27;2.59;2.73;3.3;3.4;2.46;2.48;0.22;0.19;408.92;428.31;85.86;44.05;527.26;533.16;8.26;7.42;10.77
2014;6;28;4.11;4.29;4.3;4.3;2.77;2.77;0.22;0.19;412.24;430.85;87.18;45.15;511.4;518.5;10.63;9.67;10.89
2014;6;29;26.97;27.07;3.4;3.4;2.46;2.48;0;0;418.9;436.1;88.88;46.65;504.61;513.41;15.05;13.82;16.17
2014;6;30;2.61;2.46;-0.9;-0.9;0;0;0;0;416.87;434.4;90.9;48.43;507.21;515.87;12.78;11.43;10.38
2014;7;1;2.21;2.33;1.1;1.1;1.44;1.45;0.13;0.12;415.5;433.29;92.75;50;506.5;515.26;8.25;7.09;7.19
2014;7;2;8.27;8.34;1.8;1.9;1.86;1.89;0.1;0.09;415.2;433.11;94.22;51.18;507.4;516.23;7.5;6.57;7.07
2014;7;3;0;0;5;5;2.99;3;0.31;0.28;417.56;434.81;95.53;52.18;489.62;499.6;9.71;8.76;6.7
2014;7;4;0.6;0.6;7.1;7;3.54;3.52;0.36;0.31;422.38;438.24;97.02;53.34;462.07;474.39;13.7;12.47;10.55
2014;7;5;1.06;1.02;5.6;5.6;3.16;3.17;0.23;0.18;425;439.99;98.86;54.83;442.72;456.93;15.44;13.87;19.76
2014;7;6;1.43;1.46;6.2;6.2;3.34;3.32;0.24;0.19;427.64;441.45;100.98;56.55;423.54;440.77;15.26;13.44;15.75
2014;7;7;7.05;6.94;5.8;5.8;3.23;3.22;0.14;0.12;431.09;443.7;103.34;58.43;404.97;425.12;16.26;14.2;18.68
2014;7;8;18.49;18.39;2.3;2.3;2.07;2.07;0;0;431.64;444.11;105.83;60.37;409.91;430.86;15.67;13.51;19.7
2014;7;9;5.82;5.78;-0.4;-0.4;0;0;0;0;429.5;442.38;108.14;62.06;415.73;436.64;11.59;9.69;9.99
2014;7;10;1.64;1.6;-0.2;-0.2;0;0;0;0;427.37;440.66;109.9;63.18;417.37;438.24;8.01;6.57;7.36
2014;7;11;8.45;8.17;2.1;2.1;1.98;1.98;0.07;0.06;426.87;440.33;111.13;63.77;417.86;438.65;8.02;6.85;7.79
2014;7;12;6.26;6.28;2.8;2.8;2.27;2.27;0.11;0.09;427.01;440.3;112.05;64.07;413.65;435.54;9.46;8.31;7.74
2014;7;13;7.63;7.58;3.4;3.4;2.49;2.49;0.1;0.08;428.09;440.96;112.9;64.29;406.57;429.95;11.07;9.76;9.14
2014;7;14;7.13;7.1;3;3;2.35;2.35;0.1;0.08;428.7;441.19;113.78;64.55;401.06;426.06;11.85;10.35;10.59
2014;7;15;1.57;1.64;5.1;5.1;3.03;3.03;0.21;0.17;429.88;441.77;114.74;64.86;387.24;414.62;12.34;10.66;13.33
2014;7;16;3.9;3.93;5.9;5.9;3.25;3.25;0.19;0.15;432.12;443.21;115.86;65.3;370.22;400.39;13.91;12.01;13.52
2014;7;17;1.83;1.89;5.8;5.8;3.22;3.22;0.22;0.18;433.85;444.27;117.22;65.93;352.83;385.79;15.1;12.95;14.72
2014;7;18;0;0;7.2;7.2;3.57;3.57;0.26;0.22;435.86;445.61;118.84;66.77;331.3;367.09;15.93;13.58;15.5
2014;7;19;0.06;0.07;10;10;4.18;4.18;0.26;0.26;438.82;448.15;120.79;67.88;302.84;340.45;18.23;15.72;17.51
2014;7;20;10.35;10.47;9.1;9.1;4;3.99;0.09;0.09;442.2;451.79;123.24;69.5;278.67;315.34;22.1;19.56;20.89
2014;7;21;13.78;13.55;5;5;2.99;3;0.03;0.04;443.86;453.85;126.23;71.68;266.08;301.25;23.34;20.99;20.15
2014;7;22;16.98;16.81;4.6;4.6;2.88;2.88;0;0;445.15;455.42;129.53;74.24;258.34;292.49;23.05;20.18;17.48
2014;7;23;2.87;2.93;6.2;6.2;3.32;3.32;0.22;0.08;444.13;455.1;132.79;76.81;250.54;283.66;20.72;17.08;20.54
2014;7;24;7.11;7.28;4.7;4.7;2.91;2.91;0.14;0.05;443.56;455.09;135.69;79.04;244.54;276.87;18.18;14.68;12.7
2014;7;25;2.82;2.92;4.3;4.3;2.79;2.79;0.18;0.07;442.3;454.46;138.09;80.81;239.05;270.64;16.19;13.15;11.26
2014;7;26;14.13;13.86;4;4;2.69;2.7;0.02;0.01;442.9;455.22;140.08;82.2;233.85;264.76;16.93;14.12;12.77
2014;7;27;6.2;6.18;4.6;4.6;2.88;2.88;0.14;0.06;442.26;455.06;141.83;83.38;227.9;258.03;17.45;14.61;17.37
2014;7;28;10.66;10.57;6.5;6.5;3.4;3.4;0.09;0.04;442.66;455.82;143.41;84.42;219.44;248.45;18.59;15.31;17.35
2014;7;29;8.25;8.26;5.6;5.6;3.17;3.17;0.12;0.05;442.49;456.07;144.91;85.41;212.15;240.19;19.39;15.92;20.17
2014;7;30;24.61;24.04;4.3;4.3;2.8;2.79;0;0;444.7;458.02;146.49;86.52;206.42;233.7;21.8;18.54;19.38
2014;7;31;7.97;7.65;6.1;6.1;3.29;3.3;0.11;0.06;444.5;458.14;148.23;87.81;198.46;224.69;22.1;18.71;28.04
2014;8;1;3.47;3.52;6.5;6.5;3.12;3.12;0.19;0.08;443.61;457.84;149.93;89.06;190.01;215.13;19.88;16.24;20.83
2014;8;2;4.53;4.44;5.9;5.9;2.98;2.98;0.16;0.07;442.86;457.57;151.37;90.06;182.33;206.44;18.31;14.8;17.66
2014;8;3;2.85;2.78;5.3;5.3;2.83;2.83;0.17;0.07;441.79;457.01;152.49;90.75;175.44;198.63;17.03;13.82;16.24
2014;8;4;1.57;1.64;5.4;5.4;2.85;2.86;0.19;0.08;440.54;456.36;153.27;91.1;168.42;190.69;15.88;12.89;19.04
2014;8;5;4.65;4.64;3.5;3.5;2.32;2.32;0.12;0.05;439.47;455.67;153.72;91.13;164.56;186.31;14.87;12.29;19.24
2014;8;6;0.12;0.13;4.6;4.6;2.64;2.64;0.18;0.08;437.93;454.7;153.86;90.84;158.87;179.87;13.73;11.38;14.02
2014;8;7;5.5;5.68;4.3;4.4;2.57;2.59;0.13;0.05;437.24;454.45;153.74;90.32;153.32;173.58;14.1;11.74;14.82
2014;8;8;1.28;1.37;4.9;4.9;2.72;2.73;0.18;0.08;435.97;453.75;153.48;89.66;147.12;166.57;14.22;11.82;15.79
2014;8;9;3.18;3.21;6;6;3;3;0.17;0.08;435.26;453.52;153.11;88.92;139.49;157.93;14.67;11.98;19.46
2014;8;10;2.91;2.92;6.8;6.8;3.19;3.19;0.18;0.08;434.66;453.42;152.72;88.19;130.81;148.1;15.71;12.62;18.71
2014;8;11;15.44;15.73;7.1;7.1;3.25;3.25;0.03;0.01;436.25;455.12;152.52;87.67;121.58;137.65;19.05;15.68;21.08
2014;8;12;10.46;10.71;6.4;6.4;3.1;3.1;0.09;0.03;436.73;455.87;152.68;87.58;113.29;128.26;20.94;17.53;22.58
2014;8;13;32.34;32.61;4.8;4.8;2.7;2.7;0;0;440.47;458.99;153.39;88.07;106.84;120.96;24.69;21.47;35.79
2014;8;14;5.44;5.45;1.1;1.1;1.33;1.34;0.08;0.06;438.89;457.57;154.49;88.99;108.73;123.05;20.69;18.51;18.57
2014;8;15;4.46;4.48;-0.5;-0.5;0;0;0;0;436.77;455.79;155.36;89.62;113.19;127.53;12.73;11.55;9.59
2014;8;16;3.2;3.18;-1.4;-1.4;0;0;0;0;434.67;454.02;155.6;89.57;116.38;130.71;9.24;8.34;7.7
2014;8;17;0.01;0.01;1.7;1.7;1.64;1.64;0.1;0.1;433.45;452.8;155.28;88.91;111.72;126.47;8.89;8.08;7.2
2014;8;18;0.75;0.82;3.8;3.8;2.42;2.41;0.06;0.07;431.97;451.69;154.59;87.84;108.07;122.36;9.44;8.65;8.05
2014;8;19;4.81;4.84;3.3;3.3;2.26;2.26;0.08;0.05;431.01;450.96;153.69;86.56;105.74;119.72;10.58;9.27;6.93
2014;8;20;7.1;7.21;3.2;3.2;2.22;2.22;0.09;0.04;430.36;450.5;152.74;85.24;104.03;117.78;11.95;10.16;7.05
2014;8;21;2.01;2.03;2.4;2.4;1.93;1.94;0.08;0.05;428.83;449.26;151.75;83.89;102.58;116.14;10.9;9.59;6.59
2014;8;22;2.91;3.11;2.7;2.7;2.04;2.05;0.04;0.05;427.49;448.23;150.69;82.47;101;114.35;9.47;8.68;6.3
2014;8;23;5.31;5.35;0.8;0.8;1.13;1.15;0.06;0.05;425.97;446.89;149.53;80.96;103.58;117.02;8.71;8.01;5.68
2014;8;24;1.14;1.02;-0.8;-0.8;0;0;0;0;423.95;445.15;148.22;79.3;104.72;118.04;7.62;6.94;5.58
2014;8;25;1.34;1.37;1.7;1.7;1.65;1.64;0.04;0.05;422.63;443.89;146.77;77.48;102.92;116.53;7.33;6.67;5.42
2014;8;26;5.08;5.14;4;4;2.48;2.47;0.08;0.05;422.27;443.76;145.29;75.66;98.99;112.08;9.31;8.05;7.61
2014;8;27;1.96;1.88;2.7;2.7;2.05;2.05;0.08;0.06;420.99;442.71;143.91;73.94;97.05;109.88;9.77;8.51;7.53
2014;8;28;0.05;0.06;4;4;2.47;2.47;0.11;0.08;419.62;441.75;142.59;72.3;93.14;105.45;9.04;7.75;8.11
2014;8;29;2.02;2.03;4.6;4.6;2.65;2.64;0.14;0.07;418.83;441.33;141.33;70.74;88.33;100.01;9.94;8.03;8.3
2014;8;30;6.02;6.08;4.3;4.3;2.56;2.56;0.1;0.05;418.91;441.63;140.21;69.35;83.61;94.66;11.31;9.24;9.88
2014;8;31;8.03;7.88;2;2;1.77;1.78;0.04;0.03;418.42;440.99;139.28;68.17;85.18;96.42;10.67;9.24;8.69
2014;9;1;3.46;3.24;-1.2;-1.1;0;0;0;0;416.45;439.27;138.39;67.05;88.64;99.66;8.01;7.24;6.07
2014;9;2;1.02;0.98;0.2;0.2;0.51;0.5;0.06;0.06;414.65;437.69;137.4;65.81;88.94;99.94;6.46;5.79;5.11
2014;9;3;2.57;2.57;3.2;3.2;1.91;1.9;0.04;0.05;414.25;437.15;136.33;64.48;85.1;96.34;6.98;6.34;5.27
2014;9;4;1.48;1.52;3.4;3.4;1.96;1.95;0.08;0.06;413.15;436.36;135.27;63.17;82.23;93.1;8.06;6.88;5.84
2014;9;5;3.6;3.31;3;3;1.84;1.84;0.08;0.04;412.5;435.74;134.27;61.94;80.22;90.82;8.71;7.09;8.07
2014;9;6;7.96;7.96;3;3;1.84;1.84;0.06;0.03;412.62;435.85;133.38;60.82;79.19;89.66;9.43;7.8;8.32
2014;9;7;1.2;1.21;3.5;3.5;1.98;1.98;0.11;0.06;411.49;435.04;132.61;59.83;76.24;86.32;9.33;7.61;9.06
2014;9;8;1.42;1.4;3.6;3.6;2;2.01;0.1;0.06;410.48;434.32;131.9;58.92;73.11;82.78;8.77;7;10.59
2014;9;9;2.73;2.72;3.5;3.5;1.98;1.98;0.09;0.05;409.75;433.84;131.22;58.06;70.23;79.52;8.71;6.95;11.35
2014;9;10;4.83;4.77;2.2;2.2;1.59;1.59;0.05;0.04;409.06;433.15;130.58;57.24;70.1;79.36;8.15;6.94;8.79
2014;9;11;2.11;2.05;-0.3;-0.3;0;0;0;0;407.16;431.47;129.91;56.4;72.21;81.41;6.48;5.8;5.72
2014;9;12;2.09;2.06;-1.4;-1.4;0;0;0;0;405.27;429.79;129.14;55.45;74.3;83.47;5.34;4.75;3.97
2014;9;13;1.36;1.29;0.4;0.4;0.71;0.7;0.07;0.06;403.74;428.38;128.24;54.36;74.33;83.51;5.11;4.55;3.52
2014;9;14;0.05;0.05;2.3;2.3;1.62;1.62;0.04;0.05;402.84;427.44;127.28;53.21;70.93;80.3;5.52;4.96;3.54
2014;9;15;1.29;1.33;2;2;1.51;1.52;0.04;0.04;401.58;426.39;126.31;52.05;69.7;78.91;5.79;5.21;3.73
2014;9;16;3.65;3.74;1.5;1.5;1.32;1.32;0.03;0.03;400.56;425.44;125.36;50.93;70.25;79.54;5.82;5.25;4.28
2014;9;17;0.56;0.58;2.6;2.6;1.72;1.72;0.04;0.05;399.33;424.46;124.45;49.84;68.19;77.2;5.76;5.2;4.8
2014;9;18;2.31;2.34;3.5;3.5;1.99;1.98;0.07;0.05;398.78;424.13;123.59;48.83;65.3;73.93;6.57;5.5;4.7
2014;9;19;1;1.02;3.8;3.8;2.07;2.06;0.11;0.06;397.95;423.62;122.82;47.92;61.95;70.14;7.45;5.82;5.44
2014;9;20;2.56;2.47;3.8;3.8;2.06;2.06;0.09;0.05;397.62;423.46;122.15;47.13;58.64;66.39;7.76;6.05;5.07
2014;9;21;1.75;1.64;1.8;1.8;1.43;1.44;0.05;0.04;396.51;422.43;121.56;46.43;57.8;65.44;6.85;5.7;5.06
2014;9;22;5.67;5.51;-1.9;-1.9;0;0;0;0;394.7;420.79;120.96;45.74;63.47;70.95;5.18;4.59;3.43
2014;9;23;0;0;-0.5;-0.5;0;0;0;0;392.89;419.16;120.3;44.96;63.47;70.95;4.37;3.86;2.91
2014;9;24;0.2;0.17;0.4;0.4;0.66;0.7;0.06;0.06;391.39;417.85;119.55;44.1;62.48;69.81;4.29;3.79;2.91
2014;9;25;2.5;2.39;-1;-1;0;0;0;0;389.96;416.22;118.54;43.19;64.98;72.2;4.15;3.69;2.76
2014;9;26;0.13;0.13;0;0;0;0;0;0;388.53;414.61;117.48;42.23;65.11;72.33;3.87;3.47;2.66
2014;9;27;0;0;3.8;3.8;2.05;2.06;0.06;0.06;388.92;414.56;116.66;41.28;58.74;66.51;4.68;4.28;3.38
2014;9;28;0.02;0.02;3.7;3.7;2.03;2.04;0.08;0.06;388.07;414.04;115.92;40.44;55.19;62.49;5.82;4.83;3.67
2014;9;29;0.04;0.04;4.7;4.7;2.29;2.28;0.12;0.07;387.55;413.91;115.3;39.73;50.41;57.08;6.79;5.08;3.69
2014;9;30;4.23;4.17;4;4;2.11;2.11;0.08;0.05;388.27;414.77;114.82;39.19;46.13;52.23;7.76;5.89;3.39
2014;10;1;8.01;8.07;2.5;2.5;1.49;1.49;0.03;0.02;388.89;415.24;114.53;38.86;2.32;2.63;7.65;6.43;4.51
2014;10;2;0.01;0.01;1.1;1.1;1;1.01;0.03;0.03;387.15;413.66;114.35;38.65;2.18;2.47;5.73;5.12;3.12
2014;10;3;0.1;0.11;1;1;0.96;0.96;0;0;386.02;412.76;114.15;38.41;0;0;4.69;4.17;3.06
2014;10;4;0.2;0.22;0.5;0.5;0.68;0.69;0;0;384.32;411.22;113.87;38.1;0;0;4.21;3.72;2.92
2014;10;5;0.85;0.89;-0.4;-0.4;0;0;0;0;382.58;409.62;113.5;37.69;0.85;0.89;3.75;3.28;2.68
2014;10;6;0.2;0.22;-0.4;-0.4;0;0;0;0;380.85;408.03;113.04;37.17;1.05;1.11;3.53;3.08;2.51
2014;10;7;0.78;0.81;0.7;0.6;0.79;0.76;0.02;0.02;379.58;406.86;112.5;36.58;0.45;0.51;3.66;3.21;2.33
2014;10;8;0.75;0.81;2.6;2.5;1.52;1.49;0.02;0;378.22;405.67;111.94;35.96;0;0;4.2;3.31;2.65
2014;10;9;0.2;0.22;2.8;2.7;1.57;1.55;0.04;0;376.54;404.16;111.35;35.32;0;0;4.53;3.21;2.65
2014;10;10;0.54;0.59;3.4;3.4;1.74;1.73;0.04;0;374.98;402.77;110.74;34.66;0;0;4.51;3.05;3
2014;10;11;1.93;1.98;2.4;2.4;1.47;1.47;0.02;0;373.95;401.83;110.12;34;0;0;4.32;3.31;2.88
2014;10;12;0.2;0.22;1.8;1.8;1.3;1.28;0;0;372.33;400.33;109.51;33.34;0;0;3.65;3.16;3.06
2014;10;13;8.38;8.56;2.2;2.2;1.42;1.41;0.02;0.02;373.2;400.99;108.95;32.75;1.45;1.64;4.37;3.92;3.82
2014;10;14;0.6;0.63;1.1;1.1;1.02;1.01;0.03;0.03;371.91;399.84;108.49;32.26;0.86;0.98;4.48;4.01;2.74
2014;10;15;2.11;2.13;1.2;1.2;1.05;1.05;0.02;0.03;370.99;398.95;108.08;31.83;0.9;1.02;4.02;3.55;2.36
2014;10;16;0.42;0.39;1.7;1.7;1.25;1.24;0;0;369.78;397.86;107.68;31.42;0;0;3.77;3.32;2.17
2014;10;17;1.91;1.85;1.5;1.5;1.17;1.17;0;0;368.86;396.92;107.29;31.01;0;0;3.68;3.24;2.66
2014;10;18;0;0;1.8;1.8;1.28;1.28;0.2;0.21;367.01;395.17;106.9;30.6;0;0;5.1;4.41;2.15
2014;10;19;0;0;4.4;4.4;1.96;1.96;0.61;0.65;364.76;392.98;106.47;30.16;0;0;6.98;5.73;2.03
2014;10;20;0.74;0.71;3.6;3.6;1.77;1.78;0.28;0.28;363.14;391.42;106.02;29.69;0;0;4.59;3.09;1.96
2014;10;21;9.34;9.22;0.8;0.8;0.86;0.87;0.04;0.04;362.7;390.95;105.56;29.23;6.3;6.17;4.05;3.08;2.19
2014;10;22;21.34;20.98;-10.2;-10.1;0;0;0;0;362.7;390.95;103.7;27.35;27.63;27.15;3.01;2.55;1.67
2014;10;23;19.73;19.45;-7.3;-7.3;0;0;0;0;362.7;390.95;101.94;25.59;47.37;46.6;2.23;1.86;1.63
2014;10;24;0;0;-2.7;-2.7;0;0;0;0;362.7;390.95;100.29;23.95;47.37;46.6;1.99;1.67;1.88
2014;10;25;2.29;2.34;-2.5;-2.4;0;0;0;0;362.7;390.95;98.73;22.41;49.66;48.94;1.87;1.56;1.8
2014;10;26;0.19;0.19;-1.5;-1.5;0;0;0;0;362.7;390.95;97.25;20.97;49.85;49.13;1.77;1.46;1.84
2014;10;27;0;0;-1.2;-1.1;0;0;0;0;362.7;390.95;95.86;19.62;49.85;49.13;1.67;1.36;1.76
2014;10;28;0;0;-2.9;-2.9;0;0;0;0;362.7;390.95;94.55;18.36;49.85;49.13;1.58;1.28;1.68
2014;10;29;0;0;-4.7;-4.7;0;0;0;0;362.7;390.95;93.31;17.18;49.85;49.13;1.5;1.19;1.59
2014;10;30;0;0;-4.7;-4.7;0;0;0;0;362.7;390.95;92.13;16.08;49.85;49.13;1.42;1.12;1.45
2014;10;31;0;0;-3.2;-3.2;0;0;0;0;362.7;390.95;91.02;15.04;49.85;49.13;1.34;1.05;1.47
2014;11;1;0;0;-2.8;-2.8;0;0;0;0;362.7;390.95;89.97;14.08;49.85;49.13;1.27;0.98;1.5
2014;11;2;0.01;0.01;-2.7;-2.7;0;0;0;0;362.7;390.95;88.97;13.18;49.86;49.14;1.2;0.92;1.49
2014;11;3;1.14;1.19;-3.7;-3.7;0;0;0;0;362.7;390.95;88.03;12.33;51;50.33;1.14;0.86;1.47
2014;11;4;11.28;11.6;-4;-4;0;0;0;0;362.7;390.95;87.13;11.54;62.28;61.93;1.08;0.8;1.46
2014;11;5;58.36;58.84;-2.8;-2.8;0;0;0;0;362.7;390.95;86.28;10.8;120.63;120.77;1.03;0.75;1.88
2014;11;6;22.8;23.11;-3.2;-3.2;0;0;0;0;362.7;390.95;85.47;10.11;143.43;143.88;0.98;0.7;1.9
2014;11;7;2.21;2.2;-2;-2;0;0;0;0;362.7;390.95;84.7;9.46;145.64;146.08;0.93;0.66;1.79
2014;11;8;0.7;0.72;-2.2;-2.2;0;0;0;0;362.7;390.95;83.97;8.85;146.34;146.8;0.88;0.62;1.7
2014;11;9;1.26;1.3;-2.4;-2.4;0;0;0;0;362.7;390.95;83.28;8.28;147.6;148.1;0.84;0.58;1.64
2014;11;10;10.59;10.88;-2.6;-2.6;0;0;0;0;362.7;390.95;82.61;7.75;158.18;158.98;0.8;0.54;1.66
2014;11;11;5.5;5.68;-2.1;-2.1;0;0;0;0;362.7;390.95;81.98;7.25;163.68;164.66;0.76;0.5;1.74
2014;11;12;1.48;1.51;-1.9;-1.9;0;0;0;0;362.7;390.95;81.38;6.79;165.16;166.17;0.73;0.47;1.72
2014;11;13;0.62;0.58;-2.8;-2.8;0;0;0;0;362.7;390.95;80.8;6.36;165.79;166.75;0.7;0.44;1.61
2014;11;14;0.37;0.4;-4.3;-4.3;0;0;0;0;362.7;390.95;80.25;5.95;166.16;167.15;0.67;0.41;1.52
2014;11;15;19.62;20;-3.5;-3.5;0;0;0;0;362.7;390.95;79.72;5.57;185.78;187.15;0.64;0.39;1.52
2014;11;16;5.74;5.81;-6.1;-6.1;0;0;0;0;362.7;390.95;79.21;5.21;191.51;192.96;0.61;0.36;1.56
2014;11;17;4.66;4.8;-7.9;-7.9;0;0;0;0;362.7;390.95;78.73;4.88;196.18;197.76;0.59;0.34;1.47
2014;11;18;7.19;7.05;-8.8;-8.8;0;0;0;0;362.7;390.95;78.26;4.57;203.37;204.81;0.56;0.32;1.42
2014;11;19;0.19;0.18;-12.4;-12.5;0;0;0;0;362.7;390.95;77.81;4.27;203.56;204.99;0.54;0.3;1.37
2014;11;20;0;0;-12.8;-12.9;0;0;0;0;362.7;390.95;77.38;4;203.56;204.99;0.52;0.28;1.32
2014;11;21;0;0;-8;-8;0;0;0;0;362.7;390.95;76.97;3.75;203.56;204.99;0.5;0.26;1.33
2014;11;22;0;0;-7.8;-7.8;0;0;0;0;362.7;390.95;76.57;3.5;203.56;204.99;0.48;0.24;1.31
2014;11;23;0.44;0.45;-8.4;-8.4;0;0;0;0;362.7;390.95;76.18;3.28;204;205.44;0.46;0.23;1.29
2014;11;24;0.4;0.42;-5.7;-5.7;0;0;0;0;362.7;390.95;75.81;3.07;204.4;205.86;0.45;0.21;1.3
2014;11;25;0.25;0.27;-7.2;-7.2;0;0;0;0;362.7;390.95;75.45;2.88;204.65;206.13;0.43;0.2;1.29
2014;11;26;0.65;0.64;-5.1;-5;0;0;0;0;362.7;390.95;75.1;2.69;205.29;206.77;0.42;0.19;1.27
2014;11;27;1.33;1.39;-5.1;-5.1;0;0;0;0;362.7;390.95;74.76;2.52;206.62;208.16;0.4;0.18;1.26
2014;11;28;0.88;0.94;-4.9;-4.9;0;0;0;0;362.7;390.95;74.44;2.36;207.51;209.1;0.39;0.16;1.25
2014;11;29;0.02;0.02;-4.8;-4.8;0;0;0;0;362.7;390.95;74.12;2.21;207.53;209.12;0.38;0.15;1.23
2014;11;30;1.25;1.3;-4.8;-4.7;0;0;0;0;362.7;390.95;73.81;2.07;208.78;210.42;0.37;0.14;1.2
2014;12;1;4.19;4.33;-3.9;-3.9;0;0;0;0;362.7;390.95;73.51;1.94;212.97;214.75;0.36;0.13;1.17
2014;12;2;1.78;1.8;-5.2;-5.2;0;0;0;0;362.7;390.95;73.22;1.82;214.75;216.55;0.35;0.13;1.15
2014;12;3;0.95;0.99;-5.2;-5.2;0;0;0;0;362.7;390.95;72.93;1.7;215.71;217.54;0.34;0.12;1.12
2014;12;4;3.66;3.76;-5.6;-5.6;0;0;0;0;362.7;390.95;72.65;1.59;219.36;221.3;0.33;0.11;1.1
2014;12;5;0.06;0.06;-6.8;-6.8;0;0;0;0;362.7;390.95;72.38;1.49;219.42;221.36;0.32;0.1;1.09
2014;12;6;0.96;0.95;-6.4;-6.4;0;0;0;0;362.7;390.95;72.12;1.4;220.38;222.31;0.32;0.1;1.07
2014;12;7;1.15;1.11;-7.9;-7.9;0;0;0;0;362.7;390.95;71.86;1.31;221.53;223.42;0.31;0.09;1.06
2014;12;8;1.54;1.5;-10.3;-10.3;0;0;0;0;362.7;390.95;71.6;1.23;223.07;224.92;0.3;0.09;1.04
2014;12;9;2.5;2.45;-13.1;-13.1;0;0;0;0;362.7;390.95;71.36;1.15;225.57;227.37;0.29;0.08;1.03
2014;12;10;0.25;0.24;-15.2;-15.2;0;0;0;0;362.7;390.95;71.11;1.08;225.82;227.61;0.29;0.07;1.01
2014;12;11;0.46;0.43;-12.3;-12.3;0;0;0;0;362.7;390.95;70.87;1.01;226.27;228.04;0.28;0.07;1
2014;12;12;0;0;-11.6;-11.6;0;0;0;0;362.7;390.95;70.64;0.95;226.28;228.04;0.28;0.07;0.99
2014;12;13;0.09;0.1;-9.7;-9.7;0;0;0;0;362.7;390.95;70.41;0.89;226.36;228.14;0.27;0.06;0.98
2014;12;14;0.33;0.37;-8.6;-8.6;0;0;0;0;362.7;390.95;70.18;0.83;226.7;228.51;0.27;0.06;0.96
2014;12;15;0.79;0.84;-7.2;-7.1;0;0;0;0;362.7;390.95;69.96;0.78;227.49;229.35;0.26;0.05;0.95
2014;12;16;4.82;4.76;-7;-6.9;0;0;0;0;362.7;390.95;69.74;0.73;232.3;234.11;0.26;0.05;0.94
2014;12;17;3.27;3.24;-8.4;-8.4;0;0;0;0;362.7;390.95;69.52;0.69;235.57;237.35;0.26;0.05;0.93
2014;12;18;3.97;3.89;-5.8;-5.8;0;0;0;0;362.7;390.95;69.31;0.64;239.54;241.24;0.25;0.04;0.92
2014;12;19;0.16;0.15;-6;-6;0;0;0;0;362.7;390.95;69.09;0.6;239.7;241.39;0.25;0.04;0.9
2014;12;20;1.89;1.8;-8.4;-8.4;0;0;0;0;362.7;390.95;68.89;0.57;241.59;243.19;0.24;0.04;0.89
2014;12;21;0.6;0.58;-10.5;-10.5;0;0;0;0;362.7;390.95;68.68;0.53;242.19;243.77;0.24;0.04;0.88
2014;12;22;0;0;-7.9;-7.9;0;0;0;0;362.7;390.95;68.48;0.5;242.19;243.77;0.24;0.03;0.87
2014;12;23;0;0;-6.9;-6.9;0;0;0;0;362.7;390.95;68.28;0.47;242.19;243.77;0.24;0.03;0.86
2014;12;24;0;0;-8;-8;0;0;0;0;362.7;390.95;68.08;0.44;242.19;243.77;0.23;0.03;0.84
2014;12;25;2.36;2.26;-11.2;-11.2;0;0;0;0;362.7;390.95;67.88;0.42;244.56;246.03;0.23;0.03;0.83
2014;12;26;3.35;3.21;-17;-17;0;0;0;0;362.7;390.95;67.69;0.39;247.91;249.24;0.23;0.03;0.82
2014;12;27;4.64;4.61;-16.5;-16.5;0;0;0;0;362.7;390.95;67.49;0.37;252.55;253.85;0.23;0.03;0.81
2014;12;28;1.89;1.8;-17.4;-17.4;0;0;0;0;362.7;390.95;67.3;0.34;254.44;255.65;0.22;0.02;0.8
2014;12;29;4.01;3.91;-20.8;-20.8;0;0;0;0;362.7;390.95;67.11;0.32;258.46;259.56;0.22;0.02;0.78
2014;12;30;6.98;6.79;-19.4;-19.4;0;0;0;0;362.7;390.95;66.92;0.31;265.44;266.35;0.22;0.02;0.77
2014;12;31;1.11;1.05;-15.7;-15.7;0;0;0;0;362.7;390.95;66.74;0.29;266.55;267.4;0.22;0.02;0.76
2015;1;1;0;0;-12;-12;0;0;0;0;362.7;390.95;66.55;0.27;266.55;267.4;0.22;0.02;0.75
2015;1;2;1.07;1.04;-8;-8;0;0;0;0;362.7;390.95;66.37;0.26;267.62;268.44;0.21;0.02;0.74
2015;1;3;6.84;6.72;-7.2;-7.2;0;0;0;0;362.7;390.95;66.19;0.24;274.46;275.16;0.21;0.02;0.73
2015;1;4;8.54;8.53;-13.6;-13.6;0;0;0;0;362.7;390.95;66;0.23;283;283.69;0.21;0.02;0.72
2015;1;5;0.14;0.14;-14.2;-14.2;0;0;0;0;362.7;390.95;65.83;0.21;283.14;283.83;0.21;0.01;0.71
2015;1;6;0;0;-9.9;-9.9;0;0;0;0;362.7;390.95;65.65;0.2;283.14;283.83;0.21;0.01;0.7
2015;1;7;0;0;-10.8;-10.8;0;0;0;0;362.7;390.95;65.47;0.19;283.14;283.83;0.21;0.01;0.69
2015;1;8;0.37;0.36;-9;-9;0;0;0;0;362.7;390.95;65.29;0.18;283.51;284.19;0.2;0.01;0.68
2015;1;9;11.1;11;-8.4;-8.4;0;0;0;0;362.7;390.95;65.12;0.17;294.61;295.19;0.2;0.01;0.67
2015;1;10;3.24;3.2;-3.6;-3.6;0;0;0;0;362.7;390.95;64.94;0.16;297.85;298.39;0.2;0.01;0.66
2015;1;11;6.05;5.83;-10.6;-10.6;0;0;0;0;362.7;390.95;64.77;0.15;303.9;304.22;0.2;0.01;0.65
2015;1;12;1.12;1.11;-12.2;-12.2;0;0;0;0;362.7;390.95;64.6;0.14;305.01;305.33;0.2;0.01;0.64
2015;1;13;0;0;-12.2;-12.2;0;0;0;0;362.7;390.95;64.42;0.14;305.01;305.33;0.2;0.01;0.63
2015;1;14;1.97;1.93;-15.2;-15.2;0;0;0;0;362.7;390.95;64.25;0.13;306.98;307.26;0.2;0.01;0.63
2015;1;15;0.08;0.09;-13.3;-13.3;0;0;0;0;362.7;390.95;64.08;0.12;307.06;307.35;0.2;0.01;0.62
2015;1;16;9.12;9.37;-9.9;-9.8;0;0;0;0;362.7;390.95;63.91;0.12;316.18;316.72;0.2;0.01;0.62
2015;1;17;22.58;22.74;-9.5;-9.5;0;0;0;0;362.7;390.95;63.75;0.11;338.76;339.46;0.19;0.01;0.62
2015;1;18;2.51;2.55;-13.4;-13.4;0;0;0;0;362.7;390.95;63.58;0.11;341.26;342.01;0.19;0.01;0.62
2015;1;19;0.02;0.02;-16.7;-16.7;0;0;0;0;362.7;390.95;63.41;0.1;341.28;342.03;0.19;0.01;0.62
2015;1;20;0.25;0.27;-15.6;-15.6;0;0;0;0;362.7;390.95;63.25;0.1;341.53;342.3;0.19;0.01;0.61
2015;1;21;0.95;0.98;-15.5;-15.5;0;0;0;0;362.7;390.95;63.08;0.09;342.48;343.28;0.19;0.01;0.61
2015;1;22;1.27;1.29;-12.3;-12.3;0;0;0;0;362.7;390.95;62.91;0.09;343.75;344.57;0.19;0.01;0.61
2015;1;23;0.77;0.72;-12.3;-12.3;0;0;0;0;362.7;390.95;62.75;0.08;344.52;345.29;0.19;0.01;0.61
2015;1;24;0.55;0.52;-13.9;-13.9;0;0;0;0;362.7;390.95;62.59;0.08;345.07;345.81;0.19;0.01;0.61
2015;1;25;1.72;1.61;-17.1;-17.1;0;0;0;0;362.7;390.95;62.42;0.08;346.79;347.42;0.19;0.01;0.6
2015;1;26;2.77;2.71;-18.1;-18.1;0;0;0;0;362.7;390.95;62.26;0.07;349.56;350.13;0.19;0.01;0.6
2015;1;27;7.21;7.03;-15.7;-15.7;0;0;0;0;362.7;390.95;62.1;0.07;356.76;357.16;0.19;0;0.6
2015;1;28;0.98;0.95;-15.8;-15.8;0;0;0;0;362.7;390.95;61.94;0.07;357.74;358.11;0.19;0;0.6
2015;1;29;3.27;3.25;-14;-14;0;0;0;0;362.7;390.95;61.78;0.06;361.01;361.36;0.19;0;0.6
2015;1;30;4.08;4.02;-16.8;-16.8;0;0;0;0;362.7;390.95;61.62;0.06;365.09;365.38;0.18;0;0.59
2015;1;31;0.16;0.15;-17.6;-17.6;0;0;0;0;362.7;390.95;61.46;0.06;365.25;365.53;0.18;0;0.59
2015;2;1;1.17;1.12;-18.9;-18.9;0;0;0;0;362.7;390.95;61.3;0.06;366.43;366.65;0.18;0;0.59
2015;2;2;2.1;1.98;-20.2;-20.2;0;0;0;0;362.7;390.95;61.14;0.06;368.52;368.63;0.18;0;0.59
2015;2;3;0.23;0.24;-20.2;-20.2;0;0;0;0;362.7;390.95;60.98;0.06;368.75;368.87;0.18;0;0.58
2015;2;4;0.22;0.23;-17.5;-17.5;0;0;0;0;362.7;390.95;60.83;0.05;368.98;369.1;0.18;0;0.58
2015;2;5;4.41;4.51;-14;-14;0;0;0;0;362.7;390.95;60.67;0.05;373.39;373.61;0.18;0;0.58
2015;2;6;2.81;2.87;-12.3;-12.3;0;0;0;0;362.7;390.95;60.51;0.05;376.2;376.48;0.18;0;0.58
2015;2;7;0.01;0.01;-12.4;-12.4;0;0;0;0;362.7;390.95;60.35;0.05;376.21;376.49;0.18;0;0.58
2015;2;8;2.61;2.49;-16.6;-16.6;0;0;0;0;362.7;390.95;60.2;0.05;378.82;378.98;0.18;0;0.57
2015;2;9;1.13;1.09;-15.3;-15.3;0;0;0;0;362.7;390.95;60.04;0.05;379.95;380.07;0.18;0;0.57
2015;2;10;0;0;-11.7;-11.7;0;0;0;0;362.7;390.95;59.89;0.04;379.95;380.07;0.18;0;0.57
2015;2;11;0;0;-8.7;-8.7;0;0;0;0;362.7;390.95;59.74;0.04;379.95;380.07;0.18;0;0.57
2015;2;12;0;0;-9.8;-9.8;0;0;0;0;362.7;390.95;59.58;0.04;379.95;380.07;0.18;0;0.56
2015;2;13;0.03;0.03;-11.1;-11.1;0;0;0;0;362.7;390.95;59.43;0.04;379.98;380.1;0.18;0;0.56
2015;2;14;0.98;1.03;-12.2;-12.2;0;0;0;0;362.7;390.95;59.28;0.04;380.96;381.13;0.18;0;0.56
2015;2;15;1.72;1.78;-10.5;-10.5;0;0;0;0;362.7;390.95;59.12;0.04;382.68;382.91;0.18;0;0.56
2015;2;16;0.02;0.02;-10.9;-10.9;0;0;0;0;362.7;390.95;58.97;0.04;382.7;382.93;0.17;0;0.56
2015;2;17;0;0;-11.4;-11.4;0;0;0;0;362.7;390.95;58.82;0.04;382.7;382.93;0.17;0;0.55
2015;2;18;0;0;-11.6;-11.6;0;0;0;0;362.7;390.95;58.67;0.04;382.7;382.93;0.17;0;0.55
2015;2;19;0;0;-10.3;-10.3;0;0;0;0;362.7;390.95;58.52;0.04;382.7;382.93;0.17;0;0.55
2015;2;20;0.01;0.01;-10.3;-10.3;0;0;0;0;362.7;390.95;58.37;0.04;382.7;382.94;0.17;0;0.55
2015;2;21;3.04;3.16;-12.7;-12.7;0;0;0;0;362.7;390.95;58.22;0.04;385.74;386.1;0.17;0;0.55
2015;2;22;4.3;4.29;-10.7;-10.7;0;0;0;0;362.7;390.95;58.07;0.04;390.04;390.39;0.17;0;0.54
2015;2;23;2.42;2.41;-11.5;-11.5;0;0;0;0;362.7;390.95;57.92;0.04;392.46;392.8;0.17;0;0.54
2015;2;24;9.7;9.67;-12.3;-12.3;0;0;0;0;362.7;390.95;57.77;0.03;402.16;402.47;0.17;0;0.54
2015;2;25;0.69;0.67;-13.5;-13.5;0;0;0;0;362.7;390.95;57.62;0.03;402.85;403.14;0.17;0;0.54
2015;2;26;0.06;0.07;-14;-14;0;0;0;0;362.7;390.95;57.48;0.03;402.91;403.21;0.17;0;0.54
2015;2;27;3.88;3.83;-13.7;-13.6;0;0;0;0;362.7;390.95;57.33;0.03;406.8;407.04;0.17;0;0.53
2015;2;28;0.49;0.48;-11;-11;0;0;0;0;362.7;390.95;57.18;0.03;407.29;407.52;0.17;0;0.53
2015;3;1;1.55;1.53;-11.2;-11.2;0;0;0;0;362.7;390.95;57.03;0.03;408.83;409.05;0.17;0;0.53
2015;3;2;8.9;8.69;-10.4;-10.4;0;0;0;0;362.7;390.95;56.89;0.03;417.74;417.74;0.17;0;0.53
2015;3;3;0.14;0.14;-12.5;-12.5;0;0;0;0;362.7;390.95;56.74;0.03;417.88;417.88;0.17;0;0.52
2015;3;4;3.16;3.08;-13.3;-13.3;0;0;0;0;362.7;390.95;56.6;0.03;421.04;420.96;0.17;0;0.52
2015;3;5;3.06;2.86;-15.8;-15.8;0;0;0;0;362.7;390.95;56.45;0.03;424.1;423.82;0.17;0;0.52
2015;3;6;0.09;0.08;-12;-12;0;0;0;0;362.7;390.95;56.31;0.03;424.18;423.9;0.17;0;0.52
2015;3;7;0;0;-9.3;-9.3;0;0;0;0;362.7;390.95;56.16;0.03;424.18;423.9;0.17;0;0.52
2015;3;8;0;0;-7.3;-7.3;0;0;0;0;362.7;390.95;56.02;0.03;424.18;423.9;0.17;0;0.51
2015;3;9;0.01;0.01;-7;-7;0;0;0;0;362.7;390.95;55.88;0.03;424.19;423.91;0.16;0;0.51
2015;3;10;0;0;-7.7;-7.7;0;0;0;0;362.7;390.95;55.73;0.03;424.19;423.91;0.16;0;0.51
2015;3;11;1.48;1.39;-9.8;-9.8;0;0;0;0;362.7;390.95;55.59;0.03;425.68;425.3;0.16;0;0.51
2015;3;12;0.02;0.02;-11.7;-11.7;0;0;0;0;362.7;390.95;55.45;0.03;425.7;425.32;0.16;0;0.51
2015;3;13;0.04;0.04;-11;-11;0;0;0;0;362.7;390.95;55.3;0.03;425.73;425.36;0.16;0;0.5
2015;3;14;0.34;0.37;-11.2;-11.2;0;0;0;0;362.7;390.95;55.16;0.03;426.07;425.73;0.16;0;0.5
2015;3;15;1.11;1.15;-9.6;-9.6;0;0;0;0;362.7;390.95;55.02;0.03;427.18;426.88;0.16;0;0.5
2015;3;16;2.29;2.37;-8.2;-8.2;0;0;0;0;362.7;390.95;54.88;0.03;429.48;429.25;0.16;0;0.5
2015;3;17;0.92;0.95;-5.6;-5.6;0;0;0;0;362.7;390.95;54.74;0.03;430.4;430.19;0.16;0;0.5
2015;3;18;0.09;0.08;-6;-6;0;0;0;0;362.7;390.95;54.6;0.03;430.48;430.27;0.16;0;0.49
2015;3;19;0.06;0.06;-5.4;-5.4;0;0;0;0;362.7;390.95;54.46;0.03;430.55;430.33;0.16;0;0.49
2015;3;20;0;0;-5.9;-5.9;0;0;0;0;362.7;390.95;54.32;0.03;430.55;430.33;0.16;0;0.49
2015;3;21;7.69;7.6;-7;-7;0;0;0;0;362.7;390.95;54.18;0.03;438.23;437.94;0.16;0;0.49
2015;3;22;5.96;6.05;-6.4;-6.4;0;0;0;0;362.7;390.95;54.04;0.03;444.19;443.99;0.16;0;0.49
2015;3;23;0.03;0.03;-6.8;-6.8;0;0;0;0;362.7;390.95;53.91;0.03;444.22;444.01;0.16;0;0.49
2015;3;24;0.99;1.02;-7;-7;0;0;0;0;362.7;390.95;53.77;0.03;445.2;445.04;0.16;0;0.49
2015;3;25;4.54;4.55;-5.3;-5.3;0;0;0;0;362.7;390.95;53.63;0.03;449.74;449.58;0.16;0;0.48
2015;3;26;4.58;4.6;-4.4;-4.4;0;0;0;0;362.7;390.95;53.49;0.03;454.33;454.19;0.16;0;0.48
2015;3;27;2.75;2.61;-8.6;-8.6;0;0;0;0;362.7;390.95;53.35;0.03;457.07;456.8;0.16;0;0.48
2015;3;28;0.71;0.69;-7.5;-7.5;0;0;0;0;362.7;390.95;53.22;0.03;457.79;457.49;0.16;0;0.48
2015;3;29;3.54;3.45;-4.9;-4.9;0;0;0;0;362.7;390.95;53.08;0.03;461.33;460.94;0.16;0;0.48
2015;3;30;18.76;18.6;-6.5;-6.5;0;0;0;0;362.7;390.95;52.95;0.03;480.09;479.54;0.16;0;0.48
2015;3;31;4.92;4.74;-5.3;-5.3;0;0;0;0;362.7;390.95;52.81;0.03;485.01;484.27;0.16;0;0.48
2015;4;1;5.18;5.05;-12.6;-12.6;0;0;0;0;362.7;390.95;52.68;0.03;490.18;489.32;0.16;0;0.48
2015;4;2;11.98;11.76;-10.7;-10.7;0;0;0;0;362.7;390.95;52.54;0.03;502.17;501.08;0.15;0;0.48
2015;4;3;0.2;0.19;-10.7;-10.7;0;0;0;0;362.7;390.95;52.41;0.03;502.37;501.27;0.15;0;0.48
2015;4;4;7.17;7.06;-8.7;-8.7;0;0;0;0;362.7;390.95;52.27;0.03;509.54;508.33;0.15;0;0.48
2015;4;5;1.14;1.09;-12.3;-12.3;0;0;0;0;362.7;390.95;52.14;0.03;510.68;509.42;0.15;0;0.48
2015;4;6;2.74;2.66;-15;-15;0;0;0;0;362.7;390.95;52.01;0.03;513.42;512.08;0.15;0;0.48
2015;4;7;0.12;0.12;-13.2;-13.2;0;0;0;0;362.7;390.95;51.87;0.03;513.55;512.2;0.15;0;0.48
2015;4;8;0;0;-8;-8;0;0;0;0;362.7;390.95;51.74;0.03;513.55;512.2;0.15;0;0.48
2015;4;9;0;0;-3.8;-3.8;0;0;0;0;362.7;390.95;51.61;0.03;513.55;512.2;0.15;0;0.49
2015;4;10;0;0;-3;-3;0;0;0;0;362.7;390.95;51.48;0.03;513.55;512.2;0.15;0;0.58
2015;4;11;1.14;1.14;-4.9;-4.9;0;0;0;0;362.7;390.95;51.34;0.03;514.68;513.34;0.15;0;0.61
2015;4;12;0;0;-4.1;-4.1;0;0;0;0;362.7;390.95;51.21;0.03;514.68;513.34;0.15;0;0.69
2015;4;13;0.17;0.15;-3.8;-3.8;0;0;0;0;362.7;390.95;51.08;0.03;514.85;513.49;0.15;0;0.78
2015;4;14;0.04;0.04;-3.5;-3.5;0;0;0;0;362.7;390.95;50.95;0.03;514.89;513.53;0.15;0;0.77
2015;4;15;0;0;-0.9;-0.9;0;0;0;0;362.7;390.95;50.82;0.03;514.89;513.53;0.15;0;0.94
2015;4;16;1.84;1.88;-0.7;-0.7;0;0;0;0;362.7;390.95;50.69;0.03;516.73;515.41;0.15;0;1.03
2015;4;17;7.6;7.54;-2.7;-2.7;0;0;0;0;362.7;390.95;50.56;0.03;524.33;522.95;0.15;0;1
2015;4;18;1.23;1.17;-5.7;-5.7;0;0;0;0;362.7;390.95;50.43;0.03;525.56;524.12;0.15;0;0.92
2015;4;19;0;0;-5.9;-5.9;0;0;0;0;362.7;390.95;50.3;0.03;525.56;524.12;0.15;0;0.83
2015;4;20;0;0;-4.3;-4.3;0;0;0;0;362.7;390.95;50.17;0.03;525.56;524.12;0.15;0;0.83
2015;4;21;0;0;-3.2;-3.1;0;0;0;0;362.7;390.95;50.04;0.03;525.56;524.12;0.15;0;0.97
2015;4;22;0;0;-1.7;-1.6;0;0;0;0;362.7;390.95;49.92;0.03;525.56;524.12;0.15;0;1.13
2015;4;23;0.55;0.51;-4.5;-4.4;0;0;0;0;362.7;390.95;49.79;0.03;526.1;524.63;0.15;0;1.14
2015;4;24;0.19;0.18;-3.6;-3.5;0;0;0;0;362.7;390.95;49.66;0.03;526.29;524.81;0.15;0;1.14
2015;4;25;2.23;2.25;-2.6;-2.5;0;0;0;0;362.7;390.95;49.53;0.03;528.52;527.06;0.15;0;1.18
2015;4;26;2.03;2.03;-1.7;-1.7;0;0;0;0;362.7;390.95;49.41;0.03;530.56;529.09;0.15;0;1.27
2015;4;27;3.19;3.31;-1.4;-1.4;0;0;0;0;362.7;390.95;49.28;0.03;533.74;532.4;0.15;0;1.38
2015;4;28;6.76;6.59;-4.4;-4.4;0;0;0;0;362.7;390.95;49.16;0.03;540.5;538.99;0.15;0;1.14
2015;4;29;0.3;0.32;-4.2;-4.2;0;0;0;0;362.7;390.95;49.03;0.03;540.8;539.31;0.14;0;0.97
2015;4;30;7.89;7.94;-4;-4;0;0;0;0;362.7;390.95;48.9;0.03;548.69;547.25;0.14;0;1.05
2015;5;1;12.11;12.08;-2.1;-2.1;0;0;0;0;362.7;390.95;48.78;0.03;560.8;559.33;0.14;0;1.06
2015;5;2;3.46;3.26;-1.1;-1;0;0;0;0;362.7;390.95;48.65;0.03;564.25;562.59;0.14;0;1.34
2015;5;3;4.99;4.95;1.1;1.1;1.39;1.42;0.15;0.15;362.82;391.08;48.53;0.03;568.77;567.02;0.14;0;2.06
2015;5;4;0.81;0.85;2.2;2.2;1.96;1.98;0.3;0.29;363.93;392.34;48.41;0.03;566.11;564;0.24;0.1;2.69
2015;5;5;1.86;1.91;3.9;3.9;2.6;2.6;0.37;0.35;366.14;395.08;49.95;1.92;556.68;553.28;2.42;2.28;3.74
2015;5;6;4.84;4.77;0.6;0.6;1.06;1.06;0.12;0.12;365.21;394.21;51.49;3.78;559.53;556;3;2.83;3.73
2015;5;7;0.09;0.1;-0.3;-0.3;0;0;0;0;363.59;392.67;52.95;5.54;559.62;556.1;1.95;1.74;3.01
2015;5;8;3.79;3.89;0.5;0.5;0.97;0.98;0.12;0.12;362.58;391.72;54.25;7.1;561.71;558.22;1.64;1.4;2.94
2015;5;9;3.28;3.15;-0.4;-0.4;0;0;0;0;360.98;390.2;55.4;8.48;564.99;561.37;1.56;1.31;2.95
2015;5;10;0.12;0.11;-0.6;-0.6;0;0;0;0;360.98;390.2;54.8;7.93;565.11;561.48;1.04;0.8;3.09
2015;5;11;0;0;2.5;2.5;2.1;2.1;0.33;0.32;363.38;392.21;55.99;9.34;554.8;551.21;2.4;2.15;3.12
2015;5;12;0;0;4;4;2.63;2.63;0.34;0.32;369.16;396.9;57.28;10.82;536.06;533.04;5.49;5.15;3.38
2015;5;13;2.28;2.23;3.5;3.5;2.46;2.47;0.28;0.26;373.21;399.79;58.82;12.56;523.72;521.69;6.98;6.5;3.81
2015;5;14;2.52;2.46;1.2;1.2;1.49;1.48;0.16;0.16;373.06;399.43;60.52;14.44;522.11;520.31;5.69;5.13;5.25
2015;5;15;24.69;24.83;-0.2;-0.2;0;0;0;0;371.37;397.88;62.13;16.2;546.79;545.14;3.63;3.11;5.29
2015;5;16;0.15;0.15;1.4;1.4;1.57;1.6;0.2;0.19;371.17;397.71;63.56;17.73;542.65;540.91;3.16;2.71;4.36
2015;5;17;0;0;1.4;1.5;1.62;1.65;0.21;0.2;371.55;398.04;64.83;19.09;536.83;535.03;3.77;3.34;4.56
2015;5;18;0.54;0.55;1.9;1.9;1.85;1.85;0.24;0.22;373;399.15;66.03;20.36;528.83;527.27;4.62;4.18;5.43
2015;5;19;14.94;14.95;0.9;0.9;1.28;1.29;0.02;0.02;372.73;398.89;67.2;21.59;539.82;538.21;4.62;4.15;6.13
2015;5;20;30.4;30.47;-3;-3;0;0;0;0;372.73;398.89;65.86;20.2;570.21;568.68;3.15;2.72;5.06
2015;5;21;5.18;4.9;-4.7;-4.7;0;0;0;0;372.73;398.89;64.59;18.91;575.4;573.58;1.86;1.52;3.71
2015;5;22;5.94;5.78;-3.8;-3.8;0;0;0;0;372.73;398.89;63.39;17.69;581.34;579.36;1.52;1.24;3.3
2015;5;23;7.42;7.34;-2.5;-2.5;0;0;0;0;372.73;398.89;62.27;16.56;588.76;586.7;1.41;1.15;3.07
2015;5;24;1.07;1.06;-1.5;-1.5;0;0;0;0;372.73;398.89;61.21;15.5;589.82;587.76;1.33;1.08;3.03
2015;5;25;2.26;2.16;-1.3;-1.3;0;0;0;0;372.73;398.89;60.21;14.5;592.08;589.92;1.25;1.01;3.13
2015;5;26;5.71;5.57;-2.6;-2.6;0;0;0;0;372.73;398.89;59.27;13.57;597.79;595.49;1.18;0.94;3.11
2015;5;27;0.56;0.51;-3.8;-3.8;0;0;0;0;372.73;398.89;58.38;12.7;598.35;596;1.12;0.88;3
2015;5;28;0.01;0.01;-2.3;-2.2;0;0;0;0;372.73;398.89;57.54;11.89;598.36;596.01;1.06;0.83;2.92
2015;5;29;0.94;1.01;-0.7;-0.6;0;0;0;0;372.73;398.89;56.74;11.13;599.29;597.02;1;0.77;2.97
2015;5;30;1.97;1.99;-0.1;-0.1;0;0;0;0;372.73;398.89;55.99;10.41;601.26;599.01;0.95;0.72;3.12
2015;5;31;5.16;5.3;1.1;1.1;1.43;1.42;0.16;0.15;373.11;399.32;55.29;9.75;605.11;602.86;0.89;0.68;3.12
2015;6;1;5.12;5.29;2.1;2.1;1.96;1.97;0.18;0.16;372.42;398.91;57.3;12;606.95;604.47;1.49;1.27;3.43
2015;6;2;0.56;0.58;4.6;4.6;2.86;2.86;0.36;0.34;375.3;401.76;59.08;13.99;594.22;591.21;4.03;3.77;4.17
2015;6;3;3.03;2.95;6.3;6.3;3.32;3.32;0.35;0.34;385.78;410.57;61.05;16.18;563.4;561.05;9.27;8.83;5.44
2015;6;4;9.11;9.07;6.2;6.2;3.3;3.3;0.16;0.14;396.26;418.96;63.61;18.97;536.03;535.12;14.13;13.37;8.06
2015;6;5;4.02;3.92;7;7;3.49;3.5;0.27;0.25;404.64;425.31;66.89;22.48;506.78;507.84;16.35;15.24;13.14
2015;6;6;6.37;6.23;7;7;3.49;3.5;0.22;0.2;412.98;431.68;70.79;26.57;476.63;479.71;18;16.56;15.47
2015;6;7;4.5;4.27;6.4;6.5;3.37;3.37;0.25;0.23;419.35;436.51;75.21;31.11;448.27;453.08;19.11;17.39;16.46
2015;6;8;10.71;10.62;5;5;2.97;2.98;0.11;0.1;424.95;440.95;80.02;35.95;425.91;432.07;19.9;17.99;21.24
2015;6;9;3.66;3.63;3.9;3.9;2.64;2.64;0.16;0.13;427.12;442.48;84.96;40.84;409.96;417.41;18.27;16.3;14.02
2015;6;10;4.91;4.94;4.2;4.2;2.74;2.74;0.15;0.12;429.07;443.64;89.73;45.45;396.16;405.6;15.93;13.99;10.8
2015;6;11;4.39;4.49;5.2;5.2;3.04;3.03;0.17;0.14;431.56;445.14;94.2;49.65;378.79;390.82;15.58;13.6;11.79
2015;6;12;5.01;5.12;5.6;5.6;3.13;3.14;0.17;0.13;434.18;446.84;98.43;53.5;360.17;374.75;16.55;14.43;13.07
2015;6;13;3.33;3.44;5.2;5.2;3.04;3.03;0.19;0.15;436.11;447.97;102.49;57.09;342.46;359.75;16.96;14.69;16.29
2015;6;14;3.63;3.65;4;4;2.68;2.67;0.16;0.13;437.15;448.54;106.33;60.35;328.83;348.11;16.3;13.97;16.65
2015;6;15;12.2;12.08;3.3;3.3;2.43;2.44;0.05;0.04;438.46;449.35;109.92;63.28;321.95;343.19;16.06;13.74;11.3
2015;6;16;9.73;9.83;3.1;3.2;2.39;2.4;0.08;0.06;439.02;449.63;113.24;65.87;316.15;339.16;15.7;13.41;9.79
2015;6;17;0.33;0.3;2.1;2.1;1.95;1.97;0.14;0.12;437.77;448.51;116.17;68.01;311.2;335.06;13.24;11.1;7.25
2015;6;18;5.38;5.14;2.8;2.8;2.25;2.26;0.11;0.1;437.46;448.1;118.58;69.59;306.23;331.25;11.75;9.84;6.68
2015;6;19;9.17;8.96;1.3;1.3;1.56;1.56;0.05;0.04;436.07;447.03;120.5;70.66;310.75;335.76;10.85;9.12;6.69
2015;6;20;8.66;8.47;-1.3;-1.2;0;0;0;0;433.89;445.29;121.88;71.2;319.41;344.24;8.91;7.43;5.57
2015;6;21;2.83;2.81;-0.5;-0.5;0;0;0;0;431.72;443.56;122.68;71.2;322.24;347.05;7.31;6.1;4.07
2015;6;22;2.93;2.95;1.4;1.4;1.6;1.62;0.14;0.12;430.21;442.5;123.01;70.75;321.37;345.92;7.32;6.29;3.89
2015;6;23;7.89;7.72;0.7;0.8;1.19;1.24;0.06;0.06;428.58;441.3;123;70.02;326.42;350.61;7.6;6.66;5.14
2015;6;24;0.03;0.03;0.7;0.8;1.19;1.24;0.08;0.08;426.78;439.89;122.74;69.08;324.7;348.82;7.3;6.42;4.78
2015;6;25;0.16;0.16;2.9;3;2.3;2.33;0.17;0.14;426.15;439.32;122.3;68;317.83;342.58;7.81;6.92;5.01
2015;6;26;0;0;4.5;4.5;2.83;2.83;0.22;0.17;426.67;439.46;121.86;66.95;305.96;332.39;9.37;8.31;5.77
2015;6;27;6.71;6.71;4.5;4.5;2.82;2.83;0.12;0.1;428.68;440.98;121.65;66.13;293.42;321.49;11.98;10.64;6.89
2015;6;28;0.01;0.01;4.9;4.9;2.94;2.95;0.21;0.18;429.38;441.43;121.78;65.67;279.8;309.16;12.99;11.41;7.62
2015;6;29;0.15;0.15;5.8;5.8;3.19;3.2;0.21;0.19;430.55;442.38;122.24;65.51;263.55;294.06;13.22;11.55;7.73
2015;6;30;0;0;8.2;8.2;3.77;3.77;0.22;0.23;432.6;444.41;123.03;65.69;241.51;272.17;14.97;13.26;10.3
2015;7;1;0.58;0.6;10.5;10.5;4.28;4.28;0.11;0.13;433.24;445.41;124.17;66.24;226.24;256.15;15.6;13.94;13.87
2015;7;2;2.34;2.45;10.3;10.3;4.24;4.24;0.19;0.11;433.43;446.38;125.52;67.04;213.6;241.84;16.52;13.41;17.1
2015;7;3;6.58;6.8;10.4;10.4;4.26;4.26;0.21;0.08;434.33;448.04;127.01;68.05;200.6;227.11;19.18;14.48;16.44
2015;7;4;0.66;0.65;11.2;11.2;4.41;4.41;0.31;0.13;434.23;448.8;128.62;69.24;186.56;211.22;19.66;14.68;17.61
2015;7;5;1.02;1.09;11.8;11.8;4.53;4.52;0.31;0.13;434.27;449.72;130.26;70.54;171.64;194.33;19.64;14.46;18.82
2015;7;6;2.26;2.41;11.4;11.4;4.45;4.45;0.29;0.12;434.43;450.71;131.9;71.89;157.11;177.88;20.07;14.86;19.73
2015;7;7;1.22;1.26;11.5;11.5;4.47;4.47;0.3;0.13;434.4;451.48;133.53;73.29;142.4;161.22;20.19;15.05;20.26
2015;7;8;10.11;9.84;7.7;7.7;3.68;3.69;0.08;0.05;435.41;452.67;135.18;74.75;132.39;149.89;20.38;15.85;19.04
2015;7;9;0.26;0.22;4;4;2.7;2.7;0.19;0.08;433.93;451.72;136.73;76.12;127.21;144.02;16.98;13.69;16.93
2015;7;10;0;0;7.3;7.3;3.59;3.59;0.25;0.11;432.97;451.43;137.97;77.18;117.77;133.33;14.6;11.6;13.04
2015;7;11;0.1;0.08;8.9;8.9;3.95;3.95;0.26;0.12;432.34;451.49;138.93;77.94;106.25;120.29;15.54;11.95;14.09
2015;7;12;1.71;1.75;8.8;8.8;3.93;3.93;0.24;0.11;431.99;451.76;139.72;78.55;94.81;107.34;16.78;12.86;17.67
2015;7;13;2.19;2.18;7.1;7.1;3.55;3.55;0.2;0.1;431.45;451.75;140.41;79.07;85.56;96.87;16.74;13.06;17.78
2015;7;14;0.09;0.1;9.4;9.5;4.07;4.08;0.26;0.12;430.94;451.92;141.02;79.53;73.22;82.9;16.77;13.02;18.05
2015;7;15;1.67;1.75;9.8;9.8;4.14;4.14;0.25;0.11;430.75;452.38;141.59;79.96;60.45;68.45;17.82;13.66;15.91
2015;7;16;1.92;1.94;10.2;10.2;4.21;4.22;0.24;0.11;430.7;452.91;142.18;80.44;47.16;53.39;18.76;14.41;17.22
2015;7;17;0.95;0.96;11.3;11.3;4.43;4.43;0.27;0.13;430.63;453.49;142.83;81;32.45;36.74;19.54;14.92;21.1
2015;7;18;0.94;0.95;10.6;10.7;4.31;4.32;0.26;0.12;430.43;453.92;143.54;81.64;18.52;20.96;19.82;15.12;18.17
2015;7;19;3.55;3.29;9.8;9.8;4.13;4.14;0.19;0.1;430.67;454.45;144.29;82.35;5.71;6.46;19.79;15.33;18.92
2015;7;20;1.11;1.13;10.1;10.1;4.2;4.2;0.14;0;429.43;453.66;144.98;82.98;0;0;17.93;13.55;20.82
2015;7;21;1.93;1.87;11.3;11.3;4.42;4.43;0.8;0.76;426.99;451.39;145.37;83.3;0;0;25.07;20.47;22.6
2015;7;22;11.09;10.75;10.2;10.2;4.21;4.22;0.54;0.58;426.62;450.55;145.42;83.22;0;0;26.22;21.56;21.86
2015;7;23;7.15;6.96;9;9.1;3.98;3.99;0.86;0.9;425.17;448.89;145.25;82.88;0;0;25.19;20.84;20.64
2015;7;24;9.53;9.47;8.7;8.7;3.91;3.91;0.63;0.65;424.4;447.91;144.94;82.38;0;0;24.42;20.29;19.01
2015;7;25;10.5;10.53;6.2;6.2;3.32;3.32;0.46;0.48;423.99;447.3;144.58;81.79;0;0;22.19;18.52;18.56
2015;7;26;4.45;4.47;5.8;5.8;3.23;3.22;0.88;0.91;421.99;445.35;144.15;81.12;0;0;19.84;16.66;14.81
2015;7;27;3.65;3.73;6.7;6.7;3.45;3.45;1;1.03;419.72;443.19;143.58;80.29;0;0;19.05;15.91;19.07
2015;7;28;2.94;3;7.6;7.6;3.66;3.66;1.12;1.16;417.24;440.82;142.81;79.23;0;0;19.34;16.02;15.28
2015;7;29;10.75;10.87;6.3;6.3;3.35;3.35;0.45;0.45;417.18;440.6;141.93;78.08;0;0;19.42;16.15;20.56
2015;7;30;3.69;3.66;4.6;4.6;2.88;2.88;0.84;0.86;415.22;438.69;141.05;76.91;0;0;17.21;14.42;13.95
2015;7;31;0.87;0.89;5.8;5.8;3.23;3.22;1.14;1.17;412.33;435.98;140.09;75.65;0;0;16.18;13.51;13.22
2015;8;1;16.98;16.91;6.1;6.1;3.04;3.03;0;0;414.46;437.61;139.12;74.4;0;0;18.88;15.89;11.76
2015;8;2;7.99;7.98;6.5;6.5;3.12;3.12;0.61;0.63;413.76;436.8;138.33;73.32;0;0;20.59;17.41;14.99
2015;8;3;0.01;0.01;9.3;9.3;3.7;3.7;1.38;1.42;410.45;433.69;137.6;72.32;0;0;21.29;17.65;17.44
2015;8;4;4.6;4.7;9.2;9.2;3.68;3.68;0.99;1.02;408.63;431.95;136.76;71.2;0;0;21.17;17.13;20.5
2015;8;5;0.03;0.03;10.3;10.3;3.89;3.89;1.44;1.49;405.29;428.78;135.79;69.94;0;0;21.7;17.42;22.89
2015;8;6;1.03;1.04;10.9;10.9;4;4;1.39;1.44;402.28;425.91;134.66;68.52;0;0;22.13;17.54;23.11
2015;8;7;2.88;2.71;10.6;10.6;3.94;3.94;1.21;1.27;400.03;423.62;133.41;66.97;0;0;22.18;17.55;22.32
2015;8;8;13.38;13.79;9.6;9.6;3.76;3.76;0.27;0.26;401.52;425.04;132.2;65.48;0;0;23.2;18.72;23.76
2015;8;9;2.89;2.65;9.3;9.3;3.7;3.7;1.14;1.2;399.37;422.81;131.15;64.17;0;0;22.62;18.32;22.71
2015;8;10;0.06;0.05;8.2;8.2;3.49;3.49;1.29;1.33;396.24;419.85;130.13;62.89;0;0;19.5;15.49;23.01
2015;8;11;0.71;0.67;8.4;8.5;3.54;3.55;1.25;1.31;393.37;417.08;129.02;61.52;0;0;18.25;14.5;19.02
2015;8;12;0.12;0.13;8.6;8.6;3.57;3.57;1.3;1.36;390.28;414.14;127.8;60.04;0;0;17.96;14.24;19.53
2015;8;13;1.05;1.06;9.4;9.4;3.72;3.72;1.28;1.34;387.51;411.48;126.5;58.48;0;0;18.75;14.85;20.01
2015;8;14;1.88;1.86;7.6;7.6;3.38;3.36;1.1;1.15;385.23;409.26;125.16;56.89;0;0;17.5;13.65;17.37
2015;8;15;7.35;6.99;5.4;5.4;2.87;2.86;0.6;0.64;385.36;409.07;123.86;55.35;0;0;15.57;12.29;17.19
2015;8;16;9.54;9.32;5;5;2.75;2.75;0.44;0.47;386.33;409.73;122.74;54;0;0;15.3;12.6;13.57
2015;8;17;9.19;9.09;3.8;3.8;2.41;2.41;0.22;0.21;387.34;410.55;121.84;52.9;0;0;10.67;8.36;13.84
2015;8;18;9.19;9.2;4.2;4.2;2.53;2.53;0.23;0.22;388.27;411.37;121.19;52.05;0;0;13.78;11.61;10.7
2015;8;19;8.82;8.72;2.5;2.5;1.98;1.98;0.19;0.2;388.97;411.88;120.72;51.41;0.59;0.67;9.77;8.27;7.32
2015;8;20;3.64;3.67;3.3;3.3;2.25;2.26;0.03;0;388.45;411.5;120.37;50.89;0;0;7.98;6.67;5.93
2015;8;21;2.44;2.5;2.2;2.2;1.85;1.86;0.02;0;387.38;410.61;120.03;50.38;0;0;6.96;5.76;5.11
2015;8;22;0.48;0.51;3.5;3.5;2.32;2.32;0.03;0;385.69;409.16;119.6;49.78;0;0;5.93;4.73;8.25
2015;8;23;4.3;4.43;4.5;4.5;2.63;2.62;0.39;0.37;384.89;408.49;119.08;49.09;0;0;10.06;8.19;7.41
2015;8;24;8.04;8.07;4.9;4.8;2.73;2.7;0.52;0.54;385.23;408.74;118.56;48.41;0;0;12.43;10.11;8.78
2015;8;25;9.11;9.16;4.5;4.5;2.62;2.62;0.44;0.46;385.99;409.37;118.16;47.85;0;0;13.48;11.09;16.12
2015;8;26;0;0;6.6;6.6;3.15;3.14;1.16;1.21;383.04;406.58;117.82;47.37;0;0;14.28;11.68;12.41
2015;8;27;0.04;0.04;8.7;8.7;3.59;3.59;1.32;1.37;379.97;403.64;117.41;46.83;0;0;15.69;12.42;12.59
2015;8;28;0.04;0.04;9.1;9.1;3.66;3.66;1.34;1.4;376.88;400.68;116.88;46.14;0;0;16.55;12.84;13.18
2015;8;29;0.19;0.18;11;11;4.01;4.01;1.45;1.52;373.76;397.65;116.21;45.32;0;0;18.56;14.43;15.42
2015;8;30;0;0;10.4;10.4;3.91;3.91;1.43;1.5;370.61;394.61;115.45;44.4;0;0;18.82;14.41;12.44
2015;8;31;0;0;9.5;9.5;3.75;3.74;1.37;1.44;367.55;391.64;114.61;43.41;0;0;17.84;13.59;12.16
2015;9;1;11.93;11.8;7.4;7.4;2.84;2.83;0.28;0.3;370.2;393.95;113.81;42.47;0;0;16.99;13.23;12.49
2015;9;2;9.18;9.26;4.8;4.8;2.3;2.31;0.36;0.37;371.58;395.22;113.2;41.74;0;0;15.02;12.09;8.21
2015;9;3;11.28;10.94;3.7;3.7;2.03;2.04;0.12;0.13;374.03;397.26;112.85;41.29;0;0;9.99;7.73;6.95
2015;9;4;2.43;2.47;2.5;2.5;1.68;1.69;0.02;0;373.16;396.53;112.67;41.02;0;0;7.47;6.09;5
2015;9;5;9.17;9.02;-0.7;-0.7;0;0;0;0;371.44;394.99;112.49;40.74;9.17;9.02;5.08;4.4;3.61
2015;9;6;0.73;0.67;-2.2;-2.2;0;0;0;0;369.73;393.46;112.21;40.36;9.9;9.69;4.08;3.52;2.88
2015;9;7;0.17;0.16;-2.2;-2.2;0;0;0;0;368.38;391.93;111.55;39.84;10.07;9.85;3.73;3.24;2.74
2015;9;8;0.02;0.02;-0.4;-0.4;0;0;0;0;368.38;391.93;109.1;37.28;10.09;9.87;3.19;2.77;2.92
2015;9;9;0.18;0.16;-0.2;-0.2;0;0;0;0;368.38;391.93;106.78;34.88;10.27;10.03;2.81;2.45;2.82
2015;9;10;2.23;2.35;-0.8;-0.8;0;0;0;0;368.38;391.93;104.61;32.64;12.49;12.38;2.62;2.27;2.61
2015;9;11;6.83;6.85;-0.1;-0.1;0;0;0;0;368.38;391.93;102.56;30.54;19.32;19.23;2.47;2.12;2.41
2015;9;12;0.04;0.04;2.4;2.4;1.67;1.66;0.13;0.11;370.06;393.19;102.78;30.75;10.73;11.18;3.44;3.06;2.8
2015;9;13;5.7;5.82;3.1;3.1;1.89;1.87;0.03;0.04;372.24;395.06;102.99;30.95;6.28;7.11;5.45;4.96;3.07
2015;9;14;10.04;10.27;3.8;3.8;2.07;2.06;0.04;0.02;375.21;398.17;103.36;31.33;3.21;3.64;7.6;6.4;6.94
2015;9;15;1.32;1.39;3.1;3;1.87;1.84;0.1;0.05;374.65;397.95;103.89;31.87;0.83;0.94;7.76;5.96;3.82
2015;9;16;1.17;1.22;4.1;4;2.14;2.11;0.06;0;373.54;397.12;104.41;32.4;0;0;6.46;4.48;4.06
2015;9;17;6.08;6.22;4.9;4.8;2.33;2.31;0.28;0.26;373.73;397.38;104.85;32.85;0;0;10.25;7.98;10.71
2015;9;18;2.42;2.26;3.3;3.3;1.92;1.93;0.3;0.3;372.64;396.28;105.23;33.23;0;0;6.95;4.88;6.66
2015;9;19;2.7;2.5;0.6;0.6;0.84;0.85;0.04;0.02;371.55;395.3;105.51;33.5;0.99;0.83;4.99;3.81;4.54
2015;9;20;0.56;0.52;0.7;0.7;0.91;0.92;0.04;0.03;370.31;394.06;105.66;33.63;0.41;0.44;3.95;3.35;3.32
2015;9;21;0.07;0.08;2.7;2.7;1.75;1.75;0;0;368.78;392.7;105.69;33.62;0;0;3.61;3.09;3.5
2015;9;22;1.17;1.22;2.4;2.4;1.67;1.66;0;0;367.52;391.6;105.6;33.48;0;0;3.56;3.06;3.15
2015;9;23;26.37;26.36;-2.7;-2.7;0;0;0;0;365.83;390.08;105.41;33.24;26.37;26.36;3.42;2.94;2.81
2015;9;24;0.43;0.39;-2.2;-2.2;0;0;0;0;365.83;390.08;103.33;31.1;26.8;26.75;2.83;2.39;2.43
2015;9;25;0.05;0.05;-0.8;-0.8;0;0;0;0;365.83;390.08;101.37;29.1;26.85;26.8;2.43;2.05;2.53
2015;9;26;0.01;0.01;1.2;1.2;1.17;1.19;0.15;0.15;365.96;389.99;101.26;29.2;22.85;22.64;2.85;2.51;2.7
2015;9;27;0;0;1.4;1.5;1.29;1.32;0.13;0.12;366.34;390.38;101.31;29.23;17.41;17.17;3.98;3.61;2.66
2015;9;28;0;0;-1;-1;0;0;0;0;365;388.86;101.14;29.25;17.41;17.17;3.8;3.4;2.43
2015;9;29;0;0;-1.4;-1.4;0;0;0;0;365;388.86;99.28;27.37;17.41;17.17;2.73;2.36;2.27
2015;9;30;1.4;1.46;-1.9;-1.9;0;0;0;0;365;388.86;97.54;25.61;18.81;18.63;2.16;1.83;2.27
2015;10;1;0.05;0.05;-1.9;-2;0;0;0;0;365;388.86;95.89;23.97;0.94;0.93;1.99;1.67;2.29
2015;10;2;0.66;0.68;0.5;0.5;0.72;0.69;0.11;0.1;365.14;388.98;94.34;22.43;1.17;1.23;1.88;1.56;2.35
2015;10;3;0.91;0.95;1.1;1;0.99;0.96;0.02;0.03;365.51;389.65;93.06;20.99;0.24;0.27;1.78;1.46;2.51
2015;10;4;12;12.16;-0.9;-0.9;0;0;0;0;365.51;389.65;91.68;19.64;12.23;12.43;1.7;1.36;2.27
2015;10;5;5.53;5.61;0.8;0.8;0.87;0.87;0.08;0.07;365.04;389.2;92.5;20.58;14.64;14.99;2.12;1.77;2.23
2015;10;6;8.99;8.99;2.4;2.4;1.48;1.47;0.04;0.04;368.21;391.4;93.21;21.39;12.02;13.55;4.08;3.63;2.45
2015;10;7;11.08;11.04;0.1;0.1;0.28;0.32;0.02;0.02;366.61;389.99;93.91;22.19;22.82;24.27;4.2;3.65;2.77
2015;10;8;1.4;1.4;-0.2;-0.2;0;0;0;0;364.92;388.48;94.53;22.88;24.22;25.67;3.15;2.6;2.51
2015;10;9;0.94;0.98;0.1;0.1;0.32;0.32;0.05;0.05;363.31;387.03;95;23.39;24.95;26.42;2.69;2.2;2.26
2015;10;10;1.93;1.87;-0.4;-0.4;0;0;0;0;361.64;385.53;95.32;23.75;26.88;28.29;2.57;2.1;2.27
2015;10;11;1.52;1.54;-0.4;-0.4;0;0;0;0;361.64;385.53;93.78;22.22;28.4;29.83;2.14;1.72;2.28
2015;10;12;1.28;1.34;0.1;0.1;0.28;0.32;0.04;0.04;361.69;385.58;92.33;20.79;29.52;30.99;1.83;1.47;2.13
2015;10;13;13.19;13.32;-0.4;-0.4;0;0;0;0;361.69;385.58;90.97;19.46;42.7;44.31;1.68;1.35;2.08
2015;10;14;21.79;22.05;-2.5;-2.5;0;0;0;0;361.69;385.58;89.67;18.21;64.49;66.36;1.58;1.27;2.24
2015;10;15;7.23;7.29;-4.4;-4.4;0;0;0;0;361.69;385.58;88.45;17.04;71.72;73.65;1.5;1.18;2.24
2015;10;16;5.03;5.06;-7.6;-7.6;0;0;0;0;361.69;385.58;87.3;15.95;76.75;78.71;1.42;1.11;2.16
2015;10;17;1.01;1.04;-9.2;-9.2;0;0;0;0;361.69;385.58;86.21;14.92;77.76;79.75;1.34;1.04;2.1
2015;10;18;2.56;2.57;-5.9;-5.9;0;0;0;0;361.69;385.58;85.17;13.96;80.32;82.32;1.27;0.97;2.02
2015;10;19;4.19;4.22;-8.6;-8.6;0;0;0;0;361.69;385.58;84.2;13.07;84.52;86.54;1.2;0.91;1.97
2015;10;20;0.06;0.06;-9.5;-9.5;0;0;0;0;361.69;385.58;83.27;12.23;84.58;86.59;1.14;0.85;1.88
2015;10;21;0;0;-8.1;-8.1;0;0;0;0;361.69;385.58;82.39;11.44;84.58;86.59;1.08;0.8;1.86
2015;10;22;0.52;0.49;-7.3;-7.3;0;0;0;0;361.69;385.58;81.56;10.71;85.1;87.08;1.03;0.74;1.86
2015;10;23;0.2;0.19;-1.8;-1.8;0;0;0;0;361.69;385.58;80.77;10.02;85.31;87.28;0.98;0.7;1.93
2015;10;24;0;0;-6.4;-6.4;0;0;0;0;361.69;385.58;80.02;9.38;85.31;87.28;0.93;0.65;1.9
2015;10;25;0;0;-2.2;-2.2;0;0;0;0;361.69;385.58;79.3;8.78;85.31;87.28;0.88;0.61;1.86
2015;10;26;0;0;-3.2;-3.2;0;0;0;0;361.69;385.58;78.62;8.22;85.31;87.28;0.84;0.57;1.83
2015;10;27;0;0;-3.4;-3.4;0;0;0;0;361.69;385.58;77.97;7.69;85.31;87.28;0.8;0.53;1.82
2015;10;28;1.98;2.02;-2.8;-2.8;0;0;0;0;361.69;385.58;77.36;7.2;87.29;89.3;0.76;0.5;1.86
2015;10;29;12.49;12.53;-2;-2;0;0;0;0;361.69;385.58;76.77;6.74;99.78;101.83;0.73;0.47;2.05
2015;10;30;0;0;-2.8;-2.8;0;0;0;0;361.69;385.58;76.2;6.3;99.78;101.83;0.69;0.44;1.99
2015;10;31;0;0;-3.7;-3.7;0;0;0;0;361.69;385.58;75.67;5.9;99.78;101.83;0.66;0.41;1.91
2015;11;1;0;0;-5;-5;0;0;0;0;361.69;385.58;75.15;5.52;99.78;101.83;0.63;0.38;1.82
2015;11;2;0;0;-3.8;-3.8;0;0;0;0;361.69;385.58;74.66;5.17;99.78;101.83;0.61;0.36;1.7
2015;11;3;0.6;0.57;-1.7;-1.7;0;0;0;0;361.69;385.58;74.19;4.84;100.38;102.39;0.58;0.34;1.7
2015;11;4;0;0;-2.5;-2.5;0;0;0;0;361.69;385.58;73.74;4.53;100.38;102.39;0.56;0.31;1.64
2015;11;5;0;0;-3.5;-3.5;0;0;0;0;361.69;385.58;73.3;4.24;100.38;102.39;0.53;0.29;1.6
2015;11;6;0;0;-2.9;-2.9;0;0;0;0;361.69;385.58;72.89;3.97;100.38;102.39;0.51;0.28;1.55
2015;11;7;0;0;-0.6;-0.6;0;0;0;0;361.69;385.58;72.49;3.72;100.38;102.39;0.49;0.26;1.52
2015;11;8;0;0;0.2;0.2;0.37;0.37;0.06;0.06;361.74;385.64;72.1;3.48;100.18;102.18;0.47;0.24;1.56
2015;11;9;0;0;-0.2;-0.2;0;0;0;0;361.74;385.64;71.73;3.26;100.18;102.18;0.46;0.23;1.54
2015;11;10;0;0;-0.3;-0.3;0;0;0;0;361.74;385.64;71.37;3.05;100.18;102.18;0.44;0.21;1.54
2015;11;11;0;0;-0.8;-0.8;0;0;0;0;361.74;385.64;71.02;2.86;100.18;102.18;0.42;0.2;1.47
2015;11;12;0;0;-0.4;-0.4;0;0;0;0;361.74;385.64;70.68;2.67;100.18;102.18;0.41;0.19;1.47
2015;11;13;0;0;0;0;0;0;0;0;361.74;385.64;70.36;2.5;100.18;102.18;0.4;0.17;1.35
2015;11;14;0.1;0.09;-4.4;-4.4;0;0;0;0;361.74;385.64;70.04;2.35;100.28;102.27;0.38;0.16;1.3
2015;11;15;0.31;0.3;-2.2;-2.2;0;0;0;0;361.74;385.64;69.74;2.2;100.59;102.57;0.37;0.15;1.27
2015;11;16;0;0;-1.8;-1.8;0;0;0;0;361.74;385.64;69.44;2.06;100.59;102.57;0.36;0.14;1.24
2015;11;17;0.05;0.05;-2.5;-2.5;0;0;0;0;361.74;385.64;69.15;1.93;100.64;102.62;0.35;0.13;1.26
2015;11;18;0;0;-1.8;-1.8;0;0;0;0;361.74;385.64;68.87;1.8;100.64;102.62;0.34;0.13;1.18
2015;11;19;0.01;0.01;-3.2;-3.2;0;0;0;0;361.74;385.64;68.6;1.69;100.65;102.63;0.33;0.12;1.2
2015;11;20;13.55;13.15;-3.6;-3.6;0;0;0;0;361.74;385.64;68.33;1.58;114.2;115.78;0.32;0.11;1.27
2015;11;21;6.97;6.8;-9.3;-9.3;0;0;0;0;361.74;385.64;68.08;1.49;121.18;122.58;0.31;0.1;1.2
2015;11;22;0.97;0.91;-16.3;-16.2;0;0;0;0;361.74;385.64;67.82;1.39;122.15;123.49;0.31;0.1;1.06
2015;11;23;0.05;0.05;-18.8;-18.6;0;0;0;0;361.74;385.64;67.57;1.3;122.2;123.54;0.3;0.09;1.05
2015;11;24;0.04;0.04;-14.5;-14.4;0;0;0;0;361.74;385.64;67.33;1.22;122.24;123.58;0.29;0.08;1.01
2015;11;25;2.73;2.69;-10.3;-10.2;0;0;0;0;361.74;385.64;67.09;1.15;124.97;126.27;0.29;0.08;1
2015;11;26;1.98;1.84;-14.3;-14.2;0;0;0;0;361.74;385.64;66.86;1.07;126.95;128.11;0.28;0.07;0.99
2015;11;27;0.02;0.02;-11.7;-11.7;0;0;0;0;361.74;385.64;66.63;1.01;126.97;128.13;0.27;0.07;0.98
2015;11;28;1.31;1.26;-12.8;-12.7;0;0;0;0;361.74;385.64;66.41;0.94;128.28;129.39;0.27;0.07;0.97
2015;11;29;1.25;1.21;-11.5;-11.5;0;0;0;0;361.74;385.64;66.19;0.88;129.53;130.6;0.26;0.06;0.96
2015;11;30;0.3;0.29;-7.8;-7.8;0;0;0;0;361.74;385.64;65.97;0.83;129.83;130.89;0.26;0.06;0.95
2015;12;1;1.99;1.91;-5.7;-5.7;0;0;0;0;361.74;385.64;65.76;0.78;131.82;132.8;0.25;0.05;0.94
2015;12;2;0;0;-6.5;-6.4;0;0;0;0;361.74;385.64;65.55;0.73;131.82;132.8;0.25;0.05;0.92
2015;12;3;0;0;-6.7;-6.6;0;0;0;0;361.74;385.64;65.35;0.69;131.82;132.8;0.25;0.05;0.91
2015;12;4;0;0;-6;-5.9;0;0;0;0;361.74;385.64;65.14;0.64;131.82;132.8;0.24;0.04;0.9
2015;12;5;0.01;0.01;-5.6;-5.5;0;0;0;0;361.74;385.64;64.94;0.6;131.83;132.81;0.24;0.04;0.89
2015;12;6;0;0;-5.9;-5.9;0;0;0;0;361.74;385.64;64.75;0.57;131.83;132.81;0.23;0.04;0.88
2015;12;7;0;0;-7.4;-7.4;0;0;0;0;361.74;385.64;64.55;0.53;131.83;132.81;0.23;0.04;0.87
2015;12;8;0.01;0.01;-7.6;-7.6;0;0;0;0;361.74;385.64;64.36;0.5;131.84;132.82;0.23;0.03;0.86
2015;12;9;2.6;2.52;-9.7;-9.7;0;0;0;0;361.74;385.64;64.17;0.47;134.44;135.34;0.22;0.03;0.84
2015;12;10;0;0;-11.4;-11.4;0;0;0;0;361.74;385.64;63.98;0.44;134.44;135.34;0.22;0.03;0.83
2015;12;11;0;0;-9.3;-9.3;0;0;0;0;361.74;385.64;63.8;0.42;134.44;135.34;0.22;0.03;0.82
2015;12;12;0;0;-8.1;-8.1;0;0;0;0;361.74;385.64;63.61;0.39;134.44;135.34;0.22;0.03;0.81
2015;12;13;0;0;-8.2;-8.2;0;0;0;0;361.74;385.64;63.43;0.37;134.44;135.34;0.21;0.03;0.8
2015;12;14;0;0;-6.8;-6.8;0;0;0;0;361.74;385.64;63.25;0.35;134.44;135.34;0.21;0.02;0.79
2015;12;15;0;0;-8.5;-8.5;0;0;0;0;361.74;385.64;63.07;0.33;134.44;135.34;0.21;0.02;0.78
2015;12;16;4.4;4.23;-6.9;-6.9;0;0;0;0;361.74;385.64;62.89;0.31;138.84;139.57;0.21;0.02;0.76
2015;12;17;0.83;0.8;-5.3;-5.3;0;0;0;0;361.74;385.64;62.72;0.29;139.68;140.37;0.21;0.02;0.75
2015;12;18;0.32;0.31;-8.2;-8.2;0;0;0;0;361.74;385.64;62.54;0.27;139.99;140.68;0.2;0.02;0.74
2015;12;19;0;0;-6.1;-6.1;0;0;0;0;361.74;385.64;62.37;0.26;139.99;140.68;0.2;0.02;0.73
2015;12;20;0;0;-5.8;-5.8;0;0;0;0;361.74;385.64;62.2;0.24;139.99;140.68;0.2;0.02;0.72
2015;12;21;0.05;0.05;-7;-7;0;0;0;0;361.74;385.64;62.03;0.23;140.05;140.73;0.2;0.02;0.71
2015;12;22;0;0;-7.3;-7.3;0;0;0;0;361.74;385.64;61.86;0.22;140.05;140.73;0.2;0.02;0.7
2015;12;23;0;0;-5.3;-5.3;0;0;0;0;361.74;385.64;61.69;0.2;140.05;140.73;0.2;0.01;0.69
2015;12;24;0;0;-7.9;-7.9;0;0;0;0;361.74;385.64;61.52;0.19;140.05;140.73;0.2;0.01;0.68
2015;12;25;0;0;-9.7;-9.7;0;0;0;0;361.74;385.64;61.35;0.18;140.04;140.73;0.19;0.01;0.66
2015;12;26;0;0;-7.1;-7.1;0;0;0;0;361.74;385.64;61.19;0.17;140.04;140.73;0.19;0.01;0.65
2015;12;27;0;0;-7.7;-7.7;0;0;0;0;361.74;385.64;61.02;0.16;140.04;140.73;0.19;0.01;0.64
2015;12;28;0;0;-6.2;-6.2;0;0;0;0;361.74;385.64;60.86;0.16;140.04;140.73;0.19;0.01;0.63
2015;12;29;0;0;-7.4;-7.4;0;0;0;0;361.74;385.64;60.7;0.15;140.04;140.73;0.19;0.01;0.62
2015;12;30;0;0;-9.7;-9.7;0;0;0;0;361.74;385.64;60.54;0.14;140.04;140.73;0.19;0.01;0.61
2015;12;31;0.35;0.34;-10.4;-10.3;0;0;0;0;361.74;385.64;60.38;0.13;140.39;141.07;0.19;0.01;0.6
2016;1;1;0.41;0.39;-9.8;-9.8;0;0;0;0;361.74;385.64;60.22;0.13;140.8;141.46;0.19;0.01;0.58
2016;1;2;7.23;7.19;-10.7;-10.7;0;0;0;0;361.74;385.64;60.06;0.12;148.03;148.65;0.18;0.01;0.57
2016;1;3;2.9;2.85;-9.9;-9.8;0;0;0;0;361.74;385.64;59.9;0.12;150.92;151.5;0.18;0.01;0.56
2016;1;4;4.33;4.26;-12;-12;0;0;0;0;361.74;385.64;59.74;0.11;155.25;155.76;0.18;0.01;0.56
2016;1;5;3.59;3.63;-16;-15.9;0;0;0;0;361.74;385.64;59.58;0.1;158.84;159.38;0.18;0.01;0.56
2016;1;6;0.26;0.25;-17.5;-17.5;0;0;0;0;361.74;385.64;59.43;0.1;159.1;159.63;0.18;0.01;0.55
2016;1;7;4.9;4.82;-15.2;-15.2;0;0;0;0;361.74;385.64;59.27;0.1;164;164.46;0.18;0.01;0.55
2016;1;8;2.41;2.41;-10.3;-10.3;0;0;0;0;361.74;385.64;59.12;0.09;166.41;166.87;0.18;0.01;0.55
2016;1;9;5.02;5.06;-6.6;-6.6;0;0;0;0;361.74;385.64;58.96;0.09;171.43;171.93;0.18;0.01;0.55
2016;1;10;1.19;1.23;-9.2;-9.1;0;0;0;0;361.74;385.64;58.81;0.08;172.62;173.16;0.18;0.01;0.55
2016;1;11;13.83;13.92;-7.7;-7.6;0;0;0;0;361.74;385.64;58.65;0.08;186.45;187.07;0.18;0.01;0.55
2016;1;12;3.04;2.9;-14.5;-14.5;0;0;0;0;361.74;385.64;58.5;0.08;189.49;189.97;0.18;0.01;0.55
2016;1;13;2.02;1.91;-18.5;-18.6;0;0;0;0;361.74;385.64;58.35;0.08;191.5;191.88;0.18;0.01;0.55
2016;1;14;1.01;0.97;-19.8;-19.8;0;0;0;0;361.74;385.64;58.2;0.07;192.51;192.85;0.18;0;0.55
2016;1;15;1.1;1.03;-20;-20;0;0;0;0;361.74;385.64;58.05;0.07;193.61;193.88;0.17;0;0.54
2016;1;16;2.53;2.41;-20.5;-20.5;0;0;0;0;361.74;385.64;57.9;0.07;196.14;196.29;0.17;0;0.54
2016;1;17;5.2;5.09;-22;-22;0;0;0;0;361.74;385.64;57.75;0.06;201.34;201.38;0.17;0;0.54
2016;1;18;0;0;-24.8;-24.8;0;0;0;0;361.74;385.64;57.6;0.06;201.34;201.38;0.17;0;0.54
2016;1;19;0.25;0.24;-20.5;-20.5;0;0;0;0;361.74;385.64;57.45;0.06;201.59;201.62;0.17;0;0.54
2016;1;20;0.88;0.85;-17.1;-17.1;0;0;0;0;361.74;385.64;57.3;0.06;202.47;202.47;0.17;0;0.54
2016;1;21;0.08;0.08;-19.3;-19.3;0;0;0;0;361.74;385.64;57.15;0.06;202.56;202.56;0.17;0;0.54
2016;1;22;0;0;-17.2;-17.2;0;0;0;0;361.74;385.64;57;0.06;202.56;202.56;0.17;0;0.54
2016;1;23;3.23;3.2;-12.7;-12.7;0;0;0;0;361.74;385.64;56.86;0.05;205.79;205.75;0.17;0;0.54
2016;1;24;0.1;0.1;-13.8;-13.8;0;0;0;0;361.74;385.64;56.71;0.05;205.89;205.85;0.17;0;0.54
2016;1;25;0.04;0.04;-5.2;-5.2;0;0;0;0;361.74;385.64;56.56;0.05;205.93;205.89;0.17;0;0.53
2016;1;26;0;0;-7.1;-7.1;0;0;0;0;361.74;385.64;56.42;0.05;205.93;205.89;0.17;0;0.53
2016;1;27;0;0;-7.7;-7.7;0;0;0;0;361.74;385.64;56.27;0.05;205.93;205.89;0.17;0;0.53
2016;1;28;0;0;-7.8;-7.8;0;0;0;0;361.74;385.64;56.13;0.05;205.93;205.89;0.17;0;0.53
2016;1;29;0.34;0.32;-8;-8;0;0;0;0;361.74;385.64;55.98;0.05;206.27;206.21;0.17;0;0.53
2016;1;30;1.78;1.74;-12.2;-12.2;0;0;0;0;361.74;385.64;55.84;0.05;208.05;207.95;0.17;0;0.53
2016;1;31;14.41;14.11;-8;-8;0;0;0;0;361.74;385.64;55.7;0.04;222.47;222.06;0.17;0;0.53
2016;2;1;3.5;3.45;-2.8;-2.8;0;0;0;0;361.74;385.64;55.55;0.04;225.97;225.51;0.17;0;0.63
2016;2;2;0;0;-3.2;-3.2;0;0;0;0;361.74;385.64;55.41;0.04;225.97;225.51;0.16;0;0.53
2016;2;3;8.24;8.09;-10.4;-10.4;0;0;0;0;361.74;385.64;55.27;0.04;234.21;233.6;0.16;0;0.52
2016;2;4;7.35;7.25;-14.7;-14.7;0;0;0;0;361.74;385.64;55.12;0.04;241.56;240.85;0.16;0;0.52
2016;2;5;2.65;2.59;-10.5;-10.5;0;0;0;0;361.74;385.64;54.98;0.04;244.21;243.44;0.16;0;0.52
2016;2;6;0.23;0.24;-11.9;-11.8;0;0;0;0;361.74;385.64;54.84;0.04;244.44;243.68;0.16;0;0.52
2016;2;7;8.04;8.28;-9.2;-9.2;0;0;0;0;361.74;385.64;54.7;0.04;252.49;251.96;0.16;0;0.51
2016;2;8;1.69;1.69;-7.5;-7.5;0;0;0;0;361.74;385.64;54.56;0.04;254.17;253.65;0.16;0;0.51
2016;2;9;7.14;7.3;-10.2;-10.2;0;0;0;0;361.74;385.64;54.42;0.04;261.32;260.95;0.16;0;0.51
2016;2;10;7.23;7.17;-14.3;-14.3;0;0;0;0;361.74;385.64;54.28;0.04;268.54;268.12;0.16;0;0.51
2016;2;11;0;0;-18.3;-18.3;0;0;0;0;361.74;385.64;54.14;0.04;268.54;268.12;0.16;0;0.51
2016;2;12;1.94;1.97;-16.8;-16.8;0;0;0;0;361.74;385.64;54;0.04;270.49;270.09;0.16;0;0.51
2016;2;13;2.47;2.43;-12.9;-12.9;0;0;0;0;361.74;385.64;53.86;0.04;272.96;272.52;0.16;0;0.5
2016;2;14;5.74;5.76;-10.9;-10.9;0;0;0;0;361.74;385.64;53.73;0.04;278.7;278.28;0.16;0;0.5
2016;2;15;1.53;1.47;-11.1;-11.1;0;0;0;0;361.74;385.64;53.59;0.04;280.22;279.75;0.16;0;0.5
2016;2;16;1.47;1.46;-9.7;-9.7;0;0;0;0;361.74;385.64;53.45;0.04;281.7;281.21;0.16;0;0.5
2016;2;17;4.06;4.2;-9.5;-9.5;0;0;0;0;361.74;385.64;53.31;0.04;285.75;285.41;0.16;0;0.5
2016;2;18;0.07;0.07;-10.7;-10.7;0;0;0;0;361.74;385.64;53.18;0.04;285.82;285.48;0.16;0;0.5
2016;2;19;1.09;1.01;-13.2;-13.2;0;0;0;0;361.74;385.64;53.04;0.04;286.91;286.49;0.16;0;0.49
2016;2;20;10.96;10.84;-14.5;-14.5;0;0;0;0;361.74;385.64;52.91;0.04;297.87;297.33;0.16;0;0.49
2016;2;21;1.86;1.82;-2.7;-2.7;0;0;0;0;361.74;385.64;52.77;0.04;299.73;299.15;0.16;0;0.67
2016;2;22;1.16;1.16;-3;-3;0;0;0;0;361.74;385.64;52.63;0.04;300.89;300.31;0.16;0;0.52
2016;2;23;5.83;5.72;-6.9;-6.9;0;0;0;0;361.74;385.64;52.5;0.03;306.71;306.03;0.16;0;0.49
2016;2;24;0.46;0.46;-12.1;-12.1;0;0;0;0;361.74;385.64;52.37;0.03;307.17;306.49;0.15;0;0.49
2016;2;25;2.6;2.53;-10;-10;0;0;0;0;361.74;385.64;52.23;0.03;309.77;309.02;0.15;0;0.49
2016;2;26;0.52;0.54;-11.5;-11.5;0;0;0;0;361.74;385.64;52.1;0.03;310.29;309.56;0.15;0;0.49
2016;2;27;1.73;1.8;-10.8;-10.8;0;0;0;0;361.74;385.64;51.96;0.03;312.02;311.36;0.15;0;0.49
2016;2;28;5.57;5.73;-7.4;-7.4;0;0;0;0;361.74;385.64;51.83;0.03;317.59;317.09;0.15;0;0.49
2016;2;29;15.7;15.75;-7.2;-7.2;0;0;0;0;361.74;385.64;51.7;0.03;333.28;332.84;0.15;0;0.49
2016;3;1;2.28;2.18;-10.2;-10.2;0;0;0;0;361.74;385.64;51.57;0.03;335.56;335.02;0.15;0;0.49
2016;3;2;8.17;8.13;-8.4;-8.4;0;0;0;0;361.74;385.64;51.43;0.03;343.73;343.15;0.15;0;0.49
2016;3;3;4.81;4.75;-13.2;-13.2;0;0;0;0;361.74;385.64;51.3;0.03;348.53;347.9;0.15;0;0.49
2016;3;4;0.13;0.12;-12.4;-12.4;0;0;0;0;361.74;385.64;51.17;0.03;348.66;348.02;0.15;0;0.49
2016;3;5;30.04;30.35;-10.3;-10.3;0;0;0;0;361.74;385.64;51.04;0.03;378.7;378.37;0.15;0;0.49
2016;3;6;3.69;3.65;-12.8;-12.8;0;0;0;0;361.74;385.64;50.91;0.03;382.4;382.02;0.15;0;0.52
2016;3;7;1.19;1.18;-15.6;-15.6;0;0;0;0;361.74;385.64;50.78;0.03;383.59;383.2;0.15;0;0.51
2016;3;8;2.49;2.46;-15.4;-15.4;0;0;0;0;361.74;385.64;50.65;0.03;386.08;385.66;0.15;0;0.5
2016;3;9;0.25;0.26;-13.7;-13.7;0;0;0;0;361.74;385.64;50.52;0.03;386.33;385.92;0.15;0;0.5
2016;3;10;0.08;0.07;-12.5;-12.5;0;0;0;0;361.74;385.64;50.39;0.03;386.41;385.99;0.15;0;0.5
2016;3;11;0.2;0.19;-9.7;-9.7;0;0;0;0;361.74;385.64;50.26;0.03;386.61;386.18;0.15;0;0.5
2016;3;12;0.28;0.26;-8.7;-8.7;0;0;0;0;361.74;385.64;50.13;0.03;386.88;386.44;0.15;0;0.49
2016;3;13;0.15;0.14;-9.6;-9.6;0;0;0;0;361.74;385.64;50;0.03;387.03;386.58;0.15;0;0.49
2016;3;14;0;0;-10.2;-10.2;0;0;0;0;361.74;385.64;49.88;0.03;387.03;386.58;0.15;0;0.5
2016;3;15;2.39;2.33;-11.3;-11.3;0;0;0;0;361.74;385.64;49.75;0.03;389.42;388.91;0.15;0;0.49
2016;3;16;1.72;1.76;-11.4;-11.4;0;0;0;0;361.74;385.64;49.62;0.03;391.14;390.67;0.15;0;0.49
2016;3;17;0;0;-10.1;-10.1;0;0;0;0;361.74;385.64;49.49;0.03;391.14;390.67;0.15;0;0.49
2016;3;18;0;0;-9;-9;0;0;0;0;361.74;385.64;49.37;0.03;391.14;390.67;0.15;0;0.5
2016;3;19;0;0;-8.1;-8.1;0;0;0;0;361.74;385.64;49.24;0.03;391.14;390.67;0.15;0;0.5
2016;3;20;0.26;0.21;-7.8;-7.8;0;0;0;0;361.74;385.64;49.12;0.03;391.4;390.88;0.15;0;0.52
2016;3;21;0.06;0.05;-8;-8;0;0;0;0;361.74;385.64;48.99;0.03;391.45;390.93;0.14;0;0.54
2016;3;22;0.28;0.27;-8;-8;0;0;0;0;361.74;385.64;48.86;0.03;391.74;391.2;0.14;0;0.54
2016;3;23;1.12;1.05;-10.8;-10.8;0;0;0;0;361.74;385.64;48.74;0.03;392.86;392.25;0.14;0;0.54
2016;3;24;0.33;0.3;-9.8;-9.8;0;0;0;0;361.74;385.64;48.61;0.03;393.19;392.55;0.14;0;0.53
2016;3;25;5.83;5.71;-9;-9;0;0;0;0;361.74;385.64;48.49;0.03;399.02;398.26;0.14;0;0.51
2016;3;26;1.65;1.59;-6.7;-6.7;0;0;0;0;361.74;385.64;48.37;0.03;400.67;399.85;0.14;0;0.52
2016;3;27;1.29;1.28;-5.6;-5.6;0;0;0;0;361.74;385.64;48.24;0.03;401.95;401.13;0.14;0;0.53
2016;3;28;0.51;0.55;-5.7;-5.7;0;0;0;0;361.74;385.64;48.12;0.03;402.46;401.68;0.14;0;0.55
2016;3;29;0.08;0.09;-7.5;-7.5;0;0;0;0;361.74;385.64;47.99;0.03;402.55;401.77;0.14;0;0.55
2016;3;30;0.5;0.54;-4.6;-4.6;0;0;0;0;361.74;385.64;47.87;0.03;403.04;402.31;0.14;0;0.58
2016;3;31;1.19;1.24;-2.7;-2.7;0;0;0;0;361.74;385.64;47.75;0.03;404.24;403.55;0.14;0;0.68
2016;4;1;1.18;1.21;-2;-2;0;0;0;0;361.74;385.64;47.63;0.03;405.42;404.76;0.14;0;0.85
2016;4;2;0.06;0.06;-0.9;-0.9;0;0;0;0;361.74;385.64;47.51;0.03;405.47;404.82;0.14;0;0.9
2016;4;3;0.18;0.19;-1;-1;0;0;0;0;361.74;385.64;47.38;0.03;405.66;405.01;0.14;0;0.97
2016;4;4;1.51;1.56;-1.3;-1.3;0;0;0;0;361.74;385.64;47.26;0.03;407.17;406.57;0.14;0;1.11
2016;4;5;0.35;0.36;-1.2;-1.2;0;0;0;0;361.74;385.64;47.14;0.03;407.51;406.93;0.14;0;1.09
2016;4;6;3.57;3.61;-2.2;-2.2;0;0;0;0;361.74;385.64;47.02;0.03;411.09;410.54;0.14;0;1.09
2016;4;7;8.19;8.34;-3.2;-3.2;0;0;0;0;361.74;385.64;46.9;0.03;419.28;418.88;0.14;0;1.26
2016;4;8;12.49;12.54;-4.3;-4.3;0;0;0;0;361.74;385.64;46.78;0.03;431.77;431.42;0.14;0;1.07
2016;4;9;3.77;3.74;-4;-4;0;0;0;0;361.74;385.64;46.66;0.03;435.54;435.16;0.14;0;0.92
2016;4;10;0.06;0.05;-2.6;-2.6;0;0;0;0;361.74;385.64;46.54;0.03;435.6;435.21;0.14;0;0.94
2016;4;11;0.07;0.07;-2.4;-2.4;0;0;0;0;361.74;385.64;46.42;0.03;435.67;435.28;0.14;0;1.12
2016;4;12;0.42;0.45;-2.6;-2.6;0;0;0;0;361.74;385.64;46.3;0.03;436.09;435.73;0.14;0;1.2
2016;4;13;8.43;8.32;-3.2;-3.2;0;0;0;0;361.74;385.64;46.19;0.03;444.52;444.05;0.14;0;1.28
2016;4;14;4.11;4.04;-4.7;-4.7;0;0;0;0;361.74;385.64;46.07;0.03;448.63;448.09;0.14;0;1.08
2016;4;15;1.08;1.1;-2.9;-2.9;0;0;0;0;361.74;385.64;45.95;0.03;449.71;449.19;0.14;0;0.98
2016;4;16;3.06;3.2;-2;-2;0;0;0;0;361.74;385.64;45.83;0.03;452.78;452.39;0.14;0;1
2016;4;17;18.18;18.39;-1.9;-1.9;0;0;0;0;361.74;385.64;45.72;0.03;470.96;470.78;0.14;0;1.12
2016;4;18;14.71;14.83;-3.9;-3.9;0;0;0;0;361.74;385.64;45.6;0.03;485.67;485.61;0.13;0;1.12
2016;4;19;0.5;0.46;-4.2;-4.2;0;0;0;0;361.74;385.64;45.48;0.03;486.16;486.07;0.13;0;1.03
2016;4;20;0;0;-3.4;-3.4;0;0;0;0;361.74;385.64;45.37;0.03;486.16;486.07;0.13;0;1.09
2016;4;21;0;0;0.9;0.9;1.1;1.12;0.17;0.17;361.85;385.76;45.25;0.03;485.69;485.56;0.13;0;1.35
2016;4;22;6.97;7.06;-1.4;-1.4;0;0;0;0;361.85;385.76;45.13;0.03;492.66;492.62;0.13;0;1.58
2016;4;23;15.06;14.89;-2.6;-2.6;0;0;0;0;361.85;385.76;45.02;0.03;507.72;507.51;0.13;0;1.85
2016;4;24;2.73;2.55;-9;-8.9;0;0;0;0;361.85;385.76;44.9;0.03;510.45;510.06;0.13;0;1.37
2016;4;25;1.58;1.53;-12.3;-12.2;0;0;0;0;361.85;385.76;44.79;0.03;512.03;511.58;0.13;0;1.1
2016;4;26;2.81;2.82;-8.2;-8.2;0;0;0;0;361.85;385.76;44.67;0.03;514.85;514.4;0.13;0;0.99
2016;4;27;4.34;4.36;-10.9;-10.9;0;0;0;0;361.85;385.76;44.56;0.03;519.18;518.76;0.13;0;0.94
2016;4;28;1.57;1.62;-9.3;-9.3;0;0;0;0;361.85;385.76;44.45;0.03;520.75;520.38;0.13;0;0.92
2016;4;29;0.98;1.02;-6.6;-6.6;0;0;0;0;361.85;385.76;44.33;0.03;521.73;521.4;0.13;0;0.9
2016;4;30;1.36;1.38;-5;-5;0;0;0;0;361.85;385.76;44.22;0.03;523.09;522.78;0.13;0;0.9
2016;5;1;10.81;10.64;-5.6;-5.6;0;0;0;0;361.85;385.76;44.1;0.03;533.89;533.42;0.13;0;0.93
2016;5;2;5.49;5.38;-4;-4;0;0;0;0;361.85;385.76;43.99;0.03;539.38;538.8;0.13;0;0.91
2016;5;3;4.62;4.31;-4.3;-4.3;0;0;0;0;361.85;385.76;43.88;0.03;544;543.12;0.13;0;0.9
2016;5;4;0.42;0.38;-6.4;-6.3;0;0;0;0;361.85;385.76;43.77;0.03;544.42;543.5;0.13;0;0.92
2016;5;5;0;0;-4.4;-4.4;0;0;0;0;361.85;385.76;43.66;0.03;544.42;543.5;0.13;0;0.92
2016;5;6;0.01;0.01;-1.8;-1.8;0;0;0;0;361.85;385.76;43.54;0.03;544.43;543.5;0.13;0;1.03
2016;5;7;0.08;0.08;-0.9;-0.9;0;0;0;0;361.85;385.76;43.43;0.03;544.5;543.58;0.13;0;1.27
2016;5;8;2.5;2.55;-1.5;-1.5;0;0;0;0;361.85;385.76;43.32;0.03;547.01;546.13;0.13;0;1.48
2016;5;9;0.71;0.74;-0.4;-0.4;0;0;0;0;361.85;385.76;43.21;0.03;547.71;546.87;0.13;0;1.67
2016;5;10;2.94;2.98;1;1;1.37;1.36;0.18;0.17;361.97;385.9;43.1;0.03;550.15;549.31;0.13;0;2.11
2016;5;11;6.03;6.16;0.3;0.3;0.78;0.76;0.08;0.07;362.07;386.01;42.99;0.03;555.84;555.1;0.13;0;2.13
2016;5;12;20.08;19.89;-1.9;-1.9;0;0;0;0;362.07;386.01;42.88;0.03;575.92;574.99;0.13;0;2.06
2016;5;13;7.72;7.47;-1.9;-1.9;0;0;0;0;362.07;386.01;42.77;0.03;583.65;582.46;0.13;0;1.76
2016;5;14;6.89;6.62;-2.3;-2.3;0;0;0;0;362.07;386.01;42.66;0.03;590.54;589.08;0.13;0;1.74
2016;5;15;1.33;1.22;-5.6;-5.5;0;0;0;0;362.07;386.01;42.55;0.03;591.87;590.3;0.13;0;1.55
2016;5;16;1.68;1.6;-7.3;-7.2;0;0;0;0;362.07;386.01;42.44;0.03;593.55;591.9;0.13;0;1.3
2016;5;17;0.32;0.3;-4.8;-4.7;0;0;0;0;362.07;386.01;42.33;0.03;593.87;592.2;0.13;0;1.21
2016;5;18;2.95;3.07;-2.4;-2.3;0;0;0;0;362.07;386.01;42.23;0.03;596.82;595.27;0.13;0;1.25
2016;5;19;19.22;19.11;-3.7;-3.7;0;0;0;0;362.07;386.01;42.12;0.03;616.04;614.38;0.12;0;1.36
2016;5;20;0.3;0.29;-0.7;-0.6;0;0;0;0;362.07;386.01;42.01;0.03;616.33;614.67;0.12;0;1.39
2016;5;21;0.63;0.65;2.2;2.2;1.96;1.98;0.3;0.29;362.6;386.62;41.9;0.03;615.21;613.38;0.12;0;1.73
2016;5;22;0.79;0.8;3.4;3.5;2.46;2.47;0.37;0.36;364.25;388.48;43.66;2.14;607.52;604.63;1.54;1.42;2.58
2016;5;23;22;21.97;-1.7;-1.7;0;0;0;0;364.25;388.48;43.43;2.01;629.51;626.6;1.6;1.48;2.8
2016;5;24;3.06;2.98;-2.3;-2.3;0;0;0;0;364.25;388.48;43.21;1.88;632.57;629.58;0.51;0.39;2.26
2016;5;25;0.16;0.16;1.3;1.3;1.52;1.54;0.24;0.23;364.76;389.06;43;1.76;631.08;627.91;0.26;0.14;2.33
2016;5;26;1.29;1.33;2.5;2.5;2.1;2.1;0.31;0.3;366.24;390.82;45;4.14;623.61;619.82;1.85;1.72;2.58
2016;5;27;5.7;5.8;4.4;4.4;2.75;2.76;0.29;0.28;374.24;397.87;47.02;6.51;604.34;601.03;5.91;5.65;3.83
2016;5;28;6.37;6.34;4.6;4.6;2.82;2.82;0.23;0.22;381.48;403.75;49.35;9.18;586.73;584.64;9.09;8.57;5.15
2016;5;29;13.47;13.5;2.1;2.1;1.93;1.94;0.05;0.05;383.54;405.73;51.99;12.12;588.84;586.62;8.67;7.97;6.24
2016;5;30;10.86;10.72;1;1;1.36;1.36;0.06;0.06;383.04;405.31;54.66;15.03;595.8;593.48;6.17;5.48;4.52
2016;5;31;16.7;16.76;0.5;0.5;0.97;0.98;0;0;381.87;404.32;57.1;17.66;610.63;608.31;4.16;3.57;3.65
2016;6;1;7.36;7.35;0.5;0.5;0.98;0.99;0.07;0.07;380.56;403.18;59.19;19.89;616.52;614.19;3.27;2.76;3.61
2016;6;2;7.59;7.6;0.6;0.6;1.06;1.08;0.08;0.07;379.54;402.32;60.94;21.73;621.83;619.44;3.15;2.69;4.2
2016;6;3;7.89;7.78;1.9;1.9;1.87;1.87;0.13;0.12;380.69;403.39;62.45;23.3;621.21;618.71;4.25;3.79;4.82
2016;6;4;8.53;8.43;1.5;1.5;1.65;1.67;0.1;0.1;380.94;403.69;63.84;24.72;623.74;621.05;5.03;4.54;4.96
2016;6;5;8.38;8.3;1.9;1.9;1.86;1.87;0.12;0.12;382.01;404.73;65.16;26.07;623.66;620.82;5.5;4.99;5.5
2016;6;6;4.88;4.75;3.2;3.2;2.4;2.4;0.22;0.21;386.1;408.07;66.53;27.43;611.59;609.31;7.22;6.63;6.2
2016;6;7;8.79;9.06;3.3;3.3;2.43;2.44;0.15;0.14;391.22;412.44;68.1;29.01;599.51;598.06;9.55;8.82;7.69
2016;6;8;8;8.02;2.4;2.4;2.08;2.1;0.14;0.13;393.27;414.33;69.93;30.82;594.9;593.47;9.81;8.97;8.04
2016;6;9;8.92;8.82;1.6;1.6;1.71;1.73;0.1;0.1;393.39;414.5;71.83;32.7;597.23;595.7;8.1;7.28;7.79
2016;6;10;0.08;0.09;3.4;3.5;2.5;2.51;0.32;0.31;395.95;416.7;73.68;34.51;582.76;581.53;8.05;7.27;6.17
2016;6;11;11.06;10.97;1.9;1.9;1.86;1.87;0.08;0.08;396.71;417.52;75.5;36.26;584.73;583.23;8.26;7.48;6.3
2016;6;12;2.75;2.79;1.1;1.2;1.47;1.5;0.16;0.15;396.07;417.07;77.21;37.87;582.99;581.36;7.1;6.36;5.26
2016;6;13;6.38;6.36;1.5;1.5;1.65;1.67;0.1;0.1;395.78;416.84;78.7;39.26;584;582.39;6.24;5.57;5.17
2016;6;14;16.62;16.67;1.4;1.4;1.6;1.62;0;0;395.52;416.66;79.96;40.4;595.18;593.61;6.11;5.48;5.22
2016;6;15;6.75;6.91;0.8;0.8;1.23;1.24;0.08;0.07;394.35;415.65;81.01;41.3;599.56;598.15;5.63;5.02;4.76
2016;6;16;16.78;17.13;2.7;2.7;2.23;2.22;0.01;0;398.42;418.54;81.95;42.08;597.98;598.55;7.58;6.89;7.5
2016;6;17;14.88;14.68;1.1;1.1;1.42;1.44;0.02;0.02;397.75;418;82.92;42.87;608.63;608.99;8.02;7.21;10.87
2016;6;18;10.88;10.91;0.1;0.1;0.4;0.46;0.02;0.02;395.92;416.44;83.78;43.53;619.3;619.66;6.04;5.27;4.51
2016;6;19;6.48;6.31;-0.5;-0.5;0;0;0;0;394.04;414.82;84.38;43.92;625.78;625.97;4.66;4.02;4.02
2016;6;20;0.72;0.7;2.6;2.7;2.2;2.22;0.22;0.2;394.79;415.51;84.77;44.09;617.75;618.01;5.59;5;4.13
2016;6;21;2.24;2.27;5.1;5.1;3;3;0.27;0.24;399.32;419.11;85.23;44.32;599.31;600.68;8.85;8.15;6.2
2016;6;22;1.22;1.23;8.2;8.2;3.77;3.77;0.36;0.32;407.18;425.29;86.14;45.02;567.76;571.19;13.46;12.45;14.32
2016;6;23;0.07;0.07;10.9;10.9;4.32;4.32;0.45;0.4;417.29;433.18;87.86;46.53;523.83;530.29;18.85;17.35;15.06
2016;6;24;3.99;4.07;10.1;10.1;4.16;4.17;0.33;0.29;426.43;440.45;90.63;49.06;481.43;490.78;23.54;21.49;16.4
2016;6;25;7.33;7.1;8.1;8.1;3.75;3.75;0.16;0.13;431.64;443.96;94.31;52.43;455.72;468.75;23.9;21.38;20.28
2016;6;26;15.03;15.16;5.5;5.5;3.11;3.12;0.03;0.02;435.92;447.33;98.56;56.27;438.06;453.46;23.03;20.25;19.5
2016;6;27;3.67;3.64;3;3.1;2.35;2.37;0.14;0.11;435.88;447.18;102.92;60.09;430.17;446.75;19.19;16.5;14.73
2016;6;28;0.13;0.14;5.6;5.6;3.13;3.14;0.24;0.19;436.93;447.68;106.96;63.5;413.28;432.3;15.91;13.48;10.73
2016;6;29;1.47;1.54;7;7;3.5;3.5;0.25;0.2;439.12;449.01;110.64;66.45;391.21;413.64;16.51;14.1;14.66
2016;6;30;13.7;13.79;6.1;6.1;3.27;3.27;0.05;0.04;442.72;451.81;114.26;69.25;371.4;396.76;20.1;17.42;15.94
2016;7;1;1.16;1.2;6.6;6.6;3.43;3.42;0.25;0.2;444.24;452.72;117.98;72.07;349.83;378.45;21.05;18.1;18.52
2016;7;2;15.82;15.66;6.6;6.6;3.42;3.42;0.01;0.01;447.93;455.61;121.86;74.96;327.7;359.58;23.17;19.98;17.04
2016;7;3;1.43;1.43;5.1;5.2;3.04;3.06;0.2;0.17;448.15;455.83;125.86;77.88;311.41;344.77;22.56;19.28;19.66
2016;7;4;1.79;1.85;6.3;6.3;3.35;3.35;0.2;0.18;448.83;456.48;129.72;80.62;291.93;326.69;20.51;17.45;18.51
2016;7;5;5.13;5.14;6.7;6.7;3.45;3.45;0.14;0.15;449.76;457.64;133.38;83.13;272.58;307.26;21.01;18.25;17.71
2016;7;6;0.67;0.66;5;5;3;3;0.09;0.09;448.78;457.11;136.76;85.39;262.75;297.07;19.11;16.67;17.03
2016;7;7;0.01;0.01;6.8;6.8;3.47;3.47;0.09;0.11;447.61;456.49;139.63;87.17;253.64;287.17;16.03;14.02;13.6
2016;7;8;4.18;4.38;7.4;7.4;3.62;3.62;0.15;0.08;446.95;456.54;141.94;88.46;244.06;276.32;16.64;13.75;12.88
2016;7;9;0.36;0.34;7.8;7.9;3.72;3.73;0.28;0.11;445.78;456.18;143.8;89.39;233.84;264.76;17.98;13.99;14.88
2016;7;10;3.82;3.94;9;9;3.98;3.97;0.25;0.09;445.3;456.49;145.32;90.06;222.14;251.51;18.96;14.64;16.12
2016;7;11;6.08;6.32;9.1;9.1;4;3.99;0.22;0.08;445.16;457.08;146.66;90.66;210.26;238.05;20.72;16.15;23.96
2016;7;12;30.75;31.1;7.6;7.6;3.66;3.66;0;0;448.38;460.36;148.22;91.57;199.94;226.37;26.28;21.84;27.67
2016;7;13;24.53;24.58;3.4;3.4;2.49;2.49;0;0;449.29;461.19;150.26;93.06;199.67;226.06;27.49;23.81;19.43
2016;7;14;6.47;6.24;-1.9;-1.9;0;0;0;0;447.04;459.4;152.33;94.59;206.13;232.3;19.44;17.08;11.51
2016;7;15;0.97;0.87;-1.6;-1.5;0;0;0;0;444.82;457.62;153.76;95.44;207.1;233.17;12.21;10.8;5.21
2016;7;16;0.02;0.02;1.2;1.2;1.5;1.52;0.11;0.09;443.04;456.16;154.39;95.46;204.1;230.34;10.14;9.03;3.7
2016;7;17;0.02;0.02;4.2;4.2;2.77;2.76;0.08;0.08;441.6;455.01;154.39;94.82;198.87;225.16;10.33;9.3;4.37
2016;7;18;1.77;1.77;6.1;6.1;3.29;3.3;0.15;0.09;440.42;454.37;154;93.81;192.4;217.83;12.15;10.29;7.78
2016;7;19;0.16;0.16;8.3;8.3;3.82;3.82;0.28;0.12;439.26;453.95;153.44;92.66;183.22;207.44;14.48;11.45;9.64
2016;7;20;0.02;0.02;9.5;9.5;4.08;4.08;0.3;0.12;438.31;453.77;152.84;91.51;172.34;195.13;16.02;12.34;10.13
2016;7;21;2.29;2.46;8;8;3.75;3.75;0.24;0.1;437.56;453.71;152.28;90.46;162.9;184.43;16.8;13.04;10.02
2016;7;22;8.88;8.87;7.4;7.4;3.62;3.62;0.12;0.05;437.94;454.44;151.86;89.62;153.9;174.24;18.09;14.52;12.77
2016;7;23;7.2;7.1;6.4;6.4;3.37;3.38;0.13;0.06;437.9;454.72;151.67;89.05;146;165.3;18.69;15.3;11.6
2016;7;24;7.32;7.19;6.4;6.4;3.37;3.38;0.13;0.06;437.89;455.01;151.68;88.71;138;156.24;18.46;15.21;10.15
2016;7;25;10.64;10.8;7.3;7.3;3.59;3.59;0.1;0.04;438.49;455.91;151.89;88.61;128.75;145.77;19.59;16.19;11.57
2016;7;26;8.29;8.37;6.9;6.9;3.5;3.5;0.13;0.05;438.61;456.38;152.32;88.75;119.95;135.81;20.31;16.76;12.75
2016;7;27;9.84;9.88;5.9;5.9;3.24;3.25;0.1;0.04;438.84;456.83;152.92;89.09;112.37;127.23;20.04;16.68;12.48
2016;7;28;1.35;1.4;5.8;5.8;3.21;3.22;0.21;0.09;437.66;456.21;153.53;89.46;104.95;118.83;18.01;14.91;10.8
2016;7;29;0.89;0.92;6.8;6.8;3.48;3.47;0.23;0.1;436.59;455.73;153.99;89.66;96.23;108.95;16.38;13.21;10.68
2016;7;30;2.51;2.53;7.9;7.9;3.73;3.73;0.22;0.1;435.99;455.68;154.26;89.67;86.06;97.44;16.83;13.36;12.22
2016;7;31;15.1;15.2;6;6;3.27;3.27;0.03;0.01;437.24;456.88;154.55;89.73;78.2;88.53;19.39;16.02;12.5
2016;8;1;4.45;4.47;4.9;4.9;2.73;2.73;0.14;0.06;436.5;456.49;154.96;89.93;71.84;81.33;18.86;15.93;10.47
2016;8;2;0.43;0.42;5.7;5.7;2.93;2.93;0.19;0.09;435.25;455.76;155.31;90.05;64.47;72.99;16.32;13.51;7.74
2016;8;3;1.06;1.08;8;8;3.45;3.45;0.22;0.1;434.47;455.55;155.47;89.99;54.13;61.28;16.12;12.87;13.75
2016;8;4;3.06;3.11;8.3;8.3;3.51;3.51;0.19;0.09;434.1;455.66;155.53;89.83;43.37;49.1;17.54;13.8;17.9
2016;8;5;47.94;47.74;1.5;1.5;1.53;1.55;0;0;433.1;454.76;155.51;89.6;84.43;89.77;15.46;13.1;23.23
2016;8;6;0.17;0.14;1.6;1.6;1.59;1.6;0.16;0.15;431.82;453.55;155.27;89.14;79.99;85.39;11.71;10.82;6.74
2016;8;7;0;0;5.6;5.6;2.91;2.91;0.22;0.18;433.24;453.78;154.88;88.48;62.82;70.08;12.53;11.66;6.66
2016;8;8;0.76;0.78;7;7;3.23;3.23;0.08;0.1;432.89;453.44;154.5;87.81;52.84;59.83;13.68;12.65;9.39
2016;8;9;16.22;16.32;4.6;4.6;2.64;2.64;0.01;0;434.22;454.6;154.29;87.3;47.67;53.98;16.38;14.58;10.94
2016;8;10;7.15;6.99;0.5;0.5;0.91;0.92;0.06;0.05;432.48;453.1;154.19;86.89;52.7;58.83;14.77;13.02;5.83
2016;8;11;0.24;0.22;-0.3;-0.3;0;0;0;0;430.42;451.34;153.87;86.25;52.95;59.05;10.05;9.08;3.52
2016;8;12;3.8;3.69;1.5;1.5;1.54;1.55;0.09;0.07;429.19;450.12;153.2;85.23;52.53;58.83;8.73;7.92;3.95
2016;8;13;0.55;0.57;5.7;5.7;2.93;2.93;0.08;0.09;428.36;449.42;152.31;83.97;45.99;52.07;9.48;8.7;7.78
2016;8;14;1.37;1.41;7.5;7.5;3.34;3.34;0.14;0.09;427.65;449.18;151.37;82.66;38.13;43.17;11.67;9.82;9.17
2016;8;15;5.45;5.48;6.2;6.2;3.05;3.05;0.13;0.06;427.56;449.38;150.52;81.49;31.28;35.41;14.1;11.34;11.15
2016;8;16;1.68;1.74;5.4;5.4;2.86;2.86;0.17;0.08;426.63;448.9;149.81;80.49;25.13;28.45;13.95;11.32;12.23
2016;8;17;0.74;0.73;5;5;2.75;2.75;0.16;0.08;425.53;448.24;149.16;79.57;19.29;21.84;12.81;10.36;9.36
2016;8;18;2.33;2.3;4.7;4.7;2.67;2.67;0.14;0.07;424.74;447.8;148.51;78.66;13.67;15.47;12.31;10;9.69
2016;8;19;0.48;0.51;5.6;5.6;2.91;2.91;0.18;0.09;423.76;447.3;147.85;77.76;6.88;7.79;12.31;9.89;9.94
2016;8;20;18;18.1;6.8;6.8;3.19;3.19;0;0;426.37;449.57;147.38;77.09;0;0;16.05;13.21;13.35
2016;8;21;5.89;5.74;3.1;3.1;2.19;2.19;0.04;0;425.49;448.67;147.2;76.73;0;0;15.68;13.08;13.82
2016;8;22;0;0;2.6;2.6;2.02;2.01;0.41;0.39;423.07;446.54;147;76.35;0;0;13.34;11.38;8.74
2016;8;23;0;0;7.9;7.9;3.42;3.43;1.28;1.31;419.81;443.49;146.51;75.64;0;0;15.77;13.23;12.61
2016;8;24;0;0;10.3;10.3;3.89;3.89;1.45;1.49;416.4;440.27;145.69;74.58;0;0;19.22;15.47;13.4
2016;8;25;0.05;0.05;11;11;4.01;4.01;1.49;1.53;412.98;437.03;144.59;73.21;0;0;20.94;16.55;12.92
2016;8;26;0.02;0.02;10.8;10.8;3.98;3.98;1.47;1.52;409.59;433.81;143.25;71.6;0;0;21.16;16.6;13.97
2016;8;27;1.35;1.31;9.8;9.8;3.79;3.8;1.29;1.34;406.74;431.05;141.77;69.83;0;0;20.38;15.99;14.68
2016;8;28;8.46;8.39;8.1;8.1;3.46;3.47;0.64;0.67;406.4;430.51;140.25;68.04;0;0;19.79;15.85;16.11
2016;8;29;11.07;11.11;6;6;3;3;0.38;0.39;406.97;430.85;138.91;66.44;0;0;18.88;15.56;16.07
2016;8;30;2.66;2.72;6;6;3.01;3;0.94;0.97;404.8;428.8;137.76;65.05;0;0;17.47;14.48;11.8
2016;8;31;2.07;1.92;6.3;6.3;3.07;3.07;1;1.04;402.51;426.52;136.67;63.72;0;0;16.2;13.22;13.6
2016;9;1;7.05;7.17;5.8;5.8;2.52;2.52;0.5;0.52;402.01;426;135.59;62.4;0;0;15.81;12.95;11.48
2016;9;2;0.31;0.33;6.4;6.4;2.65;2.64;0.9;0.93;399.32;423.49;134.52;61.11;0;0;15.66;12.8;12.07
2016;9;3;0.43;0.47;6.9;6.9;2.74;2.74;0.92;0.95;396.66;421;133.41;59.77;0;0;15.31;12.31;10.99
2016;9;4;6.45;6.35;6.1;6.1;2.58;2.58;0.55;0.58;396.18;420.38;132.26;58.4;0;0;15.31;12.36;12.51
2016;9;5;7.92;7.74;1.7;1.7;1.42;1.4;0.16;0.17;395.97;419.88;131.18;57.1;2.43;2.75;9.3;7.49;5.56
2016;9;6;0.66;0.61;2.1;2.1;1.56;1.55;0.04;0.05;394.74;418.85;130.17;55.88;0.82;0.93;6.79;6.03;3.93
2016;9;7;0;0;5.8;5.8;2.53;2.52;0.04;0;393.09;417.46;129.16;54.66;0;0;6.55;5.1;7.5
2016;9;8;0.13;0.12;7.4;7.4;2.83;2.83;0.52;0.5;390.8;415.37;128.1;53.4;0;0;12.46;10.04;9.93
2016;9;9;0.33;0.32;6.6;6.6;2.68;2.68;0.9;0.94;388.2;412.9;126.98;52.08;0;0;12.92;10.31;10.51
2016;9;10;1.32;1.17;6.1;6.1;2.58;2.58;0.82;0.86;386.06;410.76;125.81;50.71;0;0;12.51;10;9.3
2016;9;11;6.46;6.43;5.3;5.3;2.41;2.42;0.51;0.53;385.88;410.46;124.68;49.4;0;0;12.71;10.34;9
2016;9;12;0.42;0.42;5.4;5.4;2.44;2.44;0.81;0.85;383.43;408.14;123.63;48.17;0;0;12.57;10.22;10.71
2016;9;13;0;0;6.4;6.4;2.64;2.64;0.9;0.95;380.76;405.61;122.59;46.97;0;0;12.75;10.23;10.03
2016;9;14;0.13;0.12;6.4;6.4;2.64;2.64;0.9;0.94;378.16;403.13;121.54;45.75;0;0;12.76;10.1;9.51
2016;9;15;2.69;2.75;4.6;4.5;2.25;2.23;0.64;0.67;376.71;401.75;120.48;44.53;0;0;11.46;8.95;4.33
2016;9;16;4.65;4.55;3.6;3.6;2.02;2.01;0.27;0.26;376.4;401.37;119.48;43.39;0;0;7.47;5.29;3.06
2016;9;17;9.48;9.28;1.3;1.3;1.23;1.23;0.04;0.03;376.3;401.19;118.59;42.37;4.96;4.88;6.34;5.04;2.4
2016;9;18;5.44;5.24;0.9;0.9;1.03;1.03;0.05;0.04;375.6;400.47;117.8;41.46;7.59;7.46;5.35;4.72;2.14
2016;9;19;4.64;4.47;-0.2;-0.2;0;0;0;0;373.88;398.91;117.05;40.6;12.22;11.93;4.54;3.98;2.18
2016;9;20;0.58;0.58;1;1;1.08;1.09;0.08;0.06;373.18;398.2;116.31;39.75;10.04;9.85;4.33;3.8;1.65
2016;9;21;0.95;0.97;1.7;1.7;1.4;1.4;0.07;0.04;373.11;397.81;115.61;38.94;6.87;7.28;4.66;4.12;1.65
2016;9;22;0;0;2.4;2.4;1.66;1.66;0.04;0.05;372.43;397.1;114.96;38.19;4.13;4.68;4.73;4.17;1.57
2016;9;23;0.19;0.18;1.6;1.6;1.35;1.36;0.04;0.04;371.26;396.15;114.35;37.48;2.69;3.04;4.48;3.92;1.54
2016;9;24;0.01;0.01;2.6;2.6;1.72;1.72;0.07;0.05;370.36;395.53;113.77;36.81;0.22;0.25;4.71;3.81;1.73
2016;9;25;0.25;0.22;3.8;3.8;2.06;2.06;0.05;0;368.81;394.15;113.19;36.15;0;0;4.94;3.54;1.84
2016;9;26;0.08;0.09;2.6;2.6;1.71;1.72;0.02;0;367.14;392.65;112.6;35.48;0;0;4.25;3.22;2.08
2016;9;27;4.21;4.16;2.1;2.1;1.55;1.55;0;0;367.1;392.57;112.01;34.82;0;0;4.07;3.54;1.77
2016;9;28;0;0;3.1;3.1;1.87;1.87;0.32;0.34;365.12;390.71;111.44;34.19;0;0;6.61;5.69;1.97
2016;9;29;0;0;5.6;5.6;2.48;2.48;0.84;0.89;362.62;388.3;110.87;33.55;0;0;8.91;7.23;2.49
2016;9;30;0.24;0.26;3.4;3.4;1.96;1.95;0.35;0.34;360.72;386.54;110.27;32.89;0;0;5.28;3.45;2.65
2016;10;1;0.63;0.66;2.9;2.9;1.62;1.6;0.04;0;359.3;385.28;109.65;32.21;0;0;4.38;2.81;2.15
2016;10;2;7.51;7.51;1.6;1.6;1.21;1.21;0.05;0.04;359.73;385.46;109.06;31.57;2.62;2.94;4.44;3.43;1.94
2016;10;3;0.77;0.7;-3.2;-3.2;0;0;0;0;358.11;383.97;108.52;30.99;3.39;3.64;3.81;3.28;1.4
2016;10;4;0.88;0.85;-3.4;-3.4;0;0;0;0;358.11;383.97;106.55;29;4.26;4.49;2.85;2.39;1.37
2016;10;5;0.1;0.09;-4;-4;0;0;0;0;358.11;383.97;104.7;27.14;4.36;4.58;2.31;1.93;1.19
2016;10;6;0.02;0.02;-3.4;-3.4;0;0;0;0;358.11;383.97;102.95;25.39;4.38;4.6;2.11;1.77;1.17
2016;10;7;0.32;0.32;-3.4;-3.4;0;0;0;0;358.11;383.97;101.3;23.76;4.71;4.92;1.98;1.65;1.2
2016;10;8;1.93;1.84;-4.4;-4.4;0;0;0;0;358.11;383.97;99.75;22.23;6.64;6.76;1.87;1.55;1.24
2016;10;9;8.54;8.63;-5.7;-5.7;0;0;0;0;358.11;383.97;98.28;20.8;15.18;15.39;1.77;1.45;1.26
2016;10;10;2.87;2.88;-7.2;-7.2;0;0;0;0;358.11;383.97;96.9;19.47;18.05;18.27;1.67;1.35;1.37
2016;10;11;0.59;0.58;-9.6;-9.6;0;0;0;0;358.11;383.97;95.59;18.22;18.63;18.85;1.58;1.27;1.36
2016;10;12;0.05;0.05;-9.4;-9.4;0;0;0;0;358.11;383.97;94.35;17.05;18.68;18.9;1.5;1.19;1.39
2016;10;13;0.62;0.65;-6.6;-6.6;0;0;0;0;358.11;383.97;93.18;15.95;19.3;19.55;1.42;1.11;1.43
2016;10;14;11.84;12.04;-1.7;-1.7;0;0;0;0;358.11;383.97;92.08;14.93;31.14;31.59;1.34;1.04;2.3
2016;10;15;2.82;2.89;-0.6;-0.6;0;0;0;0;358.11;383.97;91.03;13.97;33.96;34.48;1.27;0.97;2.37
2016;10;16;0;0;-0.8;-0.8;0;0;0;0;358.11;383.97;90.03;13.07;33.96;34.48;1.2;0.91;1.88
2016;10;17;1.19;1.2;-1.4;-1.4;0;0;0;0;358.11;383.97;89.09;12.23;35.16;35.68;1.14;0.85;1.68
2016;10;18;2.88;2.83;-3;-3;0;0;0;0;358.11;383.97;88.2;11.45;38.03;38.51;1.08;0.8;1.62
2016;10;19;6.15;6.23;-4.5;-4.5;0;0;0;0;358.11;383.97;87.35;10.71;44.18;44.74;1.03;0.74;1.55
2016;10;20;2.46;2.47;-6.2;-6.2;0;0;0;0;358.11;383.97;86.54;10.03;46.63;47.21;0.98;0.7;1.46
2016;10;21;0.87;0.83;-7.5;-7.5;0;0;0;0;358.11;383.97;85.78;9.38;47.5;48.04;0.93;0.65;1.39
2016;10;22;0.36;0.4;-6.4;-6.4;0;0;0;0;358.11;383.97;85.05;8.78;47.87;48.44;0.88;0.61;1.35
2016;10;23;0.55;0.58;-3.3;-3.3;0;0;0;0;358.11;383.97;84.35;8.22;48.41;49.02;0.84;0.57;1.33
2016;10;24;0.35;0.38;-0.1;-0.1;0;0;0;0;358.11;383.97;83.69;7.69;48.76;49.4;0.8;0.53;1.34
2016;10;25;10.53;10.6;1.6;1.6;1.2;1.21;0.06;0.06;360.14;385.87;83.06;7.2;54.23;54.86;0.99;0.72;1.86
2016;10;26;7.7;7.65;-0.3;-0.3;0;0;0;0;360.14;385.87;82.45;6.74;61.93;62.51;0.99;0.72;2.22
2016;10;27;0.04;0.04;-1.9;-1.9;0;0;0;0;360.14;385.87;81.87;6.3;61.97;62.55;0.74;0.47;1.72
2016;10;28;0;0;-0.8;-0.8;0;0;0;0;360.14;385.87;81.32;5.9;61.97;62.55;0.67;0.41;1.53
2016;10;29;0;0;-1;-1;0;0;0;0;360.14;385.87;80.79;5.52;61.97;62.55;0.65;0.38;1.45
2016;10;30;0;0;-1.9;-1.9;0;0;0;0;360.14;385.87;80.29;5.17;61.97;62.55;0.62;0.36;1.37
2016;10;31;0;0;-1.7;-1.7;0;0;0;0;360.14;385.87;79.8;4.84;61.97;62.55;0.59;0.34;1.34
2016;11;1;0;0;-1.1;-1.1;0;0;0;0;360.14;385.87;79.34;4.53;61.97;62.55;0.57;0.31;1.3
2016;11;2;0.76;0.7;-3.7;-3.7;0;0;0;0;360.14;385.87;78.89;4.24;62.74;63.25;0.55;0.29;1.23
2016;11;3;0.36;0.35;-5.7;-5.7;0;0;0;0;360.14;385.87;78.46;3.97;63.1;63.6;0.53;0.28;1.2
2016;11;4;0.04;0.04;-4.2;-4.2;0;0;0;0;360.14;385.87;78.04;3.72;63.13;63.64;0.51;0.26;1.24
2016;11;5;7.43;7.48;-3.9;-3.9;0;0;0;0;360.14;385.87;77.64;3.48;70.56;71.12;0.49;0.24;1.17
2016;11;6;21.19;21.37;-6;-6;0;0;0;0;360.14;385.87;77.25;3.26;91.75;92.49;0.47;0.23;1.16
2016;11;7;3.12;3.14;-13.7;-13.7;0;0;0;0;360.14;385.87;76.88;3.05;94.88;95.63;0.46;0.21;1.14
2016;11;8;0.12;0.13;-17.6;-17.6;0;0;0;0;360.14;385.87;76.52;2.86;95;95.76;0.44;0.2;1.11
2016;11;9;1.46;1.45;-16;-16;0;0;0;0;360.14;385.87;76.17;2.67;96.46;97.21;0.43;0.19;1.1
2016;11;10;1.49;1.41;-12.5;-12.5;0;0;0;0;360.14;385.87;75.83;2.5;97.95;98.62;0.41;0.17;1.08
2016;11;11;6.25;6.09;-12.4;-12.4;0;0;0;0;360.14;385.87;75.5;2.35;104.21;104.71;0.4;0.16;1.06
2016;11;12;0.51;0.47;-14.2;-14.2;0;0;0;0;360.14;385.87;75.18;2.2;104.71;105.18;0.39;0.15;1.05
2016;11;13;0.32;0.32;-13.7;-13.6;0;0;0;0;360.14;385.87;74.87;2.06;105.03;105.5;0.38;0.14;1.04
2016;11;14;0;0;-10.2;-10.2;0;0;0;0;360.14;385.87;74.57;1.93;105.03;105.5;0.37;0.13;1.03
2016;11;15;0.63;0.6;-10.2;-10.1;0;0;0;0;360.14;385.87;74.27;1.81;105.66;106.1;0.36;0.13;1.02
2016;11;16;2.21;2.04;-2.5;-2.5;0;0;0;0;360.14;385.87;73.99;1.69;107.87;108.14;0.35;0.12;1
2016;11;17;0.23;0.23;-4.9;-4.9;0;0;0;0;360.14;385.87;73.71;1.58;108.1;108.37;0.34;0.11;0.98
2016;11;18;2.24;2.37;-5.4;-5.4;0;0;0;0;360.14;385.87;73.44;1.49;110.34;110.74;0.33;0.1;0.97
2016;11;19;12.38;12.51;-5.1;-5.1;0;0;0;0;360.14;385.87;73.17;1.39;122.72;123.25;0.32;0.1;0.96
2016;11;20;0.4;0.43;-6.6;-6.5;0;0;0;0;360.14;385.87;72.91;1.3;123.12;123.68;0.31;0.09;0.95
2016;11;21;2.36;2.47;-4.4;-4.4;0;0;0;0;360.14;385.87;72.65;1.22;125.47;126.15;0.31;0.08;0.94
2016;11;22;1.94;2.02;-2.2;-2.3;0;0;0;0;360.14;385.87;72.4;1.15;127.41;128.17;0.3;0.08;0.93
2016;11;23;1.34;1.39;-1.5;-1.5;0;0;0;0;360.14;385.87;72.15;1.07;128.76;129.56;0.29;0.07;0.92
2016;11;24;0.34;0.36;-1.9;-1.9;0;0;0;0;360.14;385.87;71.91;1.01;129.1;129.92;0.29;0.07;0.91
2016;11;25;2.12;2.15;-3;-3;0;0;0;0;360.14;385.87;71.67;0.94;131.22;132.07;0.28;0.07;0.9
2016;11;26;4.25;4.17;-3.3;-3.3;0;0;0;0;360.14;385.87;71.44;0.89;135.47;136.24;0.28;0.06;0.88
2016;11;27;1.42;1.35;-4;-4;0;0;0;0;360.14;385.87;71.21;0.83;136.89;137.59;0.27;0.06;0.86
2016;11;28;0.08;0.08;-7.5;-7.5;0;0;0;0;360.14;385.87;70.99;0.78;136.97;137.67;0.27;0.05;0.85
2016;11;29;0;0;-10.6;-10.6;0;0;0;0;360.14;385.87;70.76;0.73;136.97;137.67;0.26;0.05;0.83
2016;11;30;0;0;-8.3;-8.3;0;0;0;0;360.14;385.87;70.55;0.69;136.97;137.67;0.26;0.05;0.81
2016;12;1;0.04;0.04;-6.5;-6.5;0;0;0;0;360.14;385.87;70.33;0.64;137.01;137.71;0.26;0.04;0.8
2016;12;2;0;0;-6.7;-6.7;0;0;0;0;360.14;385.87;70.11;0.6;137.01;137.71;0.25;0.04;0.76
2016;12;3;0;0;-9.1;-9.1;0;0;0;0;360.14;385.87;69.91;0.57;137.01;137.71;0.25;0.04;0.73
2016;12;4;0;0;-9;-9;0;0;0;0;360.14;385.87;69.7;0.53;137.01;137.71;0.25;0.04;0.7
2016;12;5;0;0;-8.7;-8.7;0;0;0;0;360.14;385.87;69.49;0.5;137.01;137.71;0.24;0.03;0.68
2016;12;6;0;0;-9;-9;0;0;0;0;360.14;385.87;69.29;0.47;137.01;137.71;0.24;0.03;0.67
2016;12;7;0;0;-7.3;-7.3;0;0;0;0;360.14;385.87;69.09;0.44;137.01;137.71;0.24;0.03;0.67
2016;12;8;0;0;-4.2;-4.2;0;0;0;0;360.14;385.87;68.89;0.42;137.01;137.71;0.23;0.03;0.66
2016;12;9;0;0;-3.6;-3.6;0;0;0;0;360.14;385.87;68.69;0.39;137.01;137.71;0.23;0.03;0.66
2016;12;10;0;0;-2;-2;0;0;0;0;360.14;385.87;68.5;0.37;137.01;137.71;0.23;0.03;0.65
2016;12;11;0.22;0.21;-5;-5;0;0;0;0;360.14;385.87;68.3;0.35;137.23;137.92;0.23;0.02;0.65
2016;12;12;1.11;1.08;-9;-9;0;0;0;0;360.14;385.87;68.11;0.33;138.34;139;0.23;0.02;0.64
2016;12;13;0;0;-10.1;-10.1;0;0;0;0;360.14;385.87;67.92;0.31;138.34;139;0.22;0.02;0.64
2016;12;14;0;0;-8.4;-8.4;0;0;0;0;360.14;385.87;67.73;0.29;138.34;139;0.22;0.02;0.63
2016;12;15;0;0;-8.2;-8.2;0;0;0;0;360.14;385.87;67.54;0.27;138.34;139;0.22;0.02;0.63
2016;12;16;0;0;-8.5;-8.5;0;0;0;0;360.14;385.87;67.36;0.26;138.34;139;0.22;0.02;0.62
2016;12;17;0;0;-9.1;-9.1;0;0;0;0;360.14;385.87;67.17;0.24;138.34;139;0.22;0.02;0.62
2016;12;18;1.56;1.59;-9.5;-9.5;0;0;0;0;360.14;385.87;66.99;0.23;139.9;140.59;0.21;0.02;0.61
2016;12;19;1.44;1.47;-11.4;-11.4;0;0;0;0;360.14;385.87;66.81;0.22;141.34;142.06;0.21;0.02;0.61
2016;12;20;0.02;0.02;-8.5;-8.5;0;0;0;0;360.14;385.87;66.62;0.21;141.36;142.08;0.21;0.01;0.6
2016;12;21;0;0;-6.9;-6.9;0;0;0;0;360.14;385.87;66.44;0.2;141.36;142.08;0.21;0.01;0.6
2016;12;22;0;0;-5.7;-5.7;0;0;0;0;360.14;385.87;66.27;0.18;141.36;142.08;0.21;0.01;0.59
2016;12;23;0;0;-6.9;-6.9;0;0;0;0;360.14;385.87;66.09;0.18;141.36;142.08;0.21;0.01;0.59
2016;12;24;0.35;0.34;-6.6;-6.6;0;0;0;0;360.14;385.87;65.91;0.16;141.71;142.42;0.21;0.01;0.58
2016;12;25;2.25;2.21;-6.3;-6.3;0;0;0;0;360.14;385.87;65.74;0.16;143.95;144.63;0.2;0.01;0.58
2016;12;26;1.17;1.11;-3.7;-3.7;0;0;0;0;360.14;385.87;65.56;0.15;145.12;145.74;0.2;0.01;0.57
2016;12;27;0.14;0.14;-10.3;-10.3;0;0;0;0;360.14;385.87;65.39;0.14;145.26;145.88;0.2;0.01;0.57
2016;12;28;0;0;-10.5;-10.5;0;0;0;0;360.14;385.87;65.21;0.13;145.26;145.88;0.2;0.01;0.56
2016;12;29;0;0;-9.9;-9.8;0;0;0;0;360.14;385.87;65.04;0.13;145.26;145.88;0.2;0.01;0.56
2016;12;30;0;0;-9.1;-9.1;0;0;0;0;360.14;385.87;64.87;0.12;145.26;145.88;0.2;0.01;0.55
2016;12;31;0;0;-9.3;-9.3;0;0;0;0;360.14;385.87;64.7;0.12;145.26;145.88;0.2;0.01;0.55
2017;1;1;0;0;-10.5;-10.4;0;0;0;0;360.14;385.87;64.53;0.11;145.26;145.88;0.2;0.01;0.54
2017;1;2;0.67;0.63;-12.3;-12.2;0;0;0;0;360.14;385.87;64.36;0.11;145.94;146.51;0.2;0.01;0.54
2017;1;3;0.26;0.25;-14;-14;0;0;0;0;360.14;385.87;64.19;0.1;146.19;146.76;0.2;0.01;0.53
2017;1;4;8.48;8.32;-13.4;-13.4;0;0;0;0;360.14;385.87;64.02;0.1;154.67;155.08;0.19;0.01;0.53
2017;1;5;6.52;6.38;-21.1;-21.1;0;0;0;0;360.14;385.87;63.85;0.09;161.19;161.46;0.19;0.01;0.53
2017;1;6;0.21;0.2;-23.9;-23.9;0;0;0;0;360.14;385.87;63.69;0.09;161.4;161.66;0.19;0.01;0.52
2017;1;7;2.45;2.38;-18.1;-18;0;0;0;0;360.14;385.87;63.52;0.08;163.85;164.04;0.19;0.01;0.52
2017;1;8;4.13;3.99;-14.5;-14.5;0;0;0;0;360.14;385.87;63.36;0.08;167.99;168.03;0.19;0.01;0.52
2017;1;9;0;0;-17.7;-17.7;0;0;0;0;360.14;385.87;63.19;0.08;167.99;168.03;0.19;0.01;0.51
2017;1;10;0.17;0.16;-18.6;-18.6;0;0;0;0;360.14;385.87;63.03;0.08;168.15;168.19;0.19;0.01;0.51
2017;1;11;3.03;2.99;-16.6;-16.6;0;0;0;0;360.14;385.87;62.87;0.07;171.18;171.18;0.19;0.01;0.51
2017;1;12;1.46;1.45;-9.8;-9.8;0;0;0;0;360.14;385.87;62.7;0.07;172.64;172.63;0.19;0;0.5
2017;1;13;7.46;7.35;-15.2;-15.2;0;0;0;0;360.14;385.87;62.54;0.07;180.1;179.98;0.19;0;0.5
2017;1;14;6.01;5.83;-19.7;-19.7;0;0;0;0;360.14;385.87;62.38;0.07;186.11;185.81;0.19;0;0.5
2017;1;15;0.24;0.23;-23.5;-23.5;0;0;0;0;360.14;385.87;62.22;0.06;186.35;186.04;0.19;0;0.5
2017;1;16;0.88;0.82;-25.5;-25.5;0;0;0;0;360.14;385.87;62.05;0.06;187.24;186.86;0.19;0;0.49
2017;1;17;0.46;0.44;-21.2;-21.2;0;0;0;0;360.14;385.87;61.9;0.06;187.69;187.3;0.19;0;0.49
2017;1;18;0.01;0.01;-21.8;-21.8;0;0;0;0;360.14;385.87;61.73;0.06;187.7;187.31;0.18;0;0.49
2017;1;19;0;0;-19.6;-19.6;0;0;0;0;360.14;385.87;61.58;0.06;187.7;187.31;0.18;0;0.48
2017;1;20;0;0;-17.1;-17.1;0;0;0;0;360.14;385.87;61.42;0.06;187.7;187.31;0.18;0;0.48
2017;1;21;0;0;-16.2;-16.2;0;0;0;0;360.14;385.87;61.26;0.05;187.7;187.31;0.18;0;0.48
2017;1;22;0;0;-14.5;-14.5;0;0;0;0;360.14;385.87;61.1;0.05;187.7;187.31;0.18;0;0.47
2017;1;23;0;0;-15.7;-15.6;0;0;0;0;360.14;385.87;60.94;0.05;187.7;187.31;0.18;0;0.47
2017;1;24;0;0;-15.7;-15.7;0;0;0;0;360.14;385.87;60.79;0.05;187.7;187.31;0.18;0;0.47
2017;1;25;0;0;-14.4;-14.4;0;0;0;0;360.14;385.87;60.63;0.05;187.7;187.31;0.18;0;0.47
2017;1;26;0;0;-13.4;-13.4;0;0;0;0;360.14;385.87;60.47;0.05;187.7;187.31;0.18;0;0.46
2017;1;27;0;0;-12.3;-12.3;0;0;0;0;360.14;385.87;60.32;0.05;187.7;187.31;0.18;0;0.46
2017;1;28;0;0;-13.3;-13.3;0;0;0;0;360.14;385.87;60.16;0.05;187.7;187.31;0.18;0;0.46
2017;1;29;0;0;-12.9;-12.9;0;0;0;0;360.14;385.87;60.01;0.04;187.7;187.31;0.18;0;0.45
2017;1;30;1.43;1.38;-13.4;-13.4;0;0;0;0;360.14;385.87;59.85;0.04;189.12;188.69;0.18;0;0.45
2017;1;31;9.9;9.7;-7.9;-7.9;0;0;0;0;360.14;385.87;59.7;0.04;199.03;198.39;0.18;0;0.45
2017;2;1;2.33;2.27;-5.7;-5.7;0;0;0;0;360.14;385.87;59.55;0.04;201.35;200.66;0.18;0;0.44
2017;2;2;0.71;0.77;-7.6;-7.6;0;0;0;0;360.14;385.87;59.39;0.04;202.07;201.43;0.18;0;0.44
2017;2;3;3.11;3.24;-7.3;-7.3;0;0;0;0;360.14;385.87;59.24;0.04;205.18;204.67;0.18;0;0.44
2017;2;4;1.65;1.65;-12;-12;0;0;0;0;360.14;385.87;59.09;0.04;206.83;206.32;0.18;0;0.44
2017;2;5;5.97;6.05;-13.9;-13.9;0;0;0;0;360.14;385.87;58.94;0.04;212.8;212.37;0.17;0;0.44
2017;2;6;4.33;4.26;-10.1;-10.1;0;0;0;0;360.14;385.87;58.79;0.04;217.13;216.63;0.17;0;0.44
2017;2;7;0.53;0.52;-11.4;-11.4;0;0;0;0;360.14;385.87;58.64;0.04;217.66;217.15;0.17;0;0.44
2017;2;8;0.34;0.32;-9.9;-9.9;0;0;0;0;360.14;385.87;58.48;0.04;218;217.47;0.17;0;0.44
2017;2;9;0.08;0.08;-10.7;-10.7;0;0;0;0;360.14;385.87;58.34;0.04;218.07;217.55;0.17;0;0.44
2017;2;10;1.9;1.97;-12.2;-12.2;0;0;0;0;360.14;385.87;58.19;0.04;219.97;219.52;0.17;0;0.44
2017;2;11;0.71;0.76;-9.6;-9.6;0;0;0;0;360.14;385.87;58.04;0.04;220.68;220.28;0.17;0;0.44
2017;2;12;0;0;-12.1;-12.1;0;0;0;0;360.14;385.87;57.89;0.04;220.68;220.28;0.17;0;0.44
2017;2;13;0;0;-12;-12;0;0;0;0;360.14;385.87;57.74;0.04;220.68;220.28;0.17;0;0.43
2017;2;14;0;0;-10.3;-10.3;0;0;0;0;360.14;385.87;57.59;0.04;220.68;220.28;0.17;0;0.43
2017;2;15;0;0;-7.3;-7.3;0;0;0;0;360.14;385.87;57.44;0.04;220.68;220.28;0.17;0;0.43
2017;2;16;0;0;-8.9;-8.9;0;0;0;0;360.14;385.87;57.3;0.04;220.68;220.28;0.17;0;0.43
2017;2;17;5.74;5.51;-11.8;-11.8;0;0;0;0;360.14;385.87;57.15;0.04;226.42;225.79;0.17;0;0.43
2017;2;18;0.21;0.2;-12.4;-12.4;0;0;0;0;360.14;385.87;57;0.04;226.64;225.99;0.17;0;0.43
2017;2;19;0.01;0.01;-13;-13;0;0;0;0;360.14;385.87;56.86;0.04;226.65;226;0.17;0;0.43
2017;2;20;0.14;0.13;-12.3;-12.3;0;0;0;0;360.14;385.87;56.71;0.04;226.78;226.13;0.17;0;0.43
2017;2;21;3.3;3.19;-6.9;-6.9;0;0;0;0;360.14;385.87;56.57;0.04;230.09;229.32;0.17;0;0.43
2017;2;22;0.21;0.21;-5.3;-5.3;0;0;0;0;360.14;385.87;56.42;0.04;230.3;229.53;0.17;0;0.43
2017;2;23;0.03;0.03;-5.8;-5.8;0;0;0;0;360.14;385.87;56.28;0.04;230.32;229.56;0.17;0;0.42
2017;2;24;2.73;2.61;-10.5;-10.4;0;0;0;0;360.14;385.87;56.13;0.04;233.05;232.17;0.17;0;0.42
2017;2;25;0.02;0.02;-11;-11;0;0;0;0;360.14;385.87;55.99;0.04;233.07;232.19;0.17;0;0.42
2017;2;26;1.28;1.3;-5.8;-5.8;0;0;0;0;360.14;385.87;55.85;0.03;234.35;233.49;0.17;0;0.42
2017;2;27;0.2;0.21;-6.2;-6.2;0;0;0;0;360.14;385.87;55.7;0.03;234.55;233.7;0.16;0;0.42
2017;2;28;14.21;14.38;-8.2;-8.2;0;0;0;0;360.14;385.87;55.56;0.03;248.76;248.08;0.16;0;0.42
2017;3;1;1.17;1.15;-11.5;-11.5;0;0;0;0;360.14;385.87;55.42;0.03;249.93;249.23;0.16;0;0.42
2017;3;2;1.56;1.48;-9.1;-9.1;0;0;0;0;360.14;385.87;55.28;0.03;251.49;250.71;0.16;0;0.42
2017;3;3;0.57;0.6;-10.8;-10.8;0;0;0;0;360.14;385.87;55.13;0.03;252.06;251.31;0.16;0;0.42
2017;3;4;12.34;12.66;-7.6;-7.6;0;0;0;0;360.14;385.87;54.99;0.03;264.4;263.97;0.16;0;0.42
2017;3;5;4.64;4.59;-10.2;-10.2;0;0;0;0;360.14;385.87;54.85;0.03;269.04;268.56;0.16;0;0.41
2017;3;6;4.96;4.9;-11.5;-11.5;0;0;0;0;360.14;385.87;54.71;0.03;274;273.46;0.16;0;0.41
2017;3;7;3.95;3.79;-12.7;-12.7;0;0;0;0;360.14;385.87;54.57;0.03;277.96;277.25;0.16;0;0.41
2017;3;8;2.64;2.6;-10.6;-10.6;0;0;0;0;360.14;385.87;54.43;0.03;280.6;279.85;0.16;0;0.41
2017;3;9;23.15;22.67;-5.9;-5.9;0;0;0;0;360.14;385.87;54.29;0.03;303.75;302.52;0.16;0;0.41
2017;3;10;2.44;2.42;-9.5;-9.5;0;0;0;0;360.14;385.87;54.15;0.03;306.19;304.94;0.16;0;0.41
2017;3;11;0;0;-9.8;-9.8;0;0;0;0;360.14;385.87;54.02;0.03;306.19;304.94;0.16;0;0.41
2017;3;12;0;0;-7.8;-7.8;0;0;0;0;360.14;385.87;53.88;0.03;306.19;304.94;0.16;0;0.41
2017;3;13;0.01;0.01;-9;-9;0;0;0;0;360.14;385.87;53.74;0.03;306.2;304.95;0.16;0;0.41
2017;3;14;0.02;0.02;-7.9;-7.9;0;0;0;0;360.14;385.87;53.6;0.03;306.22;304.97;0.16;0;0.44
2017;3;15;0.01;0.01;-5.9;-5.9;0;0;0;0;360.14;385.87;53.47;0.03;306.23;304.98;0.16;0;0.47
2017;3;16;0;0;-5.8;-5.8;0;0;0;0;360.14;385.87;53.33;0.03;306.23;304.98;0.16;0;0.51
2017;3;17;0.19;0.17;-5.2;-5.2;0;0;0;0;360.14;385.87;53.19;0.03;306.42;305.15;0.16;0;0.57
2017;3;18;4.07;3.93;-4.9;-4.9;0;0;0;0;360.14;385.87;53.05;0.03;310.49;309.08;0.16;0;0.64
2017;3;19;2.32;2.23;-3.1;-3.1;0;0;0;0;360.14;385.87;52.92;0.03;312.81;311.31;0.16;0;0.67
2017;3;20;0;0;-2.7;-2.7;0;0;0;0;360.14;385.87;52.78;0.03;312.81;311.31;0.16;0;0.84
2017;3;21;1.11;1.17;-2.9;-2.9;0;0;0;0;360.14;385.87;52.65;0.03;313.92;312.48;0.16;0;0.94
2017;3;22;3.9;4.01;-3.4;-3.4;0;0;0;0;360.14;385.87;52.51;0.03;317.83;316.49;0.16;0;0.85
2017;3;23;1.43;1.49;-4.2;-4.2;0;0;0;0;360.14;385.87;52.38;0.03;319.25;317.98;0.15;0;0.75
2017;3;24;0.54;0.55;-2.7;-2.7;0;0;0;0;360.14;385.87;52.25;0.03;319.79;318.52;0.15;0;0.78
2017;3;25;0;0;-2.5;-2.5;0;0;0;0;360.14;385.87;52.11;0.03;319.79;318.52;0.15;0;0.91
2017;3;26;0.96;0.95;-4.9;-4.9;0;0;0;0;360.14;385.87;51.98;0.03;320.76;319.48;0.15;0;0.94
2017;3;27;0;0;-3.3;-3.3;0;0;0;0;360.14;385.87;51.85;0.03;320.76;319.48;0.15;0;0.91
2017;3;28;0.01;0.01;-2.7;-2.7;0;0;0;0;360.14;385.87;51.71;0.03;320.77;319.49;0.15;0;0.96
2017;3;29;0.03;0.03;-2.6;-2.6;0;0;0;0;360.14;385.87;51.58;0.03;320.8;319.51;0.15;0;1.02
2017;3;30;0.01;0.01;-1.9;-1.9;0;0;0;0;360.14;385.87;51.45;0.03;320.81;319.52;0.15;0;1.08
2017;3;31;0.01;0.01;-1.4;-1.4;0;0;0;0;360.14;385.87;51.32;0.03;320.82;319.54;0.15;0;1.22
2017;4;1;1.22;1.25;-3.1;-3.1;0;0;0;0;360.14;385.87;51.19;0.03;322.04;320.79;0.15;0;1.08
2017;4;2;0.49;0.48;-3.2;-3.2;0;0;0;0;360.14;385.87;51.05;0.03;322.53;321.26;0.15;0;0.9
2017;4;3;3.4;3.38;-3.9;-3.9;0;0;0;0;360.14;385.87;50.92;0.03;325.92;324.64;0.15;0;0.87
2017;4;4;5.08;4.98;-4.8;-4.8;0;0;0;0;360.14;385.87;50.79;0.03;331.01;329.62;0.15;0;0.86
2017;4;5;2.13;2.11;-5.1;-5.1;0;0;0;0;360.14;385.87;50.66;0.03;333.14;331.74;0.15;0;0.85
2017;4;6;1.41;1.33;-5.6;-5.6;0;0;0;0;360.14;385.87;50.53;0.03;334.55;333.06;0.15;0;0.83
2017;4;7;0.18;0.18;-4.8;-4.8;0;0;0;0;360.14;385.87;50.41;0.03;334.74;333.24;0.15;0;0.82
2017;4;8;0.13;0.11;-1.6;-1.6;0;0;0;0;360.14;385.87;50.28;0.03;334.87;333.35;0.15;0;0.93
2017;4;9;0.16;0.15;-0.7;-0.7;0;0;0;0;360.14;385.87;50.15;0.03;335.02;333.5;0.15;0;1.1
2017;4;10;0.96;0.94;-2.2;-2.2;0;0;0;0;360.14;385.87;50.02;0.03;335.98;334.44;0.15;0;1.25
2017;4;11;1.94;1.92;-3.8;-3.8;0;0;0;0;360.14;385.87;49.89;0.03;337.92;336.36;0.15;0;1.12
2017;4;12;0;0;-1.6;-1.6;0;0;0;0;360.14;385.87;49.76;0.03;337.92;336.36;0.15;0;1.05
2017;4;13;0.13;0.12;-3.1;-3.1;0;0;0;0;360.14;385.87;49.64;0.03;338.05;336.48;0.15;0;1.08
2017;4;14;0.15;0.14;-2;-2;0;0;0;0;360.14;385.87;49.51;0.03;338.2;336.62;0.15;0;1.1
2017;4;15;4.4;4.24;-3.4;-3.4;0;0;0;0;360.14;385.87;49.38;0.03;342.6;340.86;0.15;0;1.17
2017;4;16;6.14;5.91;-5.9;-5.9;0;0;0;0;360.14;385.87;49.26;0.03;348.74;346.77;0.15;0;1.02
2017;4;17;6.86;6.68;-7.6;-7.6;0;0;0;0;360.14;385.87;49.13;0.03;355.6;353.45;0.15;0;0.91
2017;4;18;5.35;5.21;-12.2;-12.1;0;0;0;0;360.14;385.87;49;0.03;360.95;358.66;0.14;0;0.79
2017;4;19;2.6;2.49;-14.6;-14.5;0;0;0;0;360.14;385.87;48.88;0.03;363.55;361.15;0.14;0;0.77
2017;4;20;0.14;0.13;-13.7;-13.6;0;0;0;0;360.14;385.87;48.75;0.03;363.69;361.28;0.14;0;0.81
2017;4;21;0;0;-8.7;-8.5;0;0;0;0;360.14;385.87;48.63;0.03;363.69;361.28;0.14;0;0.68
2017;4;22;0.97;0.9;-5.1;-5;0;0;0;0;360.14;385.87;48.51;0.03;364.66;362.18;0.14;0;0.79
2017;4;23;0.92;0.87;-5.6;-5.5;0;0;0;0;360.14;385.87;48.38;0.03;365.58;363.05;0.14;0;0.79
2017;4;24;1.73;1.84;-3.6;-3.5;0;0;0;0;360.14;385.87;48.26;0.03;367.31;364.89;0.14;0;0.85
2017;4;25;6.39;6.63;-2.6;-2.6;0;0;0;0;360.14;385.87;48.13;0.03;373.7;371.52;0.14;0;0.86
2017;4;26;13.67;13.86;-3.1;-3.1;0;0;0;0;360.14;385.87;48.01;0.03;387.38;385.38;0.14;0;0.83
2017;4;27;29.19;29.65;-4.5;-4.4;0;0;0;0;360.14;385.87;47.89;0.03;416.57;415.03;0.14;0;0.8
2017;4;28;9.77;9.8;-9.3;-9.3;0;0;0;0;360.14;385.87;47.77;0.03;426.34;424.83;0.14;0;0.78
2017;4;29;0;0;-9.2;-9.2;0;0;0;0;360.14;385.87;47.64;0.03;426.34;424.83;0.14;0;0.82
2017;4;30;0;0;-5.7;-5.7;0;0;0;0;360.14;385.87;47.52;0.03;426.34;424.83;0.14;0;0.9
2017;5;1;19.18;19.08;-5.4;-5.4;0;0;0;0;360.14;385.87;47.4;0.03;445.52;443.91;0.14;0;0.9
2017;5;2;1.07;1.09;-6.5;-6.5;0;0;0;0;360.14;385.87;47.28;0.03;446.59;445;0.14;0;0.93
2017;5;3;5.46;5.52;-5.1;-5.1;0;0;0;0;360.14;385.87;47.16;0.03;452.05;450.52;0.14;0;0.98
2017;5;4;13.68;13.42;-5.6;-5.6;0;0;0;0;360.14;385.87;47.04;0.03;465.73;463.94;0.14;0;0.99
2017;5;5;0.7;0.7;-4.2;-4.2;0;0;0;0;360.14;385.87;46.92;0.03;466.43;464.64;0.14;0;1.01
2017;5;6;14.38;14.28;-3.2;-3.2;0;0;0;0;360.14;385.87;46.8;0.03;480.81;478.92;0.14;0;1.04
2017;5;7;4.86;4.65;-2.2;-2.2;0;0;0;0;360.14;385.87;46.68;0.03;485.67;483.57;0.14;0;1.09
2017;5;8;5.92;5.72;-3.5;-3.5;0;0;0;0;360.14;385.87;46.56;0.03;491.58;489.29;0.14;0;1.11
2017;5;9;0.64;0.61;-4.8;-4.7;0;0;0;0;360.14;385.87;46.44;0.03;492.23;489.9;0.14;0;1.11
2017;5;10;0.14;0.16;-4.1;-4;0;0;0;0;360.14;385.87;46.32;0.03;492.37;490.06;0.14;0;1.07
2017;5;11;2.62;2.74;-1.6;-1.6;0;0;0;0;360.14;385.87;46.2;0.03;494.98;492.8;0.14;0;1.09
2017;5;12;6.09;6.2;-1;-1;0;0;0;0;360.14;385.87;46.08;0.03;501.08;499;0.14;0;1.23
2017;5;13;5.46;5.34;-1;-1;0;0;0;0;360.14;385.87;45.96;0.03;506.54;504.34;0.14;0;1.62
2017;5;14;6.86;6.9;-1.7;-1.7;0;0;0;0;360.14;385.87;45.85;0.03;513.39;511.24;0.14;0;2.3
2017;5;15;3.46;3.46;-0.5;-0.5;0;0;0;0;360.14;385.87;45.73;0.03;516.85;514.7;0.14;0;2.69
2017;5;16;0;0;1.8;1.9;1.82;1.85;0.29;0.28;360.77;386.58;45.61;0.03;514.86;512.49;0.13;0;2.55
2017;5;17;0.64;0.67;4.5;4.5;2.78;2.79;0.42;0.41;364.13;390.63;47.38;2.17;501.58;497.61;2.45;2.32;3.01
2017;5;18;3.9;3.98;4.1;4.1;2.66;2.67;0.27;0.25;371.72;397.18;49.29;4.42;481.98;478.5;6.37;6.14;3.66
2017;5;19;8.71;8.59;1.5;1.5;1.65;1.65;0.1;0.1;372.02;397.22;51.41;6.89;485.48;482.23;6.21;5.81;3.85
2017;5;20;2.42;2.34;-2.2;-2.2;0;0;0;0;370.32;395.68;53.5;9.28;487.9;484.57;3.62;3.18;2.7
2017;5;21;0.87;0.88;1.2;1.2;1.46;1.48;0.18;0.17;369.33;394.85;55.37;11.39;486.63;483.15;2.49;2.1;2.38
2017;5;22;2.42;2.49;1.8;1.9;1.82;1.85;0.2;0.19;369.97;395.37;57.02;13.24;482.74;479.42;3.05;2.68;3.2
2017;5;23;0.84;0.88;1.8;1.8;1.79;1.8;0.22;0.21;370.71;395.91;58.54;14.94;477.03;473.93;3.83;3.42;3.72
2017;5;24;3.77;3.6;1.3;1.3;1.55;1.54;0.16;0.15;371.15;396.16;59.99;16.52;475.11;472.06;4.09;3.65;3.73
2017;5;25;0.7;0.66;1.7;1.7;1.74;1.75;0.22;0.21;372.03;396.89;61.37;18.02;468.74;465.75;4.37;3.91;3.56
2017;5;26;0;0;4.5;4.6;2.8;2.82;0.36;0.35;377.92;402.08;62.82;19.57;447.95;445.16;6.76;6.24;3.97
2017;5;27;0;0;6.1;6.2;3.23;3.25;0.33;0.3;386.39;409.43;64.62;21.47;418.92;416.6;10.55;9.88;4.82
2017;5;28;0.75;0.76;6.7;6.7;3.37;3.37;0.33;0.3;393.89;415.24;66.94;23.9;392.16;391.57;12.8;11.9;5.68
2017;5;29;2.26;2.32;6.8;6.8;3.39;3.4;0.3;0.27;401.64;421.32;69.78;26.84;363.89;365.2;14.38;13.22;7.24
2017;5;30;10.97;10.83;6.2;6.2;3.24;3.25;0.11;0.11;410.64;428.58;73.19;30.3;337.2;340.2;17.18;15.74;9.73
2017;5;31;4.13;4.17;5.8;5.8;3.14;3.15;0.18;0.14;415.95;432.67;77.1;34.22;313.63;318.45;18.07;16.38;13.49
2017;6;1;12.45;12.46;4.7;4.7;2.88;2.89;0.06;0.05;420.8;436.33;81.33;38.38;298.45;305.29;17.69;15.84;12.9
2017;6;2;10.74;10.78;3.3;3.3;2.43;2.44;0.07;0.05;422.93;437.7;85.6;42.49;291.61;300.29;16.06;14.14;8.64
2017;6;3;3.89;3.99;4.5;4.5;2.83;2.83;0.17;0.13;424.85;438.76;89.7;46.33;278.53;289.67;14.25;12.32;8.99
2017;6;4;8.73;8.67;3.3;3.4;2.46;2.48;0.09;0.07;426.38;439.68;93.49;49.75;271.22;284.19;13.52;11.59;9.91
2017;6;5;7.7;7.56;2.8;2.8;2.25;2.26;0.09;0.08;426.96;439.84;96.93;52.74;266.9;281.45;12.65;10.73;7.68
2017;6;6;13.52;13.42;1.8;1.9;1.85;1.87;0.03;0.02;426.37;439.52;99.95;55.24;272.84;287.22;11.3;9.54;8.79
2017;6;7;1.96;1.86;-1.8;-1.8;0;0;0;0;424.26;437.82;102.42;57.16;274.8;289.08;8.83;7.37;5.01
2017;6;8;0;0;3.8;3.8;2.6;2.61;0.2;0.16;424.11;437.54;104.33;58.49;266.13;281.43;8.19;6.96;4.34
2017;6;9;3.46;3.48;4.7;4.8;2.91;2.92;0.18;0.14;425.76;438.68;105.91;59.49;252.88;269.88;10.43;9.13;5.32
2017;6;10;0.1;0.09;4.9;5;2.96;2.98;0.22;0.18;426.85;439.3;107.42;60.41;238.55;257.35;12.04;10.51;7.67
2017;6;11;0;0;9.6;9.6;4.07;4.07;0.29;0.25;430.99;442.13;109.08;61.44;209.99;232.53;14.85;12.99;10.57
2017;6;12;0.88;0.85;9.5;9.5;4.04;4.05;0.22;0.24;434.04;444.92;111.11;62.8;183.91;207.24;18.05;15.85;13.89
2017;6;13;0.28;0.3;9.4;9.4;4.02;4.03;0.11;0.12;434.1;445.41;113.43;64.44;171.24;193.87;17.15;15;14.98
2017;6;14;6.17;6.17;7.2;7.2;3.54;3.54;0.12;0.07;434.41;446.29;115.77;66.11;162.37;183.84;16.39;13.44;11.68
2017;6;15;1.18;1.13;7.5;7.5;3.61;3.61;0.25;0.1;433.77;446.39;117.95;67.65;153.07;173.31;16.44;12.56;13.03
2017;6;16;1.56;1.53;5.1;5.1;3.01;3;0.2;0.08;432.77;446.04;119.84;68.96;146.66;166.05;14.8;11.25;16.11
2017;6;17;0.04;0.03;3.5;3.4;2.5;2.48;0.19;0.08;431.19;445.07;121.35;69.91;142.39;161.21;12.46;9.61;8.42
2017;6;18;0.02;0.02;7.8;7.8;3.68;3.68;0.27;0.11;430.49;445.14;122.48;70.52;132.54;150.06;12.63;9.56;10.76
2017;6;19;0.31;0.31;10.2;10.2;4.18;4.19;0.29;0.13;430.34;445.83;123.4;70.98;119.59;135.4;15.18;11.15;12.45
2017;6;20;2.76;2.85;8.8;8.8;3.9;3.9;0.24;0.1;430.38;446.59;124.28;71.45;108.32;122.64;16.82;12.53;13.6
2017;6;21;4.4;4.52;8;8;3.73;3.73;0.2;0.08;430.56;447.39;125.2;72.02;98;110.95;17.23;13.23;14.37
2017;6;22;1.66;1.6;9.8;9.8;4.1;4.11;0.25;0.11;430.58;448.1;126.16;72.69;85.37;96.65;17.6;13.47;14.34
2017;6;23;1.53;1.51;9.6;9.6;4.07;4.07;0.25;0.11;430.5;448.7;127.15;73.43;72.96;82.61;17.96;13.55;15.36
2017;6;24;2.3;2.4;9.9;9.9;4.12;4.13;0.25;0.11;430.57;449.48;128.17;74.22;60.12;68.07;18.32;13.87;17.71
2017;6;25;9.61;9.62;5.8;5.8;3.19;3.2;0.09;0.04;431.29;450.4;129.22;75.09;52.51;59.45;18.4;14.61;20.89
2017;6;26;5.25;5.26;7.4;7.4;3.59;3.59;0.17;0.08;431.42;450.96;130.33;76.04;42.84;48.51;17.99;14.59;15.6
2017;6;27;5.8;5.68;7.2;7.2;3.55;3.54;0.15;0.07;431.65;451.51;131.45;77.01;33.41;37.83;18.08;14.46;18.46
2017;6;28;7.28;7.46;5.7;5.6;3.16;3.14;0.13;0.05;431.74;451.94;132.56;77.96;26.05;29.5;17.87;14.41;18.86
2017;6;29;11.28;10.98;3;3;2.33;2.33;0.04;0.02;431.79;451.79;133.59;78.84;25.46;28.83;16.34;13.61;12.85
2017;6;30;4.94;5;1.6;1.6;1.74;1.73;0.06;0.04;430.38;450.54;134.4;79.46;26.6;30.12;12.77;11.2;7.3
2017;7;1;10.56;10.48;1.7;1.7;1.79;1.79;0.05;0.04;429.45;449.58;134.86;79.67;31.28;34.99;10.37;9.46;5.75
2017;7;2;2.54;2.41;1.6;1.6;1.75;1.74;0.04;0.05;428.15;448.28;134.94;79.48;30.3;34.31;9.38;8.55;5.34
2017;7;3;0.46;0.42;4.6;4.6;2.88;2.88;0.13;0.09;426.83;447.37;134.72;78.94;25.76;29.16;9.66;8.23;7.09
2017;7;4;1.19;1.25;6.1;6.1;3.3;3.3;0.2;0.09;425.87;446.94;134.31;78.2;19.28;21.83;11.26;9.01;8.46
2017;7;5;2.09;2.16;7.4;7.4;3.62;3.62;0.21;0.1;425.38;446.98;133.85;77.43;11.06;12.52;12.97;10.21;9.98
2017;7;6;0.57;0.61;8.8;8.8;3.93;3.93;0.24;0.12;424.89;447.11;133.45;76.75;0.96;1.08;14.36;11.08;11.15
2017;7;7;1.73;1.81;9.4;9.4;4.05;4.06;0.13;0;423.21;445.82;133.06;76.11;0;0;13.37;9.71;12.88
2017;7;8;1.18;1.19;9.4;9.4;4.05;4.06;0.77;0.72;420.68;443.56;132.52;75.31;0;0;19.42;15.59;20.1
2017;7;9;6.73;6.6;8.5;8.5;3.87;3.87;0.87;0.9;419.28;442.05;131.8;74.31;0;0;20.37;16.59;17.88
2017;7;10;10.11;10.23;7.4;7.4;3.62;3.62;0.54;0.54;418.91;441.57;131.04;73.28;0;0;20.63;17.04;17.81
2017;7;11;4.97;4.9;6;6;3.27;3.27;0.86;0.89;417.18;439.83;130.33;72.3;0;0;18.84;15.66;18.12
2017;7;12;2.06;2.08;6.6;6.6;3.42;3.42;1.12;1.15;414.55;437.35;129.58;71.28;0;0;17.5;14.54;16.07
2017;7;13;1;0.98;6.5;6.5;3.39;3.4;1.19;1.23;411.65;434.61;128.71;70.11;0;0;16.45;13.49;16.95
2017;7;14;6.28;6.15;4.3;4.3;2.79;2.79;0.65;0.68;410.62;433.48;127.72;68.83;0;0;14.66;12.03;11.82
2017;7;15;1.62;1.53;1.8;1.8;1.85;1.84;0.31;0.32;408.81;431.79;126.67;67.49;0;0;9.04;7.51;5.75
2017;7;16;0;0;3.4;3.4;2.5;2.49;0.46;0.48;406.43;429.63;125.54;66.06;0;0;10.08;8.79;9.06
2017;7;17;2.83;2.74;7.4;7.4;3.61;3.62;1.12;1.16;404.17;427.41;124.32;64.53;0;0;14.71;12.36;13.01
2017;7;18;8.99;8.98;7.5;7.5;3.64;3.64;0.63;0.65;404.05;427.14;123.11;63.02;0;0;17.83;14.75;15.54
2017;7;19;1.6;1.65;8;8;3.75;3.75;1.26;1.3;401.32;424.56;121.98;61.62;0;0;18.6;15.23;14.5
2017;7;20;11.29;11.19;6.9;6.9;3.5;3.5;0.43;0.45;402.17;425.12;120.98;60.34;0;0;18.49;15.15;14.19
2017;7;21;6.8;6.68;6.5;6.5;3.41;3.4;0.75;0.79;401.43;424.26;120.14;59.24;0;0;18.33;15.12;15.62
2017;7;22;8.86;9.05;7.1;7.1;3.55;3.55;0.62;0.63;401.33;424.14;119.47;58.33;0;0;18.85;15.59;19.31
2017;7;23;5.46;5.41;6.7;6.7;3.45;3.45;0.86;0.9;400.11;422.89;118.93;57.56;0;0;18.23;15;17.66
2017;7;24;16.37;16.07;3.3;3.3;2.46;2.46;0.02;0.02;402.9;425.14;118.55;56.96;0;0;12.6;9.92;12.09
2017;7;25;5.38;5.3;0.1;0.1;0.52;0.46;0.06;0.05;401.23;423.6;118.32;56.52;4.66;4.76;9.47;7.93;5.55
2017;7;26;8.58;8.33;0.1;0.1;0.41;0.46;0.03;0.04;399.41;422.03;118.03;56.01;12.94;12.75;6.4;5.61;4.48
2017;7;27;1.19;1.13;3.7;3.7;2.59;2.6;0.07;0.07;400.7;422.78;117.66;55.41;3.63;4.11;6.97;6.28;5.28
2017;7;28;1;1;6.4;6.5;3.39;3.4;0.05;0;399.93;422.39;117.3;54.82;0;0;8.4;6.79;10.1
2017;7;29;6.15;6.26;7.2;7.2;3.57;3.57;0.46;0.43;399.3;421.85;116.98;54.27;0;0;15.18;12.49;16.75
2017;7;30;6.29;6.06;8.3;8.3;3.82;3.82;0.89;0.94;398.39;420.77;116.68;53.76;0;0;17.6;14.42;21.36
2017;7;31;5.84;5.85;9.5;9.5;4.08;4.08;0.98;1.02;397.21;419.59;116.4;53.27;0;0;19.39;15.72;17.95
2017;8;1;0.33;0.34;11.2;11.2;4.05;4.05;1.47;1.52;393.98;416.52;116.08;52.74;0;0;20.69;16.47;21.09
2017;8;2;5.4;5.38;10;10;3.83;3.83;0.96;1;392.8;415.33;115.69;52.14;0;0;20.29;15.93;18.94
2017;8;3;1.11;1.18;11.3;11.3;4.06;4.07;1.4;1.45;389.89;412.59;115.23;51.47;0;0;21.07;16.67;19.25
2017;8;4;3.04;3.15;11.3;11.3;4.06;4.07;1.23;1.27;387.78;410.6;114.69;50.72;0;0;21.42;16.83;22.13
2017;8;5;11.16;11.09;9.9;9.9;3.82;3.82;0.47;0.5;389.1;411.68;114.17;50;0;0;21.67;17.18;23.48
2017;8;6;14;13.96;6.7;6.7;3.16;3.17;0.2;0.2;391.54;413.82;113.84;49.5;0;0;20.01;16.17;22.83
2017;8;7;0.82;0.84;7.5;7.5;3.35;3.34;1.18;1.22;388.79;411.23;113.69;49.17;0;0;18.39;14.93;14.1
2017;8;8;3.45;3.55;8.1;8;3.46;3.45;1.01;1.04;387.03;409.6;113.52;48.84;0;0;17.68;13.99;17.99
2017;8;9;10.12;10.41;6.6;6.5;3.14;3.12;0.46;0.46;387.98;410.57;113.34;48.5;0;0;17.37;13.73;20.1
2017;8;10;20.05;20.22;5.2;5.2;2.82;2.81;0;0;392.56;414.77;113.35;48.36;0;0;18.23;15.04;22.22
2017;8;11;9.01;8.82;2.5;2.5;1.97;1.98;0.19;0.2;393.2;415.19;113.64;48.52;0.62;0.7;12.07;10.15;14.7
2017;8;12;1.86;1.82;1.7;1.7;1.65;1.64;0.04;0.04;392.08;414.24;114.01;48.77;0.02;0.02;7.85;6.97;6.43
2017;8;13;0.32;0.32;4.6;4.6;2.64;2.64;0.04;0;390.31;412.72;114.25;48.87;0;0;6.37;5;7.42
2017;8;14;4.17;4.33;6;6;3;3;0.45;0.43;389.3;411.9;114.3;48.77;0;0;11.72;9.56;10.61
2017;8;15;1.36;1.4;6.9;6.9;3.21;3.21;1.09;1.13;386.82;409.56;114.19;48.5;0;0;13.71;11.11;13.1
2017;8;16;10.29;10.3;6.7;6.7;3.17;3.17;0.45;0.47;387.9;410.49;114.02;48.17;0;0;15.25;12.43;12
2017;8;17;0.42;0.43;7.8;7.8;3.4;3.4;1.23;1.27;385;407.74;113.83;47.83;0;0;16.22;13.17;12.65
2017;8;18;6.49;6.52;8.6;8.6;3.57;3.57;0.81;0.84;384.55;407.25;113.61;47.45;0;0;17.38;13.95;15.41
2017;8;19;16.86;17.06;4.7;4.7;2.67;2.67;0.01;0;388.3;410.75;113.48;47.18;0;0;16.47;13.39;17.87
2017;8;20;0.44;0.39;1.9;1.9;1.73;1.73;0.31;0.32;386.32;408.94;113.48;47.05;0;0;9.54;7.86;7.8
2017;8;21;0;0;2.4;2.4;1.93;1.94;0.36;0.37;384.17;406.98;113.44;46.87;0;0;8.22;7.08;5.87
2017;8;22;0.04;0.05;5.2;5.2;2.8;2.81;1.03;1.07;381.37;404.34;113.22;46.5;0;0;10.47;8.68;9.68
2017;8;23;3;3.08;4.9;4.9;2.73;2.73;0.82;0.85;379.78;402.87;112.84;45.97;0;0;11.54;9.3;10.28
2017;8;24;1.08;1.16;7.7;7.7;3.38;3.38;1.16;1.21;377.22;400.45;112.37;45.34;0;0;14.45;11.7;13.97
2017;8;25;1.86;1.95;7.8;7.8;3.4;3.4;1.11;1.16;375;398.37;111.82;44.64;0;0;15.61;12.38;14.6
2017;8;26;4;4;8.1;8.1;3.47;3.47;0.97;1.01;373.75;397.12;111.23;43.91;0;0;16.45;13.04;14.75
2017;8;27;0.67;0.73;8.2;8.2;3.48;3.49;1.22;1.28;371.04;394.54;110.63;43.16;0;0;16.51;13.04;14.56
2017;8;28;2.57;2.59;6.3;6.3;3.07;3.07;0.95;1;369.33;392.89;110.01;42.4;0;0;14.51;11.34;13.13
2017;8;29;0;0;8.2;8.2;3.49;3.49;1.27;1.34;366.36;390.02;109.35;41.6;0;0;15.35;12.18;13.26
2017;8;30;0.83;0.85;9.4;9.4;3.72;3.72;1.29;1.36;363.7;387.45;108.65;40.77;0;0;16.98;13.31;14.99
2017;8;31;17.53;17.65;7.6;7.6;3.37;3.36;0;0;368.96;392.37;108.04;40.04;0;0;18.21;14.5;18.26
2017;9;1;23.8;23.82;2.9;2.9;1.81;1.81;0;0;375.3;397.97;107.81;39.71;2.94;3.32;12.45;10.25;18.62
2017;9;2;18.14;17.78;-1.3;-1.3;0;0;0;0;373.56;396.42;107.9;39.73;21.08;21.1;8.16;7.29;6.62
2017;9;3;1.84;1.75;-2.7;-2.7;0;0;0;0;371.83;394.88;108.01;39.77;22.92;22.85;5.16;4.49;4.87
2017;9;4;3.08;3.04;-2;-1.9;0;0;0;0;370.11;393.35;107.98;39.64;26;25.89;4.04;3.47;4.13
2017;9;5;3.05;3.01;2.4;2.5;1.67;1.69;0.14;0.13;371.98;395.07;107.86;39.42;19.45;19.34;5.14;4.6;4.72
2017;9;6;1.46;1.42;3.1;3.2;1.87;1.9;0.13;0.11;373.55;396.21;107.79;39.26;12.32;12.75;6.36;5.77;4.82
2017;9;7;0.53;0.47;2.6;2.6;1.71;1.72;0.05;0.05;373.41;395.69;107.79;39.17;8.97;10.13;5.97;5.31;4.48
2017;9;8;0.25;0.27;3.4;3.4;1.96;1.95;0.05;0.06;372.78;395.38;107.79;39.06;5.93;6.71;5.34;4.68;4.09
2017;9;9;14.51;14.48;2.7;2.6;1.74;1.72;0.01;0.01;375.76;397.98;107.83;38.99;7.87;8.91;6.9;5.72;4.05
2017;9;10;37.06;37.37;0.5;0.5;0.75;0.78;0;0;374.71;397.15;107.93;39;42.91;44.12;6.87;5.68;4.23
2017;9;11;3.24;3.23;1.5;1.6;1.34;1.36;0.14;0.14;374.76;397.32;108.04;39.02;40.98;42.05;5.65;4.97;4.4
2017;9;12;10.46;10.46;-2.1;-2.1;0;0;0;0;373.03;395.78;108.08;38.95;51.44;52.51;4.8;4.21;4.19
2017;9;13;0.04;0.05;-0.8;-0.8;0;0;0;0;371.67;394.24;107.72;38.76;51.48;52.55;3.96;3.45;3.88
2017;9;14;8.79;8.87;-0.1;-0.1;0;0;0;0;370.31;392.71;107.22;38.41;60.27;61.42;3.58;3.15;4.01
2017;9;15;3.15;3.2;-2.4;-2.4;0;0;0;0;370.31;392.71;104.86;35.94;63.43;64.62;3.05;2.68;3.73
2017;9;16;8.62;8.76;-1.7;-1.7;0;0;0;0;370.31;392.71;102.63;33.63;72.04;73.39;2.71;2.36;3.7
2017;9;17;3.82;3.92;-4.7;-4.7;0;0;0;0;370.31;392.71;100.53;31.47;75.86;77.31;2.53;2.19;3.52
2017;9;18;1.68;1.69;-4.4;-4.4;0;0;0;0;370.31;392.71;98.56;29.45;77.54;79;2.39;2.05;3.38
2017;9;19;7.54;7.37;-5.2;-5.2;0;0;0;0;370.31;392.71;96.7;27.56;85.09;86.36;2.25;1.92;3.3
2017;9;20;1.25;1.16;-5.3;-5.2;0;0;0;0;370.31;392.71;94.95;25.79;86.34;87.53;2.12;1.79;3.23
2017;9;21;0;0;-4.8;-4.7;0;0;0;0;370.31;392.71;93.31;24.13;86.34;87.52;2;1.68;3.12
2017;9;22;0.01;0.01;-1.2;-1.1;0;0;0;0;370.31;392.71;91.75;22.58;86.35;87.53;1.89;1.57;3.04
2017;9;23;0.58;0.6;-0.6;-0.6;0;0;0;0;370.31;392.71;90.29;21.13;86.93;88.13;1.78;1.47;2.98
2017;9;24;2.69;2.65;-1.7;-1.7;0;0;0;0;370.31;392.71;88.91;19.77;89.62;90.78;1.68;1.37;3.05
2017;9;25;0.4;0.41;-2;-2;0;0;0;0;370.31;392.71;87.6;18.5;90.02;91.19;1.59;1.29;2.87
2017;9;26;0.31;0.33;-1.3;-1.2;0;0;0;0;370.31;392.71;86.37;17.32;90.33;91.52;1.5;1.2;2.68
2017;9;27;1.07;1.08;0.2;0.2;0.45;0.5;0.06;0.07;370.36;392.75;85.21;16.2;91.21;92.39;1.42;1.13;2.64
2017;9;28;0.16;0.17;0.6;0.6;0.85;0.85;0.13;0.13;370.81;393.27;84.11;15.16;89.93;90.95;1.34;1.05;2.63
2017;9;29;1.66;1.68;1.4;1.4;1.26;1.28;0.15;0.14;371.06;393.27;85.07;16.46;87.12;88.06;2.03;1.75;2.62
2017;9;30;6.9;6.9;1.2;1.2;1.19;1.19;0.09;0.09;370.86;393.01;86.03;17.58;90.03;91.19;2.99;2.67;2.72
2017;10;1;12.32;12.21;0.9;0.9;0.91;0.92;0.03;0.03;370.43;392.68;86.88;18.58;4.94;5;3.34;2.95;3.33
2017;10;2;0.46;0.45;1.7;1.7;1.25;1.24;0.16;0.15;368.98;391.4;87.64;19.47;4.51;4.57;3.07;2.63;2.95
2017;10;3;8.92;8.79;0.7;0.7;0.8;0.81;0.04;0.04;370.05;392.48;88.34;20.28;6.06;5.92;3.71;3.24;3.7
2017;10;4;0;0;1.4;1.4;1.14;1.13;0.04;0.04;369.74;391.97;89.01;21.05;2.63;2.98;4.02;3.51;3.19
2017;10;5;1.53;1.46;2.3;2.3;1.44;1.44;0.04;0.04;369.13;391.53;89.66;21.77;1.13;1.28;3.76;3.23;2.96
2017;10;6;5.07;4.86;-4.7;-4.6;0;0;0;0;369.13;391.53;88.25;20.37;6.2;6.14;2.78;2.29;2.76
2017;10;7;0.12;0.11;-4.2;-4.2;0;0;0;0;369.13;391.53;86.91;19.06;6.32;6.25;1.85;1.45;2.6
2017;10;8;2.49;2.41;-3;-2.9;0;0;0;0;369.13;391.53;85.65;17.84;8.81;8.66;1.58;1.25;2.42
2017;10;9;0.26;0.24;-3.2;-3.1;0;0;0;0;369.13;391.53;84.46;16.69;9.06;8.9;1.47;1.16;2.32
2017;10;10;0.02;0.02;-2.3;-2.2;0;0;0;0;369.13;391.53;83.33;15.62;9.08;8.92;1.39;1.09;2.23
2017;10;11;0;0;0.6;0.6;0.72;0.76;0.07;0.07;369.82;392.27;82.27;14.62;7.1;6.75;1.32;1.02;2.15
2017;10;12;0;0;0.3;0.4;0.55;0.62;0.03;0.04;370.19;392.69;81.27;13.68;6.01;5.51;1.25;0.95;2.09
2017;10;13;0;0;2.2;2.2;1.4;1.41;0.04;0.04;370.55;392.3;82.5;15.28;1.92;2.17;1.95;1.64;2.02
2017;10;14;0;0;3.7;3.7;1.8;1.8;0.02;0;369.47;391.53;83.71;16.63;0;0;3.05;2.19;2.05
2017;10;15;0;0;4.7;4.7;2.02;2.02;0.35;0.34;367.4;389.68;84.72;17.77;0;0;7.55;5.97;2.08
2017;10;16;0;0;4.8;4.8;2.04;2.04;0.65;0.68;365.05;387.48;85.53;18.7;0;0;8.08;6.21;2.08
2017;10;17;0;0;4.2;4.2;1.91;1.92;0.61;0.64;362.75;385.34;86.17;19.42;0;0;7.65;5.78;2.01
2017;10;18;0;0;1.5;1.5;1.17;1.17;0.37;0.39;360.7;383.45;86.65;19.97;0;0;5.18;3.78;1.93
2017;10;19;0.35;0.36;0.9;0.9;0.89;0.92;0.14;0.15;359.04;381.95;87;20.38;0;0;2.86;2.13;1.9
2017;10;20;0;0;1.4;1.4;1.13;1.13;0.18;0.19;357.21;380.28;87.25;20.66;0;0;3.64;2.98;1.85
2017;10;21;0.19;0.18;1.2;1.2;1.03;1.05;0.16;0.17;355.48;378.7;87.41;20.85;0;0;2.71;2.08;1.86
2017;10;22;9.71;9.63;-4.4;-4.4;0;0;0;0;355.48;378.7;86.05;19.51;9.71;9.63;1.95;1.54;1.85
2017;10;23;4.75;4.52;-7.6;-7.6;0;0;0;0;355.48;378.7;84.77;18.26;14.45;14.15;1.63;1.29;1.71
2017;10;24;0.37;0.35;-3.7;-3.7;0;0;0;0;355.48;378.7;83.56;17.09;14.82;14.5;1.49;1.19;1.76
2017;10;25;0;0;1.2;1.3;1.07;1.09;0.11;0.1;357.31;380.47;82.42;15.99;10.32;9.88;1.6;1.31;1.67
2017;10;26;0;0;1.8;1.9;1.29;1.31;0.06;0.04;359.52;382.26;81.33;14.96;5.2;5.19;2.18;1.87;1.67
2017;10;27;6.94;6.78;-3.7;-3.7;0;0;0;0;359.52;382.26;80.31;14;12.13;11.97;1.78;1.46;1.69
2017;10;28;0.05;0.05;-5.3;-5.3;0;0;0;0;359.52;382.26;79.34;13.1;12.19;12.02;1.28;0.97;1.57
2017;10;29;9.62;9.38;-4.5;-4.5;0;0;0;0;359.52;382.26;78.43;12.26;21.8;21.4;1.14;0.85;1.53
2017;10;30;0.1;0.1;-7.4;-7.4;0;0;0;0;359.52;382.26;77.56;11.47;21.91;21.5;1.09;0.8;1.53
2017;10;31;0;0;-9.5;-9.4;0;0;0;0;359.52;382.26;76.74;10.74;21.91;21.5;1.03;0.75;1.49
2017;11;1;0;0;-5.7;-5.6;0;0;0;0;359.52;382.26;75.96;10.05;21.91;21.5;0.98;0.7;1.47
2017;11;2;0;0;-4.4;-4.3;0;0;0;0;359.52;382.26;75.22;9.41;21.91;21.5;0.93;0.65;1.46
2017;11;3;0.17;0.17;-4.7;-4.7;0;0;0;0;359.52;382.26;74.51;8.8;22.08;21.67;0.88;0.61;1.45
2017;11;4;0.03;0.03;-5.3;-5.2;0;0;0;0;359.52;382.26;73.84;8.24;22.11;21.7;0.84;0.57;1.44
2017;11;5;36.99;37.24;-4.8;-4.8;0;0;0;0;359.52;382.26;73.21;7.71;59.1;58.94;0.8;0.54;1.43
2017;11;6;7.84;7.77;-8;-8;0;0;0;0;359.52;382.26;72.6;7.22;66.94;66.71;0.76;0.5;1.5
2017;11;7;4.3;4.38;-6.7;-6.7;0;0;0;0;359.52;382.26;72.03;6.76;71.24;71.09;0.73;0.47;1.44
2017;11;8;1.02;1.04;-6.6;-6.6;0;0;0;0;359.52;382.26;71.47;6.32;72.26;72.13;0.69;0.44;1.35
2017;11;9;0.57;0.59;-8.3;-8.3;0;0;0;0;359.52;382.26;70.95;5.92;72.83;72.72;0.66;0.41;1.29
2017;11;10;0.87;0.84;-11;-11;0;0;0;0;359.52;382.26;70.45;5.54;73.7;73.56;0.63;0.39;1.26
2017;11;11;3.45;3.32;-7.1;-7.1;0;0;0;0;359.52;382.26;69.97;5.19;77.15;76.88;0.6;0.36;1.28
2017;11;12;13.35;13.18;-5.8;-5.8;0;0;0;0;359.52;382.26;69.5;4.86;90.5;90.06;0.58;0.34;1.29
2017;11;13;5.08;4.89;-13.3;-13.3;0;0;0;0;359.52;382.26;69.06;4.54;95.58;94.95;0.55;0.32;1.23
2017;11;14;0.1;0.09;-11.8;-11.8;0;0;0;0;359.52;382.26;68.64;4.25;95.67;95.04;0.53;0.3;1.2
2017;11;15;0;0;-10.8;-10.8;0;0;0;0;359.52;382.26;68.24;3.98;95.67;95.04;0.51;0.28;1.17
2017;11;16;0;0;-8.1;-8.1;0;0;0;0;359.52;382.26;67.85;3.73;95.67;95.04;0.49;0.26;1.15
2017;11;17;0.04;0.04;-12.6;-12.6;0;0;0;0;359.52;382.26;67.47;3.49;95.71;95.08;0.47;0.24;1.13
2017;11;18;0.07;0.07;-12.6;-12.6;0;0;0;0;359.52;382.26;67.11;3.27;95.78;95.15;0.45;0.23;1.11
2017;11;19;5.94;5.79;-15.6;-15.6;0;0;0;0;359.52;382.26;66.76;3.06;101.73;100.94;0.43;0.21;1.09
2017;11;20;2.89;2.83;-13;-13;0;0;0;0;359.52;382.26;66.43;2.87;104.62;103.77;0.42;0.2;1.07
2017;11;21;2.02;1.98;-6.1;-6.1;0;0;0;0;359.52;382.26;66.1;2.68;106.63;105.75;0.4;0.19;1.05
2017;11;22;0;0;-9.2;-9.2;0;0;0;0;359.52;382.26;65.79;2.52;106.63;105.75;0.39;0.17;1.02
2017;11;23;0;0;-8.7;-8.6;0;0;0;0;359.52;382.26;65.48;2.36;106.63;105.75;0.38;0.16;1
2017;11;24;0.01;0.01;-7.9;-7.8;0;0;0;0;359.52;382.26;65.19;2.21;106.64;105.76;0.37;0.15;0.98
2017;11;25;6.89;6.86;-8.1;-8;0;0;0;0;359.52;382.26;64.91;2.07;113.54;112.62;0.35;0.14;0.96
2017;11;26;1.33;1.28;-15.5;-15.5;0;0;0;0;359.52;382.26;64.63;1.94;114.87;113.9;0.34;0.13;0.94
2017;11;27;0.08;0.08;-17.8;-17.8;0;0;0;0;359.52;382.26;64.36;1.81;114.95;113.98;0.33;0.13;0.92
2017;11;28;0.95;0.96;-12.6;-12.6;0;0;0;0;359.52;382.26;64.1;1.7;115.9;114.94;0.32;0.12;0.9
2017;11;29;4.06;4.07;-12.9;-12.9;0;0;0;0;359.52;382.26;63.84;1.59;119.96;119.01;0.31;0.11;0.88
2017;11;30;3.17;3.09;-16.7;-16.7;0;0;0;0;359.52;382.26;63.59;1.49;123.13;122.1;0.31;0.1;0.85
2017;12;1;0.37;0.38;-20.8;-20.8;0;0;0;0;359.52;382.26;63.35;1.4;123.49;122.48;0.3;0.1;0.83
2017;12;2;0.01;0.01;-19.3;-19.3;0;0;0;0;359.52;382.26;63.12;1.31;123.5;122.49;0.29;0.09;0.82
2017;12;3;0.43;0.41;-19.2;-19.2;0;0;0;0;359.52;382.26;62.89;1.23;123.93;122.9;0.28;0.09;0.82
2017;12;4;2.27;2.16;-15.7;-15.7;0;0;0;0;359.52;382.26;62.66;1.15;126.19;125.06;0.28;0.08;0.81
2017;12;5;0.13;0.13;-12.5;-12.5;0;0;0;0;359.52;382.26;62.44;1.08;126.33;125.19;0.27;0.08;0.81
2017;12;6;0;0;-12.6;-12.6;0;0;0;0;359.52;382.26;62.22;1.01;126.33;125.19;0.26;0.07;0.8
2017;12;7;0;0;-12.3;-12.2;0;0;0;0;359.52;382.26;62.01;0.95;126.33;125.19;0.26;0.07;0.79
2017;12;8;4.78;4.74;-12.9;-12.8;0;0;0;0;359.52;382.26;61.8;0.89;131.1;129.93;0.25;0.06;0.79
2017;12;9;1.36;1.32;-21;-21;0;0;0;0;359.52;382.26;61.6;0.84;132.46;131.25;0.25;0.06;0.78
2017;12;10;6.87;6.81;-17.2;-17.1;0;0;0;0;359.52;382.26;61.4;0.78;139.33;138.06;0.24;0.05;0.77
2017;12;11;30.99;31.55;-8.2;-8.1;0;0;0;0;359.52;382.26;61.2;0.74;170.33;169.61;0.24;0.05;0.77
2017;12;12;14.22;14.26;-8.8;-8.8;0;0;0;0;359.52;382.26;61;0.69;184.54;183.87;0.24;0.05;0.76
2017;12;13;0.46;0.46;-16.6;-16.6;0;0;0;0;359.52;382.26;60.81;0.65;185;184.33;0.23;0.05;0.75
2017;12;14;4.75;4.53;-14.2;-14.2;0;0;0;0;359.52;382.26;60.62;0.61;189.75;188.86;0.23;0.04;0.75
2017;12;15;3.32;3.35;-15.5;-15.5;0;0;0;0;359.52;382.26;60.44;0.57;193.07;192.21;0.22;0.04;0.74
2017;12;16;1.53;1.45;-20.2;-20.2;0;0;0;0;359.52;382.26;60.25;0.54;194.6;193.66;0.22;0.04;0.74
2017;12;17;1.46;1.38;-20.2;-20.2;0;0;0;0;359.52;382.26;60.07;0.51;196.06;195.04;0.22;0.04;0.73
2017;12;18;1.03;1.02;-19.3;-19.3;0;0;0;0;359.52;382.26;59.89;0.48;197.09;196.06;0.21;0.03;0.72
2017;12;19;0.67;0.65;-15.8;-15.8;0;0;0;0;359.52;382.26;59.71;0.45;197.76;196.71;0.21;0.03;0.72
2017;12;20;0.81;0.78;-15.4;-15.4;0;0;0;0;359.52;382.26;59.54;0.42;198.57;197.49;0.21;0.03;0.71
2017;12;21;2.14;2.06;-13.2;-13.2;0;0;0;0;359.52;382.26;59.36;0.4;200.71;199.55;0.21;0.03;0.7
2017;12;22;2.94;2.8;-8.2;-8.2;0;0;0;0;359.52;382.26;59.19;0.37;203.65;202.35;0.2;0.03;0.7
2017;12;23;0.47;0.44;-6.9;-6.9;0;0;0;0;359.52;382.26;59.02;0.35;204.12;202.79;0.2;0.02;0.69
2017;12;24;0;0;-9.4;-9.4;0;0;0;0;359.52;382.26;58.85;0.33;204.12;202.79;0.2;0.02;0.69
2017;12;25;0;0;-9.5;-9.4;0;0;0;0;359.52;382.26;58.69;0.31;204.12;202.79;0.2;0.02;0.68
2017;12;26;1.08;1.14;-12.7;-12.6;0;0;0;0;359.52;382.26;58.52;0.29;205.2;203.93;0.2;0.02;0.67
2017;12;27;18.48;18.74;-10.9;-10.8;0;0;0;0;359.52;382.26;58.36;0.28;223.68;222.67;0.19;0.02;0.67
2017;12;28;6.56;6.45;-14.8;-14.8;0;0;0;0;359.52;382.26;58.2;0.26;230.24;229.12;0.19;0.02;0.66
2017;12;29;3.53;3.49;-20.4;-20.4;0;0;0;0;359.52;382.26;58.03;0.25;233.77;232.61;0.19;0.02;0.65
2017;12;30;8.94;8.86;-13.9;-13.9;0;0;0;0;359.52;382.26;57.88;0.23;242.71;241.47;0.19;0.02;0.65
2017;12;31;0.13;0.13;-9.5;-9.5;0;0;0;0;359.52;382.26;57.72;0.22;242.84;241.6;0.19;0.02;0.64
