YYYY;MM;DD;DOY;2m_temp_max;2m_temp_mean;2m_temp_min;2m_dp_temp_max;2m_dp_temp_mean;2m_dp_temp_min;10m_wind_u;10m_wind_v;fcst_alb;lai_high_veg;lai_low_veg;swe;surf_net_solar_rad_max;surf_net_solar_rad_mean;surf_net_therm_rad_max;surf_net_therm_rad_mean;surf_press;total_et;prec;volsw_123;volsw_4
1981;1;1;1;-1.7;-4.9;-9.8;-4.6;-8;-12.9;2.9;0.3;0.52;3.1;1.3;145.21;94;15;57;24;87497;0.1;8.59;0.33;0.4
1981;1;2;2;-2.1;-4.1;-5.6;-4.7;-6.9;-8;2.4;0.8;0.54;3.1;1.3;156.65;55;11;28;10;87479;0.29;13.8;0.33;0.4
1981;1;3;3;2.4;0.9;-1.7;-0.6;-3.2;-5.2;3.2;1.4;0.53;3.1;1.3;166.77;73;16;50;18;86464;0.63;9.94;0.33;0.4
1981;1;4;4;1.3;-1.9;-5;-0.6;-3.4;-8.2;2.2;-0.2;0.52;3.1;1.3;178.45;30;6;76;24;85948;0.52;20.95;0.34;0.4
1981;1;5;5;-6;-7.6;-8.4;-9.4;-10.2;-11.3;2.8;-0.8;0.54;3.1;1.3;195.53;81;16;54;26;86710;0.53;14.06;0.34;0.4
1981;1;6;6;-6.4;-7.6;-8.7;-8.5;-9.9;-11.1;1.4;0.1;0.54;3.1;1.3;211.13;38;7;22;12;86562;0.15;20.9;0.33;0.4
1981;1;7;7;-8.9;-10.7;-12.5;-10.4;-12.9;-14.5;1.3;-0.9;0.54;3.1;1.3;229.39;104;20;54;24;87452;0.21;10.79;0.33;0.4
1981;1;8;8;-12.6;-14.1;-19.3;-14.3;-17.5;-22.3;0.6;-0.2;0.54;3.1;1.3;236.24;121;26;85;48;88362;0.16;2.19;0.33;0.4
1981;1;9;9;-7.9;-16.4;-22.6;-15;-20.5;-25.1;0.1;1.3;0.54;3.1;1.3;236.83;158;33;72;47;87998;0.01;0;0.33;0.4
1981;1;10;10;-5.3;-11.9;-16.9;-10.6;-15;-19;0.1;1.3;0.53;3.1;1.2;236.96;134;28;48;17;86830;-0.01;0.3;0.33;0.39
1981;1;11;11;-5.8;-8.4;-12;-7.7;-10.5;-14;-0.4;0.2;0.53;3.1;1.2;237.38;131;27;58;31;87223;-0.06;0.22;0.33;0.39
1981;1;12;12;-3.7;-11.1;-15.9;-9.5;-14.4;-18;0.2;1.3;0.53;3;1.2;237.6;150;33;80;50;86759;0.01;0.01;0.33;0.39
1981;1;13;13;-6.8;-9.6;-13.1;-8.5;-11.8;-16;0.5;0.2;0.53;3;1.2;239.18;70;15;22;7;86354;-0.04;4.67;0.33;0.39
1981;1;14;14;-6.7;-8.9;-10.8;-10.2;-12.8;-15.5;0.7;0.8;0.53;3;1.2;242.6;159;34;86;36;86470;0.08;0.41;0.33;0.39
1981;1;15;15;-3.8;-5.9;-7.6;-5.4;-8.7;-11.3;2.1;0.4;0.54;3;1.2;250.5;97;18;77;20;84934;0.16;15.94;0.33;0.39
1981;1;16;16;-7.1;-8.5;-11;-9.8;-11.2;-14.6;1.7;0.3;0.54;3;1.2;262.31;88;19;71;32;86095;0.19;6.15;0.33;0.39
1981;1;17;17;-2.4;-5.7;-9.2;-5.3;-8.6;-13.3;0.8;1.3;0.54;3;1.2;266.95;127;27;68;24;85992;0.05;6.37;0.33;0.39
1981;1;18;18;-3.2;-4.9;-6.3;-5.4;-7;-8.7;1.4;0.4;0.54;3;1.2;273.74;84;18;50;20;86672;0.03;8.74;0.33;0.39
1981;1;19;19;-2.1;-4.2;-7.4;-4;-6.7;-9.7;1.5;0.8;0.54;3;1.2;282.1;80;14;39;17;86642;0.06;11.45;0.33;0.39
1981;1;20;20;-3.6;-5.8;-8.1;-4.9;-7.7;-9.7;1.4;-1;0.54;3;1.2;297.5;99;22;47;29;86404;0.24;14.95;0.33;0.39
1981;1;21;21;-6.8;-8.2;-11;-9;-10.5;-13.4;0.4;-0.5;0.54;3;1.2;309.25;122;26;66;35;87809;0.16;4.79;0.32;0.39
1981;1;22;22;-4.5;-11;-16.6;-11.6;-15.1;-19.4;-0.2;0.9;0.54;3;1.2;310.49;176;40;90;68;88064;0.05;0;0.32;0.39
1981;1;23;23;-3.6;-12.9;-18.8;-10.7;-16.9;-21.3;-0.2;1.2;0.53;3;1.2;310.52;185;42;81;59;88157;-0.02;0;0.32;0.39
1981;1;24;24;-3.1;-12.3;-18.6;-10.3;-17;-21.3;0.3;1.3;0.53;3;1.2;310.57;189;43;80;54;87772;-0.02;0;0.32;0.39
1981;1;25;25;-5.4;-10.7;-17.1;-10.5;-15.8;-21.2;0.6;1.3;0.53;3;1.2;310.65;163;35;51;28;87694;0.02;0.91;0.32;0.39
1981;1;26;26;-5;-6.5;-7.1;-7.5;-8.2;-9.6;1;-0.2;0.53;3;1.2;316.65;108;21;50;11;88198;-0.04;9.09;0.32;0.39
1981;1;27;27;-3.7;-7.3;-12;-7.5;-10.4;-15.2;-0.1;0.4;0.53;3;1.2;320.8;189;43;90;61;88767;0.04;0.09;0.32;0.39
1981;1;28;28;-4.7;-10.3;-15.5;-10.7;-14.8;-19.1;-0.3;0.8;0.53;3;1.2;320.81;160;37;65;52;88819;0.03;0;0.32;0.39
1981;1;29;29;-2.8;-12.2;-18.7;-10;-16.5;-21.2;-0.1;1.2;0.53;3;1.2;320.82;206;48;100;73;88539;-0.03;0;0.32;0.39
1981;1;30;30;-2.7;-13.1;-20.1;-10;-17.8;-22.8;0.2;1.4;0.52;3;1.2;320.86;209;49;92;65;88566;-0.01;0;0.32;0.39
1981;1;31;31;-1.5;-11.2;-17.8;-9.5;-15.7;-20.7;0.1;1.5;0.52;3;1.2;320.94;206;49;74;49;88816;-0.04;0;0.32;0.39
1981;2;1;32;1.3;-8.5;-14.8;-6.2;-12.5;-17.1;0.2;1.4;0.52;3;1.2;320.97;208;49;76;48;88885;-0.05;0;0.32;0.39
1981;2;2;33;1.9;-8;-14.2;-5.2;-11.6;-16.3;0.2;1.5;0.51;3;1.2;321.01;215;51;85;58;88826;0.02;0;0.32;0.39
1981;2;3;34;0.5;-5.5;-12.3;-5.8;-10.1;-14.5;0.7;1.5;0.51;3;1.2;321.08;185;42;61;35;87235;0.05;1.7;0.32;0.39
1981;2;4;35;-0.6;-3;-5.3;-2.9;-4.8;-7.1;1.2;0.4;0.52;3;1.2;328.83;107;22;52;17;85454;0.04;12.72;0.32;0.39
1981;2;5;36;-4.8;-5.9;-6.8;-6.6;-7.7;-9.5;1.6;-0.4;0.54;3;1.2;341.87;98;24;40;23;86159;0.24;12.67;0.32;0.39
1981;2;6;37;-1.9;-4.1;-6.7;-4.1;-6.4;-8;1.4;0.7;0.54;3;1.2;353.34;151;27;47;14;87310;0.09;10.83;0.32;0.39
1981;2;7;38;2.5;0.9;-1.5;0.1;-1.4;-4;1.5;0.9;0.53;3;1.2;360.75;66;15;10;2;88129;-0.03;5.55;0.32;0.39
1981;2;8;39;4;1.2;-2;0.5;-0.9;-3.4;0.8;0.5;0.51;3;1.2;362.09;167;40;72;43;88063;0.02;0.12;0.32;0.39
1981;2;9;40;7.6;-0.4;-5.4;0.9;-3.5;-6.1;0.1;0.9;0.49;3;1.2;361.12;234;58;97;68;87311;0.12;0.01;0.32;0.39
1981;2;10;41;1.5;-2.9;-5.7;-1.1;-4.6;-7.2;1.2;0.4;0.49;3;1.2;362.54;112;23;78;38;87196;0.3;4.24;0.32;0.39
1981;2;11;42;-3.7;-6;-8.6;-7.1;-8.3;-10.5;0.8;-0.4;0.5;3;1.2;366.03;182;46;74;53;87502;0.36;2.99;0.32;0.39
1981;2;12;43;-6.4;-8.5;-10.1;-10.5;-11.3;-12.2;0;-0.5;0.51;3;1.2;369.13;198;50;62;50;86946;0.2;2.49;0.32;0.39
1981;2;13;44;-6.7;-9.7;-13.8;-12.1;-13.8;-15.5;-0.9;0;0.51;3;1.2;370.13;241;63;102;75;87176;0.13;0.02;0.32;0.38
1981;2;14;45;-4.9;-9.6;-15;-12;-14.7;-18.6;-0.2;0.4;0.5;3;1.2;370.08;248;64;95;73;87373;0.04;0;0.32;0.38
1981;2;15;46;-2.9;-9.6;-17.2;-10.6;-15.1;-20.9;0.1;0.7;0.5;3;1.2;370.09;257;66;94;66;87318;0;0;0.32;0.38
1981;2;16;47;-2.4;-8.9;-16;-9.5;-14;-19.7;-0.5;0.4;0.5;3;1.2;370.12;269;69;99;71;87309;-0.01;0;0.32;0.38
1981;2;17;48;-4.7;-8.1;-11.1;-9;-11.1;-14.3;-0.9;-0.2;0.5;3;1.2;370.22;230;57;71;44;87250;-0.04;0.17;0.32;0.38
1981;2;18;49;-5.4;-8.6;-11.4;-9.4;-11.1;-12.5;-0.7;-0.4;0.49;3;1.2;370.62;209;52;68;30;86760;0.08;0.84;0.32;0.38
1981;2;19;50;-5.3;-7.9;-9.7;-9.5;-10.2;-11.1;-0.5;-0.5;0.5;3;1.2;371.98;203;49;44;27;86544;0.1;1.27;0.32;0.38
1981;2;20;51;-4.2;-7.6;-10.7;-9.2;-10.3;-12.3;0.1;-0.1;0.5;3;1.2;372.38;255;65;84;54;86692;0.04;0.23;0.32;0.38
1981;2;21;52;-4.5;-7.9;-11.8;-9;-10.7;-14.1;-0.1;-0.2;0.5;3;1.2;372.94;218;51;67;37;86930;0.04;1.72;0.31;0.38
1981;2;22;53;-3.1;-6.7;-9.3;-9.2;-10.3;-12;-0.4;-0.1;0.5;3;1.2;374.69;263;70;98;62;86740;0.08;0.63;0.31;0.38
1981;2;23;54;-3.2;-7.2;-13.2;-7.4;-10.6;-15.7;0.1;0.2;0.5;3;1.2;374.79;247;63;72;51;86676;0;0.24;0.31;0.38
1981;2;24;55;-1.9;-6.3;-10.6;-6.7;-9.6;-12.8;-0.2;0.4;0.5;3.1;1.2;375.52;232;60;79;52;87070;0.01;0.76;0.31;0.38
1981;2;25;56;-1.7;-6.6;-13.2;-5;-9;-15.4;-0.5;0.2;0.5;3.1;1.3;375.94;186;48;65;41;87520;-0.08;0.29;0.31;0.38
1981;2;26;57;-0.9;-5.2;-11;-5.8;-8.5;-13.5;-0.2;0.2;0.5;3.1;1.3;376.21;301;80;105;75;87475;-0.03;0;0.31;0.38
1981;2;27;58;-1;-7.4;-14.5;-8.2;-12.1;-16.8;-0.6;0.6;0.49;3.1;1.3;376.2;311;85;112;84;87053;0.04;0;0.31;0.38
1981;2;28;59;1.9;-6.3;-14.2;-7.4;-11.2;-16.2;-0.1;1.3;0.49;3.1;1.3;376.17;270;69;75;50;86662;0;0.24;0.31;0.38
1981;3;1;60;1.8;-2.3;-6;-1.9;-4.8;-7.6;0;1;0.5;3.1;1.3;378.13;130;31;53;13;86909;-0.07;2.95;0.31;0.38
1981;3;2;61;5.1;-2.1;-8.2;-2.2;-5.8;-9.2;0;0.7;0.5;3.1;1.3;379.46;266;76;88;58;86641;0.03;0.09;0.31;0.38
1981;3;3;62;1.7;-2.1;-5.6;-2.2;-4.1;-6.7;-0.2;-0.1;0.49;3.1;1.3;380.47;212;54;59;29;85900;0.06;4.53;0.31;0.38
1981;3;4;63;-1.5;-2.9;-3.9;-3;-3.8;-4.7;0.8;-0.6;0.52;3.1;1.3;390.06;115;30;50;18;86367;0.15;12.4;0.31;0.38
1981;3;5;64;1;-2.2;-5.5;-4.3;-5.7;-8.1;0.3;0;0.52;3.1;1.3;396.22;273;73;95;64;86907;0.16;0.04;0.31;0.38
1981;3;6;65;5.5;-1.4;-9.8;-2.4;-6.5;-11;0.1;0.8;0.52;3.1;1.3;396.13;233;61;71;40;87041;0.09;0.27;0.31;0.38
1981;3;7;66;7.6;0.5;-4.3;-0.1;-3.4;-5.7;0.3;0.9;0.51;3.2;1.3;396.56;302;84;94;55;87652;0.12;0.26;0.31;0.38
1981;3;8;67;4.9;1.1;-3.7;0.8;-1.8;-4.9;0.3;1.5;0.5;3.2;1.3;396.27;145;39;41;20;87526;0.11;1.37;0.31;0.38
1981;3;9;68;6.9;2.3;-1.6;1.2;-1.2;-3.5;1;1.1;0.48;3.2;1.3;394.05;280;76;70;42;87791;0.07;0.5;0.31;0.38
1981;3;10;69;3.9;2.8;1;1.6;0.4;-1.9;0.8;1.5;0.46;3.2;1.3;389.34;69;17;3;-6;87715;-0.05;4.02;0.32;0.38
1981;3;11;70;7.6;4.3;2.5;2.8;1.2;0.2;0.9;1.7;0.45;3.2;1.3;379.01;172;36;32;3;87045;-0.09;9.87;0.33;0.38
1981;3;12;71;7.5;3.9;0.6;3.2;1.9;0.3;1.4;0.5;0.44;3.2;1.3;364.72;303;72;80;23;86383;-0.25;18.45;0.36;0.38
1981;3;13;72;2.7;0.3;-3.7;0.1;-2;-5.8;1.5;0.7;0.45;3.2;1.3;357.39;196;47;80;32;86228;0.35;6.33;0.38;0.38
1981;3;14;73;3.4;-0.7;-4.2;-2;-4.1;-6.3;1;0.6;0.44;3.2;1.3;356.13;337;94;82;58;86448;0.59;0.36;0.38;0.38
1981;3;15;74;1.9;-0.8;-4;-1;-2.4;-5;0;0.5;0.45;3.2;1.3;357.79;170;38;45;21;86647;0.28;5.82;0.38;0.38
1981;3;16;75;1.8;-1;-3.3;-2;-3.5;-6;0.9;0.1;0.49;3.2;1.3;365.45;244;63;77;38;86675;0.45;6.08;0.38;0.38
1981;3;17;76;1.6;-2.2;-6.3;-2.7;-4.7;-7.1;0.3;-0.3;0.49;3.3;1.3;368.81;275;71;83;42;86494;0.49;12.22;0.38;0.38
1981;3;18;77;-2.2;-4.3;-5.8;-4.9;-6.3;-7.2;0.7;-0.7;0.53;3.3;1.3;382.76;221;59;58;32;86450;0.51;7.66;0.37;0.38
1981;3;19;78;1;-3.9;-9.1;-6.3;-8.9;-11.2;0.8;0.6;0.52;3.3;1.3;385.45;350;104;107;81;86714;0.37;0;0.37;0.38
1981;3;20;79;8.3;-2.3;-11.3;-0.5;-8.3;-12.8;0.1;1.1;0.52;3.3;1.3;385.27;348;96;108;73;86629;0.21;0;0.37;0.38
1981;3;21;80;6.9;-1.1;-8.3;-0.7;-5.8;-9.6;0.3;1;0.52;3.3;1.3;385.21;343;101;96;70;86908;0.27;0;0.37;0.38
1981;3;22;81;9.7;0.1;-7.7;-0.9;-4.9;-9;0.4;1;0.51;3.3;1.3;384.96;364;109;103;75;86482;0.37;0;0.37;0.38
1981;3;23;82;8.5;1.7;-5.1;0.9;-2.8;-6.3;0.2;0.8;0.5;3.3;1.3;384.25;360;90;92;42;86860;0.16;2.16;0.37;0.38
1981;3;24;83;7.4;3.8;0.9;1.3;-0.3;-2.1;1.5;1;0.48;3.4;1.4;380.32;327;92;75;32;87002;0.2;3.72;0.37;0.38
1981;3;25;84;10.9;3.7;-2;5;1;-3.2;0.3;1.4;0.46;3.4;1.4;370.59;269;56;70;20;87344;-0.04;7.62;0.39;0.38
1981;3;26;85;6.5;2.2;-2;3.8;0.3;-3.2;0.8;1.2;0.45;3.4;1.4;361.08;208;49;67;26;87113;0.02;4.48;0.39;0.38
1981;3;27;86;5.9;2;-3.6;1.2;-1.7;-6.4;-0.6;0.2;0.43;3.4;1.4;353.36;375;112;96;54;87321;0.64;0.51;0.4;0.39
1981;3;28;87;9.2;1.4;-6.1;3.2;-1.9;-7.7;-0.4;0.8;0.43;3.4;1.4;346.67;430;130;96;70;86737;0.49;0;0.4;0.39
1981;3;29;88;9.7;3.1;-2.2;4.8;0.4;-3.6;-0.4;1.7;0.42;3.4;1.4;338.13;407;104;86;53;86524;0.13;0.15;0.4;0.39
1981;3;30;89;10.5;4.5;-0.2;4.9;1.4;-1.8;-0.2;0.9;0.41;3.4;1.4;325.26;363;95;68;34;86844;0.07;2.45;0.41;0.39
1981;3;31;90;10.2;4.2;-0.9;4.8;1.2;-2.3;-0.8;1.1;0.41;3.5;1.4;312.24;398;100;69;44;86887;0.03;1.35;0.42;0.39
1981;4;1;91;12.7;5.5;-0.8;6.9;2.1;-2;-0.3;1.4;0.4;3.5;1.4;297.83;332;92;63;40;86926;-0.08;0.01;0.42;0.4
1981;4;2;92;12.6;5.2;-3.2;6.5;1.5;-4.4;0;0.5;0.4;3.5;1.4;283.09;433;134;91;59;87153;0.16;0;0.42;0.4
1981;4;3;93;10.5;4.9;-2.4;6.4;1.8;-3.6;-0.4;0.4;0.4;3.5;1.4;267.1;449;144;99;69;87496;0.05;0.14;0.42;0.4
1981;4;4;94;9.1;4.1;-4.2;3.7;0.8;-5.6;0.7;0.2;0.4;3.5;1.4;252.72;447;130;93;53;87544;0.26;2.12;0.42;0.41
1981;4;5;95;4.1;2.7;0.7;3.4;2.3;0.7;-0.1;-0.7;0.4;3.5;1.4;241.84;114;32;8;-2;87296;-0.14;9.97;0.43;0.41
1981;4;6;96;8.1;3.6;-1.3;3.7;1.2;-2.8;-0.4;0.2;0.39;3.5;1.4;230.9;412;123;79;44;87429;0.3;2.26;0.43;0.41
1981;4;7;97;12.6;5.4;-3.8;2.9;-0.6;-5.3;-0.2;0.5;0.39;3.6;1.4;216.46;481;153;98;67;87838;0.73;0;0.43;0.42
1981;4;8;98;12.8;5.1;-2.2;7.4;1.1;-3.6;0.1;0.6;0.39;3.6;1.4;201.88;404;120;65;43;87914;0.27;2.32;0.43;0.42
1981;4;9;99;10.6;4.2;-2.9;6.4;2.2;-3.6;-0.2;0.4;0.39;3.6;1.4;186.02;450;128;86;48;87994;0.07;2.96;0.43;0.42
1981;4;10;100;10.7;5.2;-2.5;4.1;1.2;-4;-0.7;0.4;0.39;3.6;1.4;169.52;492;158;97;69;87838;0.5;0.18;0.43;0.42
1981;4;11;101;13.4;5.7;-4.2;3.9;0.6;-5.6;-0.2;0.4;0.38;3.6;1.4;152.54;509;166;106;75;87382;0.2;0;0.43;0.43
1981;4;12;102;14.9;7.4;-2.9;4;0.3;-4.3;0;0.5;0.36;3.6;1.4;136.05;537;172;109;71;87615;0.78;0;0.43;0.43
1981;4;13;103;14;7.6;-2.5;5.7;1.6;-4;-0.1;0.4;0.34;3.6;1.4;120.72;544;175;100;69;87883;0.78;0.23;0.43;0.43
1981;4;14;104;12.4;6.7;-1.4;6.7;3.3;-3.2;-0.7;0.1;0.32;3.7;1.5;106.53;492;152;78;57;87896;0.45;0.41;0.42;0.43
1981;4;15;105;12.3;7.1;-0.4;7.7;4.4;-1.6;0.1;0.3;0.31;3.7;1.5;93.02;546;165;95;60;87682;0.43;2.03;0.42;0.43
1981;4;16;106;9;4;-0.8;3.7;-0.2;-4.4;-0.4;-0.5;0.31;3.7;1.5;81.88;557;174;107;63;87282;1.14;0.57;0.42;0.43
1981;4;17;107;3.7;-0.1;-4;-4.6;-6.3;-8;-1.9;-1.1;0.31;3.7;1.5;76.3;520;156;99;61;87008;1.77;0.23;0.41;0.43
1981;4;18;108;-0.5;-2.9;-4.6;-6.4;-8.2;-10.2;-1.4;-1.3;0.33;3.7;1.5;76.25;415;140;84;56;87062;1.35;1.9;0.4;0.43
1981;4;19;109;0;-2.8;-6.7;-4.6;-7.7;-10.3;0.8;0;0.35;3.7;1.5;77.04;331;115;72;53;86921;0.73;1.87;0.4;0.43
1981;4;20;110;2.9;-0.3;-3.4;-1.8;-3.6;-5.3;-0.8;-0.4;0.37;3.8;1.5;78.54;314;94;45;28;87152;0.73;3.45;0.39;0.43
1981;4;21;111;4.3;1.1;-1.8;-1.6;-2.9;-5.5;0.3;-0.5;0.38;3.8;1.5;79.37;420;136;94;54;87514;1.05;1.42;0.39;0.43
1981;4;22;112;6.7;1.9;-3.9;-0.5;-3.1;-6.2;0.4;-0.5;0.36;3.8;1.5;76.65;508;175;107;80;87196;0.87;0;0.38;0.43
1981;4;23;113;4.4;1.2;-2.8;0.2;-1.9;-4.3;-0.1;-0.8;0.34;3.8;1.5;73.14;383;117;90;42;86661;0.6;0.53;0.38;0.43
1981;4;24;114;5.6;2;-1.7;0.7;-0.8;-2.8;-1.2;-0.7;0.33;3.8;1.5;69.76;401;126;64;36;86459;0.85;0.08;0.38;0.43
1981;4;25;115;8;3.6;-0.8;2.7;0.1;-2.1;-0.2;0.3;0.31;3.8;1.5;64.47;454;124;80;45;86522;0.83;0.76;0.38;0.43
1981;4;26;116;11.4;4.5;-3.3;3;-0.5;-4.5;0.1;0.7;0.3;3.9;1.5;57.93;600;189;109;61;86150;1.69;2.23;0.38;0.42
1981;4;27;117;2.5;-0.4;-3.3;-2.1;-4.2;-6.3;1.9;0.1;0.36;3.9;1.5;57.39;360;101;83;37;86302;1.47;5.06;0.38;0.42
1981;4;28;118;2.1;-1.2;-4.2;-2.3;-4.3;-7.2;1.7;0;0.41;3.9;1.5;61.39;371;99;79;38;87025;1.02;7.36;0.38;0.42
1981;4;29;119;3.2;0.2;-3.6;-1.3;-2.7;-5;1.5;0.1;0.43;3.9;1.6;63.84;320;101;47;26;87303;1.05;2.17;0.37;0.42
1981;4;30;120;6.9;3.2;-1.5;1.6;-0.4;-3;1.8;0.4;0.39;3.9;1.6;61.14;361;107;46;30;87001;0.92;0.75;0.37;0.42
1981;5;1;121;7.5;4.1;2.2;4.3;2.8;1;1.6;0.2;0.34;3.9;1.6;54.77;332;85;56;16;86425;0.86;15.42;0.38;0.42
1981;5;2;122;2.6;0.9;-0.5;1.8;-0.3;-1.4;-0.1;-1;0.36;4;1.6;53.46;226;61;29;11;86480;0.95;9.2;0.39;0.42
1981;5;3;123;2.7;0.6;-1.4;-0.4;-1.4;-2.1;-0.3;-0.6;0.37;4;1.6;53.93;241;78;32;23;86374;0.92;3.45;0.39;0.42
1981;5;4;124;2;0;-2.4;0.9;-1.3;-4.3;0.2;0.2;0.38;4;1.6;56.26;154;55;61;29;85659;0.72;6.81;0.39;0.42
1981;5;5;125;3.2;-0.6;-3.8;0;-2.5;-5.6;1.5;0.3;0.41;4;1.6;59.68;365;107;83;45;86162;1.15;8.01;0.39;0.42
1981;5;6;126;4.2;0.9;-5;2.5;-1.1;-6.3;0.7;0.8;0.39;4;1.6;60.61;210;71;60;30;87381;0.67;2.2;0.39;0.42
1981;5;7;127;13.5;5.9;-3.9;7.1;1.4;-5.1;-0.8;0.6;0.35;4;1.6;55.58;599;204;108;77;87339;1.6;0;0.39;0.42
1981;5;8;128;13;7;-1;7.8;3.2;-2.7;0.3;0.3;0.3;4.1;1.6;47.78;400;141;74;46;86973;1.2;0.9;0.39;0.42
1981;5;9;129;18;9.5;-0.8;8.9;3.5;-1.5;-0.5;0.5;0.27;4.1;1.6;40.77;643;224;100;75;86795;2.4;0;0.39;0.42
1981;5;10;130;18.8;10.9;0.8;9.9;3.5;-1.1;-0.3;1.6;0.25;4.1;1.6;33.12;663;232;106;76;86439;2.84;0.27;0.39;0.42
1981;5;11;131;14.1;8.8;3.2;6.2;3.7;1.6;-0.1;0.7;0.24;4.1;1.6;26.38;468;155;89;52;86037;1.81;0.59;0.39;0.42
1981;5;12;132;9.1;5.9;1;7.7;4.1;-0.5;0.2;0.1;0.24;4.1;1.6;21.54;418;115;55;30;86443;1.25;8.71;0.39;0.42
1981;5;13;133;8.3;6.6;5.4;7.7;5.9;4.2;0.9;0.1;0.23;4.1;1.7;17.07;197;67;42;7;86652;0.99;8.91;0.4;0.42
1981;5;14;134;9.9;7;4.6;7.5;5.4;3.3;0.5;-0.1;0.22;4.2;1.7;12.56;388;113;53;21;87147;1.51;6.13;0.4;0.42
1981;5;15;135;12.2;7.1;1.8;7.5;4.8;1.7;-0.1;0.2;0.19;4.2;1.7;7.99;550;180;76;48;87346;2.27;3.25;0.4;0.42
1981;5;16;136;13.9;7.8;0;8.3;4.7;-1;0.2;0.2;0.16;4.2;1.7;4.35;690;229;104;66;87173;2.99;11.4;0.39;0.42
1981;5;17;137;6.7;4.9;0.3;5.7;4.2;-0.5;0.4;0.2;0.14;4.2;1.7;2.51;217;68;99;29;87378;1.4;6.12;0.4;0.42
1981;5;18;138;14.7;7.8;-2.3;5;1.5;-3.4;-0.3;0.1;0.13;4.2;1.7;1.62;777;261;122;85;87798;3.53;0;0.4;0.42
1981;5;19;139;16.8;10.6;0.3;9.5;4.2;-0.6;-0.1;0.4;0.12;4.2;1.7;0.76;698;230;110;71;88061;3.41;0.32;0.39;0.42
1981;5;20;140;19.8;12.8;2.6;9.3;5.8;1.6;-0.6;0.3;0.12;4.2;1.7;0.3;759;274;119;83;87979;4.37;0;0.38;0.42
1981;5;21;141;21.1;13.8;5.3;12.4;8.5;4.2;-0.4;0.5;0.12;4.2;1.7;0.1;717;224;109;64;87656;3.72;0.29;0.37;0.42
1981;5;22;142;11.7;8.9;5.7;9.1;7.6;5.4;1;-0.1;0.12;4.2;1.7;0.04;146;40;46;16;87761;0.98;14.28;0.37;0.42
1981;5;23;143;13.4;8.9;5.1;5.9;4.5;3.2;-0.4;0;0.12;4.3;1.7;0.01;489;172;106;49;87716;2.9;1.12;0.38;0.42
1981;5;24;144;9.8;7.2;4.1;8.9;6.2;2.8;0.2;0.4;0.12;4.3;1.7;0;180;66;43;25;87350;1.27;5.94;0.37;0.42
1981;5;25;145;17.3;9.1;2.3;8.6;6;2;0.2;0;0.12;4.3;1.7;0;694;200;85;44;86844;3.6;5.84;0.37;0.42
1981;5;26;146;9.3;7.6;6.2;7.8;6.6;5.4;0;-1.2;0.12;4.3;1.7;0;299;86;30;12;86535;1.7;11.32;0.38;0.42
1981;5;27;147;7.1;4.8;2.2;6.6;3.9;2.2;1;0.3;0.14;4.3;1.7;0.79;395;100;52;21;86759;2.28;25.09;0.39;0.42
1981;5;28;148;11.8;7.3;1;3.5;1.7;0.3;0.4;0.1;0.14;4.3;1.7;0.88;675;241;100;66;87465;3.58;1.43;0.39;0.42
1981;5;29;149;13.9;9.1;5.1;8.3;5.7;2.6;0.8;0.6;0.12;4.3;1.7;0.3;564;181;88;46;87670;2.95;5.18;0.39;0.41
1981;5;30;150;17;10.9;4;11.7;7.7;3.2;-0.1;0.4;0.12;4.3;1.7;0.06;638;213;94;59;87695;3.05;2.53;0.39;0.41
1981;5;31;151;20;13.3;3.7;12.7;8.4;3.3;-0.2;0.3;0.12;4.3;1.7;0;728;258;107;74;87703;4.1;0.25;0.39;0.41
1981;6;1;152;20.7;14.2;6.6;14.1;10.3;5.4;-0.1;0.5;0.12;4.3;1.7;0;689;245;102;71;87852;3.74;0.98;0.38;0.41
1981;6;2;153;22.7;15.9;6.8;13.9;9.9;4.9;-0.1;0.4;0.12;4.3;1.7;0;697;250;105;75;87697;4.45;0;0.37;0.41
1981;6;3;154;22.7;15.5;8.4;16;12;7.3;0.3;0.5;0.12;4.4;1.8;0;708;234;93;68;87274;3.67;1.69;0.37;0.41
1981;6;4;155;11.2;9.1;6.5;10;7;4.9;1.8;0.2;0.12;4.4;1.8;0;283;90;39;25;87381;2.86;7.19;0.37;0.41
1981;6;5;156;12.6;9;6;7;5.2;4.2;-0.1;-0.3;0.12;4.4;1.8;0;452;129;84;36;87820;2.42;0.9;0.37;0.41
1981;6;6;157;17.3;11.4;3.4;9.1;6.1;2.7;-0.1;0;0.12;4.4;1.8;0;774;253;110;72;87692;3.82;0;0.36;0.41
1981;6;7;158;17.4;12.2;6;12.3;8.2;4.8;0.2;0.3;0.12;4.4;1.8;0;649;204;89;58;87617;3.25;1.39;0.36;0.41
1981;6;8;159;17.2;12.7;6.1;13.5;10;5.1;0.1;0.8;0.12;4.4;1.8;0;270;109;57;37;87543;1.76;1.45;0.35;0.41
1981;6;9;160;23.1;15.5;9.1;15.7;12.5;8.1;0.3;0.2;0.12;4.4;1.8;0;728;208;99;48;87469;3.61;20.92;0.35;0.41
1981;6;10;161;13.8;12.5;10.9;12.9;10.5;9.3;0.5;-0.7;0.12;4.4;1.8;0;270;83;41;14;87975;2.02;8.44;0.37;0.41
1981;6;11;162;20.9;15.4;9.7;13.6;10;8.4;-0.2;-0.1;0.12;4.4;1.8;0;792;284;122;83;88118;4.52;0.01;0.37;0.41
1981;6;12;163;20.5;14.8;7.1;12;9.7;6.1;1;-0.1;0.12;4.4;1.8;0;759;245;104;67;88148;4.27;4.93;0.36;0.41
1981;6;13;164;14.5;12.1;10.1;11.9;9.9;8;-0.4;-1;0.12;4.4;1.8;0;358;103;78;27;88447;2.13;4.23;0.36;0.41
1981;6;14;165;20.2;15.1;7.2;10.8;9.1;6.3;0.6;-0.1;0.12;4.4;1.8;0;775;284;115;85;88316;4.6;0;0.36;0.41
1981;6;15;166;21.6;16;7.6;12.5;10.1;6.6;0.8;0.1;0.12;4.5;1.8;0;778;280;113;83;87970;4.76;0.01;0.35;0.41
1981;6;16;167;17.2;12.2;7.9;12.4;9.9;7.2;1.1;-0.1;0.12;4.5;1.8;0;428;149;69;47;87490;3.2;18.19;0.35;0.41
1981;6;17;168;10.6;7.9;3.9;7.1;4.9;2;1.4;-0.8;0.12;4.5;1.8;0;458;149;67;37;87358;3.14;5.37;0.36;0.41
1981;6;18;169;6;4;2.2;5.3;3.6;1.5;1.3;-0.5;0.13;4.5;1.8;0.29;223;84;32;15;87451;2.26;22.07;0.37;0.41
1981;6;19;170;8.5;4.9;2.7;4.2;2.9;1.7;0.5;-0.7;0.15;4.5;1.8;0.96;520;135;63;21;87622;2.86;8.4;0.38;0.41
1981;6;20;171;11;7.5;4.2;2.6;1.5;0.3;0.3;-0.6;0.13;4.5;1.8;0.46;610;200;85;48;87617;3.26;0.87;0.38;0.41
1981;6;21;172;8;6.2;3.3;6.8;4.1;1.5;0.7;-0.3;0.12;4.5;1.8;0.19;381;116;57;27;87527;2.77;14.61;0.38;0.4
1981;6;22;173;6.2;4.3;2.8;5.3;3.7;2.1;-0.3;-0.5;0.12;4.5;1.8;0.11;301;93;43;18;87620;2.32;9.57;0.39;0.4
1981;6;23;174;11.2;7.4;4;8.3;5.9;2.9;-0.8;-0.4;0.12;4.5;1.8;0.05;295;84;47;16;87490;1.51;1.61;0.39;0.4
1981;6;24;175;13.2;9.4;5.3;10.1;7.9;5.3;0.2;-0.3;0.12;4.5;1.8;0;537;161;67;40;87231;2.62;4.63;0.39;0.4
1981;6;25;176;14.9;9.9;3.6;9.6;6.3;3.4;-0.1;0.2;0.12;4.5;1.8;0;598;206;84;57;87201;3.18;1.01;0.39;0.4
1981;6;26;177;15;10;4.6;10.7;7.9;3.8;0.3;0.3;0.12;4.5;1.8;0;488;172;86;52;87000;2.59;10.1;0.39;0.4
1981;6;27;178;18.7;12.8;4.5;11.9;8.6;4.2;-0.5;-0.1;0.12;4.5;1.8;0;727;250;98;65;87346;4.1;0.01;0.39;0.4
1981;6;28;179;24.6;16.2;6.8;11.8;9.5;5.7;-0.7;1.3;0.12;4.5;1.8;0;690;253;111;74;87150;4.82;0;0.39;0.4
1981;6;29;180;12.1;8.9;7;8.4;6.2;3.7;1.8;-0.2;0.12;4.5;1.8;0;179;59;51;20;87501;2.04;4.96;0.38;0.4
1981;6;30;181;11.3;8.1;5.2;4.3;3.4;2.4;1.4;-0.6;0.12;4.5;1.9;0;490;155;63;36;87774;2.64;0.04;0.38;0.4
1981;7;1;182;16.3;11.7;6.5;10.2;6.5;4.1;0.2;-0.4;0.12;4.6;1.9;0;778;281;114;82;87582;3.93;0;0.38;0.4
1981;7;2;183;20.8;15.1;6.7;14.9;10.9;5.6;-0.5;0.3;0.12;4.6;1.9;0;752;262;106;73;87243;4.13;0.55;0.37;0.4
1981;7;3;184;19.1;13.2;8;14;10.8;7.7;0.9;0.1;0.12;4.6;1.9;0;568;178;79;42;87041;3.77;28.06;0.37;0.4
1981;7;4;185;13.6;10.2;6.3;6.7;5.7;4.2;1.2;-0.3;0.12;4.6;1.9;0;486;181;83;48;87964;3.67;2.44;0.39;0.4
1981;7;5;186;16.6;12.5;6.2;9.8;7.5;4.8;-0.2;-0.1;0.12;4.6;1.9;0;536;204;91;60;88067;3.28;0.1;0.39;0.4
1981;7;6;187;16.8;12.8;7.7;12.8;9.8;6.8;0.4;0.1;0.12;4.6;1.9;0;601;211;85;59;88164;3.27;4.68;0.38;0.4
1981;7;7;188;17.9;13.6;7.9;12.9;10.7;7.9;-0.3;-0.1;0.11;4.6;1.9;0;642;214;92;56;88153;3.46;1.61;0.38;0.4
1981;7;8;189;19.8;15;7.3;12.5;9.9;6.4;-0.6;0;0.11;4.6;1.9;0;679;243;100;76;87808;4.18;0.06;0.38;0.4
1981;7;9;190;20.6;15.7;7.8;11.9;9.9;7.1;-0.4;0;0.11;4.6;1.9;0;735;252;102;73;87527;4.43;0.03;0.37;0.4
1981;7;10;191;20;15.8;9.2;13.3;10.8;7.9;0.1;0.1;0.11;4.6;1.9;0;672;235;99;72;87464;4.05;0.21;0.37;0.4
1981;7;11;192;19.7;14.9;10.1;14.7;12.2;9.1;0.4;0;0.11;4.6;1.9;0;692;210;95;53;87602;3.53;10.97;0.36;0.4
1981;7;12;193;15;13.4;11.7;14;12.8;11.3;0.6;-0.1;0.11;4.6;1.9;0;304;93;38;18;87832;2.4;28.75;0.38;0.4
1981;7;13;194;16.7;13.2;10.5;13;11.4;10.3;0.4;-0.2;0.11;4.6;1.9;0;508;152;63;33;87807;3;10.81;0.39;0.4
1981;7;14;195;14.9;12;9.3;9.6;8.5;7.2;0.9;-0.4;0.11;4.6;1.9;0;399;141;58;35;87939;2.99;4.32;0.4;0.4
1981;7;15;196;13.4;11.1;8.7;10.9;9.4;7.1;0.6;0.2;0.11;4.6;1.9;0;261;99;58;36;87948;2.14;6.26;0.4;0.4
1981;7;16;197;16.7;13;8.7;12.4;10.7;7.6;0.6;0.3;0.11;4.6;1.9;0;609;182;69;42;87730;2.75;1.45;0.4;0.4
1981;7;17;198;16;13.1;11.4;13.9;11.9;10;0.1;-0.1;0.11;4.6;1.9;0;350;100;62;27;87309;1.98;22.38;0.4;0.4
1981;7;18;199;11.3;8.2;4.4;11.2;8;4.3;0.4;0;0.12;4.6;1.9;0.18;76;18;25;12;86890;1.18;59.98;0.42;0.4
1981;7;19;200;4.4;3.9;3.2;4.4;3.8;3.1;1.5;0.1;0.34;4.6;1.9;8.01;25;8;10;3;87181;0.54;76.92;0.44;0.41
1981;7;20;201;7.7;6;4.1;6.5;5.4;4.1;1.5;0.5;0.31;4.6;1.9;6.86;219;59;34;8;87536;1.28;16.52;0.43;0.42
1981;7;21;202;12.4;8.9;5.9;8.9;7;5.4;1;0.8;0.19;4.6;1.9;2.73;245;72;59;15;87552;1.48;6.16;0.43;0.43
1981;7;22;203;17.7;11.7;4.5;12.6;8.3;2.6;0.1;0.6;0.14;4.6;1.9;0.92;672;210;91;57;87280;3.19;3.28;0.42;0.43
1981;7;23;204;20.5;13.2;7.5;11.6;9;6.1;0.4;0.3;0.12;4.6;1.9;0.15;771;243;107;61;87050;4.57;10.66;0.41;0.43
1981;7;24;205;12.5;9.5;6.3;10;8.2;6;-0.3;-0.4;0.11;4.6;1.9;0.01;263;63;30;13;87400;2.01;22.73;0.42;0.43
1981;7;25;206;11.2;7.9;5.5;6.9;5.1;3.4;1.4;0.2;0.11;4.6;1.9;0;535;155;94;45;87719;2.94;4.44;0.42;0.43
1981;7;26;207;10.5;7.3;4.8;6.9;4.8;2.7;1.3;0.1;0.11;4.6;1.9;0;505;160;68;44;88110;3.19;8.86;0.42;0.43
1981;7;27;208;9.5;7.2;5.5;8;6.4;4.1;1.5;0.6;0.11;4.6;1.9;0;157;47;43;18;87967;1.58;8.08;0.42;0.43
1981;7;28;209;12.9;9.5;5.7;7.3;6;4.9;1.2;-0.3;0.11;4.6;1.9;0;506;149;63;34;87959;2.84;2.38;0.41;0.43
1981;7;29;210;17.7;12.3;8.5;11.2;8.8;6.5;0.3;0.1;0.11;4.6;1.9;0;636;170;88;44;87917;2.97;2.15;0.41;0.43
1981;7;30;211;20.3;14.5;5.5;12.8;9.4;4.5;0.8;0.2;0.11;4.6;1.9;0;727;254;106;77;87939;4.2;0.04;0.4;0.43
1981;7;31;212;23.3;16.5;7.5;17.4;12.6;6.7;-0.1;0.5;0.11;4.5;1.9;0;743;239;105;70;87737;3.79;0.59;0.39;0.43
1981;8;1;213;22.1;16.2;11.1;16;13.5;9.7;0.3;0.8;0.11;4.5;1.9;0;651;181;87;52;87686;3.2;4.77;0.38;0.43
1981;8;2;214;25.5;17.5;9.3;18.3;14.6;9.1;0.2;0.3;0.11;4.5;1.9;0;649;211;93;56;87975;3.86;6.14;0.38;0.43
1981;8;3;215;20.4;16.5;12.5;17.4;15.3;12.4;0.2;0.2;0.11;4.5;1.9;0;501;145;62;32;88637;2.75;12.25;0.38;0.43
1981;8;4;216;20.3;16.1;11.6;16.2;13.9;11.5;-0.2;0.3;0.11;4.5;1.8;0;606;191;81;52;88635;3.36;1.35;0.38;0.42
1981;8;5;217;22.5;16.6;8.6;14.9;12.4;8.4;-0.5;0;0.11;4.5;1.8;0;728;246;110;78;88089;4.19;0;0.38;0.42
1981;8;6;218;21.7;16.5;9.7;16.5;12.9;8.9;0.3;0.4;0.11;4.5;1.8;0;634;207;97;67;87674;3.5;0.79;0.37;0.42
1981;8;7;219;20.8;16.2;11.6;16.2;12.9;9.9;0.4;0.5;0.11;4.5;1.8;0;672;204;88;64;87712;3.4;1.96;0.36;0.42
1981;8;8;220;21.1;15.4;10.2;15.5;12.7;9.1;0.1;0.3;0.11;4.5;1.8;0;617;184;93;56;87692;3.14;6.38;0.36;0.42
1981;8;9;221;15.3;13.3;11;14.4;12.6;10.7;0.7;0.2;0.11;4.5;1.8;0;262;80;41;27;87558;2.03;24.05;0.37;0.42
1981;8;10;222;14.8;12;9.5;11;10;9.1;1.2;0;0.11;4.5;1.8;0;431;139;59;38;87541;2.71;5.88;0.38;0.42
1981;8;11;223;14.8;11.8;9;11.7;10;8.8;-0.2;-0.4;0.11;4.5;1.8;0;466;117;55;24;87451;2.35;3.59;0.38;0.42
1981;8;12;224;16.3;13;10.5;12.8;11.1;10.2;-0.7;-0.6;0.11;4.5;1.8;0;467;131;68;33;87629;2.3;1.94;0.38;0.42
1981;8;13;225;17.4;13.2;8.2;10.8;9.8;8.1;-0.7;-0.2;0.11;4.5;1.8;0;533;178;82;50;87761;3;0.79;0.37;0.42
1981;8;14;226;19.2;13.8;6.4;11.2;9.1;6.4;-0.4;0;0.11;4.5;1.8;0;723;241;113;80;87885;3.84;0;0.37;0.42
1981;8;15;227;21.2;15.2;7.7;14;10.6;6.8;-0.2;0.2;0.11;4.5;1.8;0;726;244;113;82;87899;3.93;0;0.36;0.42
1981;8;16;228;21.5;15.7;8.7;14.4;11.9;7.8;1;0.4;0.11;4.5;1.8;0;627;208;99;61;87610;3.69;11.44;0.36;0.42
1981;8;17;229;12.7;10.8;8.3;12.5;9.1;5.6;-0.1;-1.1;0.11;4.4;1.8;0;300;79;53;22;87893;2.09;13.28;0.37;0.42
1981;8;18;230;16.6;11.8;6.3;9.7;7.5;5.2;-0.5;-0.4;0.11;4.4;1.8;0;733;238;122;84;88007;3.37;0;0.37;0.41
1981;8;19;231;18.8;13.3;5.9;10.4;8.4;4.9;0.8;0.2;0.11;4.4;1.8;0;716;238;117;83;87674;3.75;0;0.36;0.41
1981;8;20;232;18.8;12.9;8.6;11.2;9.5;7.2;1;0.1;0.11;4.4;1.8;0;647;182;97;52;86978;3.36;7.54;0.36;0.41
1981;8;21;233;10.9;8.5;6.1;8.8;7.1;4.8;0.8;-0.5;0.11;4.4;1.8;0;425;127;75;36;87171;3.07;14.01;0.37;0.41
1981;8;22;234;14.1;9.4;3.1;6.4;5;2.9;1;0.1;0.11;4.4;1.8;0;639;204;110;68;87608;3.35;0.12;0.37;0.41
1981;8;23;235;9.5;8.1;4.6;8.7;7;4;1.1;-0.4;0.11;4.4;1.8;0;152;39;52;19;87726;1.43;24.1;0.38;0.41
1981;8;24;236;10.2;6.8;4.5;8.1;6;4.3;0.8;-0.1;0.11;4.4;1.8;0;311;79;50;22;88181;2.07;11.95;0.39;0.41
1981;8;25;237;13;8.3;2.9;5.4;3.6;1.9;-0.2;-0.1;0.11;4.4;1.8;0;646;196;97;64;88413;3.19;0.37;0.39;0.41
1981;8;26;238;14.2;9.3;3.2;8.3;4.9;1.9;0.8;0;0.11;4.4;1.8;0;596;172;91;52;88433;2.63;2.3;0.38;0.41
1981;8;27;239;13.3;10.2;8.3;10.3;8.8;7.7;1.1;-0.3;0.11;4.4;1.8;0;375;96;69;26;88214;2.25;6.23;0.38;0.41
1981;8;28;240;13.1;9.9;7.4;9.4;8.2;7.2;1.1;-0.3;0.11;4.4;1.8;0;397;109;65;35;87799;1.95;1.99;0.38;0.41
1981;8;29;241;16;11.1;4.3;9.1;7.1;4.1;0.7;-0.1;0.11;4.3;1.8;0;594;190;102;70;87409;2.77;0.19;0.38;0.41
1981;8;30;242;15.6;11.4;5.5;10.4;8.5;4.7;-0.1;-0.2;0.1;4.3;1.8;0;444;152;89;56;87473;2.09;0.27;0.38;0.41
1981;8;31;243;18.6;12.8;5.1;10.9;8.6;4.3;0.5;0.3;0.1;4.3;1.8;0;662;206;109;73;87515;3.12;0.17;0.37;0.41
1981;9;1;244;11.7;10.4;9.4;11.5;9.7;7.9;0.1;0;0.1;4.3;1.8;0;138;42;44;22;87607;0.88;21;0.38;0.41
1981;9;2;245;12.8;10.1;7.7;9.1;8.5;7.6;-0.4;-0.1;0.1;4.3;1.7;0;324;98;54;27;87899;1.8;1.5;0.39;0.41
1981;9;3;246;12.1;9.2;6.5;9.1;7.5;6.4;-0.8;-0.5;0.1;4.3;1.7;0;393;125;68;34;88052;2.05;5.13;0.38;0.41
1981;9;4;247;12.6;9.2;6.5;7.9;7.1;6;-1.2;-0.9;0.1;4.3;1.7;0;325;89;38;20;88069;1.87;2.25;0.39;0.41
1981;9;5;248;15.6;10.6;5;9.3;7.8;4.9;-0.6;-0.4;0.1;4.3;1.7;0;628;162;95;54;88059;2.32;0.06;0.38;0.41
1981;9;6;249;17;11.8;6.9;10.2;8.5;6.8;-0.5;0;0.1;4.3;1.7;0;684;209;128;81;88156;2.77;0;0.38;0.41
1981;9;7;250;19.1;12.3;4.5;12.3;8.7;3.5;0;0.4;0.1;4.3;1.7;0;670;207;123;83;88100;2.87;0;0.37;0.41
1981;9;8;251;19.3;13.4;6;13.9;9.6;5.1;0.4;0.6;0.1;4.3;1.7;0;581;182;98;63;88135;2.87;2.01;0.37;0.41
1981;9;9;252;15.9;12;9.2;13.7;11.2;9.1;0.2;0.3;0.1;4.3;1.7;0;398;91;64;30;88062;1.49;7.41;0.37;0.41
1981;9;10;253;16.2;11.9;6.9;10.6;9.1;6.8;-0.4;0.1;0.1;4.2;1.7;0;521;143;84;46;87573;2.5;0.14;0.37;0.41
1981;9;11;254;15.5;11.3;8.4;11.7;9.8;7.8;0.6;0.5;0.1;4.2;1.7;0;434;114;57;40;87518;1.86;5.65;0.37;0.41
1981;9;12;255;18;12.1;5.1;11.6;8.9;5;-0.1;0.5;0.1;4.2;1.7;0;576;166;94;59;87576;2.66;0.24;0.37;0.41
1981;9;13;256;11.2;10.3;8.2;11.1;9.7;7.9;0.5;0;0.1;4.2;1.7;0;56;15;41;10;87759;0.6;17.71;0.37;0.41
1981;9;14;257;9.9;7;4.3;7.5;5.1;3.3;1.2;-0.1;0.1;4.2;1.7;0;494;130;78;44;87899;2.95;12.08;0.39;0.41
1981;9;15;258;10.5;6.8;2.7;5.7;4.1;1.9;0.9;0.2;0.1;4.2;1.7;0;494;128;84;53;87905;2.1;1.79;0.39;0.41
1981;9;16;259;13.1;9.3;6.5;10.5;7.6;4.1;0.8;0.5;0.1;4.2;1.7;0;355;92;51;26;87788;1.93;12.03;0.39;0.41
1981;9;17;260;13.6;10.2;7.4;10.1;8.4;6.9;0.2;-0.2;0.1;4.2;1.7;0;394;103;67;34;87748;1.67;2.87;0.39;0.41
1981;9;18;261;18.6;11.8;3.4;12.4;8.2;3.3;0;0.4;0.1;4.1;1.7;0;614;180;114;71;87333;2.52;1.82;0.39;0.41
1981;9;19;262;13.7;10.4;7.1;11.8;9.7;6.9;0;0.6;0.1;4.1;1.7;0;309;58;58;24;87306;1.14;16.26;0.4;0.4
1981;9;20;263;20.6;13.5;7;14.6;10.3;6.6;-0.3;1;0.1;4.1;1.7;0;516;150;93;54;87183;2.55;0.01;0.4;0.4
1981;9;21;264;22.6;15.1;9.5;15.7;11.2;7.7;-0.2;0.9;0.1;4.1;1.6;0;593;157;105;62;87382;2.58;0.53;0.4;0.4
1981;9;22;265;21.8;14.9;9.8;15.1;11.2;8.5;-0.3;1.3;0.1;4.1;1.6;0;462;129;93;60;87403;2.08;0;0.39;0.4
1981;9;23;266;11.3;10.1;8.3;11;9.4;8.1;0.4;0.1;0.1;4;1.6;0;55;16;33;14;87629;0.57;18.83;0.4;0.4
1981;9;24;267;13.2;9.8;6.5;10;8.6;6.5;-0.6;-0.4;0.09;4;1.6;0;300;80;47;25;87172;1.49;3.3;0.4;0.4
1981;9;25;268;13.6;10.2;7.4;9.9;8.6;6.7;0;0;0.09;4;1.6;0;329;77;94;32;86797;1.43;2.41;0.4;0.4
1981;9;26;269;19.3;12;4.7;9.7;7.1;3.7;-0.7;1.5;0.09;4;1.6;0;482;138;104;63;86704;2.44;0;0.4;0.4
1981;9;27;270;11.3;9.1;7.8;9.6;7.4;6.6;0.2;-0.2;0.09;4;1.6;0;211;57;57;22;86794;1.47;4.7;0.4;0.4
1981;9;28;271;7.8;6.7;4.6;7.2;6.4;4.5;0.7;-0.3;0.09;4;1.6;0;102;23;21;6;86711;1.17;22.49;0.4;0.4
1981;9;29;272;4.3;3.6;2.7;4.2;3.5;2.6;1.5;0.9;0.14;3.9;1.6;1.31;49;12;6;3;87414;1.07;42.54;0.43;0.41
1981;9;30;273;8.4;5.5;3.3;5.3;4.2;3;-0.3;0.2;0.14;3.9;1.6;1.48;197;56;64;27;87736;1.07;1.04;0.43;0.41
1981;10;1;274;15.5;7.5;0.7;9.1;4.5;0;-0.2;0.5;0.12;3.9;1.6;0.86;552;157;118;77;86965;1.82;0;0.42;0.42
1981;10;2;275;12.7;7.6;2.5;7.9;4.7;1.5;0.3;0.4;0.1;3.9;1.6;0.44;417;105;77;42;86214;1.54;6.95;0.41;0.42
1981;10;3;276;14.8;8.9;3.4;7.3;5.6;3.3;-0.2;0.4;0.1;3.9;1.6;0.17;530;130;101;50;86031;1.99;0.37;0.41;0.42
1981;10;4;277;12.5;8.3;4.7;6.8;5.1;2.6;0.1;-0.3;0.09;3.8;1.5;0.07;378;102;95;48;86768;1.29;0.11;0.41;0.42
1981;10;5;278;15.4;9.8;4.1;9.5;6.6;2.8;-0.3;0.1;0.09;3.8;1.5;0.03;469;132;100;68;87246;1.52;0;0.4;0.42
1981;10;6;279;21;12.5;4.9;13.5;8.1;3.7;-0.1;1.4;0.09;3.8;1.5;0;536;150;116;74;87311;2.18;0.58;0.4;0.42
1981;10;7;280;12.2;9.3;6.9;8.7;6.7;5.1;1.3;0.2;0.09;3.8;1.5;0;339;90;82;48;87961;1.61;6.82;0.4;0.42
1981;10;8;281;13.9;9.1;4.4;6.8;5.6;3.5;0;0;0.09;3.8;1.5;0;472;117;107;60;88180;1.52;0.04;0.39;0.42
1981;10;9;282;17;9.9;1.5;10.2;6;0.9;0;0.7;0.09;3.7;1.5;0;486;130;101;66;87599;1.71;1.18;0.39;0.42
1981;10;10;283;9.7;7.5;6.5;6.7;5.6;3.8;0.8;0.3;0.09;3.7;1.5;0;274;51;41;19;87163;1.47;11.24;0.39;0.42
1981;10;11;284;10.2;5.6;0.9;7.7;3.4;-1.9;2;0.6;0.09;3.7;1.5;0.01;245;57;77;34;86549;2.43;12.03;0.4;0.42
1981;10;12;285;6.5;3.6;0.8;4.9;1.7;-1.9;0.6;0.6;0.09;3.7;1.5;0.15;154;40;53;27;86331;1.23;14.75;0.4;0.42
1981;10;13;286;4.1;1.5;-0.5;2.7;-0.7;-3.1;1.8;0.1;0.13;3.7;1.5;1.73;432;105;90;49;86854;1.77;7.96;0.41;0.42
1981;10;14;287;7.1;2.7;-1.4;2.4;-1;-3.7;0.5;0.3;0.13;3.6;1.5;1.79;417;101;90;46;87097;1.34;6.87;0.41;0.42
1981;10;15;288;11.6;7.3;3;8.6;5.5;2.6;1.2;1.2;0.11;3.6;1.5;1.03;188;42;56;18;86635;1.2;10.69;0.42;0.42
1981;10;16;289;8.8;5.8;4.1;5.2;4.4;3.5;0.2;0;0.1;3.6;1.5;0.54;317;71;73;36;87590;1.17;6.32;0.42;0.42
1981;10;17;290;14.9;8.1;1.6;9.5;4.8;0.1;-0.1;1.2;0.09;3.6;1.4;0.29;409;93;82;57;87784;1.09;0;0.42;0.42
1981;10;18;291;17.3;9.3;2.3;8.8;5.5;0.8;0.5;0.5;0.09;3.6;1.4;0.12;448;121;109;68;87756;1.54;7.11;0.41;0.42
1981;10;19;292;10.1;7.5;4.7;7.6;5;3.3;0.9;-0.3;0.09;3.6;1.4;0.04;371;80;96;37;87803;1.44;1.3;0.41;0.42
1981;10;20;293;13.6;7.8;1.6;7.4;4.5;0.6;0.2;0.2;0.08;3.6;1.4;0;467;121;112;70;87033;1.27;0.08;0.41;0.42
1981;10;21;294;6.6;4.3;0.2;5.8;3.8;0;0.3;-0.7;0.09;3.6;1.4;0.24;152;32;26;12;86542;1.08;15.14;0.41;0.42
1981;10;22;295;0.2;-1.3;-2.3;0;-1.7;-3.1;0.3;-0.8;0.34;3.6;1.4;9.97;55;12;22;10;86607;0.52;19.47;0.41;0.42
1981;10;23;296;1.1;-2.1;-6.7;-3.4;-5.2;-7.9;0.4;0.4;0.51;3.5;1.4;20.53;249;63;98;49;87042;0.57;1.13;0.41;0.42
1981;10;24;297;0;-4;-12.5;-2.9;-5.8;-13.7;0.7;0.5;0.51;3.5;1.4;22.42;192;41;72;38;87422;0.34;3.5;0.41;0.42
1981;10;25;298;2.7;-5.8;-16.1;-2.3;-9.2;-17.7;-0.1;1.1;0.5;3.5;1.4;23.31;257;63;97;52;86888;0.53;0.04;0.4;0.42
1981;10;26;299;3.2;-2.3;-8.2;-0.1;-4.2;-10.4;0.2;0.5;0.49;3.5;1.4;22.97;164;36;60;27;86413;0.31;5.89;0.4;0.42
1981;10;27;300;-0.8;-1.2;-1.6;-1.5;-2.2;-2.6;1.2;0.2;0.51;3.5;1.4;35.69;41;10;13;9;86740;0.3;22.77;0.4;0.42
1981;10;28;301;2.2;-1.3;-6.3;-2.1;-4.2;-8.3;1;0.8;0.52;3.5;1.4;49.74;167;39;83;41;87532;0.46;0.8;0.4;0.42
1981;10;29;302;5.7;-3;-11.9;0.2;-6.4;-13.2;0.1;1.4;0.51;3.5;1.4;49.32;200;52;81;53;87626;0.33;0.17;0.39;0.42
1981;10;30;303;2.5;0.5;-2.7;-0.2;-1.9;-5.4;0.3;1.5;0.5;3.5;1.4;49.38;88;19;20;8;87217;0.29;8.12;0.39;0.42
1981;10;31;304;5.5;4;2.1;3.8;1.8;-0.5;1.3;1.2;0.47;3.5;1.4;43.44;60;13;4;-6;87645;-0.19;3.75;0.4;0.42
1981;11;1;305;8.9;5;2;5.2;2.7;-0.4;0.9;1.1;0.42;3.5;1.4;31.51;149;31;40;14;88374;0.04;0.09;0.41;0.42
1981;11;2;306;11.7;5.5;0;5.3;1.4;-2;1;1;0.38;3.5;1.4;25.38;267;64;78;46;88362;0.47;0;0.41;0.42
1981;11;3;307;12.7;5.5;-0.3;7.6;2.3;-2.4;0.2;0.9;0.33;3.4;1.4;19.6;270;66;81;51;88390;0.34;0;0.41;0.42
1981;11;4;308;12.9;4.5;-2.1;6.6;1.3;-3.9;0.4;1;0.29;3.4;1.4;14.95;312;76;95;60;88279;0.54;0;0.41;0.42
1981;11;5;309;7;2.6;-1.9;4.3;1;-3.6;0.5;0.1;0.26;3.4;1.4;11.89;155;35;47;23;88055;0.23;2.46;0.41;0.42
1981;11;6;310;1;-0.8;-2.9;0.8;-2.4;-3.7;1.1;-0.7;0.28;3.4;1.4;11.51;222;48;67;36;88126;0.85;3.14;0.41;0.42
1981;11;7;311;-2.3;-4.3;-6.9;-3.6;-5.8;-8.5;0.6;-0.6;0.38;3.4;1.4;16.41;126;30;77;36;87909;0.24;7.48;0.41;0.42
1981;11;8;312;-4.9;-7.1;-9.2;-8.7;-10.6;-12.6;-0.3;-0.2;0.45;3.4;1.4;20.12;197;46;72;45;87844;0.32;0.51;0.41;0.42
1981;11;9;313;-5.3;-7.6;-10.3;-8.5;-10.6;-13.3;0.5;0;0.46;3.4;1.4;21.09;148;34;58;32;87823;0.25;2.26;0.4;0.42
1981;11;10;314;-5;-9;-16.8;-8.8;-11.4;-17.9;0.5;0.4;0.48;3.4;1.4;23.15;134;33;91;36;88159;0.26;1.49;0.4;0.42
1981;11;11;315;0.5;-8.9;-21.8;-3.8;-12.3;-23.4;0.5;1.1;0.48;3.4;1.4;23.86;202;40;80;33;87801;0.27;2.67;0.4;0.42
1981;11;12;316;0.6;-1.1;-3.2;-1.7;-3.2;-5.9;1.1;0.6;0.5;3.4;1.4;26.66;63;14;24;11;87596;0.24;2.97;0.39;0.42
1981;11;13;317;1.6;0;-1.3;-0.7;-1.6;-2.4;1.2;0.3;0.48;3.3;1.4;28.22;103;20;36;15;87950;0.28;6.22;0.39;0.42
1981;11;14;318;-1.7;-3.4;-5.6;-2.5;-4.8;-6.9;1.9;-0.6;0.51;3.3;1.3;40.68;96;18;49;20;87898;0.32;21.17;0.39;0.42
1981;11;15;319;-5.1;-6.8;-8.4;-7.7;-8.7;-9.9;0.3;-0.4;0.53;3.3;1.3;55.25;140;30;69;36;88004;0.17;4.5;0.39;0.42
1981;11;16;320;-4.2;-11;-17.8;-9.7;-14.1;-19.7;-0.4;1.1;0.53;3.3;1.3;56.44;188;44;94;61;87866;0.12;0;0.38;0.42
1981;11;17;321;0.5;-11.7;-21.9;-6.4;-15.7;-24.7;0.1;1.7;0.52;3.3;1.3;56.43;192;45;89;51;87740;0.16;0;0.38;0.42
1981;11;18;322;2.2;-4;-9.4;-0.8;-6.4;-12.6;0.2;1.6;0.52;3.3;1.3;56.44;112;22;72;22;87834;0.2;0.25;0.38;0.42
1981;11;19;323;3.5;-0.7;-5.4;0.3;-3;-7.3;0.5;1.5;0.51;3.3;1.3;55.95;109;21;39;17;87982;0.19;1.84;0.38;0.42
1981;11;20;324;4.1;-2;-7.3;0.7;-4.1;-8.7;0.2;1.7;0.49;3.3;1.3;54.79;183;42;77;56;88303;0.39;0;0.38;0.41
1981;11;21;325;5.3;-1;-6.3;0.8;-4.3;-8.4;0.7;1.7;0.48;3.3;1.3;53.1;188;43;82;56;88395;0.29;0;0.38;0.41
1981;11;22;326;5.9;-0.5;-4.5;2.9;-2.9;-6.4;0.5;1.4;0.47;3.3;1.3;50.62;178;40;71;44;88388;0.08;0;0.38;0.41
1981;11;23;327;5.9;-2;-7.4;2.7;-4.1;-9;0.2;1.6;0.46;3.3;1.3;47.83;187;43;84;55;87858;0.1;0;0.38;0.41
1981;11;24;328;3.3;-0.3;-5.2;2;-2.2;-7.9;1.1;0.6;0.45;3.3;1.3;46.04;81;15;44;15;87528;0.11;4.19;0.38;0.41
1981;11;25;329;-0.9;-3.6;-5.6;-3.9;-6.3;-8.1;2.1;-0.2;0.45;3.3;1.3;46.91;162;33;71;46;87828;0.48;3.24;0.38;0.41
1981;11;26;330;-2.9;-4.8;-7.3;-7.4;-8.6;-10.7;1.5;0.7;0.47;3.3;1.3;49.33;98;20;60;28;88079;0.32;1.83;0.38;0.41
1981;11;27;331;2.1;-2.5;-8.1;-1.5;-6.3;-12.3;0.6;1.4;0.47;3.3;1.3;50.07;169;33;76;31;87369;0.28;7.19;0.37;0.41
1981;11;28;332;0.3;-2.9;-7.8;-0.8;-4.7;-9.4;1.5;0.4;0.49;3.3;1.3;56.41;125;25;63;40;86431;0.39;10.38;0.38;0.41
1981;11;29;333;-3.5;-4.9;-7.5;-5.1;-6.5;-9.2;1.5;0.2;0.52;3.3;1.3;69.61;119;23;52;14;86510;0.18;19.08;0.37;0.41
1981;11;30;334;-1.5;-3.6;-5.1;-4.1;-5.7;-7.3;1.6;0.8;0.53;3.3;1.3;89.05;56;11;21;10;86511;0.27;21.4;0.37;0.41
1981;12;1;335;-1.2;-4.7;-6.3;-2.7;-6.6;-8.1;2.1;0;0.53;3.3;1.3;112.96;58;12;48;16;86482;0.39;19.27;0.37;0.41
1981;12;2;336;-4.5;-5.5;-6.9;-6.6;-7;-7.7;1.2;-0.2;0.53;3.3;1.3;125.09;120;23;64;20;87608;0.15;10.31;0.37;0.41
1981;12;3;337;-5.7;-7.7;-12.7;-7.9;-9.5;-14.4;0.2;-0.4;0.53;3.3;1.3;131.89;118;24;80;39;88091;0.15;1.74;0.37;0.41
1981;12;4;338;-0.5;-4.7;-12.6;-3.1;-7.3;-14.6;1.5;1.2;0.53;3.3;1.3;138.39;27;6;51;3;87041;0.01;15.91;0.37;0.41
1981;12;5;339;-2;-4.9;-7;-3.1;-6.9;-9.1;2;0;0.53;3.3;1.3;151.97;112;22;58;30;86640;0.31;6.73;0.36;0.41
1981;12;6;340;-4.3;-8;-11.9;-9.5;-11.6;-14.4;0.2;1.2;0.53;3.3;1.3;154.96;110;22;59;36;85996;0.09;0.58;0.36;0.41
1981;12;7;341;-3.2;-5.7;-8.2;-6;-8.3;-11.3;0.5;1.2;0.53;3.3;1.4;158.3;115;21;69;14;85303;0.06;8.53;0.36;0.41
1981;12;8;342;-0.9;-2.9;-4.8;-4.5;-5.9;-7.2;0.6;1.6;0.53;3.3;1.4;168.61;117;23;64;26;84847;0.36;11.91;0.36;0.41
1981;12;9;343;-1.6;-3.4;-6.1;-3.8;-5.1;-9.1;1.2;0;0.53;3.3;1.4;186.18;39;8;74;27;85322;0.29;17.23;0.36;0.41
1981;12;10;344;-3.6;-5.3;-8.7;-5.8;-7.4;-10.9;0.6;0.9;0.53;3.3;1.4;196.47;62;13;75;20;85985;0.06;8.26;0.36;0.41
1981;12;11;345;-1.9;-4.7;-8.3;-5.5;-7.3;-9.8;0.1;1.6;0.53;3.3;1.4;201.16;131;25;66;37;85406;0.15;1.63;0.35;0.41
1981;12;12;346;-2.4;-4.8;-7.9;-4.1;-6.7;-8.7;0.9;-0.1;0.53;3.3;1.4;205.89;116;19;63;20;85398;0.27;8.12;0.35;0.41
1981;12;13;347;-7;-10.2;-12.8;-8.8;-14;-18.2;0;0.3;0.54;3.3;1.4;211.23;153;32;112;52;86026;0.28;1.77;0.35;0.41
1981;12;14;348;-1.6;-5.2;-10;-5.4;-9;-14.7;1.2;1.6;0.53;3.3;1.4;214.67;109;21;54;23;85012;0.17;6.06;0.35;0.41
1981;12;15;349;-2.6;-4.2;-5.4;-5.1;-6.9;-8.7;1.3;1.3;0.54;3.3;1.4;221.82;91;18;50;26;85337;0.2;10.02;0.35;0.41
1981;12;16;350;-0.7;-3.4;-4.6;-1.5;-4.4;-5.9;0.5;0.1;0.54;3.3;1.3;238.96;46;9;26;9;84969;0.08;20.8;0.35;0.41
1981;12;17;351;-2.6;-4.7;-8.6;-5.3;-6.8;-10.8;0.2;0.3;0.54;3.3;1.3;252.91;72;14;59;31;86090;0.11;7.28;0.35;0.41
1981;12;18;352;-3.6;-5.2;-8.4;-5.2;-7.6;-10.3;-0.1;1.3;0.54;3.3;1.3;256.07;45;10;31;13;85172;0.04;3.66;0.34;0.41
1981;12;19;353;-3.8;-9.1;-14;-4.8;-11;-15.6;1.6;-0.8;0.54;3.3;1.3;264.01;46;9;57;17;86150;0.38;7.67;0.34;0.4
1981;12;20;354;-9.4;-13.8;-17.9;-15.4;-17.4;-20.5;0;0.8;0.54;3.3;1.3;266.64;153;31;103;68;86827;0.05;0.03;0.34;0.4
1981;12;21;355;-7.3;-10.8;-17.2;-11.5;-14.5;-19.6;0;1.7;0.53;3.2;1.3;266.84;84;18;45;12;85635;0.03;0.26;0.34;0.4
1981;12;22;356;-4.7;-8.8;-10.7;-9.3;-12.2;-14;0.3;1.4;0.53;3.2;1.3;266.98;96;20;61;31;85093;0;0.11;0.34;0.4
1981;12;23;357;-2.3;-7.3;-13.2;-5.7;-9.6;-14.9;0;0.9;0.53;3.2;1.3;267.94;120;24;68;28;85310;0;1.08;0.34;0.4
1981;12;24;358;-5;-8.7;-12.9;-8.6;-11.6;-14.5;0.1;1.6;0.53;3.2;1.3;269.11;82;19;62;29;84932;0.02;2.06;0.34;0.4
1981;12;25;359;-5.2;-6.4;-7.7;-7.7;-8.3;-10.1;1.5;0.2;0.53;3.2;1.3;272.84;95;16;31;12;86271;0.04;6.51;0.34;0.4
1981;12;26;360;-5.7;-8.3;-14.4;-9.3;-10.9;-16.7;0.4;0.3;0.53;3.2;1.3;278.16;130;27;87;50;86877;0.11;1.63;0.34;0.4
1981;12;27;361;-9.1;-12.8;-18;-13.5;-16.5;-20.5;0;1.7;0.53;3.2;1.3;278.43;129;25;75;45;86229;0.07;0.01;0.33;0.4
1981;12;28;362;-6.3;-9.9;-12.5;-10.4;-13.4;-15.6;-0.1;2;0.53;3.2;1.3;278.44;149;30;69;46;85798;0.03;0;0.33;0.4
1981;12;29;363;-0.9;-5.1;-7.9;-5;-8.2;-11.6;-0.1;1.8;0.52;3.2;1.3;278.93;95;19;53;26;84999;0.03;1.74;0.33;0.4
1981;12;30;364;-2.8;-5.8;-10.4;-6.5;-8.7;-12.2;-0.3;1.9;0.52;3.2;1.3;280.27;147;29;72;39;85456;0.06;0.98;0.33;0.4
1981;12;31;365;1.9;-1.8;-4.3;-1.8;-4.4;-7.1;0;1.6;0.52;3.2;1.3;281.98;135;29;61;37;85641;0.03;7.02;0.33;0.4
1982;1;1;1;1.4;-1.2;-3.1;-0.8;-2.2;-4.2;0.6;0.6;0.51;3.1;1.3;292.73;82;13;35;14;86284;0.11;18.82;0.33;0.4
1982;1;2;2;0.6;-2.3;-5.7;-2.2;-4.4;-7.6;0.7;0.5;0.52;3.1;1.3;306.46;138;29;89;47;87495;0.29;1.96;0.33;0.4
1982;1;3;3;3.2;-0.6;-4.3;0.3;-2.9;-5.2;0.1;1.6;0.51;3.1;1.3;306.83;151;30;75;34;87483;0.19;0.28;0.33;0.4
1982;1;4;4;2.7;-1.1;-4.4;-1.2;-3.7;-5.5;0.7;1.4;0.5;3.1;1.3;307.02;90;17;49;32;87130;0.16;0.88;0.33;0.4
1982;1;5;5;2.3;-0.1;-1.7;-0.6;-2.4;-4.2;0.9;1.3;0.5;3.1;1.3;310.65;107;22;60;28;86853;0.15;7.27;0.33;0.4
1982;1;6;6;1.9;-1.5;-9.6;-0.6;-3.6;-12.1;1.6;-0.2;0.5;3.1;1.3;319.35;55;11;34;18;86378;0.67;19.55;0.33;0.4
1982;1;7;7;-10.3;-12.2;-14.4;-12.9;-15.9;-17.7;0;-0.8;0.51;3.1;1.3;325.93;137;28;79;54;87323;0.7;0.74;0.33;0.4
1982;1;8;8;-8.6;-11.7;-14.3;-10.3;-14.2;-17.6;-0.7;0.3;0.52;3.1;1.3;329.91;36;7;55;7;87023;0;12.2;0.33;0.4
1982;1;9;9;-0.7;-3.4;-8;-1.8;-4.7;-9.7;0.7;0.9;0.53;3.1;1.3;346.26;35;7;2;-9;86501;0;24.72;0.33;0.4
1982;1;10;10;-2.4;-4.4;-5.6;-2.9;-5.5;-6.7;-0.5;-0.1;0.54;3.1;1.2;376.02;30;6;31;4;86276;0.26;22.15;0.33;0.4
1982;1;11;11;-0.3;-3.8;-6.3;-3.3;-6.1;-8.3;0;1.5;0.54;3.1;1.2;384.76;94;19;54;28;85912;0.14;0.3;0.33;0.4
1982;1;12;12;-2.7;-4.1;-6.9;-4.1;-5.4;-7.5;-0.2;-0.1;0.54;3;1.2;389.05;52;11;56;11;86871;0.09;5.93;0.33;0.4
1982;1;13;13;-4.1;-7.1;-11;-7.1;-8.6;-12.8;-0.6;0.1;0.54;3;1.2;390.74;162;34;86;56;87907;0.09;0;0.33;0.4
1982;1;14;14;-4.3;-9.5;-14.5;-8.5;-12.7;-16.5;-0.1;1.8;0.53;3;1.2;390.73;165;36;83;61;87945;0.08;0;0.33;0.39
1982;1;15;15;-2.8;-7.4;-10.2;-6.6;-10.8;-13;0.1;2.1;0.53;3;1.2;390.79;161;35;69;52;88008;0.09;0;0.33;0.39
1982;1;16;16;-2;-7.4;-10.8;-5.9;-10.6;-13;0.1;1.9;0.53;3;1.2;390.76;164;36;69;55;87782;0.19;0;0.33;0.39
1982;1;17;17;-1.5;-8.7;-13.4;-7.3;-12.5;-15.6;0.2;1.7;0.52;3;1.2;390.69;174;39;85;65;87901;0.21;0;0.33;0.39
1982;1;18;18;-1.6;-10.6;-15.3;-7.8;-13.9;-17.4;0.1;1.6;0.52;3;1.2;390.59;176;39;78;58;88013;0.15;0;0.33;0.39
1982;1;19;19;-1.6;-10.4;-15.1;-7.5;-13.8;-17.2;0.1;1.5;0.52;3;1.2;390.54;180;40;81;56;87882;0.1;0;0.33;0.39
1982;1;20;20;-1.3;-10.5;-15.7;-7.6;-14.2;-18;0.2;1.5;0.51;3;1.2;390.56;183;41;82;57;87810;0.11;0;0.33;0.39
1982;1;21;21;-1.9;-9.7;-15.4;-8.9;-13.9;-18;0.3;1.3;0.51;3;1.2;390.55;181;40;74;44;87867;0.04;0;0.33;0.39
1982;1;22;22;-3.8;-7.7;-11.9;-7.8;-10.7;-14.6;0.2;1.1;0.51;3;1.2;390.83;118;25;34;8;87666;0.09;0.81;0.32;0.39
1982;1;23;23;-2;-4.8;-7.5;-4.1;-6.2;-9.1;0.3;0.1;0.51;3;1.2;392.47;101;20;26;5;87387;-0.03;2.89;0.32;0.39
1982;1;24;24;-3.1;-4.6;-6.2;-4.7;-6;-6.9;-0.2;-0.6;0.52;3;1.2;395.47;105;24;38;20;87457;0.1;2.13;0.32;0.39
1982;1;25;25;-4.1;-6.4;-10.9;-7;-8.7;-12.9;-0.3;-0.2;0.52;3;1.2;396.87;159;35;93;53;87488;0.2;0.61;0.32;0.39
1982;1;26;26;-0.7;-7.6;-14.5;-7;-11.2;-16.6;0.2;1.4;0.51;3;1.2;397.03;148;31;72;34;86609;0.1;0.23;0.32;0.39
1982;1;27;27;-1.4;-3.8;-6.2;-3.3;-5.4;-9.2;0;0.1;0.52;3;1.2;399.45;85;19;22;4;86211;-0.03;4.06;0.32;0.39
1982;1;28;28;-2.1;-3.7;-4.9;-3.7;-5;-6.6;0.8;-0.2;0.52;3;1.2;401.94;110;24;52;20;87481;0.08;1.14;0.32;0.39
1982;1;29;29;-2;-2.7;-3.5;-3.6;-5;-7.7;2.3;0.5;0.53;3;1.2;410.72;29;6;22;9;87301;0.13;23;0.32;0.39
1982;1;30;30;1.8;0.6;-1.7;-0.3;-1.4;-3.5;2.7;0.8;0.54;3;1.2;437.11;40;8;14;4;87370;0.11;16.63;0.32;0.39
1982;1;31;31;1.5;-0.6;-2.6;-1;-2.3;-2.8;2.5;0.1;0.52;3;1.2;447.36;36;7;18;10;87642;0.43;16.29;0.32;0.39
1982;2;1;32;-2;-4.1;-6.7;-3.3;-6.2;-8.7;-0.5;-0.6;0.52;3;1.2;456.32;195;44;105;61;88079;0.54;0.83;0.32;0.39
1982;2;2;33;-2.8;-7.4;-11.4;-9;-11;-14.2;-0.8;0.4;0.51;3;1.2;456.26;221;53;105;87;87820;0.2;0;0.32;0.39
1982;2;3;34;-1.3;-10.5;-16.9;-8.5;-14.8;-19.5;0;1.1;0.51;3;1.2;456.2;229;55;106;82;87756;0.18;0;0.32;0.39
1982;2;4;35;-0.1;-10.9;-17.6;-6.8;-14.9;-20.1;0.2;1.5;0.51;3;1.2;456.16;227;55;93;65;88208;0.1;0;0.32;0.39
1982;2;5;36;1.5;-9.2;-15.9;-5.2;-13;-18;0.1;1.4;0.5;3;1.2;456.21;227;55;89;58;88437;0.04;0;0.32;0.39
1982;2;6;37;0.2;-6.7;-14.2;-5;-10.1;-16.3;0.3;1.4;0.5;3;1.2;456.45;181;44;49;26;88057;0.07;1.46;0.32;0.39
1982;2;7;38;3.9;-1.1;-4.7;-0.5;-3.4;-5.7;0.2;1;0.5;3;1.2;459.06;141;32;64;14;87833;0.01;1.6;0.32;0.39
1982;2;8;39;3.9;-1.7;-5.4;-1;-3.7;-6.6;0.9;0.8;0.5;3;1.2;461.01;182;37;65;32;87551;0.17;5.98;0.32;0.39
1982;2;9;40;0.6;-2.4;-6.2;-2.3;-4.3;-7.5;0.3;0.7;0.5;3;1.2;467.14;99;21;68;30;88114;0.13;2.8;0.32;0.39
1982;2;10;41;7;-1.7;-7.2;0.6;-4.8;-8.8;0;1.1;0.5;3;1.2;467.9;237;59;85;62;88136;0.25;0;0.32;0.39
1982;2;11;42;7.1;-1.4;-7.5;0.1;-5;-8.6;0.1;1;0.49;3;1.2;467.85;237;59;87;63;88054;0.26;0;0.32;0.39
1982;2;12;43;6.2;-2.1;-8.7;-0.3;-5.9;-10.4;-0.1;1;0.49;3;1.2;467.73;248;61;89;64;87981;0.3;0;0.32;0.39
1982;2;13;44;5.5;-3;-10;-1.6;-6.9;-11.7;0.2;0.9;0.48;3;1.2;467.61;248;64;97;68;87330;0.31;0;0.31;0.39
1982;2;14;45;3.5;-3.7;-11.5;-2.7;-7.2;-13.1;0;0.7;0.48;3;1.2;467.51;227;57;76;49;87091;0.26;0.07;0.31;0.39
1982;2;15;46;1;-3;-6.4;-3.2;-5.4;-8;-0.3;0.2;0.48;3;1.2;467.61;236;59;92;54;86794;0.12;0.06;0.31;0.39
1982;2;16;47;3.3;-4.1;-10.7;-3;-8;-13;-0.3;0.8;0.47;3;1.2;467.59;268;68;98;71;87042;0.28;0;0.31;0.39
1982;2;17;48;6.9;-2.6;-8.7;-1.1;-6.4;-11;-0.1;1.3;0.47;3;1.2;467.53;267;67;89;60;87160;0.23;0;0.31;0.38
1982;2;18;49;4.1;-2.2;-8.1;-1.6;-5.1;-9.8;0.2;0.3;0.47;3;1.2;467.57;241;58;73;46;87422;0.2;1.62;0.31;0.38
1982;2;19;50;0.7;-2.5;-5.4;-2.8;-3.8;-6.1;-0.5;-0.4;0.49;3;1.2;473.04;147;37;64;27;87388;0.17;4.91;0.31;0.38
1982;2;20;51;-1.3;-5.2;-9.2;-5.1;-7.5;-10.7;-0.9;-0.4;0.5;3;1.2;473.87;256;64;87;57;87485;0.46;0.02;0.31;0.38
1982;2;21;52;-3.1;-8.3;-12.7;-9.7;-11.7;-14;-0.9;0.1;0.49;3;1.2;473.58;294;76;113;83;87347;0.36;0;0.31;0.38
1982;2;22;53;-5.7;-9.8;-13.3;-11.8;-13.7;-16.8;-0.8;-0.1;0.49;3;1.2;473.47;283;74;98;78;86478;0.21;0.05;0.31;0.38
1982;2;23;54;-4.7;-9.6;-14.1;-10.4;-13.4;-16.6;0;0.4;0.49;3;1.2;474.16;214;52;56;37;86012;0.14;1.96;0.31;0.38
1982;2;24;55;-5.1;-9.1;-12.9;-9.1;-12;-15.5;0.2;-0.1;0.5;3.1;1.2;477.21;194;45;48;28;86206;0.06;5.06;0.31;0.38
1982;2;25;56;-5;-8.6;-11.3;-10.3;-12.3;-14.6;-0.5;-0.2;0.51;3.1;1.3;481.25;254;60;100;49;85918;0.18;1.15;0.31;0.38
1982;2;26;57;-5.2;-9.1;-14.2;-9.4;-12.6;-17.3;0.4;0.2;0.51;3.1;1.3;481.62;211;52;68;41;86450;0.07;0.53;0.31;0.38
1982;2;27;58;-0.2;-8;-15.8;-8.3;-12.8;-18;0.2;0.8;0.51;3.1;1.3;481.82;290;79;101;74;86894;0.07;0;0.31;0.38
1982;2;28;59;2.8;-5;-14.8;-4.3;-10;-16.7;0.7;1.2;0.51;3.1;1.3;481.83;293;67;92;37;87276;0.1;0.24;0.31;0.38
1982;3;1;60;5.4;0.1;-6.1;-0.2;-3.2;-6.9;0.9;0.8;0.5;3.1;1.3;482.09;270;71;86;40;87139;-0.08;0.02;0.31;0.38
1982;3;2;61;0.1;-2.5;-6.4;-2.8;-4.8;-8.5;1.8;0.4;0.51;3.1;1.3;485.97;157;33;67;36;86951;0.19;8.08;0.31;0.38
1982;3;3;62;4.4;-1.7;-7.8;-3.2;-6.7;-10.5;0.4;1.6;0.51;3.1;1.3;490.06;228;64;75;59;87339;0.4;0.15;0.31;0.38
1982;3;4;63;2.5;-1.9;-5.8;-0.7;-4.4;-8.8;0.6;0.4;0.51;3.1;1.3;490.89;223;55;62;36;87083;0.08;3.85;0.31;0.38
1982;3;5;64;-1.4;-3.5;-6.3;-3.1;-5.1;-8;0.5;-0.7;0.52;3.1;1.3;498.31;163;40;72;30;87937;0.29;9;0.31;0.38
1982;3;6;65;-3.3;-6.1;-8.3;-7.5;-9.3;-11.3;-1;-0.8;0.53;3.1;1.3;503.82;243;64;67;47;88155;0.61;2.21;0.31;0.38
1982;3;7;66;1.3;-4.2;-9.2;-3.9;-7.6;-11;-0.5;0.1;0.52;3.2;1.3;504.23;282;75;90;64;87416;0.04;0;0.31;0.38
1982;3;8;67;2.4;-3.5;-11.9;-3.2;-7.6;-14.1;0;0.4;0.52;3.2;1.3;504.22;313;87;93;68;87322;0.08;0;0.31;0.38
1982;3;9;68;1.6;-3.2;-10.5;-3.2;-7;-12.5;0.3;0.5;0.52;3.2;1.3;504.2;294;76;88;55;87299;0.11;0;0.31;0.38
1982;3;10;69;3.2;-2.5;-10.5;-4.7;-7.4;-12.2;0;1.6;0.51;3.2;1.3;504.16;322;87;104;56;86668;0.36;0.27;0.31;0.38
1982;3;11;70;-1.5;-3.4;-4.9;-4.6;-6.3;-7.7;2.5;0.3;0.52;3.2;1.3;509.45;232;62;67;36;86413;0.57;11.12;0.31;0.38
1982;3;12;71;3.6;-2.2;-6.7;-4.1;-7;-9.7;0.4;1.1;0.53;3.2;1.3;515.65;301;73;93;46;86941;0.37;2.12;0.31;0.38
1982;3;13;72;-1.3;-3.3;-5.5;-4.2;-6;-7.2;1.9;0;0.53;3.2;1.3;520.14;248;67;75;41;87027;0.44;8.43;0.3;0.38
1982;3;14;73;-1.6;-5;-10.4;-6.9;-8.7;-12.7;1;0;0.53;3.2;1.3;526.84;300;82;90;59;87811;0.43;2.87;0.3;0.38
1982;3;15;74;4.9;-4.2;-13;-5.2;-10.5;-15;-0.2;0.9;0.53;3.2;1.3;527.11;330;96;103;79;87488;0.3;0;0.3;0.38
1982;3;16;75;7.2;-1.9;-10.5;-2.4;-7.6;-13.2;0;1;0.53;3.2;1.3;527.01;324;86;88;57;86860;0.21;0;0.3;0.38
1982;3;17;76;4;-1.2;-6.1;-1;-3.8;-8.2;0.3;0.5;0.52;3.3;1.3;528.45;254;58;55;28;86510;0.03;7.94;0.3;0.38
1982;3;18;77;-1.4;-2.9;-4.6;-2.3;-3.9;-5.4;0.7;-0.4;0.53;3.3;1.3;543.38;113;29;30;18;86479;0.17;15.45;0.3;0.38
1982;3;19;78;-0.7;-4.1;-9.2;-5.3;-6.6;-11.1;1.1;0.2;0.53;3.3;1.3;553.35;275;71;85;47;86715;0.37;4.54;0.3;0.38
1982;3;20;79;1.4;-3.8;-10.1;-2.7;-6.7;-11.6;0.2;0.9;0.53;3.3;1.3;556.71;196;46;68;28;86377;0.2;5;0.3;0.38
1982;3;21;80;1.1;-1.9;-4.4;-3.9;-5.2;-6.1;0;-0.3;0.53;3.3;1.3;559.9;236;71;66;37;87265;0.21;1.22;0.3;0.38
1982;3;22;81;0.9;-3;-6.3;-2.1;-5.1;-7.8;0.3;-0.2;0.53;3.3;1.3;561.85;257;70;65;36;87580;0.17;6.4;0.3;0.38
1982;3;23;82;-0.4;-3.3;-5.3;-4;-5.2;-6.5;-0.1;-0.6;0.53;3.3;1.3;568.65;253;75;67;41;87887;0.28;4.69;0.3;0.38
1982;3;24;83;2.2;-1.9;-5.3;-4.3;-5.6;-8.5;-1.1;-0.3;0.52;3.4;1.4;571.08;363;108;109;72;88401;0.33;0.11;0.3;0.38
1982;3;25;84;3.8;-1.9;-10.2;-2.9;-7;-12.4;-0.7;0.3;0.52;3.4;1.4;570.88;345;104;100;78;88400;0.25;0;0.3;0.38
1982;3;26;85;5.6;0.2;-7.7;-0.7;-5;-10.6;-0.5;0.5;0.51;3.4;1.4;570.79;358;110;96;73;88130;0.21;0;0.3;0.38
1982;3;27;86;10.5;1.7;-6.5;1;-3.9;-8.3;-0.1;0.7;0.5;3.4;1.4;570.42;371;114;99;74;87510;0.42;0;0.3;0.38
1982;3;28;87;7.6;1;-4.4;1.6;-2.8;-6.9;0.4;1.1;0.49;3.4;1.4;569.3;354;105;93;63;86957;0.38;2.58;0.3;0.38
1982;3;29;88;5.5;0.7;-5.5;0.2;-2.4;-6.5;0.6;0.7;0.48;3.4;1.4;568.16;350;96;74;52;86598;0.5;1.18;0.3;0.37
1982;3;30;89;5.8;0.9;-4.6;0.6;-1.8;-6.3;-1;-0.2;0.47;3.4;1.4;566.24;351;102;87;51;85940;0.4;1.68;0.31;0.37
1982;3;31;90;6.5;2.1;-3.4;1;-0.2;-5.1;-1.5;-0.4;0.45;3.5;1.4;560.56;317;89;81;38;86293;0.37;1.03;0.32;0.37
1982;4;1;91;8.4;2.1;-5;1.4;-2.3;-6.7;-0.5;0.4;0.44;3.5;1.4;553.97;443;136;106;80;87111;0.68;0;0.32;0.37
1982;4;2;92;8.3;2.5;-4.5;1.6;-1.2;-6.2;1;0.5;0.43;3.5;1.4;547.65;402;114;94;53;87193;0.57;1.9;0.32;0.37
1982;4;3;93;4.5;2.5;1;2.2;1;0.1;0.5;-0.1;0.42;3.5;1.4;540.03;246;60;43;15;87559;0.11;5.47;0.34;0.37
1982;4;4;94;7.6;3.4;-1.1;1.4;-0.2;-3.6;-0.8;0.2;0.42;3.5;1.4;531.23;446;138;102;71;87504;0.61;0;0.35;0.37
1982;4;5;95;12.6;4.5;-4.7;4.8;-0.5;-6.4;-0.2;0.7;0.41;3.5;1.4;520.49;466;148;105;76;87432;0.56;0;0.36;0.37
1982;4;6;96;12.5;5.2;-1.9;3.2;0.4;-3.6;0.6;0.3;0.41;3.5;1.4;507.15;441;134;94;47;87622;0.56;5.6;0.37;0.37
1982;4;7;97;7.7;4.7;0.2;3.4;2.4;-1.6;0.8;0.4;0.4;3.6;1.4;492.8;211;65;75;21;87633;0.06;2.83;0.38;0.37
1982;4;8;98;9.8;3.2;-2.8;3.2;0.2;-4.2;1.7;0.3;0.4;3.6;1.4;481.37;349;99;67;37;86770;0.38;10.88;0.39;0.37
1982;4;9;99;0.8;-1.8;-4.4;-2.3;-5.4;-6.8;1.5;-0.8;0.46;3.6;1.4;479.63;328;92;66;36;87138;1.47;4.2;0.4;0.38
1982;4;10;100;2;-1.2;-4.2;-3.8;-5.2;-6.4;1.8;-0.1;0.46;3.6;1.4;480.35;327;105;70;45;86920;1.51;1.68;0.4;0.38
1982;4;11;101;2.2;-0.8;-4;-1.6;-3.5;-5.6;1.4;-0.1;0.47;3.6;1.4;483.82;301;97;65;40;86827;0.7;6.71;0.39;0.38
1982;4;12;102;1;-2.1;-3.8;-3.5;-4.5;-5.4;1;-0.8;0.49;3.6;1.4;491.83;323;85;64;29;86713;1.02;7.57;0.39;0.38
1982;4;13;103;-0.5;-3.3;-5.8;-5.4;-6.6;-7.4;-0.1;-1;0.5;3.6;1.4;495.08;263;77;58;37;86718;0.94;3.19;0.39;0.38
1982;4;14;104;-0.1;-3.2;-6.3;-7;-8;-8.8;-1.7;-0.8;0.5;3.7;1.5;496.4;297;98;66;46;87076;1.13;0.54;0.39;0.38
1982;4;15;105;2.6;-1.8;-5.8;-4.1;-6.8;-9;-1.6;-0.5;0.5;3.7;1.5;496.08;377;122;90;73;87105;0.89;0;0.39;0.38
1982;4;16;106;6.1;2.1;-3.6;0.5;-2.5;-7.2;-0.6;-0.4;0.49;3.7;1.5;495.93;426;137;93;66;86966;0.58;0;0.38;0.38
1982;4;17;107;5.2;2.2;-2.7;-0.1;-2.3;-4.5;0.3;-0.2;0.48;3.7;1.5;495.69;370;112;93;50;87036;0.67;0.41;0.38;0.38
1982;4;18;108;4.1;1.5;-0.8;-1.6;-3.1;-5.6;-0.1;-0.7;0.46;3.7;1.5;494.68;344;115;83;51;87149;0.82;0.29;0.38;0.38
1982;4;19;109;3.4;0.4;-2.2;-4;-5.5;-6.1;-0.9;-0.6;0.44;3.7;1.5;493.34;423;133;86;71;87231;1.24;0.05;0.38;0.38
1982;4;20;110;3;0.1;-2.6;-2.3;-5.1;-6.4;-0.6;-0.3;0.43;3.8;1.5;492.74;337;111;82;59;87265;1.05;0.62;0.38;0.38
1982;4;21;111;3.3;-0.2;-5.1;-2.6;-4.7;-7.2;0.2;0.2;0.43;3.8;1.5;492.76;316;113;81;58;87321;0.92;0.77;0.38;0.38
1982;4;22;112;4.4;-0.5;-4.8;1.5;-2.3;-6.1;0.1;0.1;0.42;3.8;1.5;493.29;389;113;77;54;87359;0.41;4.97;0.38;0.38
1982;4;23;113;3.8;-0.6;-6.2;-1.9;-5.4;-7.6;0.4;0.1;0.42;3.8;1.5;492.56;433;137;92;69;87342;1.28;0.15;0.38;0.38
1982;4;24;114;1.2;-1.2;-3.2;-1.5;-3.1;-5.6;0.7;-0.2;0.45;3.8;1.5;497.13;269;65;41;21;87340;0.7;9.46;0.38;0.38
1982;4;25;115;3.5;-0.3;-4.6;-2.1;-4.1;-5.4;-0.5;-0.1;0.47;3.8;1.5;501.32;391;117;88;49;87931;1.07;1.72;0.38;0.38
1982;4;26;116;5;0.4;-5.8;-0.2;-3.2;-7.2;0.9;-0.3;0.45;3.9;1.5;500.73;412;126;90;48;87837;0.96;3.58;0.38;0.38
1982;4;27;117;2.4;-0.2;-2.9;0.6;-2;-4.2;0.7;-0.8;0.46;3.9;1.5;502.99;375;115;69;43;87700;0.77;7.47;0.38;0.38
1982;4;28;118;3.5;0.4;-3.7;0.5;-1.3;-4.5;0.8;-0.4;0.47;3.9;1.5;504.09;317;99;68;33;87515;0.49;7.1;0.38;0.38
1982;4;29;119;4.2;1.1;-1.2;0;-1;-1.6;1.1;-0.3;0.47;3.9;1.6;502.84;259;91;48;23;87005;0.74;13.71;0.39;0.38
1982;4;30;120;0.3;-2;-4.1;-2.5;-5.3;-7;0.9;-0.7;0.5;3.9;1.6;510.64;380;105;78;42;87230;1.32;5.17;0.39;0.38
1982;5;1;121;4.1;0.2;-4.7;-0.7;-3.4;-6.8;1.5;0.5;0.49;3.9;1.6;512.02;184;65;72;30;87345;0.82;1.96;0.39;0.38
1982;5;2;122;5.1;1.4;-3.7;0;-1.4;-5;0.8;0;0.48;4;1.6;514.12;330;97;90;45;87516;0.64;5.04;0.39;0.38
1982;5;3;123;11.9;4;-5.2;3.5;-1.8;-6.2;0.2;0.6;0.46;4;1.6;509.92;488;165;98;76;87185;1.22;0;0.39;0.38
1982;5;4;124;13.5;5.2;-2.7;4.3;0.7;-4.4;-0.2;0.4;0.44;4;1.6;498.71;474;154;85;56;87035;0.83;1.51;0.4;0.39
1982;5;5;125;12.2;4.5;-1.2;4.3;1.4;-2.5;0.4;0.1;0.43;4;1.6;483.03;426;120;67;36;86842;0.42;7.57;0.41;0.39
1982;5;6;126;6.7;2.9;-0.2;3.5;1.7;-0.3;-0.2;-0.8;0.44;4;1.6;470.75;301;95;48;21;87094;0.21;6.02;0.42;0.39
1982;5;7;127;4.6;1.5;-1.4;-0.1;-3.4;-5.5;1.1;0.1;0.45;4;1.6;464.34;361;116;98;49;87658;1.52;3.61;0.42;0.39
1982;5;8;128;6.8;2.7;-2.8;2.8;-0.6;-5.1;-0.7;0.2;0.44;4.1;1.6;460.3;375;110;87;41;87407;0.73;1.92;0.42;0.4
1982;5;9;129;6.5;3.8;1.4;3.5;2.1;0.1;0.5;-0.1;0.43;4.1;1.6;453.1;278;67;31;12;87140;0.16;5.14;0.42;0.4
1982;5;10;130;8;4.1;1.1;3.8;2.4;0.9;0.2;-0.7;0.42;4.1;1.6;440.27;350;101;62;16;87448;0.28;6.23;0.43;0.4
1982;5;11;131;8.8;4.2;-1.9;0.5;-0.8;-2.3;0.6;-0.1;0.42;4.1;1.6;425.9;485;176;106;77;87855;1.45;0;0.43;0.41
1982;5;12;132;9.8;5.6;-2.6;2.9;0.6;-4.7;-0.2;-0.1;0.41;4.1;1.6;413.24;536;186;116;83;88339;1.16;0.04;0.43;0.41
1982;5;13;133;10.1;5.5;-2;4.2;1.4;-3.6;-0.3;0.1;0.41;4.1;1.7;398.34;524;181;103;74;88388;1.1;0.22;0.43;0.41
1982;5;14;134;12.3;6.4;-3.3;4.3;0.9;-4.5;-0.5;0.3;0.4;4.2;1.7;381.15;537;190;101;75;88159;1.31;0;0.43;0.41
1982;5;15;135;15.8;8.4;-2.5;6.1;1.5;-3.7;0;0.5;0.4;4.2;1.7;361.36;537;188;95;67;87771;1.27;0.02;0.43;0.42
1982;5;16;136;16.2;8.7;-1.4;10.2;2.8;-3;0.2;0.6;0.4;4.2;1.7;338.9;528;186;89;60;87580;1.16;0.27;0.43;0.42
1982;5;17;137;13.1;7.1;0.4;9.7;4.8;-1.2;0.3;0.7;0.39;4.2;1.7;315.56;469;126;61;35;87626;0.09;7.53;0.43;0.43
1982;5;18;138;16.8;8.7;0.1;10.6;4.9;-1.1;0.2;0.7;0.39;4.2;1.7;291.78;516;164;77;43;87604;0.58;4.63;0.43;0.43
1982;5;19;139;12.4;7.9;0.9;9.9;6.2;0.6;0.4;0.4;0.38;4.2;1.7;265.15;420;147;57;31;87896;0.12;5.52;0.43;0.43
1982;5;20;140;14.9;8.8;0;11.1;6.7;-0.1;0.3;0.5;0.38;4.2;1.7;239.46;471;143;78;35;87965;0.31;7.76;0.42;0.43
1982;5;21;141;12.5;8.2;2.6;9.9;7;2.6;0.3;0.4;0.37;4.2;1.7;217.54;345;99;59;18;88066;-0.1;11.29;0.42;0.44
1982;5;22;142;13.6;8;0.2;8.9;5.3;0;0.6;0.3;0.37;4.2;1.7;196.66;388;126;56;20;87711;0.51;7.14;0.43;0.44
1982;5;23;143;15.1;9.1;4.8;8.7;6.4;4.4;0.4;0.1;0.36;4.3;1.7;173.68;463;131;70;12;87057;0.79;23.13;0.43;0.44
1982;5;24;144;7.1;4.5;2.7;4.5;3.1;1.4;1.6;0.4;0.34;4.3;1.7;155.47;379;100;71;22;87248;0.9;16.75;0.42;0.44
1982;5;25;145;11.4;7.3;2.2;4.2;2.6;0.4;-0.4;0;0.32;4.3;1.7;141.96;483;178;97;57;87996;1.7;0.38;0.42;0.44
1982;5;26;146;16;10.2;-1;8.6;4.2;-2.2;-0.3;0.1;0.31;4.3;1.7;125.9;625;228;110;79;87936;2.19;0;0.42;0.44
1982;5;27;147;17.5;11.7;2.1;11;6;1;0.5;0.5;0.3;4.3;1.7;108.38;510;194;83;55;87850;1.89;0.94;0.41;0.43
1982;5;28;148;12.9;10.4;7.8;10.3;8.7;5.9;0.3;-0.4;0.3;4.3;1.7;92.33;332;103;34;10;88078;0.63;13.96;0.42;0.43
1982;5;29;149;9.7;8.6;7.7;8.3;7.3;6.5;-0.9;-0.8;0.29;4.3;1.7;78.5;216;68;24;-1;88327;0.65;4.33;0.42;0.43
1982;5;30;150;15.4;10.7;5.3;7.8;6.6;5.2;-1.4;-0.4;0.28;4.3;1.7;64.83;655;238;105;71;88165;2.27;0;0.41;0.43
1982;5;31;151;17.9;12.6;2.8;11.9;7.8;2.2;-0.1;0;0.26;4.3;1.7;50.02;571;207;86;59;88193;2.22;0.22;0.4;0.43
1982;6;1;152;20.2;14.2;4;12.9;9.2;3.3;-0.4;0.1;0.24;4.3;1.7;37.02;605;219;89;62;88316;2.52;0.05;0.4;0.43
1982;6;2;153;21;14.3;4.7;13.1;9.7;3.9;0;0.4;0.23;4.3;1.7;25.01;645;225;89;62;87997;2.68;1.3;0.39;0.43
1982;6;3;154;19.7;14.1;6.4;13.1;9.6;4.9;-0.1;0.5;0.21;4.4;1.8;14.71;643;210;90;61;87956;2.7;0.58;0.39;0.43
1982;6;4;155;21;14.1;5.8;14.2;9.5;4.7;0.1;0.7;0.17;4.4;1.8;7.07;677;227;97;68;87935;3.19;0.79;0.39;0.43
1982;6;5;156;20.6;13.9;6.4;13.2;9.7;4.9;0.2;0.6;0.14;4.4;1.8;2.82;703;234;101;65;87905;3.64;3.51;0.38;0.43
1982;6;6;157;19.4;13.7;6.6;13.4;10.2;5.4;0.4;0.3;0.13;4.4;1.8;1.03;684;219;89;60;87684;3.43;4.45;0.37;0.43
1982;6;7;158;17.3;12.4;7.9;12.7;10.6;7.2;0.6;0.4;0.12;4.4;1.8;0.37;522;161;67;43;87866;2.74;7.75;0.37;0.43
1982;6;8;159;18.4;13.7;6.7;11.9;9.6;6.5;-0.5;-0.1;0.12;4.4;1.8;0.14;582;220;84;56;87866;3.52;0.29;0.37;0.43
1982;6;9;160;18.7;13.6;7.9;12.9;10.2;6.7;0.2;0.2;0.12;4.4;1.8;0.05;665;216;101;62;87696;3.37;3.65;0.36;0.43
1982;6;10;161;17.8;13.5;7.7;14;11.1;6.9;0;0.2;0.12;4.4;1.8;0.01;565;208;92;62;87475;2.96;2.34;0.36;0.42
1982;6;11;162;18.8;12.6;7.5;12.6;10;6.5;0.5;0.4;0.12;4.4;1.8;0;595;176;98;44;87119;3.27;18.24;0.36;0.42
1982;6;12;163;10.8;8.3;5.3;10.4;7.2;3.6;0.7;0.7;0.12;4.4;1.8;0;191;52;63;36;86824;1.57;17.65;0.37;0.42
1982;6;13;164;7.9;5.9;3.2;5.7;3.8;2.1;1.4;0.4;0.12;4.4;1.8;0;297;110;68;35;86565;2.77;7.3;0.37;0.42
1982;6;14;165;9.3;5.7;3.5;6.8;4.7;3.3;1.7;0.1;0.12;4.4;1.8;0;521;138;49;24;87093;3.15;15;0.38;0.42
1982;6;15;166;10.3;7;2.5;7.2;5;2.1;0.7;-0.2;0.12;4.5;1.8;0;510;170;79;48;87429;2.74;4.01;0.38;0.42
1982;6;16;167;11.6;8.2;3.6;9.8;6.6;2.6;1;0.7;0.12;4.5;1.8;0;284;77;50;21;87480;1.62;22.3;0.38;0.42
1982;6;17;168;14.7;10.7;7.9;9.5;8.2;7.2;0.1;-0.6;0.12;4.5;1.8;0;574;180;92;44;87637;2.92;2.93;0.39;0.42
1982;6;18;169;17.7;11.1;4.2;12.8;9;3.6;0.9;0.5;0.12;4.5;1.8;0;478;139;77;44;87357;2.66;15.54;0.39;0.42
1982;6;19;170;11.8;9.7;5.7;8.4;6.7;5.4;0.9;0.1;0.12;4.5;1.8;0;394;138;57;36;87527;2.46;2.72;0.4;0.42
1982;6;20;171;15.7;11.7;8.3;8.3;6.2;5.3;0.2;-0.5;0.12;4.5;1.8;0;670;224;119;66;87631;3.53;0.18;0.39;0.42
1982;6;21;172;16.8;12;5.1;12.8;8.7;3.9;0.5;0.5;0.12;4.5;1.8;0;446;144;62;44;87564;2.34;1.37;0.39;0.42
1982;6;22;173;20;14.3;7.1;14.8;10.8;6.9;0.1;0.2;0.12;4.5;1.8;0;656;208;95;48;87391;3.47;3.89;0.38;0.42
1982;6;23;174;13;10.8;7.3;12.6;10.2;6.2;0.4;0.6;0.12;4.5;1.8;0;109;37;52;21;87225;1.26;37.2;0.4;0.42
1982;6;24;175;16.6;12;5.2;10.3;7.9;4.4;0.4;-0.1;0.12;4.5;1.8;0;458;195;85;58;87489;3.31;0.23;0.4;0.42
1982;6;25;176;21.4;15.6;7.1;17;12.7;6.1;-0.4;0.4;0.12;4.5;1.8;0;599;206;89;57;87215;3.14;3.1;0.4;0.42
1982;6;26;177;14.1;12.6;11;14;12.4;10.8;0.3;-0.1;0.12;4.5;1.8;0;146;41;35;12;87082;0.83;38.62;0.41;0.42
1982;6;27;178;11;9.3;7.7;10.5;7.2;4.9;1.6;0.2;0.12;4.5;1.8;0;319;100;67;28;87281;2.65;13.13;0.43;0.42
1982;6;28;179;14.2;10.7;6.9;8.4;6.5;5;1.6;0.1;0.12;4.5;1.8;0;644;228;91;57;87502;3.82;2.5;0.42;0.42
1982;6;29;180;14.3;10;6.7;9.1;7;5.3;1.3;0.2;0.12;4.5;1.8;0;665;176;91;47;87611;3.3;10.36;0.42;0.42
1982;6;30;181;12.8;9.5;5.6;7.9;6.2;4.6;1.3;-0.2;0.12;4.5;1.9;0;628;207;78;52;88113;3.55;3.67;0.42;0.42
1982;7;1;182;15.9;11.7;7.9;9.3;6.2;5.1;0.5;-0.5;0.12;4.6;1.9;0;662;219;104;61;88185;3.49;0.21;0.41;0.42
1982;7;2;183;20.7;14.6;5.5;14.8;9.9;4.4;0;0.7;0.12;4.6;1.9;0;671;242;100;71;87711;3.99;0.19;0.4;0.42
1982;7;3;184;23.1;16.6;9.9;15.7;11.3;7.6;0.1;0.8;0.12;4.6;1.9;0;704;211;86;57;87458;3.96;0.62;0.4;0.42
1982;7;4;185;14.6;12.5;9.6;12.6;8.5;5.8;1.5;0.1;0.12;4.6;1.9;0;529;149;85;43;87833;3.52;14.11;0.4;0.42
1982;7;5;186;18.7;14;9.7;10.7;7.9;6.3;0.8;-0.3;0.12;4.6;1.9;0;788;274;119;80;88102;4.49;0;0.39;0.42
1982;7;6;187;20.3;15;7.2;11.4;9.5;5.9;1.1;-0.1;0.12;4.6;1.9;0;692;246;99;69;87893;4.34;0.24;0.39;0.42
1982;7;7;188;15.9;13.4;9.9;12.1;10.5;8.5;0.7;-0.7;0.11;4.6;1.9;0;476;175;73;50;88026;3.1;3.9;0.38;0.42
1982;7;8;189;20.1;15.1;8.4;11.9;10.1;8.2;-0.4;-0.4;0.11;4.6;1.9;0;758;276;115;79;88207;4.55;0;0.38;0.42
1982;7;9;190;22.7;16.7;8.6;14.6;11.4;7.4;-0.4;0;0.11;4.6;1.9;0;781;286;117;88;88034;4.77;0;0.37;0.42
1982;7;10;191;20.9;16.1;9.8;16.1;13.3;8.7;0.6;0.2;0.11;4.6;1.9;0;578;213;82;60;88036;3.35;2.19;0.36;0.42
1982;7;11;192;20.7;15.9;9.9;14.6;11.7;9.7;-0.5;-0.1;0.11;4.6;1.9;0;684;248;100;71;87819;4.25;0.57;0.36;0.42
1982;7;12;193;20.7;15.8;8.7;13.7;11.1;7.6;-0.3;-0.1;0.11;4.6;1.9;0;703;248;103;70;87541;4.2;1.43;0.35;0.42
1982;7;13;194;20.5;16.4;11.7;14.4;12.4;10.3;-0.7;-0.2;0.11;4.6;1.9;0;587;219;94;66;87311;3.6;0.85;0.35;0.42
1982;7;14;195;22.2;16.4;9.8;16.2;12.9;8.9;0;0.4;0.11;4.6;1.9;0;668;226;95;66;87254;3.83;2.15;0.34;0.41
1982;7;15;196;22.9;16.6;10.6;15.9;12.8;9.6;0.1;0.5;0.11;4.6;1.9;0;707;219;101;64;87564;3.9;5.74;0.34;0.41
1982;7;16;197;22.7;17;10.1;15.5;12.7;9.4;-0.1;0.3;0.11;4.6;1.9;0;701;230;111;66;87865;4.2;1.33;0.34;0.41
1982;7;17;198;17.7;15.3;12.7;15.2;13.8;12.2;0.3;-0.2;0.11;4.6;1.9;0;546;165;67;45;87984;3.43;21.74;0.35;0.41
1982;7;18;199;16.9;13.7;11;14.5;12.8;10.9;-0.3;-0.4;0.11;4.6;1.9;0;511;151;72;32;88051;3.07;10.21;0.36;0.41
1982;7;19;200;16.2;13.3;11.6;13.1;12.1;11.5;-1.1;-0.7;0.11;4.6;1.9;0;452;115;55;22;88039;2.23;2.54;0.36;0.41
1982;7;20;201;20.7;15.5;9.5;15.5;12.7;9.3;0;0.4;0.11;4.6;1.9;0;678;206;84;55;88113;3.44;1.59;0.36;0.41
1982;7;21;202;21;15.7;9.6;15.5;12.6;8.7;0.3;0.6;0.11;4.6;1.9;0;632;213;89;67;88022;3.64;2.22;0.35;0.41
1982;7;22;203;19.1;14.2;9.4;14.2;12;8.7;0.6;0.3;0.11;4.6;1.9;0;592;189;89;55;87715;3.29;6.61;0.35;0.41
1982;7;23;204;16.8;13;9.8;14;12;9.7;0.1;0.1;0.11;4.6;1.9;0;481;142;61;31;87588;2.81;8.89;0.35;0.41
1982;7;24;205;15.7;12.2;9.1;13.5;11.2;8.8;0.6;0.1;0.11;4.6;1.9;0;356;107;59;27;87433;2.56;21;0.36;0.41
1982;7;25;206;15.3;12.1;9.8;11.1;9.8;8.9;1.1;0.1;0.11;4.6;1.9;0;480;151;77;32;87614;3.26;5.86;0.37;0.41
1982;7;26;207;11;10.4;9.8;10.9;10.3;9.7;1;0.1;0.11;4.6;1.9;0;60;17;6;3;87643;0.77;36.43;0.38;0.41
1982;7;27;208;10.3;9.4;7.9;10.3;9.2;7.8;-0.2;-0.6;0.11;4.6;1.9;0;111;29;33;10;87399;0.88;20.75;0.41;0.41
1982;7;28;209;13.4;10.3;7.5;10.7;8.9;7.5;-0.5;-0.2;0.11;4.6;1.9;0;411;137;63;36;87350;2.82;7.35;0.41;0.41
1982;7;29;210;18.9;13;5.7;12.9;10;5.6;-0.7;0;0.11;4.6;1.9;0;556;209;89;55;87655;3.49;0.15;0.41;0.41
1982;7;30;211;23.1;16.1;8;17.2;12.6;7.2;-0.6;0.6;0.11;4.6;1.9;0;665;227;96;69;87522;3.7;0.6;0.4;0.41
1982;7;31;212;19.6;13.3;10.7;13.9;11.2;7.9;0.9;0.6;0.11;4.5;1.9;0;472;111;69;38;87132;2.37;23.3;0.41;0.41
1982;8;1;213;17.5;13.6;9.7;12.3;10.1;7.4;0;-0.1;0.11;4.5;1.9;0;465;144;77;43;87467;2.53;0.02;0.41;0.41
1982;8;2;214;22.1;16.2;9;16.2;13.1;8.3;-0.6;0.1;0.11;4.5;1.9;0;703;207;100;64;87301;3.2;0.36;0.41;0.41
1982;8;3;215;19.3;14.5;11.2;14.7;12.7;10.4;0.3;0.4;0.11;4.5;1.9;0;546;157;83;43;87314;2.71;22.44;0.41;0.41
1982;8;4;216;17.8;14;11.5;12.6;11.4;9.9;0.4;0.2;0.11;4.5;1.8;0;623;171;85;47;87560;3.31;9;0.42;0.41
1982;8;5;217;17.7;13.8;9.9;13.8;12;9.5;0.3;-0.1;0.11;4.5;1.8;0;552;159;62;40;87458;2.63;8.67;0.42;0.41
1982;8;6;218;15.5;12.7;11.3;13.9;12.1;11.2;0.2;-0.2;0.11;4.5;1.8;0;425;82;41;18;87251;1.81;19.89;0.42;0.41
1982;8;7;219;14.1;11.7;10.1;11.2;10.3;9.4;0.7;-0.2;0.11;4.5;1.8;0;373;99;56;27;87255;2.22;6.97;0.43;0.42
1982;8;8;220;15.4;12.1;8.5;12.2;10.1;8.5;0.4;-0.1;0.11;4.5;1.8;0;496;138;69;39;87649;2.35;2.21;0.42;0.42
1982;8;9;221;16.4;12.7;9.3;13.9;11.4;9;0.5;0.1;0.11;4.5;1.8;0;409;136;58;35;87965;2.39;4.44;0.42;0.42
1982;8;10;222;16.5;13.3;10.1;13.1;11.7;9.9;0.4;0;0.11;4.5;1.8;0;382;139;65;36;88117;2.46;4.28;0.41;0.42
1982;8;11;223;20.1;15.3;10.3;13.7;12;10.2;-0.6;-0.1;0.11;4.5;1.8;0;615;207;87;59;88222;3.52;0.08;0.41;0.42
1982;8;12;224;21.9;15.8;8.4;16.4;12.4;7.6;0.2;0.8;0.11;4.5;1.8;0;595;205;95;70;87932;3.45;1.34;0.4;0.42
1982;8;13;225;22;16;10.4;15.4;12.6;9.6;0.1;0.7;0.11;4.5;1.8;0;573;180;94;59;87653;3.31;7.34;0.4;0.42
1982;8;14;226;16.4;14.3;9.9;13.1;11.8;9.9;0.7;-0.1;0.11;4.5;1.8;0;390;110;68;32;87740;2.27;0.94;0.4;0.42
1982;8;15;227;21.3;15.2;8.3;16.8;12.7;7.9;0.2;0.4;0.11;4.5;1.8;0;602;180;85;50;87729;3.08;24.67;0.39;0.42
1982;8;16;228;18.3;15;12;15.4;13.7;11.4;0.2;0.2;0.11;4.5;1.8;0;473;136;73;40;87730;2.46;8.22;0.41;0.42
1982;8;17;229;13.9;12;9.6;12.8;10.5;7.7;0.8;0.3;0.11;4.4;1.8;0;262;79;70;36;87574;2.08;16.39;0.42;0.42
1982;8;18;230;19.3;13.7;7.7;12.7;9.6;6.6;0.5;0.3;0.11;4.4;1.8;0;683;223;111;74;87697;3.47;0;0.41;0.42
1982;8;19;231;17.7;13.6;9.5;12.7;10.9;8.5;0.6;0.5;0.11;4.4;1.8;0;500;167;77;56;87540;2.76;4.4;0.41;0.42
1982;8;20;232;14.5;9.9;7.2;12.7;9.3;5.5;0.6;0.1;0.11;4.4;1.8;0;258;57;41;21;87168;1.72;19.11;0.41;0.42
1982;8;21;233;10.7;8;5.4;5.6;4.1;3.1;0.8;-0.5;0.11;4.4;1.8;0;402;127;63;45;87591;2.6;1.36;0.42;0.42
1982;8;22;234;12.8;9.4;6.1;6.4;4.4;3.2;0.2;-0.1;0.11;4.4;1.8;0;494;162;98;63;87980;2.44;0.16;0.41;0.42
1982;8;23;235;17.2;11.4;4.1;10.8;6.8;3.2;0.2;0.2;0.11;4.4;1.8;0;698;215;116;76;87782;3.19;0.09;0.4;0.42
1982;8;24;236;14.7;10.5;7.1;9.2;7.8;5.3;0.8;0.2;0.11;4.4;1.8;0;547;162;84;52;87494;2.88;7.95;0.4;0.42
1982;8;25;237;14.7;10.2;5.6;9.5;7.1;4.4;0.3;0.4;0.11;4.4;1.8;0;361;110;80;45;87546;1.96;1;0.4;0.42
1982;8;26;238;20.2;12.7;5.4;14.3;9.8;4.6;-0.1;0.8;0.11;4.4;1.8;0;609;177;99;64;87261;2.73;2.69;0.4;0.42
1982;8;27;239;16.7;11.7;9.3;12.6;10.5;8.2;0.2;0;0.11;4.4;1.8;0;586;89;63;23;87503;1.7;12.09;0.39;0.42
1982;8;28;240;10.6;9.9;9;10.4;9.8;8.9;-0.5;-0.1;0.11;4.4;1.8;0;86;24;16;12;87775;0.67;25.1;0.41;0.42
1982;8;29;241;14.4;10.6;8;10.1;8.8;7.4;-0.7;-0.3;0.11;4.3;1.8;0;457;130;75;40;88025;2.16;1.82;0.42;0.42
1982;8;30;242;17.4;11.2;3.8;9.9;7.5;3.6;0.4;0.1;0.1;4.3;1.8;0;592;195;102;70;87676;2.92;0.05;0.41;0.42
1982;8;31;243;11.5;8.9;7;9.5;8.1;6.6;0.3;0.3;0.1;4.3;1.8;0;198;46;40;17;87368;1.52;20.46;0.41;0.42
1982;9;1;244;11.9;9.2;6.9;8.4;7.4;6.2;0;-0.3;0.1;4.3;1.8;0;297;62;42;16;87881;1.33;0.4;0.42;0.42
1982;9;2;245;16.5;11.8;6.6;9.2;8.1;6.6;0.3;-0.5;0.1;4.3;1.7;0;582;174;95;50;88252;2.61;0.03;0.41;0.42
1982;9;3;246;18.2;13.1;9.1;11.2;9.7;8.8;-0.7;-0.4;0.1;4.3;1.7;0;674;196;119;68;88557;2.79;0;0.41;0.42
1982;9;4;247;22.6;15;6.4;16.4;11.4;5.5;0;0.6;0.1;4.3;1.7;0;667;211;114;79;88313;3.21;0;0.4;0.42
1982;9;5;248;23.7;16.2;8.4;17.5;12.9;7.6;-0.2;0.6;0.1;4.3;1.7;0;650;196;112;73;87924;3.08;0.46;0.39;0.42
1982;9;6;249;19.2;13.8;10.4;13.8;11.6;9.8;0.2;0.4;0.1;4.3;1.7;0;452;127;78;41;87336;2.35;15.42;0.39;0.42
1982;9;7;250;10.5;10.1;9.3;10.3;9.7;8.7;0.4;-0.5;0.1;4.3;1.7;0;80;21;6;3;87608;1.15;8.29;0.4;0.42
1982;9;8;251;11.8;10.7;9.6;10.2;9.7;9.3;-0.3;-0.6;0.1;4.3;1.7;0;146;33;13;7;87931;0.9;2.67;0.4;0.42
1982;9;9;252;15.3;12.4;10.1;11.7;10.4;9;-0.7;-0.4;0.1;4.3;1.7;0;268;85;53;23;88026;1.43;0.78;0.4;0.42
1982;9;10;253;18.8;13.6;8;13.3;11;7.9;-0.4;0.1;0.1;4.2;1.7;0;628;170;106;62;88163;2.36;0.06;0.4;0.42
1982;9;11;254;18.1;13.3;7.6;13.8;10.6;6.6;0.3;0.3;0.1;4.2;1.7;0;527;152;85;61;88390;2.27;1.19;0.39;0.42
1982;9;12;255;18.7;13.1;7.1;11.7;9.5;7;-0.3;0.3;0.1;4.2;1.7;0;624;186;111;73;88380;2.86;0;0.39;0.42
1982;9;13;256;18.2;13;6.9;11.3;8.8;6;0;0.2;0.1;4.2;1.7;0;579;172;101;70;88238;2.68;0;0.38;0.42
1982;9;14;257;19.8;13.2;6.3;13;9.7;5.7;-0.4;0.4;0.1;4.2;1.7;0;635;192;118;81;88060;2.75;0;0.38;0.42
1982;9;15;258;20.6;14.3;6.4;14.9;11.3;5.6;0;0.3;0.1;4.2;1.7;0;617;183;110;74;88102;2.53;0.01;0.37;0.41
1982;9;16;259;20.6;15;9;14.2;12;8.1;-0.2;0.2;0.1;4.2;1.7;0;600;167;104;64;88245;2.37;0.04;0.37;0.41
1982;9;17;260;19.4;13.9;7;14.6;11.7;6.7;0.1;0.2;0.1;4.2;1.7;0;568;155;99;58;88082;2.19;0.79;0.36;0.41
1982;9;18;261;18;13.1;8.2;14;11.4;8.1;0.3;0.5;0.1;4.1;1.7;0;496;144;92;62;87904;2.01;1.81;0.36;0.41
1982;9;19;262;18.9;13.2;6.9;12.9;9.3;6.1;-0.1;0.6;0.1;4.1;1.7;0;527;161;98;73;87846;2.57;0.06;0.36;0.41
1982;9;20;263;20.7;13.7;6.5;13.9;10;5.5;0;0.6;0.1;4.1;1.7;0;583;168;106;70;87684;2.59;0.55;0.35;0.41
1982;9;21;264;16.9;12.5;8.8;13;10.6;7.8;0.1;0.9;0.1;4.1;1.6;0;442;127;87;57;87412;2.07;4.15;0.35;0.41
1982;9;22;265;16.5;11.4;8;11.3;9.1;6.8;0.4;0.7;0.1;4.1;1.6;0;434;116;69;44;87135;2.04;3.97;0.35;0.41
1982;9;23;266;9.1;8.1;7.1;8.6;6.8;5.2;0.7;0.1;0.1;4;1.6;0;121;30;37;17;87062;1.24;8.98;0.36;0.41
1982;9;24;267;13.1;9;5.3;7.5;5.8;4.7;-0.6;0.2;0.09;4;1.6;0;444;116;78;50;87188;1.87;0.74;0.36;0.41
1982;9;25;268;19.6;12.2;5.9;11.9;8;4.6;-0.6;1.3;0.09;4;1.6;0;502;153;104;67;87279;2.45;0;0.35;0.41
1982;9;26;269;22.4;14.5;9;12.7;9.8;7.1;0;1.2;0.09;4;1.6;0;563;152;105;59;87269;2.81;5.64;0.35;0.41
1982;9;27;270;14.2;10.3;7.9;9.4;7.9;7;-0.3;-0.2;0.09;4;1.6;0;418;98;77;39;87803;2.03;3.65;0.35;0.41
1982;9;28;271;13.1;9.8;6.9;8.9;7.8;6.5;-0.1;0.1;0.09;4;1.6;0;354;78;59;35;87881;1.17;1.08;0.35;0.41
1982;9;29;272;15.9;9.8;3.8;10.1;7.2;3.6;-0.4;0.4;0.09;3.9;1.6;0;532;146;103;68;87758;1.87;0.02;0.35;0.41
1982;9;30;273;16.1;9.7;4.9;9.7;7.1;3.4;0.7;0.4;0.09;3.9;1.6;0;459;100;88;42;87402;1.8;12.28;0.35;0.41
1982;10;1;274;8.9;7.9;7.1;8.4;7.6;6.9;0.7;0.1;0.09;3.9;1.6;0;106;27;24;8;87645;1;14.89;0.37;0.41
1982;10;2;275;13.1;9.4;6.2;8.4;7.6;5.8;-0.6;-0.2;0.09;3.9;1.6;0;401;90;88;39;87606;1.58;0.75;0.37;0.41
1982;10;3;276;13;8.8;4.2;8.8;6.9;3.1;0.2;-0.2;0.09;3.9;1.6;0;372;88;76;36;87594;1.04;0.58;0.36;0.41
1982;10;4;277;11.6;8.7;5.6;8.5;6.7;5;-0.6;-0.4;0.09;3.8;1.5;0;353;91;73;35;87152;1.4;0.89;0.36;0.41
1982;10;5;278;10.6;6.7;4.3;5.3;4.1;1.7;-0.1;-0.1;0.09;3.8;1.5;0;359;82;73;43;86230;1.1;1.22;0.36;0.41
1982;10;6;279;9.2;4.6;1.1;7.1;3.5;0.5;0.3;0.5;0.11;3.8;1.5;0.83;284;60;65;38;85322;1.32;17.47;0.36;0.41
1982;10;7;280;10.3;4.4;-0.4;1.3;-0.6;-2.5;0.8;1;0.17;3.8;1.5;2.71;445;122;116;74;85708;1.88;0.22;0.37;0.41
1982;10;8;281;8.1;3.7;-0.7;3.7;0.9;-3.1;0.6;0.7;0.16;3.8;1.5;2.16;309;79;84;46;86257;1.23;2.49;0.37;0.41
1982;10;9;282;6.1;3.6;0.2;2.6;1.3;-0.8;0.8;0.2;0.15;3.7;1.5;1.96;268;53;83;34;86631;1.17;3.69;0.37;0.4
1982;10;10;283;8.2;3.3;-1.8;3.6;0.3;-2.9;0.2;0.6;0.13;3.7;1.5;1.53;369;97;74;56;87174;1.07;0.42;0.37;0.4
1982;10;11;284;10.1;5.1;0.1;4.5;2;-1.1;0.4;0.2;0.12;3.7;1.5;1.08;447;113;88;44;87142;1.59;8.38;0.37;0.4
1982;10;12;285;7.2;4.5;2.7;3.1;1.3;0.2;0.9;0.6;0.12;3.7;1.5;1.02;308;87;69;41;86735;1.5;0.94;0.37;0.4
1982;10;13;286;12.2;7.4;3.3;6.6;3.8;-0.4;0.1;1.3;0.1;3.7;1.5;0.6;293;61;44;20;85687;1.08;11.92;0.37;0.4
1982;10;14;287;12.2;6.6;2.4;6.3;4.6;1.6;0.4;0.6;0.09;3.6;1.5;0.24;480;114;97;52;85620;1.85;12;0.39;0.4
1982;10;15;288;5;2.6;0.4;2.5;0.7;-1.8;1.6;0.4;0.09;3.6;1.5;0.28;250;67;69;42;86631;1.62;3.99;0.39;0.4
1982;10;16;289;7.3;2.5;-1.5;0.1;-1.6;-3.6;0;0.3;0.1;3.6;1.5;0.39;420;115;109;73;87150;1.34;0.15;0.39;0.4
1982;10;17;290;7;2.5;-1.9;3;-0.7;-4.7;0;1.2;0.09;3.6;1.4;0.31;183;43;70;38;86912;0.56;0.41;0.39;0.4
1982;10;18;291;12.9;6;-0.4;6.5;2.3;-2.4;-0.2;0.9;0.09;3.6;1.4;0.19;458;121;107;64;87015;1.35;0.33;0.38;0.4
1982;10;19;292;11.9;6.7;2.3;7.1;4.1;0.7;0.4;0.3;0.09;3.6;1.4;0.08;383;80;81;41;87736;0.8;0.38;0.38;0.4
1982;10;20;293;13;7.4;2.8;7.7;5.2;2.1;0;0.4;0.09;3.6;1.4;0.03;413;104;103;57;87915;1.11;0;0.38;0.4
1982;10;21;294;15.1;7.2;0.4;9;3.9;-0.1;-0.2;0.7;0.08;3.6;1.4;0;468;122;119;76;87396;1.33;0;0.38;0.4
1982;10;22;295;15.1;7.3;1.2;6.3;2.9;0.1;-0.2;1.6;0.08;3.6;1.4;0;472;119;126;76;86645;1.48;0.08;0.37;0.4
1982;10;23;296;11.3;7.1;4.3;9.7;5.9;2;0.2;0.4;0.08;3.5;1.4;0;282;65;82;38;86370;0.86;4.05;0.37;0.4
1982;10;24;297;7;5.5;4.5;5.5;4.8;4.4;0.6;-0.6;0.08;3.5;1.4;0;164;37;28;9;87280;1.08;5.12;0.38;0.4
1982;10;25;298;4.4;3.8;3.2;4.3;3.6;3;0.1;-0.8;0.08;3.5;1.4;0;143;30;15;5;87824;0.88;4.84;0.38;0.4
1982;10;26;299;9.4;5;1.8;3.9;2.9;0.8;-0.2;0.1;0.08;3.5;1.4;0;418;101;107;64;87910;1.05;0.01;0.38;0.4
1982;10;27;300;10.5;4.5;-0.3;4.2;1.8;-1.5;-0.3;0.3;0.08;3.5;1.4;0;433;109;114;81;88220;0.94;0;0.38;0.4
1982;10;28;301;10.3;4.9;0.4;5.5;2.9;-0.6;-0.3;0.1;0.08;3.5;1.4;0;374;95;95;66;88452;0.74;0;0.37;0.4
1982;10;29;302;11.2;5;-0.1;6.1;2.8;-1.1;-0.2;0.3;0.08;3.5;1.4;0;380;95;98;67;88589;0.79;0;0.37;0.4
1982;10;30;303;12.3;4.6;-1.4;6.3;1.9;-2.2;0;0.6;0.08;3.5;1.4;0;418;103;117;75;88526;0.93;0;0.37;0.4
1982;10;31;304;12.8;4.7;-1.7;5.4;1.3;-2.6;0.2;0.8;0.08;3.5;1.4;0;416;104;117;79;88565;1.03;0;0.37;0.4
1982;11;1;305;12.2;4.7;-2.4;7.4;1.6;-3.3;0;0.9;0.08;3.5;1.4;0;403;96;106;76;88542;0.86;0;0.37;0.4
1982;11;2;306;12.7;5.2;-0.9;5.9;1.7;-2.6;0;0.7;0.08;3.5;1.4;0;397;94;111;72;88394;0.89;0;0.36;0.4
1982;11;3;307;12;4.1;-2.4;5;0.8;-3.1;0.1;0.8;0.08;3.4;1.4;0;402;99;120;79;88183;0.89;0;0.36;0.4
1982;11;4;308;9.8;3.2;-2.1;2.9;-0.2;-3.3;0.3;0.6;0.08;3.4;1.4;0;403;99;117;78;87918;0.86;0;0.36;0.4
1982;11;5;309;6.8;2.9;0.1;2.3;0.6;-1.5;-0.6;0.1;0.08;3.4;1.4;0;323;76;83;57;87667;0.5;0;0.36;0.4
1982;11;6;310;8.1;2.4;-1.8;3.1;0.2;-3.5;-0.7;0.4;0.08;3.4;1.4;0;393;94;123;83;87177;0.59;0.01;0.36;0.4
1982;11;7;311;9.7;2.1;-2.7;1.1;-3.1;-5.5;-0.4;2.1;0.08;3.4;1.4;0;399;97;128;92;86645;0.79;0;0.35;0.4
1982;11;8;312;10.3;4.9;0;2;-1.7;-6.3;-0.4;2.4;0.08;3.4;1.4;0;264;62;82;50;86554;0.91;0.02;0.35;0.4
1982;11;9;313;8;5.1;2.4;7.3;3.4;-0.2;0.1;1;0.08;3.4;1.4;0;142;33;44;24;87095;0.36;9.17;0.35;0.4
1982;11;10;314;8.1;5.5;2.9;4.8;4.1;2.7;0;0.2;0.08;3.4;1.4;0;234;53;58;30;87807;0.7;1.38;0.36;0.4
1982;11;11;315;9.4;4.5;-0.1;4.4;2.4;-1.2;-0.2;0.5;0.08;3.4;1.4;0;291;64;98;54;88283;0.56;0;0.36;0.4
1982;11;12;316;11.1;3.7;-1.6;5.4;1;-2.5;0;1.2;0.08;3.4;1.4;0;370;85;111;66;87748;0.7;0;0.36;0.4
1982;11;13;317;5;3.1;0.6;4.2;2.1;0.5;0.2;0.1;0.09;3.3;1.4;0.37;113;24;29;9;86756;0.52;13.9;0.36;0.4
1982;11;14;318;1.9;-0.9;-5.1;0.4;-2.7;-6.3;0.7;0.3;0.16;3.3;1.3;2.92;278;61;89;58;86435;0.93;2.27;0.36;0.4
1982;11;15;319;1.1;-2.2;-5.2;-2.2;-4.9;-8.9;-0.1;-0.1;0.18;3.3;1.3;3.56;225;51;66;42;86341;0.41;2.03;0.36;0.4
1982;11;16;320;1;-1.3;-2.4;-2.6;-3.7;-4.8;0.2;-0.2;0.22;3.3;1.3;4.82;221;45;79;39;86948;0.39;0.28;0.36;0.4
1982;11;17;321;-1.8;-3.4;-5.8;-3.8;-5.4;-8.3;1.6;0.2;0.43;3.3;1.3;14.05;83;16;67;23;86804;0.25;14.92;0.36;0.4
1982;11;18;322;2.3;-0.6;-5.4;0;-2.8;-7.7;1;1.4;0.52;3.3;1.3;24.4;35;9;15;4;86973;0.25;9.43;0.36;0.4
1982;11;19;323;3.4;1.4;-1.3;1.6;-0.5;-3.1;0.9;0.8;0.5;3.3;1.3;24.52;75;17;42;21;87558;-0.04;0.91;0.36;0.4
1982;11;20;324;2.1;-0.4;-6.5;-0.6;-1.8;-6.9;0.7;0.2;0.46;3.3;1.3;23.55;119;29;62;39;88198;0.16;0.35;0.37;0.4
1982;11;21;325;5.2;-4.1;-9.5;-1.2;-7.4;-12.3;0;1.4;0.44;3.3;1.3;22.74;201;45;105;62;88029;0.18;0;0.37;0.4
1982;11;22;326;6.2;-3.6;-9.7;0.5;-7.2;-13.4;0.1;1.5;0.42;3.3;1.3;21.59;203;46;96;59;87948;0.14;0;0.37;0.4
1982;11;23;327;4.1;-2.7;-8.7;0.7;-6.1;-11.5;0;1.8;0.4;3.3;1.3;20.1;202;45;89;57;87901;0.22;0;0.37;0.4
1982;11;24;328;7.3;0.4;-4.9;2.2;-2.9;-7.9;0.3;1.1;0.38;3.3;1.3;18.41;200;41;77;42;87341;0.23;0.19;0.37;0.4
1982;11;25;329;5.6;0.1;-4.5;2.1;-1.9;-5.9;-0.1;0.9;0.35;3.3;1.3;16.94;196;43;90;52;87003;0.2;0;0.37;0.4
1982;11;26;330;6.2;-0.5;-4.4;3;-2.5;-7.2;-0.3;1.2;0.33;3.3;1.3;15.65;213;47;96;52;86499;0.13;0;0.37;0.4
1982;11;27;331;3.3;0;-3.1;0.9;-2.2;-5;-0.2;1.7;0.31;3.3;1.3;14.73;97;20;48;31;86151;0.06;0.02;0.37;0.39
1982;11;28;332;1.5;-0.1;-1.5;0.1;-1;-2.5;0;-0.6;0.33;3.3;1.3;15.48;134;23;41;21;86727;0.2;5.59;0.37;0.39
1982;11;29;333;0.7;-0.6;-1.8;-0.2;-1;-2.1;-0.4;-0.7;0.41;3.3;1.3;19.41;67;12;20;9;87423;0.1;2.22;0.37;0.39
1982;11;30;334;2.6;0.1;-1.4;1.2;-0.4;-2;-1.1;-0.4;0.41;3.3;1.3;19.92;145;28;68;34;87825;0.01;0.49;0.37;0.39
1982;12;1;335;3.4;-0.3;-3;0.9;-1.7;-4.2;-0.5;0.2;0.38;3.3;1.3;19.08;179;38;87;52;87574;0.13;0.02;0.37;0.39
1982;12;2;336;5.3;-0.3;-3.9;2.1;-2.6;-6.7;0;1;0.36;3.3;1.3;18.06;166;36;73;45;87676;0.12;0;0.37;0.39
1982;12;3;337;4.3;-0.5;-4;0.5;-2.5;-5.8;0;0.3;0.34;3.3;1.3;17.18;174;38;74;46;88028;0.15;0;0.37;0.39
1982;12;4;338;4.6;0.4;-2.2;0.8;-1.5;-4.1;0;0.3;0.32;3.3;1.3;16.5;189;41;84;49;88606;0.09;0.01;0.37;0.39
1982;12;5;339;5.4;-1.1;-5.4;0.9;-4;-7.4;0.1;1;0.3;3.3;1.3;15.77;213;46;105;65;88810;0.07;0;0.37;0.39
1982;12;6;340;1.5;-2;-6.2;-3.2;-6.4;-11.7;0.2;1.4;0.29;3.3;1.3;15.34;80;16;55;22;87954;0.22;0.05;0.37;0.39
1982;12;7;341;5.6;0.8;-1.5;4;-1;-4;0;1.2;0.29;3.3;1.4;14.88;142;25;61;17;87341;0.11;1.27;0.37;0.39
1982;12;8;342;7.1;2.2;0.2;6.1;1.3;-1.2;0.1;1.2;0.27;3.3;1.4;13.67;172;30;65;16;86971;0.14;4.83;0.37;0.39
1982;12;9;343;5;1.4;-2.9;3.8;0.5;-4.4;0.2;0.7;0.27;3.3;1.4;13.4;177;28;78;29;86614;0.16;11.2;0.38;0.39
1982;12;10;344;6.4;0.8;-3.6;2.6;-1.3;-4.9;0.8;1.2;0.27;3.3;1.4;13.35;217;42;85;36;85898;0.61;6.29;0.38;0.39
1982;12;11;345;-1.5;-3.1;-4.2;-5.5;-6.8;-8.2;2.1;0.5;0.32;3.3;1.4;15.74;152;29;71;47;85668;0.53;3.26;0.38;0.39
1982;12;12;346;-1.5;-4.5;-7.5;-7;-10;-13;0.2;1.4;0.38;3.3;1.4;18.6;102;20;83;47;85489;0.18;2.18;0.38;0.39
1982;12;13;347;0.2;-3.6;-8.1;-2.1;-6.2;-11.6;0;0.7;0.41;3.3;1.4;20.65;123;26;52;36;85854;0.14;1.73;0.38;0.39
1982;12;14;348;-1.4;-3.5;-7.2;-4.3;-5.5;-9.2;0.4;0.3;0.42;3.3;1.4;21.25;115;22;65;32;86884;0.16;0.74;0.38;0.39
1982;12;15;349;3.9;-3;-10.4;1.3;-6.9;-15.2;0.9;1.6;0.42;3.3;1.4;21.64;63;11;44;11;86693;0.28;1.73;0.38;0.39
1982;12;16;350;4.6;3.6;1.7;3.1;1.4;-1.4;2.2;1.2;0.35;3.3;1.3;18.91;53;11;74;21;86139;0.44;5.35;0.38;0.39
1982;12;17;351;4;1;-0.9;1.1;-0.4;-1.8;0;0.3;0.35;3.3;1.3;19.28;158;29;75;23;85149;0.26;12.04;0.39;0.39
1982;12;18;352;-0.4;-3.8;-6.6;-0.9;-4.6;-7.4;1.2;-0.5;0.5;3.3;1.3;38.05;37;8;18;10;85356;0.21;29.62;0.39;0.39
1982;12;19;353;-5.3;-8.8;-18.1;-7.3;-11;-20.8;0.6;0.2;0.53;3.3;1.3;52.84;126;25;80;47;86474;0.1;3.28;0.39;0.39
1982;12;20;354;0.7;-5;-16.9;-3.8;-8.7;-19.9;0.1;1.9;0.53;3.3;1.3;53.37;97;22;51;11;85518;0.22;1.34;0.39;0.39
1982;12;21;355;-1;-3.9;-13.8;-2.6;-6.2;-15.6;0.6;0.8;0.53;3.2;1.3;64.21;83;17;78;37;85521;0.27;12.26;0.39;0.39
1982;12;22;356;-2.8;-10.6;-16.9;-5.8;-13.3;-19.2;0.2;1.3;0.52;3.2;1.3;66.44;136;27;63;39;85955;0.01;0.48;0.39;0.39
1982;12;23;357;-5.5;-7.6;-12.1;-7.8;-9.7;-14.6;0.4;-0.3;0.53;3.2;1.3;68.67;82;15;32;12;86676;0.04;3.1;0.39;0.39
1982;12;24;358;-5.5;-7;-11.3;-7.8;-9.2;-12.7;0.1;-0.1;0.52;3.2;1.3;70.22;112;21;59;30;87456;0.09;0.42;0.38;0.39
1982;12;25;359;-3.3;-7.2;-13.9;-4.7;-9.3;-15.8;0.5;0.6;0.52;3.2;1.3;71.45;48;9;48;4;87821;0;3.04;0.38;0.39
1982;12;26;360;-0.8;-5.3;-10.9;-4.7;-7.7;-13.5;0.3;0.8;0.52;3.2;1.3;73.86;124;25;83;40;88151;0.07;0.57;0.38;0.39
1982;12;27;361;0.5;-4.2;-10.8;-2.8;-7;-13.4;0.7;1.2;0.52;3.2;1.3;74.06;119;24;59;15;88067;0.03;1.21;0.38;0.39
1982;12;28;362;-0.6;-2.2;-3.9;-1.5;-3.6;-5.3;2.3;-0.4;0.52;3.2;1.3;80.89;63;13;38;16;87903;0.36;15.64;0.38;0.39
1982;12;29;363;-3.9;-6.4;-13.1;-5.1;-8.4;-14.7;1.1;-0.4;0.53;3.2;1.3;93.8;124;25;87;45;88331;0.21;6.3;0.38;0.39
1982;12;30;364;-4.8;-11.5;-17.4;-8.8;-14.7;-20.6;-0.1;1;0.53;3.2;1.3;94.9;123;27;65;46;88598;0.01;0;0.38;0.39
1982;12;31;365;-0.9;-10.2;-17.1;-4.6;-13.6;-19.8;0.2;1.4;0.53;3.2;1.3;94.93;143;29;61;35;88454;0;0;0.38;0.39
1983;1;1;1;0.2;-9.3;-14.6;-3.8;-12.4;-16.9;0.3;1.4;0.52;3.1;1.3;94.98;147;30;74;44;88102;0.01;0;0.38;0.39
1983;1;2;2;-1.7;-7.8;-15.6;-4.1;-10.4;-18.4;0.5;1.2;0.52;3.1;1.3;95.86;85;14;41;8;88146;0;2.92;0.38;0.39
1983;1;3;3;1.3;-1.9;-6.9;-1;-3.9;-8.7;0.7;1.3;0.52;3.1;1.3;99.07;52;11;32;7;88221;0.05;4.56;0.38;0.39
1983;1;4;4;4.2;1.6;-1.7;0.1;-1.3;-3.9;1.8;0.9;0.51;3.1;1.3;99.75;109;21;48;25;87835;0.16;3.77;0.38;0.39
1983;1;5;5;4;2.6;1.2;2;1;-0.1;1.6;1.1;0.49;3.1;1.3;98;15;4;10;1;87881;-0.18;19.83;0.39;0.39
1983;1;6;6;6.6;0.6;-3.9;4.1;-1;-5.7;0.4;1.3;0.47;3.1;1.3;92.33;152;32;80;50;88104;-0.08;0;0.4;0.39
1983;1;7;7;3.3;-1.3;-3.5;0.9;-2.7;-5.8;0.8;0.4;0.46;3.1;1.3;91.89;132;22;58;28;88256;0.01;3.21;0.4;0.39
1983;1;8;8;-0.9;-3.1;-5.9;-2.9;-5.1;-7;0.8;0.4;0.46;3.1;1.3;92.97;124;26;72;37;88544;0.19;1.59;0.4;0.4
1983;1;9;9;-0.3;-3.5;-6.9;-4.6;-7.2;-12.2;0.6;0.7;0.47;3.1;1.3;94.32;164;34;96;55;88837;0.14;0.07;0.4;0.4
1983;1;10;10;0.8;-3.6;-6.7;-4.1;-8.3;-12;0.7;1;0.47;3.1;1.2;94.39;98;21;61;25;88972;0.11;0.14;0.39;0.4
1983;1;11;11;3.1;-4.6;-9.4;-2.6;-9.4;-13.7;0;1.2;0.46;3.1;1.2;94.31;175;37;93;58;88828;0.08;0;0.39;0.4
1983;1;12;12;3.2;-6.3;-12;-1.6;-10.9;-17.1;0.2;1.5;0.46;3;1.2;94.2;180;39;96;59;88635;0.01;0;0.39;0.4
1983;1;13;13;2.2;-6.5;-13.4;-2.8;-10.7;-17.1;0.3;1.4;0.45;3;1.2;94.11;148;34;65;45;87780;0.09;0.08;0.39;0.4
1983;1;14;14;-3.3;-4.6;-5.5;-5.6;-8.9;-11.4;1.8;0.6;0.48;3;1.2;97.8;160;35;94;36;86984;0.36;6.55;0.39;0.4
1983;1;15;15;-1.8;-3.4;-4.7;-3;-5.5;-7.8;2.3;0.4;0.52;3;1.2;109.18;48;9;28;12;86155;0.13;24.09;0.38;0.4
1983;1;16;16;-0.6;-1.1;-1.7;-1.4;-2;-2.7;3.1;-0.7;0.54;3;1.2;137.05;82;15;44;12;86918;0.12;25.47;0.38;0.4
1983;1;17;17;2.6;0.3;-2.7;-1.1;-2.6;-6.5;2.4;0.8;0.52;3;1.2;151.99;62;12;80;32;87745;0.28;6.51;0.38;0.4
1983;1;18;18;2.3;-2.5;-7.2;-5.5;-7.5;-11.8;1.9;0.8;0.51;3;1.2;152.31;174;38;97;71;87123;0.34;0.23;0.38;0.4
1983;1;19;19;-2.7;-5.7;-7.2;-5.4;-8.8;-10.6;2.5;-0.2;0.52;3;1.2;156.93;130;25;77;32;87178;0.5;9.42;0.38;0.4
1983;1;20;20;-6.9;-8.4;-9.9;-9.2;-10.4;-12.3;1.5;-0.5;0.54;3;1.2;170.63;64;15;63;24;88153;0.16;13.77;0.38;0.4
1983;1;21;21;-4.2;-7.4;-11.1;-9.2;-11.1;-13.9;1.3;0.8;0.54;3;1.2;175.77;116;24;52;28;88777;0.14;1.02;0.38;0.4
1983;1;22;22;0.4;-4.9;-10.3;-4.8;-8.4;-12.9;0.1;0.7;0.53;3;1.2;176.28;158;35;80;39;88891;0.09;0.23;0.38;0.4
1983;1;23;23;1.9;-8.6;-15.8;-3.1;-12.7;-18.6;0.1;1.4;0.53;3;1.2;176.27;183;41;89;59;88718;0.11;0;0.38;0.4
1983;1;24;24;1.3;-10.5;-19.3;-3.9;-14.9;-22.4;0.1;1.6;0.53;3;1.2;176.2;189;43;91;62;88737;0.06;0;0.37;0.4
1983;1;25;25;2.7;-7.3;-16.1;-3.7;-11.8;-19.2;0.3;1.6;0.52;3;1.2;176.26;187;42;79;31;88852;0;0.05;0.37;0.4
1983;1;26;26;2.6;0.9;-2.3;0.3;-1.7;-6.3;0.8;1.5;0.52;3;1.2;177.76;62;12;20;-8;88999;-0.03;4.11;0.37;0.4
1983;1;27;27;5.2;3;-0.1;0.2;-0.9;-2.9;1.4;1.3;0.5;3;1.2;176.72;170;34;74;30;88482;0.2;0.53;0.37;0.4
1983;1;28;28;3.3;2.4;0.6;1.8;0.3;-1.8;2.3;0.5;0.48;3;1.2;171.1;81;17;61;22;87935;-0.13;2.49;0.38;0.4
1983;1;29;29;3.6;1.9;0.4;0.4;-0.8;-2.2;1.9;0.6;0.46;3;1.2;167.07;55;12;45;18;87479;0.11;0.58;0.38;0.4
1983;1;30;30;3.8;0.6;-4.3;0.9;-1.3;-7.3;1.9;0.7;0.45;3;1.2;165.85;137;25;67;26;86498;0.33;10.72;0.39;0.4
1983;1;31;31;-3.7;-4.9;-6;-7.6;-9;-10.1;2.2;0.4;0.49;3;1.2;171.91;132;29;68;37;86734;0.9;7.6;0.39;0.4
1983;2;1;32;6.2;1.3;-3.7;-1.8;-3.9;-6.6;2.1;1.2;0.51;3;1.2;179.75;199;46;92;44;86348;0.79;8.98;0.39;0.4
1983;2;2;33;-2.7;-4.9;-6.7;-5.7;-8;-9.6;2.7;0;0.52;3;1.2;183.86;136;29;77;44;87314;0.69;5.54;0.39;0.4
1983;2;3;34;-3.3;-6.3;-10.7;-7.5;-10.5;-15.6;1.5;0.8;0.53;3;1.2;187.89;118;24;78;36;87718;0.22;6.6;0.38;0.4
1983;2;4;35;-5.9;-9.1;-16.8;-8.1;-12.2;-18.9;0.9;-0.2;0.53;3;1.2;195.75;186;45;88;59;88013;0.33;2.94;0.38;0.4
1983;2;5;36;-5.1;-11.4;-19.5;-9.7;-15.5;-22.5;0.1;1.9;0.53;3;1.2;196.93;122;24;82;24;86554;0.22;7.14;0.38;0.4
1983;2;6;37;-2.9;-6.2;-10.2;-5.9;-8.7;-11.9;0.1;1;0.54;3;1.2;207.24;121;26;50;23;84949;0.06;6.22;0.38;0.4
1983;2;7;38;-3.9;-8.1;-11.7;-8.6;-11.5;-14;0.5;0.8;0.54;3;1.2;209.73;159;35;57;39;84979;0.21;0.89;0.38;0.4
1983;2;8;39;-4.1;-8.4;-12.9;-7.9;-11.3;-15.6;-0.2;0.2;0.53;3;1.2;210.21;184;41;69;34;85707;0.09;0.47;0.38;0.4
1983;2;9;40;-4.7;-9;-13.9;-8.1;-11.3;-15.7;-0.2;0.2;0.53;3;1.2;210.59;176;42;71;51;86023;0.07;0.2;0.37;0.4
1983;2;10;41;-6.4;-10.7;-18.2;-8.5;-13.2;-20.4;-0.1;0.3;0.53;3;1.2;210.92;161;40;64;38;85858;0.02;0.86;0.37;0.4
1983;2;11;42;-5.7;-8.1;-9.9;-8.3;-9.8;-11.3;-0.5;-0.7;0.53;3;1.2;213.07;112;24;39;12;85586;0.05;5.45;0.37;0.4
1983;2;12;43;-5.6;-8.3;-9.9;-9.6;-10.3;-11.1;0.5;-0.2;0.53;3;1.2;218.76;162;39;71;31;86089;0.1;2.32;0.37;0.4
1983;2;13;44;-2.7;-8.9;-15;-8;-11.9;-16.9;-0.7;0.5;0.53;3;1.2;219.28;195;47;82;55;86490;0.07;0;0.37;0.4
1983;2;14;45;-4;-7.8;-12.4;-6.8;-10.3;-15.5;-0.2;0.2;0.53;3;1.2;219.93;138;33;59;22;86554;0.01;1.35;0.37;0.4
1983;2;15;46;-2.9;-6.6;-9.7;-6.6;-8.3;-10.7;-1;-0.4;0.52;3;1.2;220.78;192;50;84;35;87303;0.12;0.16;0.37;0.4
1983;2;16;47;-7;-11;-14.8;-11.1;-13.6;-16.5;-1.3;-0.2;0.52;3;1.2;220.78;256;63;100;75;87560;0.09;0;0.36;0.4
1983;2;17;48;-7;-12.1;-16.2;-12.2;-15.4;-19;-1.2;0.1;0.52;3;1.2;220.74;256;65;91;74;88037;0.03;0;0.36;0.4
1983;2;18;49;-2.9;-10.4;-18.5;-8.8;-15.1;-22.1;-0.6;0.7;0.52;3;1.2;220.77;257;66;92;68;88225;0.01;0;0.36;0.4
1983;2;19;50;0.3;-8.7;-17.9;-6.7;-13.5;-21.1;0.3;0.7;0.51;3;1.2;220.79;261;67;94;65;87948;0.04;0;0.36;0.4
1983;2;20;51;-3.6;-8.7;-14.7;-8.1;-12.1;-18.1;0;0.3;0.51;3;1.2;220.85;254;66;90;62;87536;-0.04;0.06;0.36;0.4
1983;2;21;52;-4.8;-9;-12.4;-9.1;-11.7;-14.9;-0.1;-0.3;0.51;3;1.2;221.66;174;40;51;27;87674;0.07;1.59;0.36;0.4
1983;2;22;53;-6.3;-11.5;-16.8;-13.2;-15.4;-18.7;-1;0.2;0.51;3;1.2;222.45;280;73;106;82;88004;0.11;0;0.36;0.4
1983;2;23;54;-3;-11.7;-20.6;-11.2;-17.3;-23.4;-0.5;0.9;0.51;3;1.2;222.37;284;75;103;76;88226;0.08;0;0.36;0.4
1983;2;24;55;3.5;-8.7;-20.1;-7.3;-15.3;-22.8;0;1.1;0.5;3.1;1.2;222.28;290;77;110;74;88428;0.06;0;0.35;0.4
1983;2;25;56;4.6;-6.4;-19;-5.4;-12.3;-21.5;0;1.4;0.5;3.1;1.3;222.34;246;61;76;40;88023;0.03;0.83;0.35;0.4
1983;2;26;57;7.1;0.4;-4;-0.6;-3.3;-6.6;0.1;0.9;0.5;3.1;1.3;223.06;255;62;78;24;87376;-0.02;3.75;0.35;0.4
1983;2;27;58;2.4;0.2;-1.7;-1;-1.7;-3.3;1.2;0.4;0.49;3.1;1.3;226.17;170;42;39;18;87232;0.18;4.37;0.35;0.4
1983;2;28;59;1.5;-1.9;-5;-2.1;-4.1;-6.4;1.1;0.7;0.5;3.1;1.3;229.22;159;38;75;39;86998;0.33;6.51;0.35;0.4
1983;3;1;60;-0.5;-3.6;-8.1;-3.2;-5.4;-9.5;0.3;0;0.5;3.1;1.3;233.74;165;45;68;38;87070;0.28;4.77;0.35;0.4
1983;3;2;61;-0.9;-3.2;-4.5;-4.7;-5.2;-5.8;-0.3;-0.9;0.52;3.1;1.3;239.66;175;41;59;24;87824;0.24;4.26;0.35;0.39
1983;3;3;62;0.6;-3.8;-9.1;-4.1;-6.5;-10;-0.8;0.1;0.52;3.1;1.3;240.9;274;74;95;65;88447;0.15;0;0.35;0.39
1983;3;4;63;2.6;-4.9;-14.1;-3.4;-8.8;-16.5;0;0.6;0.51;3.1;1.3;240.78;302;82;106;77;88428;0.14;0;0.35;0.39
1983;3;5;64;2.7;-4.4;-11.8;-3.3;-9;-14.9;0.5;0.7;0.51;3.1;1.3;240.76;299;79;102;70;88443;0.14;0;0.35;0.39
1983;3;6;65;4.4;-2.5;-10.4;-2.1;-7.3;-13.3;0.8;0.8;0.5;3.1;1.3;240.68;264;75;90;63;88279;0.11;0;0.35;0.39
1983;3;7;66;3.5;-0.5;-5.8;-1;-4.2;-8.7;0.7;0.5;0.5;3.2;1.3;240.75;127;35;55;31;88224;0.01;0.11;0.35;0.39
1983;3;8;67;8.7;0.8;-6;1.3;-3.7;-8.8;0;0.7;0.49;3.2;1.3;239.98;298;82;96;63;88222;0.02;0;0.35;0.39
1983;3;9;68;7.5;0.8;-6.8;-0.9;-4.7;-9.8;0.9;0.9;0.49;3.2;1.3;237.88;325;91;102;71;87912;0.25;0;0.35;0.39
1983;3;10;69;7.3;1.6;-5;-0.1;-3.3;-7;0.5;0.6;0.48;3.2;1.3;235.35;330;92;97;67;87823;0.15;0;0.35;0.39
1983;3;11;70;6.3;0.8;-5.3;0.1;-2.4;-7.3;1.1;-0.1;0.47;3.2;1.3;232.48;318;86;98;57;87690;0.11;1.82;0.35;0.39
1983;3;12;71;2.3;-0.5;-2.7;0;-2.7;-5.5;-0.8;-0.6;0.47;3.2;1.3;231.89;259;67;94;45;88043;0.41;1.6;0.35;0.39
1983;3;13;72;8.2;0.9;-6;0.1;-3.8;-7.7;0.2;0.6;0.46;3.2;1.3;230.86;353;101;104;79;87879;0.17;0;0.35;0.39
1983;3;14;73;7.3;1.4;-5.7;2.2;-2.2;-7.2;-0.1;0.5;0.45;3.2;1.3;228.14;307;77;75;44;87502;0.15;0.2;0.36;0.39
1983;3;15;74;7;2.2;-3.2;0.2;-2;-5.3;-0.5;0.8;0.44;3.2;1.3;224.27;307;84;90;52;86605;0.28;0.01;0.36;0.39
1983;3;16;75;5;2.3;0;0.7;-0.3;-2.3;-0.1;-0.4;0.43;3.2;1.3;221.06;325;71;72;35;87079;0.19;1.09;0.36;0.39
1983;3;17;76;4.7;2.9;0.9;2.3;1.1;0.4;0.4;-0.2;0.42;3.3;1.3;216;224;55;33;11;87872;0.12;1.15;0.37;0.39
1983;3;18;77;5.2;2;-1.7;2.7;0.4;-2.3;0.9;0.7;0.42;3.3;1.3;209.58;168;42;36;16;88033;0.04;4.58;0.37;0.39
1983;3;19;78;5.8;2.7;1.3;3.2;1.5;0.3;1.1;0.7;0.41;3.3;1.3;200.88;178;43;29;5;87706;-0.14;20.34;0.39;0.39
1983;3;20;79;6.5;2.5;-3.1;2.8;0.5;-4.4;0.4;0.3;0.43;3.3;1.3;192.3;279;73;87;39;87512;0.13;5.79;0.4;0.39
1983;3;21;80;7.5;2.4;-4.3;2.5;-0.9;-5.9;0.6;0.5;0.42;3.3;1.3;185.91;223;64;60;41;87051;0.05;0.26;0.4;0.4
1983;3;22;81;2.3;0.2;-1.9;0.2;-1.6;-4.5;2.4;0.1;0.42;3.3;1.3;184.07;226;61;52;30;86486;0.59;7.93;0.41;0.4
1983;3;23;82;3.7;-0.5;-5.4;-3.4;-5.1;-7.6;1.7;0.5;0.45;3.3;1.3;185.95;328;97;97;60;86516;0.99;1.61;0.4;0.4
1983;3;24;83;7.8;2.2;-5.4;0.2;-3.3;-8.1;0;1.3;0.44;3.4;1.4;183.55;392;112;103;60;85699;0.51;0.17;0.4;0.4
1983;3;25;84;2.1;-1.2;-5.8;0.3;-2.5;-7.9;0.9;-0.5;0.47;3.4;1.4;190.43;57;19;67;16;85769;0.34;21.36;0.4;0.4
1983;3;26;85;-1.5;-4.7;-8.2;-5.3;-7.4;-10.8;2;0.3;0.51;3.4;1.4;200.45;263;69;80;35;85597;0.76;11.35;0.4;0.4
1983;3;27;86;-0.1;-3.9;-8.3;-7.6;-9.2;-11.9;0.2;0.2;0.53;3.4;1.4;209.03;329;102;107;58;85819;0.59;1.48;0.4;0.4
1983;3;28;87;3.5;-1;-5.2;-2;-5.4;-9.6;0.3;0.1;0.52;3.4;1.4;209.23;272;72;70;27;85766;0.29;4.98;0.39;0.4
1983;3;29;88;-0.6;-2.2;-3.6;-3;-4;-4.5;-0.3;-0.9;0.53;3.4;1.4;217.09;145;39;48;20;86508;0.32;6.94;0.39;0.4
1983;3;30;89;5.7;0.7;-5.1;-2.2;-4.2;-6.9;0.3;0.3;0.52;3.4;1.4;218.94;359;108;99;65;86767;0.32;0;0.39;0.4
1983;3;31;90;5;1;-5;-0.1;-2.5;-7.1;-0.4;-0.2;0.51;3.5;1.4;217.1;242;77;62;40;86256;0.26;0.37;0.39;0.4
1983;4;1;91;4.9;2.1;-1.7;2.8;0.3;-2.3;0;-0.1;0.5;3.5;1.4;214.99;263;73;68;36;85447;0.07;3.77;0.39;0.4
1983;4;2;92;3.7;0.2;-3.6;2.8;-0.6;-5;0.6;0.1;0.48;3.5;1.4;213.42;246;66;62;29;85310;-0.14;8.97;0.39;0.4
1983;4;3;93;2;-0.3;-1.7;-1;-1.7;-2.8;0.3;-0.6;0.49;3.5;1.4;217.02;250;69;44;24;85756;0.45;7.78;0.4;0.4
1983;4;4;94;2.1;-0.8;-2.4;-2.7;-3.4;-4.7;0.6;-0.7;0.49;3.5;1.4;221.49;251;66;77;27;85906;0.7;6.17;0.4;0.4
1983;4;5;95;1.9;-1.5;-5.1;-3.1;-5.6;-7.9;1.2;0.2;0.49;3.5;1.4;224.51;306;96;81;56;86168;0.89;2.19;0.39;0.4
1983;4;6;96;2.5;-0.4;-4.1;0.4;-3;-6.8;0.5;0.9;0.48;3.5;1.4;226.68;183;50;54;24;85946;0.32;6.31;0.39;0.4
1983;4;7;97;5.3;1.5;-2.5;0.2;-1.4;-4.1;0.6;0.5;0.48;3.6;1.4;229.46;339;80;86;31;86443;0.33;5.55;0.39;0.4
1983;4;8;98;10.8;4.1;-1.8;5.2;0.5;-3.1;0.4;1;0.45;3.6;1.4;224.36;317;101;68;39;86816;0.33;1.39;0.4;0.4
1983;4;9;99;10.2;4.7;1;4.3;2.1;-1.4;0.9;1.1;0.42;3.6;1.4;214.54;158;51;33;10;87161;0.1;3.97;0.4;0.4
1983;4;10;100;11.2;6.5;1.2;6;3.2;0.2;0.4;0.8;0.38;3.6;1.4;202.75;362;99;60;26;87270;0.63;0.92;0.41;0.4
1983;4;11;101;13.3;5.6;-0.3;4;1.3;-2.2;0.6;1.2;0.35;3.6;1.4;191.93;487;152;102;54;86642;1.36;6.23;0.42;0.41
1983;4;12;102;3;0;-2.7;-1.2;-2.7;-4.1;2;0.4;0.39;3.6;1.4;190.68;436;113;75;40;86809;1.47;9.13;0.42;0.41
1983;4;13;103;-0.6;-2.9;-4.9;-2.8;-5;-6.7;1.6;-0.4;0.47;3.6;1.4;198.58;324;87;64;33;87650;0.98;7.81;0.41;0.41
1983;4;14;104;0.8;-2.8;-8.4;-3.2;-5.8;-10.2;1.7;0.2;0.5;3.7;1.5;203.37;373;106;83;42;87868;0.98;6.93;0.41;0.41
1983;4;15;105;-0.1;-1;-2.1;-1.4;-2.3;-3.4;1.4;0.3;0.52;3.7;1.5;215.88;110;28;17;7;87879;0.21;17.02;0.4;0.41
1983;4;16;106;7.3;2.1;-4.8;-0.7;-2.6;-6.6;-0.2;0.4;0.51;3.7;1.5;222.31;391;119;99;58;87619;0.95;0.76;0.4;0.41
1983;4;17;107;15.4;4.5;-6.5;3.8;-2.5;-9;-0.3;1.1;0.49;3.7;1.5;217.81;432;143;107;77;86777;1.16;0.02;0.4;0.41
1983;4;18;108;14;6.1;-1.4;4;0.7;-3.1;-0.3;1.7;0.44;3.7;1.5;209.97;403;137;85;56;86334;1.17;0.01;0.4;0.41
1983;4;19;109;13.3;7.6;2.1;4.4;1.9;-0.8;-0.1;1.3;0.38;3.7;1.5;199.48;520;168;95;59;86324;1.47;1.86;0.41;0.41
1983;4;20;110;14.1;7.2;1.4;4.3;2.4;-1.5;-0.8;0.5;0.36;3.8;1.5;188.67;526;165;104;57;87250;1.53;0.87;0.42;0.41
1983;4;21;111;12.4;7.3;-0.1;4.4;1.6;-2.7;-0.5;1.6;0.34;3.8;1.5;179.72;362;122;73;48;86848;1.17;0.55;0.41;0.41
1983;4;22;112;10.2;5.4;0.6;3.3;1.8;-1.3;0.7;0.2;0.34;3.8;1.5;171.63;373;108;102;39;86942;1.2;11.51;0.42;0.41
1983;4;23;113;15.1;7.1;-1.5;8;2.3;-2.9;0.2;0.5;0.33;3.8;1.5;163.12;536;172;93;65;86622;1.39;1.54;0.42;0.42
1983;4;24;114;8.1;4.6;0.2;5.6;3.2;-0.2;0;-0.2;0.32;3.8;1.5;154.39;337;105;57;38;86738;0.68;7.3;0.42;0.42
1983;4;25;115;14.4;6.3;-2.9;3.6;0.3;-3.9;-0.3;0.8;0.32;3.8;1.5;145.84;585;191;106;77;86829;1.76;0.08;0.42;0.42
1983;4;26;116;12.9;6.2;-1.6;3.7;1;-2.9;-0.5;1.1;0.32;3.9;1.5;137.05;354;135;83;59;86866;1.3;0.01;0.41;0.42
1983;4;27;117;9.6;5.4;1.1;5.5;2.1;-1.8;0.4;0.2;0.31;3.9;1.5;128.69;481;154;87;57;87068;1.1;5.81;0.41;0.42
1983;4;28;118;11;6.3;0;4.1;1.7;-1.1;-0.4;0.1;0.31;3.9;1.5;119.63;446;154;87;54;87302;1.43;0.41;0.41;0.42
1983;4;29;119;8.2;5.3;1.5;6;2.8;-1.2;0.5;0.1;0.31;3.9;1.6;110.58;395;116;53;32;87339;0.84;6.04;0.41;0.42
1983;4;30;120;13.5;7;-1.1;6.8;3.5;-1.5;-0.5;0.3;0.3;3.9;1.6;100.96;499;150;81;49;86953;1.38;0.74;0.41;0.42
1983;5;1;121;14.5;6.5;2.2;6.9;3.6;0.8;0.6;0.6;0.29;3.9;1.6;90.23;488;154;81;39;86219;1.51;15.9;0.41;0.43
1983;5;2;122;8.5;4.8;0.2;1;-0.9;-2.5;1.6;0.2;0.28;4;1.6;82;544;182;102;69;86719;2.45;1.12;0.41;0.43
1983;5;3;123;8.3;4.6;1.4;1.7;0;-2.3;1.3;0.1;0.28;4;1.6;76.82;500;148;91;49;87097;1.64;3.42;0.4;0.43
1983;5;4;124;9.9;5;2.2;5.2;2.6;1;0.9;0.4;0.26;4;1.6;71.44;417;104;77;38;87270;1.33;8.83;0.4;0.43
1983;5;5;125;9.7;5.9;-0.5;4.4;2;-1.6;0.3;-0.1;0.25;4;1.6;65.66;490;180;94;59;87542;2.12;2.04;0.4;0.43
1983;5;6;126;12;7.3;-0.2;7.4;3;-1.7;0.1;0.2;0.24;4;1.6;59.07;529;172;85;56;87468;1.86;1.56;0.4;0.43
1983;5;7;127;14.7;8.9;2.4;7.5;4.7;1.3;-0.2;0.1;0.23;4;1.6;52.23;502;149;64;34;87063;1.78;4.44;0.4;0.43
1983;5;8;128;6.8;5;2.2;5.7;4.4;2;0.6;0.4;0.23;4.1;1.6;46.98;152;41;18;8;86683;0.97;24.08;0.41;0.43
1983;5;9;129;7.3;3.8;-0.1;4.9;2.5;-1;0.8;0.2;0.26;4.1;1.6;45.46;414;114;83;35;86598;1.45;9.64;0.41;0.43
1983;5;10;130;12.4;4.8;-2.6;4.3;0.6;-3.7;0.1;-0.1;0.25;4.1;1.6;41.7;588;173;92;48;86272;2.1;11.19;0.4;0.43
1983;5;11;131;10.3;5.4;0.4;5.1;2.3;0.3;-0.5;0.1;0.27;4.1;1.6;38.85;444;145;64;39;86084;1.85;7.03;0.41;0.43
1983;5;12;132;16.5;9.3;1;8.6;3.4;0.5;-0.2;1.1;0.26;4.1;1.6;33.57;644;225;103;74;86444;2.84;0.1;0.41;0.43
1983;5;13;133;16.6;10.1;4.3;8.5;5.2;2.1;-0.3;-0.4;0.25;4.1;1.7;27.35;566;194;90;52;86951;2.4;1.06;0.4;0.42
1983;5;14;134;18.4;11.7;5.2;10.9;6.8;4.8;-0.6;0.3;0.24;4.2;1.7;20.26;630;203;101;56;87077;2.48;0.06;0.4;0.42
1983;5;15;135;18.7;12.5;5.3;12.4;7.7;3.6;-0.2;0.7;0.22;4.2;1.7;13.25;522;183;86;58;86884;2.41;1.4;0.4;0.42
1983;5;16;136;17.8;11.9;6.7;8.6;6.3;3.2;-0.2;0.5;0.19;4.2;1.7;7.48;716;226;108;71;86666;3.21;0.27;0.39;0.42
1983;5;17;137;18.9;11.8;4.6;9.8;4.4;2.4;0.3;0.4;0.15;4.2;1.7;3.62;749;264;128;84;87018;3.95;0.01;0.39;0.42
1983;5;18;138;9.1;7.1;5.3;5.5;3.3;1.5;-0.1;0;0.13;4.2;1.7;1.92;304;102;61;40;87337;1.74;2.53;0.38;0.42
1983;5;19;139;9;6;2.5;5.7;3.5;0.9;0.7;0;0.13;4.2;1.7;1.28;340;119;103;45;87279;2.21;5.6;0.38;0.42
1983;5;20;140;17.3;9.5;-1.1;8.7;3.8;-2;-0.7;0.5;0.12;4.2;1.7;0.74;759;263;120;82;87003;3.55;0.11;0.37;0.42
1983;5;21;141;19.2;11.2;4;10.2;6.1;1.9;0.2;0.6;0.12;4.2;1.7;0.31;635;212;111;62;86476;3.67;5.05;0.37;0.42
1983;5;22;142;8.1;5.3;3;6.2;4.5;2.7;0;-1;0.12;4.2;1.7;0.33;282;76;26;10;86949;2.1;16.95;0.37;0.42
1983;5;23;143;5.2;3.8;2.8;4.9;3.6;2.7;1;0;0.13;4.3;1.7;0.71;147;43;10;8;86820;1.41;13.41;0.38;0.42
1983;5;24;144;5.8;3.6;1.8;2.6;2.1;1.6;1.4;0.2;0.13;4.3;1.7;0.56;266;84;24;16;86541;2.24;5.83;0.39;0.42
1983;5;25;145;7.3;3.9;0.3;1.5;0.3;-0.1;1.7;0;0.12;4.3;1.7;0.33;476;144;58;35;86753;2.25;0.82;0.38;0.42
1983;5;26;146;4.2;2.9;1.4;3.2;1.8;0.1;1;0;0.13;4.3;1.7;0.42;231;79;29;19;87020;2.09;8.5;0.38;0.42
1983;5;27;147;8;4.1;-0.4;2.8;1.2;-1;0.9;-0.3;0.13;4.3;1.7;0.41;562;172;77;43;87245;2.49;2.17;0.38;0.42
1983;5;28;148;10.3;6.2;2;5.9;3.6;1.5;-0.3;-0.4;0.12;4.3;1.7;0.15;545;183;86;48;87181;2.69;5.77;0.38;0.42
1983;5;29;149;11.2;6.6;0.4;6.3;4;0.1;0.2;0.5;0.12;4.3;1.7;0.03;553;200;84;60;87024;2.94;5;0.38;0.42
1983;5;30;150;13.5;7.9;0.6;8.8;4.7;-0.4;-0.1;0.3;0.12;4.3;1.7;0;630;222;93;69;87232;2.94;2.45;0.38;0.42
1983;5;31;151;17.3;11.1;1;8.9;5.1;0.2;-0.4;0.4;0.12;4.3;1.7;0;701;239;112;78;87584;3.94;0.13;0.37;0.42
1983;6;1;152;22.2;13.9;3.8;14.3;8;2.7;-0.1;0.8;0.12;4.3;1.7;0;733;257;113;79;87623;4.37;0.48;0.37;0.42
1983;6;2;153;14.4;11;6;10.4;8.5;5.9;0.5;0.3;0.12;4.3;1.7;0;349;129;83;47;88011;2.2;2.79;0.36;0.41
1983;6;3;154;18.3;12.6;4.1;12.9;8;3.7;0;0.2;0.12;4.4;1.8;0;658;233;100;67;88204;3.62;0.3;0.36;0.41
1983;6;4;155;20;14.5;5.6;13.5;9.2;4.8;0;0.4;0.12;4.4;1.8;0;634;235;96;73;88301;3.87;0.06;0.35;0.41
1983;6;5;156;21.7;14.9;6.8;13.4;9.9;5.4;0.5;0.6;0.12;4.4;1.8;0;665;233;104;69;88055;4.02;1.22;0.35;0.41
1983;6;6;157;13.7;11.7;8.9;12.7;10.6;8.5;0;-0.4;0.12;4.4;1.8;0;300;92;44;25;87874;2.31;27.34;0.36;0.41
1983;6;7;158;17.7;12.3;7.6;8.9;7.4;6;-1.3;-0.3;0.12;4.4;1.8;0;801;282;131;85;88072;4.54;0.11;0.37;0.41
1983;6;8;159;22.9;15.3;4;16;9.5;3.3;0.3;0.5;0.12;4.4;1.8;0;799;294;136;96;88172;4.8;0;0.36;0.41
1983;6;9;160;18.2;14.5;10.7;14.6;12;9.5;0.7;0.6;0.12;4.4;1.8;0;443;150;70;46;88235;2.9;9.91;0.36;0.41
1983;6;10;161;17.3;12.7;8.6;12.6;10.4;7.6;0.7;0.2;0.12;4.4;1.8;0;557;178;80;52;87868;3.18;17.28;0.36;0.41
1983;6;11;162;15.1;11.9;7.7;11.8;9.4;7.3;0.2;-0.2;0.12;4.4;1.8;0;517;190;72;52;87522;3.37;9.35;0.37;0.41
1983;6;12;163;16.8;12.8;5.6;8.9;7.1;4.5;-0.1;0;0.12;4.4;1.8;0;634;226;91;70;87544;3.76;0.07;0.37;0.41
1983;6;13;164;14.3;10.4;7.6;10.9;8.9;6.2;0.8;0.2;0.12;4.4;1.8;0;414;121;69;34;87523;2.38;36.1;0.38;0.41
1983;6;14;165;10.1;8.3;6.1;9.8;8.2;5.8;1;0.2;0.12;4.4;1.8;0;95;27;46;9;87883;0.87;46.23;0.41;0.41
1983;6;15;166;9.6;6.5;3.2;7.2;5.1;3;1.3;-0.1;0.12;4.5;1.8;0;527;161;65;34;88071;3.88;23.99;0.43;0.41
1983;6;16;167;7.8;4.3;1.3;6.5;3.2;1;0.7;-0.2;0.15;4.5;1.8;0.88;480;153;75;36;88150;2.93;11.32;0.43;0.41
1983;6;17;168;9.3;5.2;-0.4;3.2;1.3;-0.7;-0.3;-0.4;0.14;4.5;1.8;0.63;559;179;84;53;87875;2.66;1.2;0.42;0.42
1983;6;18;169;10.3;6.5;2.6;3.1;2.4;1.9;-1.8;-1;0.13;4.5;1.8;0.3;465;166;69;42;87837;2.69;0.54;0.42;0.42
1983;6;19;170;12.6;8.8;4.1;8;5.8;3;-1.3;-0.8;0.12;4.5;1.8;0.09;456;157;77;37;87690;2.25;2.98;0.41;0.42
1983;6;20;171;15.5;11;6.9;10.5;8.5;6;-1.5;-0.5;0.12;4.5;1.8;0.01;520;179;70;41;87567;2.92;0.75;0.41;0.42
1983;6;21;172;16.7;11.5;5.8;12.5;9.6;5.6;0.1;0.1;0.12;4.5;1.8;0;594;185;77;49;87515;2.84;12.83;0.4;0.42
1983;6;22;173;15.5;11.3;6.7;12.1;10.1;6.4;0.1;0;0.12;4.5;1.8;0;480;149;67;38;87523;2.83;10.6;0.41;0.42
1983;6;23;174;17.7;12.9;7.3;11.6;9.5;7;-0.5;0.2;0.12;4.5;1.8;0;648;225;93;56;87482;3.69;0.71;0.41;0.42
1983;6;24;175;18.4;12.8;6.5;13.2;9.8;5.8;0.2;0.5;0.12;4.5;1.8;0;632;218;92;63;87667;3.42;3.23;0.4;0.42
1983;6;25;176;18;12.7;6.3;13.5;10.8;6;0.1;0.6;0.12;4.5;1.8;0;567;191;103;58;87805;2.95;5.61;0.4;0.42
1983;6;26;177;18.9;13.7;6.8;13.7;10.2;6.6;0.2;0.5;0.12;4.5;1.8;0;635;209;94;55;87755;3.56;3.73;0.4;0.42
1983;6;27;178;16.9;12.8;8.5;13.2;11.4;7.9;0.5;0.2;0.12;4.5;1.8;0;514;152;83;40;87307;2.86;16.71;0.4;0.42
1983;6;28;179;11.4;9.7;7.6;10.4;9;6.7;0.5;-0.6;0.12;4.5;1.8;0;151;49;20;11;87297;1.7;12.02;0.41;0.42
1983;6;29;180;15.3;11;6.9;8.1;5.9;5;0.2;-0.6;0.12;4.5;1.8;0;608;225;108;60;87484;3.85;0.3;0.41;0.42
1983;6;30;181;17.3;11.8;5.8;12.3;8.6;4.6;0.1;0.1;0.12;4.5;1.9;0;609;201;93;54;87307;3.24;8.82;0.4;0.42
1983;7;1;182;10.9;9.8;7.3;10.2;9.2;6.7;0.7;0.3;0.12;4.6;1.9;0;140;51;45;20;87622;1.64;15.2;0.41;0.42
1983;7;2;183;15.6;11.2;6.2;9.6;7.6;6.1;-0.5;-0.4;0.12;4.6;1.9;0;545;208;95;54;88044;3.48;0.05;0.41;0.42
1983;7;3;184;18.5;13.6;5.7;12.9;9.9;5.5;-0.5;-0.2;0.12;4.6;1.9;0;630;211;81;54;87952;3.29;0.02;0.41;0.42
1983;7;4;185;19.9;14.4;7.9;14.8;11.9;7.8;-0.5;0.2;0.12;4.6;1.9;0;686;199;89;54;87836;3.13;1.86;0.4;0.42
1983;7;5;186;21.7;15.3;8.2;16.3;12.5;7.9;-0.2;0.4;0.12;4.6;1.9;0;713;234;95;62;87843;3.8;1.9;0.39;0.42
1983;7;6;187;19.6;15.3;9.8;16;13.3;9;-0.1;0.4;0.12;4.6;1.9;0;548;201;96;58;87758;3.14;5.07;0.39;0.42
1983;7;7;188;16.9;14.2;11.3;14.6;12.9;10.5;0.7;0.3;0.11;4.6;1.9;0;446;136;62;35;87564;2.9;17.82;0.4;0.42
1983;7;8;189;16.8;13.7;11.3;15.1;13;11;0.4;0.3;0.11;4.6;1.9;0;327;92;61;23;87590;1.82;6.8;0.4;0.42
1983;7;9;190;20.6;16;10.4;16.4;12.7;10.2;-0.4;0;0.11;4.6;1.9;0;650;222;88;56;87800;3.86;1.82;0.4;0.42
1983;7;10;191;21.4;16.5;9;14;11.5;8.2;-0.4;0;0.11;4.6;1.9;0;695;248;106;74;87905;4.38;0.01;0.4;0.42
1983;7;11;192;21.2;15.6;9.5;15;12;8.4;-0.2;0.3;0.11;4.6;1.9;0;711;241;106;74;87964;3.98;2.58;0.39;0.42
1983;7;12;193;19.8;15.2;8.6;13.3;11.2;8.3;0.2;0.1;0.11;4.6;1.9;0;626;225;90;65;87914;3.96;0.65;0.39;0.41
1983;7;13;194;19.7;14.5;10.8;13.5;11.6;9.5;1;0.6;0.11;4.6;1.9;0;586;187;75;48;87769;3.48;19.12;0.38;0.41
1983;7;14;195;16.2;13.2;10;12.5;10.6;9.2;0.4;-0.3;0.11;4.6;1.9;0;592;188;86;54;87716;3.43;7.92;0.4;0.41
1983;7;15;196;19.2;14.7;7.9;10.3;8.7;7.2;0.1;-0.1;0.11;4.6;1.9;0;786;284;122;91;87737;4.68;0;0.39;0.41
1983;7;16;197;21.1;15.6;7.5;11.8;9.2;6.4;-0.4;0.1;0.11;4.6;1.9;0;786;286;124;94;87751;5.03;0;0.38;0.41
1983;7;17;198;23.6;17.1;7.4;15.7;11.1;6.6;-0.2;0.4;0.11;4.6;1.9;0;789;282;124;87;87815;5.12;0;0.38;0.41
1983;7;18;199;22.5;17.7;11.7;16.1;13.9;10.3;0.2;0.9;0.11;4.6;1.9;0;612;205;89;59;87939;3.84;3.47;0.37;0.41
1983;7;19;200;24;18.9;11.9;16;12.8;10.5;0.5;0.7;0.11;4.6;1.9;0;687;243;101;71;88098;4.72;1.47;0.37;0.41
1983;7;20;201;21.1;15.9;12.4;14.9;12.9;10.3;0.8;0;0.11;4.6;1.9;0;632;166;84;48;88052;3.15;12.04;0.37;0.41
1983;7;21;202;17.3;13.9;10.3;12.9;11.2;10;0.2;-1.1;0.11;4.6;1.9;0;572;182;89;49;88073;3.32;3.63;0.37;0.41
1983;7;22;203;23.8;17.7;8.1;17.1;12.8;7.8;-0.2;0.1;0.11;4.6;1.9;0;780;279;125;88;87838;4.75;0;0.37;0.41
1983;7;23;204;24.1;18.8;11.3;19.1;14.3;9.7;0.2;0.5;0.11;4.6;1.9;0;660;241;108;78;87526;4.2;0.82;0.36;0.41
1983;7;24;205;19.3;16;13;15;13.3;11.2;0.7;0.4;0.11;4.6;1.9;0;425;142;70;50;87369;2.86;7.43;0.36;0.41
1983;7;25;206;21.5;17;11;16.7;12.9;9.7;-0.2;0.2;0.11;4.6;1.9;0;675;241;105;76;87647;4.19;0.21;0.36;0.41
1983;7;26;207;27.7;19.8;10.3;20.8;14.3;9.1;0;1;0.11;4.6;1.9;0;739;241;118;84;87893;4.54;0.22;0.35;0.41
1983;7;27;208;28;20.8;11.5;19.6;14.6;10.2;0.1;0.8;0.11;4.6;1.9;0;686;238;129;82;88026;4.64;1.69;0.35;0.41
1983;7;28;209;27;20.6;14;19.8;15.1;11.8;0.3;0.6;0.11;4.6;1.9;0;747;245;111;76;87978;4.77;4.6;0.34;0.41
1983;7;29;210;19.7;16.4;13.1;15.7;14.2;12.2;1.1;0.1;0.11;4.6;1.9;0;533;157;69;47;88053;3.66;12.88;0.35;0.41
1983;7;30;211;22.5;17.4;10.7;15.3;13.3;10.6;0;0;0.11;4.6;1.9;0;745;258;109;77;88027;4.44;0;0.35;0.41
1983;7;31;212;26.4;19.5;10.9;18.8;14.1;9.7;-0.1;0.5;0.11;4.5;1.9;0;760;268;120;89;87654;4.92;0;0.34;0.41
1983;8;1;213;24.1;17.5;13.2;16.6;14.4;10.6;0.4;0.6;0.11;4.5;1.9;0;678;189;90;55;87304;3.67;34.99;0.34;0.41
1983;8;2;214;14.7;12.8;9.5;13.7;12.2;9.1;0;-0.5;0.11;4.5;1.9;0;248;63;51;21;87364;1.96;31.79;0.37;0.41
1983;8;3;215;9;7.1;5.8;8.6;6.8;5.6;1.2;-0.2;0.11;4.5;1.9;0;73;23;18;10;87631;1.9;51.37;0.41;0.41
1983;8;4;216;11.1;7.9;5.3;7;6;5.1;1.5;0.1;0.11;4.5;1.8;0;471;126;79;28;88017;3.32;12.58;0.42;0.41
1983;8;5;217;10.8;8.2;6.7;8.7;7.1;5.1;1.3;0.3;0.11;4.5;1.8;0;202;67;36;15;87703;2.35;19.86;0.42;0.41
1983;8;6;218;8.7;7.7;7.1;8.2;7.4;6.9;1.1;0;0.11;4.5;1.8;0;124;33;25;8;87627;1.3;16.78;0.43;0.41
1983;8;7;219;13.5;10.1;7.7;10.9;8.6;6.9;-0.3;-0.5;0.11;4.5;1.8;0;528;143;62;37;87746;2.58;6.08;0.43;0.42
1983;8;8;220;17.8;12.3;5.8;11.2;8.5;5.7;-1;-0.1;0.11;4.5;1.8;0;636;222;98;68;88058;3.47;0;0.42;0.42
1983;8;9;221;20.1;14.5;6.4;13.2;10.4;5.7;-0.5;0;0.11;4.5;1.8;0;650;225;105;77;88018;3.56;0.04;0.41;0.42
1983;8;10;222;18.8;13.5;9.1;14.7;11.9;8.1;0.2;0.5;0.11;4.5;1.8;0;531;137;73;47;87582;2.1;7.99;0.41;0.42
1983;8;11;223;16.2;12.3;8.7;13.5;11.3;8.6;0.3;0.2;0.11;4.5;1.8;0;438;118;67;32;87205;2.37;12.52;0.41;0.42
1983;8;12;224;15;12;8.6;13;11;8.6;0.5;0.3;0.11;4.5;1.8;0;312;104;61;31;87167;2.2;4.32;0.41;0.42
1983;8;13;225;14.4;10.7;8.9;11.7;8.3;3.8;0.9;-0.3;0.11;4.5;1.8;0;468;131;63;33;87321;3.04;6.88;0.41;0.42
1983;8;14;226;15.3;11;6.9;8;6.1;3.7;-0.3;-0.3;0.11;4.5;1.8;0;652;208;117;69;87789;3.3;0.04;0.41;0.42
1983;8;15;227;20.4;14.1;5.7;15.1;9.9;4.5;0.1;0.3;0.11;4.5;1.8;0;725;245;118;85;87920;3.69;0;0.4;0.42
1983;8;16;228;20.5;14.8;10.4;14.3;11.7;9.1;0.1;0.9;0.11;4.5;1.8;0;565;175;93;54;87733;3.27;6.46;0.39;0.42
1983;8;17;229;15.6;12.4;9.5;13.2;11.2;8.5;0.2;0.3;0.11;4.4;1.8;0;438;124;61;44;87633;2.36;10.34;0.4;0.42
1983;8;18;230;18.4;13.5;7.9;12.1;10.2;7.8;-0.7;0.1;0.11;4.4;1.8;0;586;193;89;61;87808;3.32;0.23;0.4;0.42
1983;8;19;231;20.7;15;7.1;14.8;10.9;6;-0.1;0.4;0.11;4.4;1.8;0;622;211;100;74;87774;3.49;0.3;0.39;0.42
1983;8;20;232;19.4;13.9;9.2;14.8;11.9;8;0.2;0.6;0.11;4.4;1.8;0;580;170;82;58;87874;2.51;3.21;0.38;0.42
1983;8;21;233;19.3;13.6;7.9;15.1;12.1;7.6;0.2;0.5;0.11;4.4;1.8;0;578;173;100;54;87847;2.72;7.79;0.38;0.42
1983;8;22;234;18.6;13.9;9.8;15.4;12.5;9.2;0.1;0.4;0.11;4.4;1.8;0;552;157;74;44;87918;2.73;5.7;0.38;0.42
1983;8;23;235;19.9;14.1;8.5;14.8;12.2;8.3;-0.1;0.3;0.11;4.4;1.8;0;590;165;91;49;87828;2.68;1.57;0.38;0.42
1983;8;24;236;18.3;14;9.6;14.5;11.9;8.7;-0.3;0.6;0.11;4.4;1.8;0;413;113;61;43;87451;1.88;0.95;0.38;0.42
1983;8;25;237;17.9;13.1;8.5;13.3;11.1;8.2;-0.5;0.1;0.11;4.4;1.8;0;498;142;81;44;87354;2.48;2.44;0.38;0.42
1983;8;26;238;18.8;13.6;7.7;14.2;11.7;7.5;-0.5;0.2;0.11;4.4;1.8;0;522;155;69;42;87623;2.57;1.2;0.37;0.42
1983;8;27;239;20.4;15.1;8.3;14;11.8;8.1;-0.4;0.1;0.11;4.4;1.8;0;664;199;103;62;87871;3.14;0.22;0.37;0.42
1983;8;28;240;19.9;15.6;10.1;15;12.5;9.1;-0.2;0.3;0.11;4.4;1.8;0;500;165;81;55;87798;2.69;1.88;0.36;0.41
1983;8;29;241;15.9;13.1;10.8;14.6;12.4;10.1;-0.1;0.1;0.11;4.3;1.8;0;356;85;46;28;87651;1.94;15.95;0.37;0.41
1983;8;30;242;17.3;13.6;9.8;12.2;11.2;9.8;-0.9;-0.3;0.1;4.3;1.8;0;462;135;69;40;87737;2.54;0.76;0.37;0.41
1983;8;31;243;19.3;14.2;7.6;14;11.2;7.3;-0.2;0.3;0.1;4.3;1.8;0;573;184;102;69;87561;2.72;0.2;0.37;0.41
1983;9;1;244;20.4;15.1;10.2;13.7;11.5;9;-0.2;0.4;0.1;4.3;1.8;0;622;172;96;52;87383;2.91;1.82;0.36;0.41
1983;9;2;245;14;12.7;10.7;12.4;11.5;9.6;0.1;0.1;0.1;4.3;1.7;0;243;61;69;30;87359;1.61;18.86;0.37;0.41
1983;9;3;246;11.5;9.1;6.2;10.7;7.9;4.3;0.9;0.5;0.1;4.3;1.7;0;75;24;52;26;87543;1.31;15.48;0.38;0.41
1983;9;4;247;11.2;8;5.2;4.9;3.9;2.9;1.5;0.1;0.1;4.3;1.7;0;450;148;85;60;88001;2.71;0.85;0.39;0.41
1983;9;5;248;14.5;10.8;5.2;10.8;7.7;3;0.9;0.5;0.1;4.3;1.7;0;229;56;56;19;88224;1.02;3.32;0.38;0.41
1983;9;6;249;12.9;10.9;9;11.1;9.8;8.4;0.8;0.1;0.1;4.3;1.7;0;147;53;55;21;88095;1.15;4.83;0.38;0.41
1983;9;7;250;10.4;8.2;6;8.4;5.1;2.6;1;-0.6;0.1;4.3;1.7;0;454;114;76;37;87782;2.59;6.93;0.39;0.41
1983;9;8;251;15.9;10;4.8;8.8;5.2;3.2;0.2;0.4;0.1;4.3;1.7;0;667;208;125;90;87467;2.82;0;0.39;0.41
1983;9;9;252;20.7;13.3;5.9;15.5;9.1;3.2;-0.1;1;0.1;4.3;1.7;0;511;134;84;55;86993;2.12;0.01;0.38;0.41
1983;9;10;253;23.2;14.8;8.5;14.9;10.1;7.1;0.2;1;0.1;4.2;1.7;0;612;187;109;62;86667;3.86;7.49;0.38;0.41
1983;9;11;254;11.9;7.7;4.1;7.6;5.8;3.9;0.4;0.4;0.1;4.2;1.7;0;459;101;82;30;86763;2.97;21.04;0.39;0.41
1983;9;12;255;8.1;5.6;3.7;3.8;2.4;1.2;1.5;0.4;0.1;4.2;1.7;0;383;115;88;50;87125;2.3;1.83;0.39;0.41
1983;9;13;256;11.4;6.5;0.8;3.6;1.7;-0.1;0.7;0.1;0.1;4.2;1.7;0;518;169;106;78;87654;2.42;0.1;0.39;0.41
1983;9;14;257;17.4;10.8;3.7;10.3;5.9;2.2;0.1;0.5;0.1;4.2;1.7;0;618;174;110;58;87798;2.7;0.4;0.39;0.41
1983;9;15;258;19.6;12.6;4.7;13.7;8.7;4;-0.1;0.8;0.1;4.2;1.7;0;603;173;104;71;87252;2.68;0.06;0.38;0.41
1983;9;16;259;9.5;7.5;3.8;9.1;6.8;3.6;0.2;0.5;0.1;4.2;1.7;0.14;99;23;46;18;86649;1.24;30.71;0.39;0.41
1983;9;17;260;9.6;5.3;1;4.5;2.9;0.2;1;0.4;0.11;4.2;1.7;0.48;495;123;96;52;86663;2.28;4.8;0.4;0.41
1983;9;18;261;11.8;7.4;3.5;5.2;3.9;2.7;0.7;0.3;0.11;4.1;1.7;0.27;390;122;105;52;87584;2.16;2.01;0.4;0.41
1983;9;19;262;17.9;10.4;2.5;9.8;5.5;1.1;0.2;0.6;0.1;4.1;1.7;0.11;602;181;115;79;87841;2.62;0;0.4;0.41
1983;9;20;263;10.5;7.6;3.9;8.9;6.5;3.2;0;0.1;0.1;4.1;1.7;0.05;201;50;57;28;88162;0.64;1.07;0.39;0.41
1983;9;21;264;16.3;10.5;3.9;12.2;8.2;3;-0.1;1;0.1;4.1;1.6;0;442;106;77;50;87756;1.43;1.05;0.39;0.41
1983;9;22;265;13.4;11.1;8.8;10.3;8.2;7.1;0.6;-0.2;0.1;4.1;1.6;0;294;86;58;28;88079;1.43;0.15;0.39;0.41
1983;9;23;266;17.4;11.2;4.4;11.4;8.1;4.3;-0.5;0.2;0.1;4;1.6;0;599;175;123;84;88446;2.15;0;0.39;0.41
1983;9;24;267;20.4;12.3;3.7;12.5;7.7;2.8;0.6;0.8;0.09;4;1.6;0;592;175;122;84;88545;2.66;0;0.38;0.41
1983;9;25;268;12.4;10;7.3;12.3;8.7;6.4;0.5;0;0.09;4;1.6;0;298;68;77;30;88623;1.28;25.18;0.39;0.41
1983;9;26;269;15.5;9.7;4.3;7.6;5.5;3.4;-0.4;0.2;0.09;4;1.6;0;591;172;130;87;88715;2.36;0;0.39;0.41
1983;9;27;270;17.9;10.5;3.8;9.6;5.9;1.7;-0.4;0.3;0.09;4;1.6;0;582;171;127;91;88332;2.3;0;0.39;0.41
1983;9;28;271;18.9;11.4;4.4;12;8;2.9;-0.5;0.4;0.09;4;1.6;0;576;167;121;85;87939;2.13;0;0.39;0.41
1983;9;29;272;19;11.4;3.8;12.8;8.2;2.8;0;0.5;0.09;3.9;1.6;0;568;162;120;80;87535;2.11;0;0.38;0.41
1983;9;30;273;14.8;9.9;5.4;10.4;7.6;4.4;0.7;0.6;0.09;3.9;1.6;0;395;112;79;49;87517;1.61;5.22;0.38;0.41
1983;10;1;274;11.6;9.3;7.1;10.5;8.8;7;-0.1;-0.1;0.09;3.9;1.6;0;232;66;41;24;88103;1.1;2.55;0.38;0.41
1983;10;2;275;14;9.6;5.7;9.7;7.5;5.1;0.6;0.5;0.09;3.9;1.6;0;329;88;73;50;88343;1.16;0.12;0.38;0.41
1983;10;3;276;16.6;9.9;3.7;9.9;6.5;2.6;0.5;0.7;0.09;3.9;1.6;0;512;141;100;70;88392;1.86;0;0.38;0.41
1983;10;4;277;20;11.9;4.1;12;7.7;3.3;0;0.7;0.09;3.8;1.5;0;540;153;116;77;88211;2.17;0;0.37;0.41
1983;10;5;278;17.9;11.3;5.1;11.1;7.6;4.5;0.5;0.7;0.09;3.8;1.5;0;517;134;108;67;88224;1.92;0.01;0.37;0.41
1983;10;6;279;13.7;9.1;5.5;10.1;7.5;4.3;0.8;0.1;0.09;3.8;1.5;0;252;71;59;35;88070;1.23;6.29;0.37;0.41
1983;10;7;280;14;9.4;6.4;7.8;6.4;5.7;0;-0.2;0.09;3.8;1.5;0;488;130;108;56;87993;1.81;0.01;0.37;0.4
1983;10;8;281;12;8.6;6.2;6.4;4.9;3.6;1.3;-0.1;0.09;3.8;1.5;0;418;106;89;50;87634;1.51;0.19;0.37;0.4
1983;10;9;282;6.4;6.1;5.7;6;5.1;3.4;2.2;0.6;0.09;3.7;1.5;0;54;12;57;11;87320;1.45;11.8;0.37;0.4
1983;10;10;283;15.9;10.5;5.1;10.7;8.2;4.2;0.5;0;0.09;3.7;1.5;0;474;127;97;47;87616;1.72;2.58;0.37;0.4
1983;10;11;284;9.9;6.8;1.8;8.7;5.6;0.9;1.7;-0.1;0.09;3.7;1.5;0;219;51;41;24;87658;2.16;9.61;0.38;0.4
1983;10;12;285;7.2;3.3;0.7;1.1;-0.7;-2.4;1.3;0.3;0.1;3.7;1.5;0.46;404;108;98;62;88032;1.97;1.95;0.38;0.4
1983;10;13;286;16.1;7.3;0.2;8.5;2.3;-3.4;-0.1;1.1;0.1;3.7;1.5;0.4;492;134;114;78;87718;1.63;0;0.38;0.4
1983;10;14;287;14.8;7.5;1.3;7.2;3.7;-0.3;-0.1;0.6;0.09;3.6;1.5;0.23;493;130;113;72;87677;1.53;0;0.37;0.4
1983;10;15;288;10.1;6;2.9;5.8;3.5;1;0.2;0.8;0.09;3.6;1.5;0.11;276;73;86;56;87393;0.89;0.6;0.37;0.4
1983;10;16;289;12.8;6.9;2;7.1;3.6;0.2;0.2;1;0.09;3.6;1.5;0.07;297;69;67;42;86782;0.99;5.27;0.37;0.4
1983;10;17;290;4.2;2.5;0.9;3.6;1.3;-0.6;1.1;0.3;0.13;3.6;1.4;1.54;241;60;59;29;87208;1.54;11.16;0.38;0.4
1983;10;18;291;6.9;3.2;0.1;0.5;-0.5;-2.1;1;0.5;0.14;3.6;1.4;1.96;329;87;90;41;88054;1.51;1.54;0.38;0.4
1983;10;19;292;13;6.5;-0.4;5.7;2.2;-2.3;0.6;0.4;0.13;3.6;1.4;1.39;438;109;101;60;88243;1.13;0.12;0.38;0.4
1983;10;20;293;10.5;6.9;3.8;6.3;4.8;2.8;0.5;-0.2;0.11;3.6;1.4;0.76;280;67;63;26;88202;0.71;1.03;0.38;0.4
1983;10;21;294;5.4;2.6;0.1;5.2;2.1;-0.9;-0.7;-1.1;0.1;3.6;1.4;0.51;125;26;39;12;88288;1.27;4.74;0.38;0.4
1983;10;22;295;5.2;0.9;-2.5;-1;-2.2;-3.2;-1.3;-0.2;0.11;3.6;1.4;0.89;464;121;122;88;88804;1.29;0.01;0.38;0.4
1983;10;23;296;8.7;2.2;-2.3;1.7;-2.2;-5.4;-0.5;0.5;0.1;3.5;1.4;0.67;456;120;121;89;88381;0.99;0;0.37;0.4
1983;10;24;297;8.3;2.4;-3.4;2.3;-1.1;-5.4;0.3;0.3;0.1;3.5;1.4;0.47;450;116;119;82;87992;0.87;0;0.37;0.4
1983;10;25;298;5.3;1.8;-0.5;1;0.1;-1.7;0;0;0.09;3.5;1.4;0.37;377;97;97;64;88251;0.54;0;0.37;0.4
1983;10;26;299;9.1;3.6;-1.2;4.6;0.4;-2.6;0.1;0.9;0.09;3.5;1.4;0.3;328;79;88;40;88299;0.75;0;0.37;0.4
1983;10;27;300;12.9;4.9;-1.5;7.4;2.5;-2.3;0.2;1;0.09;3.5;1.4;0.14;423;108;104;72;87986;0.89;0;0.37;0.4
1983;10;28;301;10.5;4.4;-1.4;5.8;1.7;-2.2;0.3;0.4;0.08;3.5;1.4;0.06;381;94;96;64;87584;0.81;0.06;0.37;0.4
1983;10;29;302;5.3;3.1;0.3;2.2;1.6;0.1;-0.6;-0.5;0.08;3.5;1.4;0.06;200;49;49;26;87529;0.43;0.58;0.36;0.4
1983;10;30;303;8.7;4;1.6;3.9;2.7;1.5;-0.6;-0.4;0.08;3.5;1.4;0.03;297;71;78;40;87596;0.68;0;0.36;0.4
1983;10;31;304;5.6;2.7;1;2.1;0.8;-0.1;1.2;-0.2;0.08;3.5;1.4;0;246;55;66;33;87869;0.59;1.17;0.36;0.4
1983;11;1;305;5.8;2.8;-0.1;2.2;0.9;-1.2;0.4;-0.2;0.08;3.5;1.4;0.18;281;68;100;50;88394;0.99;2.44;0.36;0.4
1983;11;2;306;10.3;3.3;-1.4;4.1;0.2;-3.1;-0.5;0.6;0.08;3.5;1.4;0.12;405;101;115;81;88252;0.77;0;0.36;0.4
1983;11;3;307;12;3.8;-2.3;5.6;0.4;-4.7;0;1.1;0.08;3.4;1.4;0.06;400;99;110;72;87869;0.78;0;0.36;0.4
1983;11;4;308;10.4;4.2;-1;5.5;2;-2;-0.1;0.7;0.08;3.4;1.4;0.03;362;82;92;56;87650;0.67;0.04;0.36;0.4
1983;11;5;309;9.7;4.1;-1.4;5;2;-2.3;0.2;0.6;0.08;3.4;1.4;0;357;78;89;53;87699;0.62;0.08;0.36;0.4
1983;11;6;310;10.3;3.6;-0.9;5;1.4;-2.1;-0.4;0.7;0.08;3.4;1.4;0;373;88;107;68;87826;0.72;0;0.35;0.4
1983;11;7;311;12.1;3.4;-2.1;6.8;0.2;-3.6;-0.2;1.3;0.08;3.4;1.4;0;390;94;116;79;87699;0.75;0;0.35;0.4
1983;11;8;312;11.5;3.5;-2.1;5.1;0.3;-3.8;0;0.9;0.08;3.4;1.4;0;388;93;120;79;87935;0.69;0;0.35;0.4
1983;11;9;313;9.9;3;-1.9;4.1;0.2;-3.2;-0.2;0.7;0.08;3.4;1.4;0;354;85;103;70;88006;0.61;0.01;0.35;0.4
1983;11;10;314;10.1;3;-2.2;4.3;0.2;-3.4;0;0.7;0.08;3.4;1.4;0;345;82;104;69;87723;0.6;0;0.35;0.4
1983;11;11;315;8.5;2.7;-1.4;2.9;0.1;-3.1;-0.2;0.2;0.08;3.4;1.4;0;364;85;110;70;87644;0.55;0;0.35;0.4
1983;11;12;316;4;0.7;-1;1.4;-0.3;-1.6;-0.9;-0.3;0.08;3.4;1.4;0.02;295;73;89;65;87554;0.31;0.07;0.34;0.4
1983;11;13;317;2.8;-1.1;-3.6;-1.3;-3.5;-6.7;-0.8;-0.5;0.08;3.3;1.4;0.04;360;82;112;67;87401;0.31;0.09;0.34;0.4
1983;11;14;318;-2.6;-4.5;-6.4;-6.8;-9;-10;-1.2;-0.8;0.08;3.3;1.3;0.3;266;61;103;63;87431;0.2;0.22;0.34;0.4
1983;11;15;319;2.2;-2.8;-7.4;-6.3;-8.8;-12.7;0.2;0.3;0.08;3.3;1.3;0.33;303;70;101;71;86874;0.06;0;0.34;0.4
1983;11;16;320;1;-1.4;-2.7;-5.3;-6.1;-7.6;0;-0.3;0.08;3.3;1.3;0.3;263;61;102;60;86550;0.06;0;0.34;0.4
1983;11;17;321;1.7;-2.2;-3.8;-3.3;-4.3;-5.4;-0.8;-0.5;0.08;3.3;1.3;0.3;325;73;99;71;86691;0.05;0;0.34;0.4
1983;11;18;322;1.7;-2.2;-4.4;-2.8;-4;-5.3;-0.5;-0.3;0.08;3.3;1.3;0.36;313;73;106;74;87087;0.06;0.04;0.34;0.4
1983;11;19;323;2.3;-2;-4.5;-3.7;-4.7;-6;-0.4;-0.2;0.08;3.3;1.3;0.37;319;73;117;79;87470;0.06;0.06;0.34;0.4
1983;11;20;324;5.8;-1;-7.1;-4.1;-6.8;-10.1;0.2;0.8;0.08;3.3;1.3;0.37;325;72;120;81;87038;0.03;0;0.34;0.39
1983;11;21;325;1.1;-2.2;-4.1;-3.5;-5.6;-7.7;0.4;-0.4;0.08;3.3;1.3;0.54;270;56;77;52;86922;0.01;0.88;0.34;0.39
1983;11;22;326;-1.2;-3.9;-5.2;-6.1;-7.2;-8.5;-0.5;-0.5;0.11;3.3;1.3;1.31;267;60;102;64;87388;0.04;0.13;0.34;0.39
1983;11;23;327;2.4;-3.3;-7.3;-6.1;-7.7;-9.1;-0.3;0.3;0.1;3.3;1.3;1.28;300;68;114;85;87570;0.05;0;0.34;0.39
1983;11;24;328;5.3;-2.3;-7.7;-6.6;-8.4;-10.8;0;1;0.1;3.3;1.3;1.21;317;71;122;76;87777;0.03;0.17;0.34;0.39
1983;11;25;329;4.9;0.3;-3.6;3.1;-1.7;-7.3;0.4;1.4;0.1;3.3;1.3;1.21;166;29;40;7;87752;0.35;2.96;0.34;0.39
1983;11;26;330;6;2.3;-0.1;4.1;1.3;-1.2;0.6;1.8;0.1;3.3;1.3;1.04;149;26;37;8;86836;0.52;8.66;0.34;0.39
1983;11;27;331;6.1;2.8;-0.6;5;1.2;-3.6;1.5;1.6;0.09;3.3;1.3;0.8;130;27;85;24;85121;1.2;16.75;0.35;0.39
1983;11;28;332;1;0;-1.1;0.6;-0.4;-1.8;2.1;0.7;0.33;3.3;1.3;10.01;54;10;26;10;85784;0.53;26.19;0.36;0.39
1983;11;29;333;-0.4;-2.1;-3.7;-1.7;-3.8;-5.9;1.8;0.4;0.5;3.3;1.3;22.04;131;26;69;33;87020;0.28;8.78;0.37;0.39
1983;11;30;334;-3.1;-4.5;-7.3;-4.2;-6.3;-9.4;1.5;-0.8;0.52;3.3;1.3;32.09;67;14;63;21;87454;0.16;17.72;0.37;0.39
1983;12;1;335;-7.5;-8.9;-11.6;-9.8;-12.1;-13.8;-0.1;-1;0.53;3.3;1.3;43.84;114;22;68;38;88405;0.2;2.85;0.37;0.39
1983;12;2;336;-9.8;-13.2;-18.4;-13.2;-15.5;-20.1;-1;0.3;0.53;3.3;1.3;44.46;152;33;75;55;88370;0.03;0.01;0.36;0.39
1983;12;3;337;-8.1;-13.3;-21.4;-12.6;-16.6;-23.4;-0.5;0.6;0.52;3.3;1.3;44.5;164;35;78;49;87909;0.04;0;0.36;0.39
1983;12;4;338;-1.8;-9.9;-16.6;-7.9;-13.6;-19.3;-0.1;0.9;0.52;3.3;1.3;44.49;158;34;77;43;88050;0.04;0;0.36;0.39
1983;12;5;339;1.5;-9;-17.3;-5.3;-13.3;-20;0.1;1.3;0.52;3.3;1.3;44.47;159;34;82;46;87878;0.05;0;0.36;0.39
1983;12;6;340;-1.4;-7.9;-15.3;-5.2;-11.1;-18.8;0.7;0.7;0.51;3.3;1.3;45.24;120;23;37;22;87580;0.05;4.65;0.36;0.39
1983;12;7;341;-4.9;-6.7;-9.3;-5.6;-8.4;-11.6;1.1;-0.3;0.53;3.3;1.4;54.82;78;17;62;23;87898;0.13;11.04;0.36;0.39
1983;12;8;342;-5.7;-10.1;-17;-10.9;-13.4;-20;0.2;0.8;0.53;3.3;1.4;60.34;136;30;91;48;87882;0.05;0.38;0.36;0.39
1983;12;9;343;-1.9;-8.4;-17.1;-6.2;-11.9;-20;0.1;1.7;0.53;3.3;1.4;60.36;104;20;46;15;86468;0.12;0;0.36;0.39
1983;12;10;344;-0.4;-4.7;-9.2;-4.8;-7.5;-11.1;0.5;0.8;0.52;3.3;1.4;61.24;134;26;69;27;85928;0.1;3.95;0.36;0.39
1983;12;11;345;-5.6;-8.3;-15.6;-7.3;-10.8;-17.8;0.4;0;0.53;3.3;1.4;65.3;138;27;79;43;86855;0.12;1.25;0.36;0.39
1983;12;12;346;-6.4;-13.2;-19.3;-14;-17.9;-22.5;-0.1;1.4;0.53;3.3;1.4;65.43;145;30;69;36;86867;0.04;0.01;0.36;0.39
1983;12;13;347;-1.9;-8.9;-15.4;-8.4;-13;-18;0;1;0.52;3.3;1.4;65.48;147;30;75;41;87492;0.03;0.06;0.36;0.39
1983;12;14;348;-2.6;-14.2;-21.5;-8.8;-18.3;-24.3;0;1.6;0.52;3.3;1.4;65.49;155;33;83;53;87419;0;0;0.35;0.39
1983;12;15;349;-2.5;-14.6;-22;-8.3;-18.7;-24.9;0.2;1.6;0.52;3.3;1.4;65.51;157;33;83;51;86676;0;0;0.35;0.39
1983;12;16;350;-3.5;-11.2;-20.1;-8.3;-14.8;-22.9;-0.1;2.2;0.51;3.3;1.3;65.5;134;28;79;45;85924;0.04;0;0.35;0.39
1983;12;17;351;-3.1;-6.2;-8.8;-6.4;-9.3;-11.6;0;1.7;0.51;3.3;1.3;65.58;61;14;55;33;85704;0;0.47;0.35;0.39
1983;12;18;352;-3.2;-8.5;-15;-6.7;-11.4;-17.4;-0.2;1.9;0.51;3.3;1.3;65.95;95;21;68;41;85512;0;0.06;0.35;0.39
1983;12;19;353;2.3;-2.2;-7;-1.5;-4.9;-9.9;-0.1;1.3;0.5;3.3;1.3;66.84;120;22;53;28;85195;0.01;4.9;0.35;0.39
1983;12;20;354;1.5;-2.8;-8.7;-2;-4.7;-11;-0.3;1.3;0.5;3.3;1.3;71.85;133;27;98;50;86025;0.21;2.54;0.35;0.39
1983;12;21;355;-0.1;-4.2;-8.3;-3.2;-6.8;-10.5;0;1.5;0.5;3.2;1.3;72.32;83;16;50;25;85751;0.03;2.49;0.35;0.39
1983;12;22;356;0.7;-2.9;-10.5;-1.6;-4.1;-12.5;0.4;0.8;0.52;3.2;1.3;82.23;70;13;75;25;86421;0.03;9.9;0.35;0.39
1983;12;23;357;2;-2.9;-11.7;-0.2;-5.6;-13.8;0.4;1.6;0.52;3.2;1.3;85.6;95;16;69;9;86876;0.16;8.09;0.35;0.39
1983;12;24;358;4.8;2.1;-2.7;2.3;-0.2;-5;1.3;1.3;0.5;3.2;1.3;82.99;89;17;83;27;87562;-0.16;10.44;0.37;0.39
1983;12;25;359;2.9;-2.4;-6.9;-0.3;-5.1;-9.6;0.3;2;0.48;3.2;1.3;80.28;161;34;90;65;87518;0.21;0;0.37;0.39
1983;12;26;360;2.7;-1.7;-7.2;-0.4;-4.4;-10.8;1.6;0.8;0.48;3.2;1.3;82.5;93;16;72;20;87562;0.19;14.1;0.37;0.39
1983;12;27;361;-0.2;-2.2;-3.9;-3.3;-4.7;-6.7;1.3;0.1;0.52;3.2;1.3;94.56;144;26;81;26;88863;0.26;5.05;0.37;0.39
1983;12;28;362;4.5;-0.4;-4.4;1.1;-3.3;-6.2;0.5;1.6;0.51;3.2;1.3;94.93;146;30;71;43;88858;0.1;0;0.37;0.39
1983;12;29;363;4.1;-3.4;-8.4;0.2;-6;-10.5;0.2;1.6;0.5;3.2;1.3;94.28;151;32;78;54;88819;0.19;0;0.37;0.39
1983;12;30;364;2.8;-3.1;-10.8;-0.5;-6.4;-12.9;0.7;1.4;0.5;3.2;1.3;94.13;149;31;62;37;88054;0.07;2.79;0.37;0.39
1983;12;31;365;1.4;-0.2;-2.6;0.4;-1.2;-4.2;0.8;0.1;0.49;3.2;1.3;96.26;70;14;60;15;88061;0.05;4.2;0.37;0.39
1984;1;1;1;3.7;-1.8;-7.3;0;-4.9;-10.2;0.7;1.6;0.47;3.1;1.3;96;160;34;94;65;87708;0.08;0;0.37;0.39
1984;1;2;2;2.5;-5.3;-9.6;-2.1;-8.8;-13.1;0.4;1.4;0.47;3.1;1.3;95.6;152;31;82;51;87462;0.02;0;0.37;0.39
1984;1;3;3;1.1;-4;-9.4;-3.1;-7.4;-12.9;0.7;1.3;0.47;3.1;1.3;96.1;155;30;71;34;86395;0.06;3.65;0.37;0.39
1984;1;4;4;-2;-4.9;-6.2;-4.6;-8.7;-10.3;2.2;0.7;0.48;3.1;1.3;99.35;146;31;84;54;86628;0.42;2.88;0.37;0.39
1984;1;5;5;-5.5;-7.7;-15;-7.8;-10;-17.5;1.1;0.3;0.51;3.1;1.3;107.81;107;21;72;39;87469;0.13;8.47;0.37;0.39
1984;1;6;6;-4.5;-9.3;-16.9;-7.2;-12.2;-19.6;0.3;1.3;0.52;3.1;1.3;110.4;79;16;65;12;87224;0;1.3;0.37;0.39
1984;1;7;7;-2.6;-6.5;-12.1;-5.2;-9.7;-14;0.3;1.4;0.52;3.1;1.3;111.5;157;33;78;33;86411;0.12;3.2;0.37;0.39
1984;1;8;8;-3.4;-5.6;-10.8;-5;-8.3;-13.7;1.2;0.6;0.53;3.1;1.3;117.77;131;29;82;49;86277;0.14;4.4;0.37;0.39
1984;1;9;9;-5.3;-8.3;-10.9;-8.7;-11;-13.9;1.3;0.6;0.53;3.1;1.3;119.68;94;21;54;23;86878;0.03;5.4;0.37;0.39
1984;1;10;10;-6;-8.4;-13.2;-9.4;-10.6;-15.6;0.8;0.2;0.53;3.1;1.2;126.82;111;23;70;30;87770;0.08;3.98;0.37;0.39
1984;1;11;11;-4.7;-13.3;-19.4;-11.2;-17.4;-22.1;0.2;1.5;0.53;3.1;1.2;127.96;165;36;91;64;87510;0.06;0;0.36;0.39
1984;1;12;12;-6;-13;-21.6;-7.6;-16.3;-24.6;0.5;1.3;0.53;3;1.2;128.97;107;23;52;17;86525;0.01;3.92;0.36;0.39
1984;1;13;13;-2;-6.6;-12.4;-5;-10.2;-15.1;0.6;1.6;0.53;3;1.2;132.3;154;31;76;24;86861;0.12;2.31;0.36;0.39
1984;1;14;14;1.6;-0.5;-3.9;-2;-3.7;-5.8;0.9;1.6;0.52;3;1.2;135.09;73;15;69;19;86075;0.15;4.88;0.36;0.39
1984;1;15;15;-0.6;-2.9;-4.8;-1.9;-6.2;-8.2;2.3;0.5;0.52;3;1.2;141.19;110;24;69;40;86524;0.64;8.22;0.36;0.39
1984;1;16;16;-2.3;-4.5;-6.9;-6.2;-7.9;-11.1;1.6;1;0.53;3;1.2;146.88;123;23;79;36;87348;0.31;3.82;0.36;0.39
1984;1;17;17;0.4;-2.5;-5.3;-2.8;-5.7;-9.2;0.9;1.3;0.53;3;1.2;150;66;15;52;16;86747;0.28;7.57;0.36;0.39
1984;1;18;18;-3.6;-6;-12;-5.9;-9.7;-14.5;1.7;0.7;0.53;3;1.2;156;155;33;77;61;87288;0.49;1.95;0.36;0.39
1984;1;19;19;-5.8;-10.9;-17.7;-9.6;-14.3;-20.6;-0.1;1.6;0.52;3;1.2;156.65;119;25;75;35;86468;0.12;0.36;0.36;0.39
1984;1;20;20;-3.6;-6.3;-9.2;-5.5;-8.2;-12.6;0.6;0.3;0.52;3;1.2;158.62;78;16;29;9;86673;-0.01;3.22;0.36;0.39
1984;1;21;21;-4.1;-7;-10.3;-6.9;-8.8;-11.7;-0.5;0.3;0.53;3;1.2;160.6;79;18;40;19;86835;0.04;1.05;0.36;0.39
1984;1;22;22;0;-4.4;-8.2;-4.4;-7.1;-10.4;0.4;0.8;0.52;3;1.2;162.37;125;24;56;18;86044;0.03;2.99;0.36;0.39
1984;1;23;23;-2.9;-4.5;-6.5;-6;-8.8;-12.2;0.4;1.5;0.53;3;1.2;165.83;184;39;99;47;85225;0.36;5.7;0.36;0.39
1984;1;24;24;-3.9;-5.3;-6.5;-6.2;-9.2;-10.5;2.3;0.7;0.53;3;1.2;171.41;134;29;73;40;84886;0.42;5.22;0.36;0.39
1984;1;25;25;-5.7;-7.3;-10.6;-8.4;-9.8;-12.7;2.2;-0.1;0.54;3;1.2;178.84;88;22;63;31;86674;0.26;6.54;0.36;0.39
1984;1;26;26;-1.4;-9.7;-15.9;-9.4;-14.3;-18.1;-0.2;1.6;0.53;3;1.2;180.88;168;38;79;51;86910;0.06;0;0.36;0.39
1984;1;27;27;1.5;-5.8;-10.5;-5.5;-10.5;-14.9;0;1.4;0.53;3;1.2;180.91;153;36;80;39;86960;0.04;0.14;0.35;0.39
1984;1;28;28;0.6;-5.6;-12.1;-3.5;-8.8;-14.5;0.2;1;0.53;3;1.2;182.05;157;34;58;32;87702;0;3.59;0.35;0.39
1984;1;29;29;0.5;-6.7;-12.9;-6.7;-10.4;-14.9;0;1.2;0.53;3;1.2;184.94;195;45;93;61;87596;0.1;0.37;0.35;0.39
1984;1;30;30;-0.5;-7.1;-13.1;-6.4;-10.5;-15.2;0.1;1.1;0.53;3;1.2;185.1;106;25;64;25;87227;0.06;0.53;0.35;0.39
1984;1;31;31;-2.8;-7.9;-13.5;-6.2;-10.8;-15.7;0;1.6;0.52;3;1.2;185.68;95;21;61;26;86260;0.07;0.88;0.35;0.39
1984;2;1;32;0;-5.6;-11.4;-6.7;-9.6;-13.6;0.2;1;0.52;3;1.2;186.82;195;41;83;43;86237;0.12;0.62;0.35;0.39
1984;2;2;33;-0.2;-4.1;-10.6;-2.7;-6.5;-12.5;0.5;0.8;0.52;3;1.2;187.47;82;21;31;10;86323;0.03;1.5;0.35;0.39
1984;2;3;34;2.2;-2.6;-7.4;-4.6;-6.1;-9.1;0.5;0.9;0.52;3;1.2;189.04;210;50;93;45;86873;0.15;4.93;0.35;0.39
1984;2;4;35;-0.5;-2.1;-3.1;-3.9;-4.7;-5.6;1.3;0.3;0.53;3;1.2;199.16;164;33;57;26;87293;0.21;8.59;0.35;0.39
1984;2;5;36;3.6;0.2;-2.5;-0.9;-2.7;-5.1;0.7;0.5;0.52;3;1.2;202.1;194;45;77;34;87398;0.07;4.54;0.35;0.38
1984;2;6;37;1.5;-1.2;-4.6;-1.2;-4.9;-8;1.6;1.2;0.52;3;1.2;208.4;196;40;92;38;87056;0.69;9.93;0.35;0.38
1984;2;7;38;2;-0.6;-4.5;-1.3;-3.1;-5.8;2;0.7;0.52;3;1.2;221.76;60;12;35;16;85715;0.6;23.28;0.35;0.38
1984;2;8;39;-1.4;-3.8;-5.9;-4.1;-6.6;-8.6;2.1;0.4;0.53;3;1.2;238.95;104;20;58;26;85325;0.61;20.14;0.35;0.38
1984;2;9;40;-4.3;-5.9;-7;-6;-7.4;-8.3;1.6;-1.2;0.54;3;1.2;263.08;63;15;44;15;86806;0.27;23.68;0.35;0.38
1984;2;10;41;-5.7;-7.3;-8.7;-7.9;-9.4;-10.8;0.9;-1;0.54;3;1.2;279.88;152;33;52;26;88389;0.2;6.41;0.35;0.38
1984;2;11;42;-4.8;-6.5;-8.5;-6;-7.9;-10;0.5;0;0.54;3;1.2;289.3;41;10;17;7;88232;0;12.98;0.35;0.38
1984;2;12;43;-7.1;-9.3;-12.6;-8.1;-11.6;-14.2;-1.3;-0.6;0.54;3;1.2;295.15;205;49;91;60;88483;0.18;0.13;0.35;0.38
1984;2;13;44;-8.6;-12.1;-16.9;-13;-14.8;-18.7;-1.2;-0.1;0.54;3;1.2;295.13;234;54;83;60;88219;0.06;0.04;0.35;0.38
1984;2;14;45;-8.4;-10.8;-13.6;-11.4;-13.1;-15.4;-0.8;-0.2;0.53;3;1.2;295.24;204;50;65;46;88167;0;0.25;0.35;0.38
1984;2;15;46;-8.6;-10.8;-13.1;-12.1;-13;-14.5;-0.7;-0.2;0.53;3;1.2;295.81;180;45;53;33;88111;0.05;0.48;0.35;0.38
1984;2;16;47;-8.9;-11.6;-16.4;-12.2;-14.1;-18.7;-0.5;0;0.53;3;1.2;295.96;213;51;68;49;87887;0.04;0.04;0.35;0.38
1984;2;17;48;-7.3;-11.7;-17.8;-12.6;-15.5;-20.8;-0.4;0.4;0.52;3;1.2;295.98;250;64;90;68;87788;0.04;0;0.35;0.38
1984;2;18;49;-7.1;-12;-17.3;-11.6;-15.5;-20.8;-0.4;0.3;0.52;3;1.2;296.03;233;60;78;60;87586;-0.02;0.05;0.35;0.38
1984;2;19;50;-4.2;-12.1;-20.3;-11.3;-16.9;-22.8;0;0.8;0.52;3;1.2;296.11;235;63;91;61;87039;0.05;0;0.34;0.38
1984;2;20;51;-0.6;-10.4;-19.4;-10.2;-16.2;-21.9;0.1;1.1;0.51;3;1.2;296.07;267;66;89;53;87035;0.09;0.02;0.34;0.38
1984;2;21;52;1.3;-7.9;-16.5;-8.7;-13.5;-18.5;-0.2;1.1;0.51;3;1.2;296.09;268;70;94;59;87209;0.07;0;0.34;0.38
1984;2;22;53;-2.5;-7.1;-11.3;-5.8;-9.9;-13.7;0.1;1.2;0.51;3;1.2;297.93;108;29;72;26;87082;-0.05;3.13;0.34;0.38
1984;2;23;54;-2.2;-7;-13.2;-6.2;-9.7;-15.4;-0.2;0;0.52;3;1.2;299.68;214;51;62;37;86976;0.09;2.72;0.34;0.38
1984;2;24;55;-2.1;-5;-6.8;-6.2;-7;-8.1;-0.2;-0.6;0.52;3.1;1.2;303.54;203;51;56;27;87140;0.1;2.02;0.34;0.38
1984;2;25;56;-0.8;-4.3;-7.3;-4.2;-6.4;-8.8;-0.5;-0.2;0.52;3.1;1.3;304.34;200;53;65;48;86747;0.01;0.46;0.34;0.38
1984;2;26;57;-1.8;-5;-8.7;-4.2;-6.9;-10.8;0.3;0.3;0.52;3.1;1.3;305.85;118;32;52;20;86364;0.02;4.3;0.34;0.38
1984;2;27;58;-0.8;-3.5;-5.1;-4.1;-5.3;-6.4;0.4;-0.2;0.53;3.1;1.3;310.81;167;38;37;19;86522;0.09;4.87;0.34;0.38
1984;2;28;59;0.9;-3;-5.6;-4.6;-5.6;-7.4;-0.6;-0.4;0.53;3.1;1.3;314.11;251;60;95;49;86708;0.19;0.7;0.34;0.38
1984;2;29;60;0.2;-3.9;-8.3;-4.4;-7.1;-10.4;-0.4;0.2;0.53;3.1;1.3;314.11;252;68;89;61;86603;0.06;0;0.34;0.38
1984;3;1;61;1;-3.6;-10.2;-2.9;-6.3;-12.6;0.1;0;0.52;3.1;1.3;314.17;260;69;77;46;86335;-0.03;0.49;0.34;0.38
1984;3;2;62;0.6;-2.6;-4.6;-3.6;-5.5;-7.5;1.2;0.2;0.52;3.1;1.3;315.49;201;55;63;30;86168;0.32;3.43;0.34;0.38
1984;3;3;63;-4.1;-5.7;-7.1;-5.4;-9.4;-12;1.1;-0.3;0.53;3.1;1.3;322.7;149;38;45;29;85954;0.48;7.11;0.34;0.38
1984;3;4;64;-3.5;-5.7;-7.5;-7.3;-8.5;-9.7;0;-0.8;0.53;3.1;1.3;325.93;154;44;39;26;87189;0.18;2.41;0.34;0.38
1984;3;5;65;-2.6;-4.8;-7.9;-7;-7.9;-8.7;0.2;-0.3;0.53;3.1;1.3;327.14;266;73;83;52;87921;0.1;0.37;0.34;0.38
1984;3;6;66;0.2;-2.8;-5.7;-4.4;-6;-7.8;-0.2;0;0.53;3.2;1.3;327.32;247;61;87;41;88331;0.06;0.13;0.34;0.38
1984;3;7;67;-0.1;-4.1;-9.7;-3.5;-6.9;-12.2;0.4;0;0.52;3.2;1.3;327.59;267;70;76;45;88046;0.03;2.59;0.34;0.38
1984;3;8;68;-3.1;-5.3;-8.4;-3.5;-7.2;-11.2;0;-1.2;0.53;3.2;1.3;337.46;203;51;83;33;87806;0.25;12.12;0.34;0.38
1984;3;9;69;-5.1;-8.5;-11.8;-11;-12.5;-14.2;-0.7;-0.3;0.54;3.2;1.3;342.37;257;73;89;64;87865;0.24;1.19;0.33;0.38
1984;3;10;70;-4.4;-7.7;-10.5;-9.5;-10.9;-12.8;-0.8;-0.6;0.53;3.2;1.3;343.06;259;74;84;39;87607;0.14;0.35;0.33;0.38
1984;3;11;71;-3.6;-6.4;-11.1;-8.4;-9.8;-12.9;-0.3;-0.2;0.53;3.2;1.3;343.14;234;66;63;39;87637;0.1;0.13;0.33;0.38
1984;3;12;72;-2;-5.4;-8.7;-7.7;-9.2;-11.2;-0.4;-0.1;0.53;3.2;1.3;343.2;254;73;70;46;87326;0.14;0.02;0.33;0.38
1984;3;13;73;-0.8;-5.5;-12.7;-6.3;-9.5;-15.2;-0.3;0.4;0.52;3.2;1.3;343.17;328;94;96;74;87284;0.1;0;0.33;0.38
1984;3;14;74;1.2;-5;-13.4;-4.2;-9;-15.2;-0.5;0.4;0.52;3.2;1.3;343.17;331;96;100;74;87165;0.11;0;0.33;0.38
1984;3;15;75;2;-4.1;-12.9;-4.2;-9;-14.8;0;0.5;0.52;3.2;1.3;343.11;339;99;103;77;86480;0.18;0;0.33;0.38
1984;3;16;76;2.8;-3.9;-12.9;-5.3;-9.3;-14.8;0.1;0.6;0.51;3.2;1.3;343;347;101;107;78;86363;0.23;0;0.33;0.38
1984;3;17;77;2.3;-3.3;-12.3;-4.1;-8.1;-14;-0.1;0.4;0.51;3.3;1.3;342.9;337;100;97;71;86511;0.18;0;0.33;0.38
1984;3;18;78;2.1;-3;-9.6;-3.1;-6.2;-11.2;-0.1;0.1;0.51;3.3;1.3;342.96;272;82;74;50;86785;0.11;0.2;0.33;0.38
1984;3;19;79;2;-2.4;-5.9;-4.2;-5.7;-7.5;-0.7;-0.1;0.5;3.3;1.3;343.01;297;89;85;61;86896;0.25;0.02;0.33;0.38
1984;3;20;80;2.8;-3;-10.3;-3.3;-6.9;-12.2;0;0.4;0.5;3.3;1.3;343.03;326;98;101;69;86656;0.19;0.43;0.33;0.38
1984;3;21;81;3.3;-2.7;-10;-3.6;-7.4;-11.9;-0.3;0.4;0.49;3.3;1.3;343.15;370;109;108;79;86527;0.32;0.01;0.33;0.38
1984;3;22;82;3.4;-2.4;-10.4;-3.1;-6.9;-12.5;-0.4;0.2;0.49;3.3;1.3;342.99;376;111;111;78;86460;0.29;0.01;0.33;0.38
1984;3;23;83;2.7;-2.2;-8.2;-3.5;-7;-10.7;0.1;0.3;0.49;3.3;1.3;342.83;356;108;102;72;86563;0.31;0.04;0.33;0.38
1984;3;24;84;5.8;-1.8;-10.7;-4.1;-7.1;-12.3;-0.3;1;0.48;3.4;1.4;342.57;398;119;116;76;86345;0.45;0;0.33;0.38
1984;3;25;85;3.3;-1.2;-5;-0.5;-3.3;-6.8;0.3;0.6;0.48;3.4;1.4;344.94;249;61;77;38;85978;0.15;7.31;0.33;0.38
1984;3;26;86;3.9;-1.5;-7.5;-1.5;-5;-8.9;0.3;0.7;0.49;3.4;1.4;349.45;285;87;88;62;86000;0.4;0.59;0.33;0.38
1984;3;27;87;4.6;-0.3;-5.4;-2.1;-4.7;-7.2;0.4;0.3;0.49;3.4;1.4;349.63;361;106;98;61;86535;0.37;0.34;0.33;0.38
1984;3;28;88;7.4;1.4;-4.8;-0.1;-3.3;-7.2;-0.3;1.6;0.48;3.4;1.4;348.59;389;110;102;66;86462;0.43;0;0.33;0.38
1984;3;29;89;2.7;-0.5;-2.5;0.7;-1.9;-3.9;0.7;0.4;0.48;3.4;1.4;350.52;135;32;43;25;86520;0.18;13.11;0.33;0.38
1984;3;30;90;0.6;-2.1;-4.8;-1.3;-3.7;-6.2;1.1;-0.2;0.51;3.4;1.4;361.85;210;57;55;27;86797;0.62;11.13;0.33;0.38
1984;3;31;91;3;-2;-7.3;-4.8;-6.9;-8.4;0.3;0.3;0.51;3.5;1.4;367.11;361;115;106;74;86741;0.91;0.39;0.33;0.38
1984;4;1;92;6.5;1.3;-4.8;0.6;-2.8;-6.9;-0.2;0.9;0.5;3.5;1.4;366.99;236;68;44;24;86019;0.3;0.28;0.33;0.38
1984;4;2;93;0.4;-1.1;-3.7;-0.8;-2.6;-4.7;0.9;-0.1;0.5;3.5;1.4;371.68;99;27;23;15;85810;0.27;11.63;0.33;0.38
1984;4;3;94;-1.1;-3.6;-5.1;-5.2;-7;-8.5;0.9;-0.9;0.51;3.5;1.4;379.74;236;73;45;27;86234;1.03;4.35;0.33;0.38
1984;4;4;95;-0.2;-3.3;-6.1;-5.9;-7.6;-9.2;0.2;-0.4;0.52;3.5;1.4;382.37;263;86;72;45;86443;0.65;1.28;0.33;0.38
1984;4;5;96;2.7;-1.5;-6;-2.5;-5.4;-9.7;-0.1;-0.2;0.51;3.5;1.4;382.68;284;84;72;40;86527;0.18;1.01;0.33;0.38
1984;4;6;97;1.6;-0.9;-3.7;-1.8;-3;-4.3;0.1;-0.5;0.51;3.5;1.4;384.68;211;61;43;25;87055;0.27;1.88;0.33;0.38
1984;4;7;98;3.2;0;-4.6;-1.5;-3.6;-6;-0.2;-0.2;0.5;3.6;1.4;385.32;300;83;80;35;87361;0.44;0.78;0.33;0.38
1984;4;8;99;2.2;0.2;-1.3;-0.1;-1.2;-2.2;0;-0.8;0.49;3.6;1.4;387.51;208;54;26;11;87400;0.21;7.04;0.33;0.38
1984;4;9;100;2.6;-0.1;-2.3;-1.2;-2.1;-3.1;-0.1;-0.8;0.49;3.6;1.4;390.94;319;90;59;32;87355;0.58;3.87;0.33;0.38
1984;4;10;101;5.6;0.5;-5.2;-0.6;-2.8;-5.9;-0.4;-0.2;0.47;3.6;1.4;390.17;396;120;95;57;86841;0.68;2.66;0.33;0.38
1984;4;11;102;3.2;0.4;-2.5;2.4;-0.2;-3.2;0.5;-0.3;0.47;3.6;1.4;391.69;241;70;57;24;86749;-0.01;7.03;0.33;0.38
1984;4;12;103;3.4;0.4;-2.9;1.6;-0.4;-3.2;0.5;-0.4;0.47;3.6;1.4;389.01;283;85;58;29;87215;0.15;8.79;0.34;0.38
1984;4;13;104;4.2;0.5;-3;-1.3;-2.6;-4.4;-0.8;-0.4;0.47;3.6;1.4;388.7;353;99;88;43;87660;0.76;1.58;0.35;0.38
1984;4;14;105;9.8;3.3;-4.8;2.2;-2.2;-6;-0.2;0.4;0.46;3.7;1.5;384.94;460;150;114;82;87575;0.63;0;0.35;0.37
1984;4;15;106;11.6;4.2;-4.9;1.4;-2;-6.5;-0.2;0.5;0.44;3.7;1.5;377.01;469;154;113;78;87237;0.81;0;0.36;0.37
1984;4;16;107;6.4;1.3;-2.3;2.9;-0.5;-3.3;0.8;0;0.44;3.7;1.5;370.33;221;64;37;22;87153;0.14;16.41;0.36;0.37
1984;4;17;108;0.5;-1.6;-3.3;-0.7;-3.1;-5.1;0;-0.9;0.5;3.7;1.5;379.69;218;70;45;28;87850;0.59;8.77;0.37;0.38
1984;4;18;109;2.1;-1.1;-4.3;-3.5;-4.7;-5.9;-1.1;-0.4;0.49;3.7;1.5;382.26;317;98;71;49;88127;0.98;1.24;0.37;0.38
1984;4;19;110;4.8;0.3;-5.6;-2.6;-5.3;-7.3;-1;0;0.47;3.7;1.5;382.14;459;153;111;89;87943;1.01;0;0.37;0.38
1984;4;20;111;8.9;2.7;-6.3;-0.9;-3.8;-7.8;-0.2;0.3;0.46;3.8;1.5;380.98;478;160;128;87;87911;0.85;0;0.37;0.38
1984;4;21;112;10.1;4.6;-2;3.8;-0.9;-4;0.4;0.4;0.44;3.8;1.5;375.44;454;136;91;51;87827;0.74;0.19;0.37;0.38
1984;4;22;113;11.9;4.6;-3.7;3.8;-0.7;-5.3;0.2;0.5;0.43;3.8;1.5;364.24;469;156;91;68;87728;0.68;0;0.38;0.38
1984;4;23;114;11.1;6;-2.9;4;0.5;-4.6;0.5;0.1;0.42;3.8;1.5;350.38;485;153;89;59;87785;0.79;0.38;0.39;0.38
1984;4;24;115;9.1;5.2;1.1;2.7;0.7;-1.3;-0.7;-0.7;0.42;3.8;1.5;336.21;486;163;96;65;87946;0.84;0.03;0.4;0.38
1984;4;25;116;9.3;4;-1.4;0.9;-1.1;-3.1;-1.5;-0.1;0.41;3.8;1.5;323.06;518;176;111;84;87943;1.24;0;0.4;0.38
1984;4;26;117;9.8;4.4;-4.6;1.1;-1.5;-6.6;0.9;0;0.41;3.9;1.5;310.8;522;174;119;79;87696;1.06;0.31;0.41;0.38
1984;4;27;118;5.1;2.4;0.3;1.2;-2.6;-7.9;-0.3;-1.2;0.4;3.9;1.5;300.89;471;122;98;50;87543;1.03;1.06;0.41;0.38
1984;4;28;119;2.4;-1.1;-4.6;-2.5;-5.8;-8;0.3;-0.8;0.41;3.9;1.5;297.85;387;119;109;64;87263;1.25;4;0.41;0.39
1984;4;29;120;3.2;-1.4;-7.2;-4.8;-6.7;-8.1;-1.7;-0.4;0.43;3.9;1.6;299.49;462;152;102;76;87193;1.69;0.19;0.41;0.39
1984;4;30;121;4.7;-0.2;-6;0.1;-4.6;-9;-0.2;0.4;0.43;3.9;1.6;299.04;368;123;75;57;86444;0.81;2.05;0.4;0.39
1984;5;1;122;8.9;2.7;-5.2;-0.7;-4;-8.2;-0.2;0.4;0.43;3.9;1.6;297.11;514;176;112;87;86257;1.1;0;0.4;0.39
1984;5;2;123;14.2;5.3;-4.3;2.7;-1.6;-6.2;-0.3;1.1;0.42;4;1.6;287.62;504;176;102;74;86556;1.08;0;0.41;0.39
1984;5;3;124;11.4;5.8;-2.7;6.9;2;-4.2;0;1.2;0.41;4;1.6;273.86;335;114;59;43;86826;0.34;1.33;0.42;0.39
1984;5;4;125;8.2;6.2;3;7;4.7;2;-0.5;-0.1;0.41;4;1.6;257.83;270;79;37;15;86961;-0.29;3.59;0.43;0.39
1984;5;5;126;13.1;7;0.1;7.8;4.1;-1.3;0.3;0.3;0.4;4;1.6;238.75;431;134;60;36;86798;0.14;5.22;0.43;0.4
1984;5;6;127;12.3;6.7;-1.2;8.8;4.2;-2.3;0.1;0.4;0.39;4;1.6;217.48;433;137;79;40;87101;0.18;3.08;0.43;0.4
1984;5;7;128;8.2;4.1;-0.3;6.9;3.3;-1;0.6;-0.2;0.39;4;1.6;199.24;265;80;30;14;86951;-0.25;14.19;0.43;0.41
1984;5;8;129;3.4;1.1;-0.5;0.3;-0.7;-1.8;-0.1;-1.1;0.4;4.1;1.6;189.3;226;69;33;17;87178;0.57;4.03;0.43;0.42
1984;5;9;130;6.2;1.9;-3;-1.9;-3.7;-4.8;-1.3;-0.6;0.4;4.1;1.6;184.72;551;190;116;83;87052;1.78;0.01;0.42;0.42
1984;5;10;131;4.5;1.6;-1.6;0.9;-1.6;-4.2;-0.3;-0.8;0.4;4.1;1.6;179.56;321;120;84;48;86716;0.51;2.26;0.42;0.42
1984;5;11;132;5;1.7;-1.4;-0.2;-1.1;-1.9;-1.5;-0.7;0.39;4.1;1.6;174.55;320;109;49;29;86730;1.04;1.12;0.42;0.42
1984;5;12;133;5.9;2.3;-1.7;2.1;0.5;-2;-1.1;-1;0.39;4.1;1.6;167.02;358;98;53;20;86937;0.48;1.03;0.42;0.42
1984;5;13;134;5;3.1;1.4;3.5;2.4;1.3;-0.5;-0.9;0.38;4.1;1.7;156.65;201;55;17;0;87009;0.07;3.51;0.42;0.42
1984;5;14;135;5.9;4.1;1.6;4.3;2.9;0.7;0.5;-0.2;0.36;4.2;1.7;145.45;223;76;61;15;86679;0.3;5.13;0.42;0.42
1984;5;15;136;11.5;5.6;-2.4;2.5;0.3;-3.7;-0.7;0.7;0.35;4.2;1.7;133.45;572;192;101;68;86177;1.5;0.02;0.42;0.43
1984;5;16;137;14.1;6.3;-0.1;6.8;2;-2.7;0.1;0.7;0.33;4.2;1.7;119.07;560;180;95;58;85828;1.2;5.47;0.42;0.43
1984;5;17;138;9.2;4.2;-2.3;5.3;2.1;-3.3;0.3;0.5;0.32;4.2;1.7;105.89;512;167;93;60;86471;0.94;4.71;0.42;0.43
1984;5;18;139;14.3;6.7;-2;4.3;0.7;-3.4;-0.4;0.8;0.31;4.2;1.7;94.14;609;194;102;62;86907;1.6;0.21;0.42;0.43
1984;5;19;140;12.3;7.1;0.4;4.1;1.9;-1.9;0.1;1.3;0.3;4.2;1.7;82.34;433;167;93;64;86419;1.37;1.88;0.42;0.43
1984;5;20;141;13;7.3;1.7;6.8;3.9;-0.1;-0.4;0;0.3;4.2;1.7;71.35;462;145;86;42;86030;0.93;7.17;0.42;0.43
1984;5;21;142;6.5;5;3.2;5.2;3.6;1.5;1.7;0.5;0.29;4.2;1.7;60.77;200;54;46;10;85618;0.72;7.14;0.42;0.43
1984;5;22;143;9.7;5.8;0.6;6.6;3.6;-0.5;-0.3;0.1;0.28;4.2;1.7;52.82;462;155;80;48;86450;1.1;4.91;0.41;0.43
1984;5;23;144;8.4;4.5;0.4;6.4;2.9;-1.3;0.9;0.3;0.27;4.3;1.7;44.18;413;132;77;37;86305;1.27;12.35;0.41;0.43
1984;5;24;145;10;5.9;2.1;3.5;2.5;1.3;1.4;0.3;0.26;4.3;1.7;35.99;541;161;69;39;86273;1.83;3.37;0.42;0.43
1984;5;25;146;9.1;5.6;1.3;5.2;3;-0.1;0.9;0.3;0.25;4.3;1.7;29.15;447;137;76;44;86191;1.47;3.56;0.41;0.43
1984;5;26;147;11.6;7;0;7.3;2.8;-0.9;-0.2;0.6;0.24;4.3;1.7;22.02;552;200;91;62;86459;2.01;1.06;0.41;0.43
1984;5;27;148;9.9;5.5;2.5;5.7;3.7;1.5;0.6;0.2;0.22;4.3;1.7;15.32;361;113;66;25;86509;1.19;7.75;0.4;0.43
1984;5;28;149;7;3.1;1;4.3;2.2;0.6;0.9;0.3;0.22;4.3;1.7;11.93;405;92;49;20;86607;1.65;14.31;0.4;0.43
1984;5;29;150;6.8;3.6;-0.2;0.7;0;-1;0.4;-0.1;0.25;4.3;1.7;10.66;510;159;83;42;86615;2.1;3.09;0.41;0.43
1984;5;30;151;8;4.2;0.8;4.2;1.3;-0.9;0.7;0.4;0.21;4.3;1.7;7.64;463;140;74;33;86801;2.02;11.6;0.4;0.43
1984;5;31;152;10.7;6.3;2.1;7.8;4.5;1.4;0.2;0.4;0.17;4.3;1.7;4.87;459;155;74;38;86887;2.26;10.21;0.41;0.43
1984;6;1;153;15.3;8.9;-0.3;7.6;3.8;-0.7;0.1;0.2;0.15;4.3;1.7;2.53;712;240;107;68;87016;3.44;0.18;0.4;0.43
1984;6;2;154;15.5;10.5;1.9;9.6;6.3;0.9;0;0;0.13;4.3;1.7;1.07;664;227;106;68;87288;3.01;0.44;0.4;0.43
1984;6;3;155;20.6;13.2;3.2;10.4;6.4;1.9;-0.5;1.3;0.12;4.4;1.8;0.39;677;219;96;68;86689;3.66;0.23;0.39;0.43
1984;6;4;156;10.6;7.7;3.7;7;6.1;3.7;0.4;-0.5;0.12;4.4;1.8;0.16;480;116;93;31;86316;2.28;9.16;0.39;0.43
1984;6;5;157;12.5;7;1.8;8.1;4.1;0.8;0.3;0.2;0.12;4.4;1.8;0.09;537;149;87;42;86423;2.56;8.97;0.38;0.43
1984;6;6;158;9.2;5.4;2.6;6.8;4.1;2.4;0.9;0.5;0.12;4.4;1.8;0.1;502;140;52;30;86980;3.09;16.39;0.39;0.42
1984;6;7;159;9.6;5.7;1.1;7;4;0.2;0.5;0.2;0.12;4.4;1.8;0.05;577;191;79;55;86818;3.21;8.43;0.39;0.42
1984;6;8;160;10.6;6.3;1.5;5.2;2.9;0.9;1.8;0.1;0.12;4.4;1.8;0.01;611;211;83;50;86816;3.44;5.8;0.39;0.42
1984;6;9;161;12.5;8.3;4.9;6.8;5.3;4.1;1.6;-0.1;0.12;4.4;1.8;0;642;171;84;40;87375;3.03;8.26;0.4;0.42
1984;6;10;162;15.4;10.5;4.9;7.4;4.7;3.6;0.5;-0.7;0.12;4.4;1.8;0;721;262;112;72;87878;3.7;0;0.39;0.42
1984;6;11;163;13.4;10;5.9;6.6;4.9;3.6;0.7;-0.4;0.12;4.4;1.8;0;630;217;91;60;88080;3.28;2.45;0.38;0.42
1984;6;12;164;12.6;8.5;3.5;8.9;6.4;3;0.5;0;0.12;4.4;1.8;0;559;198;84;58;88256;2.87;3.17;0.38;0.42
1984;6;13;165;16.5;10.9;2.7;8;5.4;2.1;0.9;0.3;0.12;4.4;1.8;0;679;235;105;70;88269;3.79;0.01;0.38;0.42
1984;6;14;166;18.6;12.7;4;9.1;6.6;2.6;1.5;0.4;0.12;4.4;1.8;0;731;242;108;69;88065;4.04;6.12;0.37;0.42
1984;6;15;167;11.9;9.3;6.7;8.9;7.2;4.6;0.9;-0.9;0.12;4.5;1.8;0;356;100;47;20;87869;2.28;13.56;0.38;0.42
1984;6;16;168;11.8;8.5;5.8;5;4.6;4.3;0;-1.1;0.12;4.5;1.8;0;484;162;89;43;87782;2.65;0.77;0.38;0.42
1984;6;17;169;14.5;10.5;5.4;8.5;5.7;3.7;-0.2;-0.5;0.12;4.5;1.8;0;657;235;98;72;87771;3.24;0.14;0.37;0.42
1984;6;18;170;16.4;11.7;2.7;9;6.3;2.3;0.2;-0.1;0.12;4.5;1.8;0;769;257;115;80;88176;3.81;0.42;0.37;0.42
1984;6;19;171;17.7;12.8;4;10;7.3;3;-0.1;-0.1;0.12;4.5;1.8;0;707;267;112;82;88406;4.12;0.13;0.36;0.42
1984;6;20;172;21.4;14.2;4.1;14.2;9;3.5;0.3;0.7;0.12;4.5;1.8;0;779;259;118;78;88025;4.27;0.91;0.35;0.42
1984;6;21;173;19.9;13.6;8.2;13;10.4;6.3;0.5;0.7;0.12;4.5;1.8;0;528;173;81;52;87335;3.06;10.98;0.35;0.42
1984;6;22;174;14.6;11.6;9.3;12.6;10.5;8.1;0.9;0.3;0.12;4.5;1.8;0;336;87;58;23;87379;2.07;15.63;0.36;0.41
1984;6;23;175;13.5;9.9;7;9.5;7.8;6.6;1.8;0.2;0.12;4.5;1.8;0;398;107;60;26;87369;2.46;9.96;0.37;0.41
1984;6;24;176;9.2;6.8;4.1;6.9;5.9;3.8;1.4;-0.1;0.12;4.5;1.8;0;272;70;39;18;87287;2.32;31.81;0.38;0.41
1984;6;25;177;11.6;7.1;2.8;6;3.2;1.1;2;0;0.12;4.5;1.8;0;541;157;66;34;87732;3.29;6;0.39;0.41
1984;6;26;178;12.9;9.4;7.1;8.8;7.6;5.4;1.3;-0.3;0.12;4.5;1.8;0;372;108;75;28;87907;2.39;8.36;0.4;0.41
1984;6;27;179;18.9;12.9;4.4;13.2;8.7;4.3;0.3;0;0.12;4.5;1.8;0;799;288;124;79;87803;4.26;0.19;0.39;0.41
1984;6;28;180;15.1;11.6;7.8;12.1;9.6;6.5;0.8;0.4;0.12;4.5;1.8;0;431;129;70;42;87263;2.43;11.6;0.39;0.41
1984;6;29;181;10.2;8.2;5.9;8.4;7.3;5.5;0.4;-0.6;0.12;4.5;1.8;0;309;98;65;27;87262;2.27;11.01;0.4;0.41
1984;6;30;182;12;8.9;5.3;6.3;5.3;4.7;1;-0.3;0.12;4.5;1.9;0;327;137;59;32;87491;2.5;0.66;0.4;0.41
1984;7;1;183;18.9;13.2;6.9;13.7;8.5;5.1;0;-0.1;0.12;4.6;1.9;0;799;284;122;75;87715;4.26;1.28;0.4;0.41
1984;7;2;184;14.8;11.2;8.1;11.9;8.9;6.5;1.6;0.5;0.12;4.6;1.9;0;527;164;89;39;87494;3.82;17.2;0.4;0.41
1984;7;3;185;8;6;4;6;4.5;2.8;2;-0.1;0.12;4.6;1.9;0;457;134;53;31;87749;4.06;16.4;0.41;0.41
1984;7;4;186;9.3;6.2;3.7;7.5;4.8;2.9;1;-0.3;0.12;4.6;1.9;0;549;150;70;31;87961;2.92;10.81;0.41;0.41
1984;7;5;187;9.5;7;4.5;5.3;4.5;3.2;1.1;-0.3;0.12;4.6;1.9;0;350;134;57;38;88029;2.38;3.04;0.41;0.41
1984;7;6;188;13.2;9.6;4.1;6.6;4.9;3.1;0.9;-0.4;0.12;4.6;1.9;0;500;196;86;57;87970;3.2;0.28;0.41;0.41
1984;7;7;189;16.9;12;5.1;8.7;6.7;3.5;-0.3;-0.4;0.11;4.6;1.9;0;787;288;119;90;87880;4.1;0;0.4;0.41
1984;7;8;190;21.1;14.1;4.1;14.4;8.6;3.1;-0.1;0.3;0.11;4.6;1.9;0;798;290;125;91;87806;4.65;0.02;0.4;0.41
1984;7;9;191;22.2;15.8;7.2;16.8;11;6.2;0.1;0.7;0.11;4.6;1.9;0;680;247;97;72;87785;4.27;0.21;0.39;0.41
1984;7;10;192;25.1;18.3;9;17.8;12.8;7.8;-0.3;0.5;0.11;4.6;1.9;0;727;261;109;73;87855;4.77;0;0.38;0.41
1984;7;11;193;29.6;20.2;10.5;20.9;13.9;9.4;-0.4;1.4;0.11;4.6;1.9;0;779;262;120;84;87706;4.96;1.38;0.37;0.41
1984;7;12;194;20.6;17.1;13.9;16;13.8;11.2;0.1;-0.8;0.11;4.6;1.9;0;481;180;75;42;87982;3.09;15.45;0.37;0.41
1984;7;13;195;15.4;14.2;11.8;14;13;10.6;0.6;-0.1;0.11;4.6;1.9;0;242;83;43;17;87981;2.43;11.73;0.38;0.41
1984;7;14;196;16.2;13;10.3;10.1;9.4;8.4;0.6;-0.3;0.11;4.6;1.9;0;450;138;63;30;87741;2.78;0.72;0.39;0.41
1984;7;15;197;13;11.4;7.4;11.9;9.5;6.2;1.2;0.2;0.11;4.6;1.9;0;317;96;67;33;87112;2.62;14.95;0.39;0.41
1984;7;16;198;10.9;7.9;5.5;7.1;5.9;4.3;1.6;-0.3;0.11;4.6;1.9;0;549;186;67;44;87350;3.82;13.16;0.4;0.41
1984;7;17;199;10.5;7.2;4.2;7.6;5.9;3.8;1.1;-0.2;0.11;4.6;1.9;0;427;135;58;32;87666;3.31;13.72;0.4;0.41
1984;7;18;200;12.8;9.2;4.4;7.4;5.6;4.3;0.6;-0.4;0.11;4.6;1.9;0;471;163;82;46;87859;2.97;0.98;0.4;0.41
1984;7;19;201;14;10.4;4.8;10.4;7.6;4;0.8;0;0.11;4.6;1.9;0;494;185;77;52;87775;3.01;12.96;0.4;0.41
1984;7;20;202;15.2;11.5;7.5;10.4;9.2;7;0.4;-0.5;0.11;4.6;1.9;0;534;164;73;41;87798;2.69;3.43;0.41;0.41
1984;7;21;203;18.4;13.8;5.8;11.9;9.2;5.8;0.4;-0.3;0.11;4.6;1.9;0;770;260;118;78;87798;4.08;0.24;0.4;0.41
1984;7;22;204;18.6;13.9;9.7;14.1;11.4;8.7;0.4;0.1;0.11;4.6;1.9;0;706;208;88;59;87866;3.07;5.51;0.4;0.41
1984;7;23;205;18.6;13.2;8.5;13.4;11.1;7.5;0.6;0.4;0.11;4.6;1.9;0;651;201;95;59;87980;3.38;11.43;0.4;0.41
1984;7;24;206;18.7;13;8;13.9;11;7.1;0.4;0.5;0.11;4.6;1.9;0;640;205;100;55;87844;3.53;18.4;0.41;0.41
1984;7;25;207;18.4;13;8;13.6;10.9;7.3;0.5;0.2;0.11;4.6;1.9;0;633;185;86;47;87639;3.36;14.6;0.41;0.41
1984;7;26;208;13.2;10.5;7.9;10.2;9.4;7.8;1.1;-0.1;0.11;4.6;1.9;0;394;120;47;25;87686;3.27;30.24;0.42;0.41
1984;7;27;209;11.2;8.6;7.1;9.5;7.7;6.2;1.2;-0.3;0.11;4.6;1.9;0;415;113;52;24;88200;3.03;16.02;0.43;0.42
1984;7;28;210;9.9;8.7;6.6;9;7.5;5.5;1.4;0.6;0.11;4.6;1.9;0;122;39;35;15;88146;1.46;5.08;0.42;0.42
1984;7;29;211;19;13.3;8.8;15.2;11.3;7.7;0.6;0.5;0.11;4.6;1.9;0;542;140;73;34;88053;2.3;2.22;0.42;0.42
1984;7;30;212;24.8;16.8;7.4;18.3;12.1;7.2;-0.3;0.7;0.11;4.6;1.9;0;776;261;124;76;87746;4.57;0.12;0.41;0.42
1984;7;31;213;24.2;18.2;10.3;17.3;13.3;8.9;0.1;0.3;0.11;4.5;1.9;0;735;248;108;75;87710;4.38;0.12;0.4;0.42
1984;8;1;214;14.3;12.7;8.8;13.3;11.6;8.7;0.9;-0.1;0.11;4.5;1.9;0;200;70;59;32;88092;1.76;16.53;0.4;0.42
1984;8;2;215;18;12.7;7.2;10.3;8.7;7.1;0;0.1;0.11;4.5;1.9;0;636;207;111;65;88064;3.56;0.22;0.4;0.42
1984;8;3;216;23.2;16;6.8;13.8;10.1;5.7;-0.3;0.4;0.11;4.5;1.9;0;767;262;121;82;87879;4.71;0;0.4;0.42
1984;8;4;217;20;16.2;10.6;14.5;12.7;9.8;-0.1;0;0.11;4.5;1.8;0;565;195;88;53;87876;3.22;0.68;0.39;0.42
1984;8;5;218;15;12.8;10.9;14.2;12.4;10.9;0.4;-0.1;0.11;4.5;1.8;0;234;71;51;19;87917;1.59;22.15;0.39;0.42
1984;8;6;219;12.4;11;10.1;11.2;10.3;9.5;0.1;-0.5;0.11;4.5;1.8;0;208;56;23;15;87964;1.43;9.96;0.4;0.42
1984;8;7;220;11.3;10.2;9.4;9.5;9;8.5;-0.4;-0.4;0.11;4.5;1.8;0;230;68;55;22;87767;1.77;7.63;0.41;0.42
1984;8;8;221;16.5;11.3;5.6;10.9;8.7;5.5;-0.8;-0.3;0.11;4.5;1.8;0;582;180;86;45;87370;2.98;4.81;0.4;0.42
1984;8;9;222;15.6;12.4;9.4;13.2;11.1;9.2;-0.5;-0.5;0.11;4.5;1.8;0;454;121;44;28;87309;2.3;9.82;0.4;0.42
1984;8;10;223;16.1;12.5;9;14.1;11.7;8.8;0.4;0;0.11;4.5;1.8;0;481;142;65;36;87107;2.58;13.17;0.41;0.42
1984;8;11;224;11.9;10.5;8.8;11.5;10.1;8.5;1.1;0.3;0.11;4.5;1.8;0;192;46;28;10;87328;1.43;21.58;0.42;0.42
1984;8;12;225;13.1;10.9;9.5;11.9;10.3;9.5;0.5;-0.4;0.11;4.5;1.8;0;303;85;50;15;87565;1.88;6.59;0.42;0.42
1984;8;13;226;14.9;11.2;7.7;11.6;9.7;7.2;-0.2;-0.1;0.11;4.5;1.8;0;432;130;63;33;87426;2.4;4.95;0.42;0.42
1984;8;14;227;13.9;10.7;7.9;11.3;9.6;7.2;0.3;0.1;0.11;4.5;1.8;0;417;126;70;38;87396;2.53;15.06;0.42;0.42
1984;8;15;228;15;11.2;5.6;9.9;7.9;5.6;0.3;0.2;0.11;4.5;1.8;0;566;179;89;60;87608;2.92;0.86;0.42;0.42
1984;8;16;229;15.7;11;6.9;10.8;8.4;5.8;0.1;0.2;0.11;4.5;1.8;0;602;193;92;64;87642;2.86;5.42;0.42;0.42
1984;8;17;230;15.4;10.7;3.9;9.9;6.8;3.6;0;0.2;0.11;4.4;1.8;0;647;199;96;63;87883;3.17;0.67;0.41;0.42
1984;8;18;231;16.1;12;5.3;9.7;7;4.1;0.4;0.1;0.11;4.4;1.8;0;522;181;99;64;88189;2.89;0.13;0.41;0.42
1984;8;19;232;16.2;12.6;9.1;9.8;8.3;7.1;-0.7;-0.1;0.11;4.4;1.8;0;599;186;97;64;88199;2.88;0.48;0.4;0.42
1984;8;20;233;17.6;12.1;5.6;9.7;7.8;5.2;-0.8;-0.1;0.11;4.4;1.8;0;724;239;120;88;88034;3.5;0;0.39;0.42
1984;8;21;234;18.9;12.8;5.2;10.6;8.1;4.2;-0.3;0.1;0.11;4.4;1.8;0;718;238;122;90;87819;3.57;0;0.38;0.42
1984;8;22;235;19.2;13.6;5.5;13;8.9;4.7;0;0.3;0.11;4.4;1.8;0;633;210;115;77;87541;3.33;0.01;0.38;0.42
1984;8;23;236;20.7;14.7;7.6;14.4;10.4;6.3;-0.2;0.4;0.11;4.4;1.8;0;638;210;105;72;87303;3.35;0.3;0.37;0.42
1984;8;24;237;18.8;13;8.9;12.9;10.3;7.2;0.4;0.5;0.11;4.4;1.8;0;491;139;81;46;87042;2.55;14.28;0.37;0.42
1984;8;25;238;13;11;8.9;11.1;9.9;8.7;1;0.2;0.11;4.4;1.8;0;280;80;36;26;87195;1.84;6.5;0.37;0.42
1984;8;26;239;11.8;10.1;8.8;10.9;9.8;8.6;0.9;0.2;0.11;4.4;1.8;0;105;32;23;9;87349;0.87;9.66;0.38;0.42
1984;8;27;240;15.1;11.8;8.1;13;10.3;8.1;-0.2;-0.4;0.11;4.4;1.8;0;528;133;71;36;87636;2.38;2.86;0.38;0.42
1984;8;28;241;17.1;12;6.1;10.7;8.6;6;-0.3;-0.1;0.11;4.4;1.8;0;680;196;111;63;87880;2.8;0.01;0.38;0.42
1984;8;29;242;17.2;12.2;6.5;10;8.1;5.8;0.4;0.2;0.11;4.3;1.8;0;666;190;110;69;87992;2.84;0;0.37;0.42
1984;8;30;243;17.2;12.1;6.2;10.9;8.1;5.5;0.6;0.3;0.1;4.3;1.8;0;577;167;98;57;87945;2.68;0.08;0.37;0.42
1984;8;31;244;17;12.8;8.5;10.7;8.8;7.5;0.8;0.3;0.1;4.3;1.8;0;520;164;87;56;87976;2.66;0.1;0.36;0.42
1984;9;1;245;18.3;12.6;7.1;11.7;9.1;6.3;0.7;0.5;0.1;4.3;1.8;0;611;181;89;63;87915;2.81;0.23;0.36;0.42
1984;9;2;246;19.4;13.2;6.9;12;9.2;6.6;0.4;0.5;0.1;4.3;1.7;0;638;198;105;72;87923;3.15;0;0.35;0.42
1984;9;3;247;21.8;14.2;6.5;14;10;4.9;0.6;0.7;0.1;4.3;1.7;0;664;192;113;65;87824;3.26;10.52;0.35;0.41
1984;9;4;248;19;13.5;8.4;13.8;11.2;7.8;0.2;0.7;0.1;4.3;1.7;0;604;161;102;60;87283;2.74;3.4;0.35;0.41
1984;9;5;249;11.8;9.2;5.4;11.6;8.5;5.2;0.4;-0.1;0.1;4.3;1.7;0;96;23;40;16;86752;1.42;48.2;0.37;0.41
1984;9;6;250;5.2;3.8;1.5;4.8;3.2;1;0.9;-0.3;0.15;4.3;1.7;1.49;183;44;60;18;87116;1.75;19.41;0.4;0.41
1984;9;7;251;9.8;4.6;-1.4;3;1.3;-1.7;0.5;0.4;0.15;4.3;1.7;1.4;505;162;94;65;87533;2.26;0.63;0.4;0.41
1984;9;8;252;9.9;5.5;0.6;2.7;1.3;-0.7;1.2;0.6;0.13;4.3;1.7;0.87;465;129;90;52;87567;1.88;0.29;0.4;0.41
1984;9;9;253;11.8;7.7;2.5;5;2.8;0.4;1;0.9;0.12;4.3;1.7;0.49;451;125;79;45;87011;1.97;0.49;0.39;0.41
1984;9;10;254;8.9;6.5;4.8;5.5;2.9;0.9;1.9;0.9;0.11;4.2;1.7;0.21;489;107;91;34;86687;2.6;12.44;0.4;0.41
1984;9;11;255;10.6;7.1;4.9;4.8;3.5;2.3;1.6;0.3;0.1;4.2;1.7;0.09;383;108;71;41;87496;2.12;1.64;0.4;0.41
1984;9;12;256;13.6;9.5;5.3;8.5;5.4;1.9;1.6;0.4;0.1;4.2;1.7;0.03;328;91;75;34;87780;1.54;0.13;0.39;0.41
1984;9;13;257;17.1;10.4;3.6;10.8;7.3;2.9;0;0.2;0.1;4.2;1.7;0;611;183;108;73;87803;2.35;0.02;0.39;0.41
1984;9;14;258;18.1;11;3.6;12.5;8.3;3;0.4;0.8;0.1;4.2;1.7;0;568;153;96;58;87378;2.22;6.79;0.39;0.41
1984;9;15;259;9.7;7.9;6.5;9.5;7.5;6;0.5;0.3;0.1;4.2;1.7;0;80;23;31;14;86917;0.93;28.4;0.4;0.41
1984;9;16;260;7.4;6.6;5.8;7.1;6.3;5.6;0.9;0.7;0.1;4.2;1.7;0;48;12;12;7;86925;0.82;35.14;0.42;0.41
1984;9;17;261;10.3;7.4;3.6;9.1;6.9;3.5;0.6;0.5;0.1;4.2;1.7;0;176;40;57;17;87075;1;12.22;0.43;0.41
1984;9;18;262;14;7.8;2.1;8.7;6;2;-0.5;0;0.1;4.1;1.7;0;461;119;74;40;86525;1.8;3.02;0.42;0.42
1984;9;19;263;12.7;9.4;4.8;9;7.6;4.7;0.3;-0.3;0.1;4.1;1.7;0;421;99;66;30;86841;1.5;0.38;0.42;0.42
1984;9;20;264;15.1;10.8;7;9.1;7.9;6.5;-0.1;-0.3;0.1;4.1;1.7;0;476;129;96;46;87014;1.83;0.36;0.41;0.42
1984;9;21;265;15.3;9.5;5.3;10.7;7.6;5;0.4;0.2;0.1;4.1;1.6;0;465;109;85;36;86695;1.84;20.42;0.41;0.42
1984;9;22;266;9.5;5.5;2.7;5.3;1.8;-0.3;0.9;0.4;0.1;4.1;1.6;0;449;109;94;37;86540;2.62;8.78;0.42;0.42
1984;9;23;267;10.2;5.9;2.5;7.1;3.8;-0.1;0.6;0.4;0.1;4;1.6;0;384;90;62;39;85927;1.98;9.16;0.42;0.42
1984;9;24;268;9.3;4.4;1.4;3;0.9;-1.2;1.6;0.3;0.11;4;1.6;0.47;530;144;107;54;86114;2.58;5.25;0.42;0.42
1984;9;25;269;5.9;2.8;0.1;3.5;1.1;-0.7;1.2;0.2;0.11;4;1.6;0.59;352;100;62;43;86731;1.79;6.62;0.42;0.42
1984;9;26;270;8.2;4.1;0.8;3.1;1.7;0;1.2;0.5;0.12;4;1.6;0.95;485;111;83;35;87103;2.03;8.02;0.42;0.42
1984;9;27;271;7.6;5;2.9;7.3;4.6;2.4;0.3;0.5;0.11;4;1.6;0.68;162;37;44;16;87446;0.87;10.18;0.42;0.42
1984;9;28;272;15.5;7.9;0.2;8.4;4.8;0;0;0.7;0.1;4;1.6;0.35;548;146;110;63;87372;2.05;0;0.42;0.42
1984;9;29;273;16;9.3;3.4;9.1;5.2;2.2;-0.1;0.6;0.1;3.9;1.6;0.11;551;150;109;70;87256;2.03;0.01;0.42;0.42
1984;9;30;274;16.1;8.9;2.2;9.9;5.3;1;0.1;0.5;0.09;3.9;1.6;0.03;555;155;112;74;87266;1.98;0;0.41;0.42
1984;10;1;275;17.7;9.8;2.4;10.3;6.2;2;-0.3;1.1;0.09;3.9;1.6;0;546;148;105;68;86589;2.01;0;0.4;0.42
1984;10;2;276;7.7;5;0.1;5.6;3.9;-1.1;0.7;0.8;0.09;3.9;1.6;0.02;141;32;78;30;86406;1.18;8.52;0.4;0.42
1984;10;3;277;10;3.9;-2.4;5.3;1.8;-3.7;0.1;0.6;0.09;3.9;1.6;0.03;365;81;73;47;86442;1.14;6.75;0.4;0.42
1984;10;4;278;12.3;6.3;1.2;3.7;2.6;0.7;-0.7;0.4;0.09;3.8;1.5;0.05;484;137;110;61;86214;2.05;1;0.4;0.42
1984;10;5;279;13.3;7.1;2.4;6.2;2.4;0.2;-0.1;0.9;0.09;3.8;1.5;0.01;499;144;126;78;85690;1.94;0.74;0.4;0.42
1984;10;6;280;9.8;5.7;1.6;4;2;-0.3;0.9;0.2;0.09;3.8;1.5;0;407;108;83;53;86922;1.34;1.31;0.39;0.42
1984;10;7;281;6.6;4.5;3.4;5.7;3.7;2.3;0.6;-0.3;0.09;3.8;1.5;0;228;48;49;18;88009;1.12;6.28;0.39;0.42
1984;10;8;282;9.7;5.2;1.7;3.4;1.7;0.7;1;0.3;0.09;3.8;1.5;0;432;122;107;58;88276;1.68;0.02;0.39;0.42
1984;10;9;283;12.7;8.1;4.2;8.7;5.8;1.7;0.3;0.5;0.09;3.7;1.5;0;306;62;71;18;88464;0.9;1.03;0.39;0.42
1984;10;10;284;15.4;10.4;5.2;9.1;7.5;4.6;-0.1;0.2;0.09;3.7;1.5;0;434;99;89;42;88471;1.31;0.18;0.38;0.42
1984;10;11;285;14.4;8.1;0.8;9;5.7;0.2;0.2;0.2;0.09;3.7;1.5;0;404;102;87;55;88063;1.14;0.06;0.38;0.42
1984;10;12;286;10.3;8;6.1;8.1;7.1;5.7;0.1;-0.5;0.09;3.7;1.5;0;242;63;48;25;88109;1.29;4.72;0.38;0.42
1984;10;13;287;11.6;7.5;3.6;6.3;5.2;3;-0.5;-0.4;0.09;3.7;1.5;0;400;101;94;50;88347;1.44;0.24;0.38;0.42
1984;10;14;288;14.8;7.6;1.2;7.6;4.1;-0.1;0.3;0.4;0.09;3.6;1.5;0;495;133;118;81;88462;1.45;0;0.37;0.42
1984;10;15;289;12.4;7.2;2.3;6.8;4.6;0.9;0.6;-0.2;0.09;3.6;1.5;0;442;113;97;50;88343;1.09;0.45;0.37;0.42
1984;10;16;290;11.8;7.2;2.9;6.2;4.8;1.9;-0.5;-0.3;0.09;3.6;1.5;0;473;119;118;67;88232;1.35;0.22;0.36;0.42
1984;10;17;291;14.4;6.3;-0.8;8;2.8;-1.8;0.1;0.9;0.09;3.6;1.4;0;482;130;117;83;87767;1.47;0;0.36;0.42
1984;10;18;292;14.9;6.6;0.3;8.5;3.2;-0.3;0;1;0.08;3.6;1.4;0;480;125;119;78;87220;1.43;0;0.36;0.42
1984;10;19;293;14;6.6;0.4;5.4;1.5;-1;-0.3;1.8;0.08;3.6;1.4;0;467;122;120;86;86860;1.56;0;0.35;0.41
1984;10;20;294;11.6;7;3;5.7;3.6;0;0.7;0.3;0.08;3.6;1.4;0;386;87;87;39;87107;1.16;2.04;0.35;0.41
1984;10;21;295;8.3;5.9;3.5;4.1;2.8;2;1.1;0;0.08;3.6;1.4;0;251;70;63;40;87766;1.16;0.29;0.35;0.41
1984;10;22;296;11.3;6.4;3;5.4;3.8;2.2;0.2;0.3;0.08;3.6;1.4;0;422;106;105;64;87905;0.99;0;0.35;0.41
1984;10;23;297;14.4;7.3;1.5;6.3;3.7;0.6;0.5;0.5;0.08;3.5;1.4;0;372;77;83;48;87646;0.97;0;0.35;0.41
1984;10;24;298;10.6;7;2.2;6.7;5;1.4;-0.2;0.5;0.08;3.5;1.4;0;198;42;72;29;87684;0.48;0.14;0.34;0.41
1984;10;25;299;15.1;7.2;1.6;7.2;3.4;0.3;-0.2;0.9;0.08;3.5;1.4;0;431;109;112;68;87264;1.28;0;0.34;0.41
1984;10;26;300;11.3;5.9;3.4;5.7;3.7;1.7;0.7;0.7;0.08;3.5;1.4;0;309;60;70;29;87256;1.06;9.48;0.34;0.41
1984;10;27;301;7.7;4.1;-0.8;4;2.2;-0.9;-0.5;-0.1;0.08;3.5;1.4;0;304;69;60;40;87740;1;0.19;0.34;0.41
1984;10;28;302;8.3;4.3;-0.3;3.1;1.5;-1;-0.6;-0.2;0.08;3.5;1.4;0;343;84;111;59;88290;0.91;0.03;0.34;0.41
1984;10;29;303;10.9;3.6;-2.5;3.9;0;-3.8;-0.2;0.7;0.08;3.5;1.4;0;434;111;125;90;88481;0.99;0;0.34;0.41
1984;10;30;304;12.7;4.1;-2.2;6;0.6;-3.7;0.1;1;0.08;3.5;1.4;0;423;103;119;78;88365;0.94;0;0.34;0.41
1984;10;31;305;13.1;4.6;-2.2;5.6;1.1;-3.3;0;0.9;0.08;3.5;1.4;0;421;106;122;81;88310;0.97;0;0.34;0.41
1984;11;1;306;12.9;4.2;-2.4;6.8;1.5;-3.2;-0.1;1;0.08;3.5;1.4;0;422;104;122;81;87975;0.83;0;0.33;0.41
1984;11;2;307;13.5;4.2;-2.2;7.2;1.5;-3.2;0;0.9;0.08;3.5;1.4;0;414;101;122;80;87516;0.85;0;0.33;0.41
1984;11;3;308;10.2;3.6;-2.6;3.6;0.7;-3.5;0.1;0.1;0.08;3.4;1.4;0;404;99;115;63;87388;0.84;0.3;0.33;0.41
1984;11;4;309;8.8;4.6;0.7;3;2.3;0.2;-0.6;-0.3;0.08;3.4;1.4;0;375;81;94;53;87044;0.77;0.01;0.33;0.41
1984;11;5;310;9.5;3.1;-1;2.9;-0.2;-2.5;-0.3;0.8;0.08;3.4;1.4;0;402;92;109;75;86564;0.76;0;0.33;0.41
1984;11;6;311;11.8;4.6;-0.3;5.1;0.8;-2.5;-0.3;1.8;0.08;3.4;1.4;0;319;80;99;65;86459;0.71;0;0.33;0.4
1984;11;7;312;11.8;4.9;0.2;5.9;1.6;-1.3;-0.2;1.2;0.08;3.4;1.4;0;360;88;111;69;86907;0.75;0;0.32;0.4
1984;11;8;313;12.6;4.2;-0.9;7.5;1.1;-2.7;-0.2;1.4;0.08;3.4;1.4;0;360;86;107;70;86983;0.68;0;0.32;0.4
1984;11;9;314;14;4.8;-0.5;8.5;1.5;-1.9;-0.1;1.6;0.08;3.4;1.4;0;384;92;122;77;86778;0.71;0;0.32;0.4
1984;11;10;315;14;4.9;-1;9.3;1.9;-3;-0.1;1.2;0.08;3.4;1.4;0;365;86;112;72;87442;0.57;0;0.32;0.4
1984;11;11;316;12.5;3.8;-1.8;6.4;1.1;-3;-0.3;1;0.08;3.4;1.4;0;363;86;112;74;87675;0.64;0;0.32;0.4
1984;11;12;317;11.3;3.2;-1.9;6.7;0.6;-3.3;-0.1;1.2;0.08;3.4;1.4;0;348;78;108;67;87249;0.5;0;0.32;0.4
1984;11;13;318;10.5;3.5;-0.8;4.9;0.4;-2.9;0;1.1;0.08;3.3;1.4;0;314;72;100;68;87012;0.52;0;0.32;0.4
1984;11;14;319;8.8;2.1;-2.5;3.5;-1.6;-5.1;-0.1;1.2;0.08;3.3;1.3;0;329;76;112;71;86439;0.44;0;0.32;0.4
1984;11;15;320;5.5;1.9;-1.2;2.3;-0.4;-3.7;0.1;0.5;0.08;3.3;1.3;0;251;53;74;46;85731;0.22;0.66;0.31;0.4
1984;11;16;321;7.8;1.9;-2.7;3.2;-0.4;-4.1;-0.4;0.8;0.08;3.3;1.3;0;334;66;97;59;85542;0.5;1.28;0.31;0.4
1984;11;17;322;1.8;-1.1;-7.5;-0.3;-1.9;-8.2;0.1;0.5;0.36;3.3;1.3;8.78;131;27;67;34;85886;0.3;12.74;0.32;0.4
1984;11;18;323;2.7;-2.8;-7.6;-2;-5.1;-8.9;-0.1;0.7;0.39;3.3;1.3;10.19;225;50;96;54;86091;0.41;0.01;0.32;0.4
1984;11;19;324;2.7;-2.5;-8.9;-2.5;-6;-11.8;0.3;0.6;0.37;3.3;1.3;9.88;197;42;81;43;86045;0.2;0.12;0.32;0.4
1984;11;20;325;1.6;-0.4;-2;0.9;-1.6;-3.7;0.7;0.5;0.4;3.3;1.3;11.54;104;19;43;13;86674;0.12;7.98;0.32;0.4
1984;11;21;326;2.2;-1.2;-5.2;0.8;-2.6;-6.1;0.7;0.9;0.41;3.3;1.3;13.1;87;21;72;34;86784;0.16;2.08;0.32;0.4
1984;11;22;327;2.2;-1.1;-6.6;0.6;-2.6;-8.1;0.3;1.7;0.4;3.3;1.3;13.84;40;9;53;12;86683;0.25;9.57;0.32;0.4
1984;11;23;328;8.9;5.1;2.1;1.6;-0.6;-3.4;1.6;1.6;0.34;3.3;1.3;11.28;158;34;66;26;86441;0.94;1.46;0.33;0.4
1984;11;24;329;5.5;4;0.6;3.5;0.3;-2.5;2;1.1;0.29;3.3;1.3;8.45;164;34;74;36;86750;0.76;2.57;0.33;0.4
1984;11;25;330;7.1;2;-1.8;3.1;-0.2;-3.7;0.3;0.8;0.25;3.3;1.3;6.9;233;44;85;37;87338;0.26;0.04;0.34;0.4
1984;11;26;331;3.8;1.5;-0.2;3;0.6;-1.5;0.3;0;0.24;3.3;1.3;6.94;96;18;37;13;87361;0.22;16.39;0.34;0.4
1984;11;27;332;1.2;-1.8;-8.8;-0.6;-2.7;-9.6;-0.1;0;0.41;3.3;1.3;14.83;142;30;94;46;88170;0.33;2.65;0.34;0.4
1984;11;28;333;6.2;-3.1;-9.5;3.2;-5.9;-13.4;0.2;1.4;0.39;3.3;1.3;14.38;200;44;99;60;87929;0.11;0;0.34;0.39
1984;11;29;334;6.6;-2;-6.9;2;-5.1;-9.6;0;1.4;0.36;3.3;1.3;13.41;211;46;104;63;87699;0.15;0;0.34;0.39
1984;11;30;335;6.4;-2.4;-8;1.1;-6.6;-12.5;0;1.6;0.34;3.3;1.3;12.66;223;48;109;65;87111;0.06;0;0.34;0.39
1984;12;1;336;5.1;-2.1;-7.2;0.3;-6.2;-10.9;-0.2;2;0.32;3.3;1.3;11.93;221;48;105;67;86715;0.09;0;0.34;0.39
1984;12;2;337;3.5;-0.6;-4.5;0;-2.9;-7;0.1;0.6;0.31;3.3;1.3;11.35;169;33;75;46;86866;0.08;0.09;0.34;0.39
1984;12;3;338;3.5;0;-3.1;1.1;-1.2;-4.1;-0.2;0.2;0.3;3.3;1.3;10.94;182;40;73;41;87338;0.07;0.06;0.34;0.39
1984;12;4;339;5;-0.8;-4.4;0.9;-3.2;-6.7;0.3;0.8;0.28;3.3;1.3;10.37;207;44;87;50;87703;0.1;0;0.34;0.39
1984;12;5;340;5;-1.6;-5.2;0.5;-4.5;-8.3;0;1;0.27;3.3;1.3;9.77;216;45;91;58;88056;0.06;0;0.34;0.39
1984;12;6;341;5.9;-2.3;-6.8;1.5;-5.7;-10.8;0.2;1.3;0.26;3.3;1.3;9.14;236;51;106;67;88135;0.06;0;0.34;0.39
1984;12;7;342;4.2;-2.3;-6.1;-1.1;-5.7;-8.9;-0.2;1;0.25;3.3;1.4;8.6;215;46;94;61;88433;0.08;0;0.34;0.39
1984;12;8;343;5.7;-2.5;-6.9;0.8;-6.5;-11.6;0.2;1.2;0.24;3.3;1.4;8.14;238;51;114;71;88487;0.06;0;0.34;0.39
1984;12;9;344;3.6;-2.4;-7.5;-1.4;-6.6;-14.5;0.8;0.8;0.24;3.3;1.4;8.25;192;39;70;41;88370;0.13;5.02;0.34;0.39
1984;12;10;345;1.3;-0.7;-4.3;-0.2;-2.7;-5;0.7;0.8;0.3;3.3;1.4;10.93;79;14;39;11;88404;0.29;1.92;0.34;0.39
1984;12;11;346;5.9;1.3;-4.2;4.2;0.1;-5.4;0.6;1;0.29;3.3;1.4;10.55;144;28;68;33;88228;-0.01;0.23;0.34;0.39
1984;12;12;347;5.8;-1.4;-5.3;4.4;-2.5;-6.5;-0.1;1.1;0.27;3.3;1.4;9.53;212;45;89;56;87660;0.03;0;0.35;0.39
1984;12;13;348;5;-1.5;-4.5;2.8;-3.5;-7.3;0.3;1.2;0.25;3.3;1.4;8.78;172;36;74;50;87042;0.1;0.11;0.35;0.39
1984;12;14;349;-0.1;-1.7;-4.1;-0.4;-2.7;-6.2;0.8;0.8;0.3;3.3;1.4;11.39;45;8;46;11;87235;0.16;9.28;0.35;0.39
1984;12;15;350;1.7;-2;-4.4;-1.3;-3.9;-7.8;0;0.7;0.34;3.3;1.4;14.02;151;30;69;45;87527;0.21;0.08;0.35;0.39
1984;12;16;351;1.5;-1.5;-4.2;-1;-3.7;-8.2;0;0.6;0.34;3.3;1.3;14.23;108;22;40;18;87194;0.13;4.03;0.35;0.39
1984;12;17;352;1;-1.9;-7.5;-0.2;-2.8;-8.9;0.4;0.8;0.46;3.3;1.3;23.26;65;11;58;26;86986;0.06;10.52;0.35;0.39
1984;12;18;353;2.8;-2.8;-8.2;0.3;-4.7;-9.6;0.3;1.1;0.46;3.3;1.3;24.59;122;24;58;30;86897;-0.01;3.43;0.35;0.39
1984;12;19;354;-1.1;-3.1;-6.2;-1.7;-4.7;-8.8;0.8;0.2;0.51;3.3;1.3;32.45;78;15;65;28;87989;0.15;6.54;0.35;0.39
1984;12;20;355;1.9;-5;-9.8;-3.6;-8.8;-13.1;0.1;1.2;0.51;3.3;1.3;33.64;147;30;82;49;87999;0.06;0;0.35;0.39
1984;12;21;356;1.1;-3.3;-9.3;-0.1;-5.3;-12.5;0.9;0.5;0.51;3.2;1.3;36.08;32;5;42;7;87690;0.14;10.17;0.35;0.39
1984;12;22;357;-2.6;-5.2;-9.7;-4.6;-7;-12.1;0;0.2;0.51;3.2;1.3;40.85;132;27;94;48;88204;0.09;0.74;0.35;0.39
1984;12;23;358;-0.5;-8;-14.7;-6.8;-12.6;-19.1;0;1.1;0.51;3.2;1.3;40.83;143;30;83;45;87849;0.07;0;0.35;0.39
1984;12;24;359;-1.1;-8.3;-12.4;-8.8;-13.2;-16.6;0;1;0.5;3.2;1.3;40.67;156;33;102;55;87070;0.09;0.01;0.35;0.39
1984;12;25;360;-2.3;-5.9;-12.3;-4.6;-8.5;-16.6;0.5;0.5;0.5;3.2;1.3;42.35;66;13;43;7;86860;0.05;3.44;0.35;0.39
1984;12;26;361;-2.3;-6.2;-10.1;-6.8;-11;-15.1;0;0.9;0.51;3.2;1.3;43.98;154;32;92;51;86645;0.09;0.05;0.35;0.39
1984;12;27;362;-2.9;-7.4;-12.4;-9.1;-13.1;-17;0.1;0.4;0.5;3.2;1.3;43.95;111;22;67;26;86738;0.12;0.21;0.35;0.39
1984;12;28;363;-3.7;-7.3;-11.4;-8.1;-10.3;-14.3;-0.1;0.2;0.5;3.2;1.3;44.1;116;23;60;33;87824;0.08;0.29;0.35;0.39
1984;12;29;364;-6.2;-7.6;-9.5;-8.7;-9.8;-10.9;-0.5;-0.2;0.5;3.2;1.3;44.73;69;15;33;16;88234;0.06;1.22;0.35;0.39
1984;12;30;365;-7.2;-8.5;-10.8;-8.9;-11;-12.7;0.2;-0.6;0.5;3.2;1.3;46.49;98;14;38;18;88365;0.1;3.03;0.35;0.39
1984;12;31;366;-9.4;-12;-18.2;-12.9;-15.3;-21.7;-0.1;0.3;0.51;3.2;1.3;49.37;137;27;69;42;87924;0.05;1.23;0.35;0.39
1985;1;1;1;-5.2;-9.7;-17.8;-8.9;-13.1;-21.5;0.9;1.1;0.51;3.1;1.3;50.34;78;15;62;11;86593;0.12;1.71;0.35;0.39
1985;1;2;2;-6.4;-9.1;-11.5;-8.8;-11.4;-14.6;1.3;0.3;0.52;3.1;1.3;53.92;82;16;55;18;85685;0.06;7.62;0.35;0.39
1985;1;3;3;-10.4;-11.6;-12.3;-11.6;-14.4;-16.2;1.5;-0.3;0.53;3.1;1.3;60.69;97;21;43;22;86044;0.17;4.2;0.34;0.39
1985;1;4;4;-11.4;-14;-17.9;-14;-16.9;-19.9;1;-0.1;0.53;3.1;1.3;67.99;48;10;47;22;85610;0.13;9.67;0.34;0.39
1985;1;5;5;-16.2;-18.6;-21.9;-19.6;-21.4;-24.2;0.7;0.2;0.54;3.1;1.3;72.87;113;24;47;31;85850;0.02;1.33;0.34;0.39
1985;1;6;6;-15.6;-22.3;-30.8;-22.3;-26.5;-33.7;0.1;0.9;0.53;3.1;1.3;73.61;153;32;87;58;85933;0;0.06;0.34;0.39
1985;1;7;7;-14.8;-25.3;-35.8;-22.9;-30.9;-39.5;0.1;1;0.53;3.1;1.3;73.61;149;31;56;46;85579;0;0;0.34;0.39
1985;1;8;8;-16.4;-22.7;-29.7;-22.3;-27.2;-32.9;0.2;0.3;0.53;3.1;1.3;73.63;165;34;75;36;86075;0;0.19;0.34;0.39
1985;1;9;9;-13.8;-20.2;-28.4;-21.4;-24.7;-31.5;0.3;0.8;0.52;3.1;1.3;73.97;150;32;85;45;86484;0;0.2;0.34;0.39
1985;1;10;10;-10.5;-21.9;-32.3;-19.3;-27.4;-35.8;0.2;1.2;0.52;3.1;1.2;74.03;167;36;79;44;86779;0;0.16;0.34;0.39
1985;1;11;11;-9.3;-18.2;-26.7;-15.1;-21.9;-29.6;0.1;0.8;0.52;3.1;1.2;74.36;149;32;77;41;87366;0;0.23;0.34;0.39
1985;1;12;12;-9.3;-17.1;-27.7;-15.7;-22;-30.8;0.5;0.9;0.51;3;1.2;74.56;116;26;49;24;87115;0;0.9;0.34;0.39
1985;1;13;13;-11.3;-13.1;-14.5;-14.7;-15.6;-16.6;-0.6;-0.5;0.52;3;1.2;76.64;151;30;67;27;86822;0;1.89;0.34;0.39
1985;1;14;14;-12;-14.2;-15.8;-15.6;-16.8;-18.5;-0.5;-0.6;0.52;3;1.2;77.58;127;28;51;34;86358;0.01;0.5;0.34;0.38
1985;1;15;15;-5;-13.7;-22.6;-10.4;-17.6;-25.5;-0.1;1.2;0.51;3;1.2;77.82;170;37;76;48;86730;0;0.5;0.34;0.38
1985;1;16;16;-6.5;-10.8;-15.6;-10.4;-13.8;-18.1;0.2;0.5;0.51;3;1.2;78.35;111;24;43;30;86991;0;0.14;0.34;0.38
1985;1;17;17;-1.3;-7.8;-12.2;-6.3;-11;-15.1;0.1;0.8;0.51;3;1.2;78.42;127;26;58;29;86495;0;0.06;0.34;0.38
1985;1;18;18;0.3;-7.4;-15.3;-6.3;-11.3;-17.5;0;1.1;0.51;3;1.2;78.53;146;31;60;31;85726;0;0.24;0.34;0.38
1985;1;19;19;-1.7;-4.3;-7.6;-3.2;-6;-9.4;0.5;0.6;0.51;3;1.2;80.45;54;12;40;9;85922;0;3.44;0.34;0.38
1985;1;20;20;0.1;-5.5;-11;-4.9;-8.7;-13.3;0.1;0.8;0.51;3;1.2;82.19;171;36;70;41;86094;0.02;0.25;0.34;0.38
1985;1;21;21;0.3;-4.8;-10.8;-5.2;-8.4;-13.4;-0.1;1.7;0.51;3;1.2;82.37;183;38;83;38;85956;0.12;0.04;0.34;0.38
1985;1;22;22;3.8;0.1;-3.1;-1.4;-3.2;-5.8;-0.1;1.5;0.5;3;1.2;82.79;150;31;73;27;85774;0.12;1.25;0.33;0.38
1985;1;23;23;4.3;0.9;-1.1;0.1;-1.2;-2.7;0;0.8;0.48;3;1.2;84.03;100;20;36;18;85949;0;12.05;0.34;0.38
1985;1;24;24;-0.6;-5.7;-14.1;-1.1;-7.8;-17.2;1.3;0.1;0.51;3;1.2;95.05;107;23;92;44;86498;0.43;13.5;0.34;0.38
1985;1;25;25;-5.5;-11.8;-17.2;-10.5;-16.1;-21;0.1;1.7;0.52;3;1.2;97.82;96;25;72;40;86350;0.08;0.07;0.34;0.38
1985;1;26;26;-2.3;-5.8;-12.6;-5.5;-9.3;-15.8;0;1.8;0.52;3;1.2;98.57;58;14;53;14;85635;0.05;1.83;0.34;0.38
1985;1;27;27;-2.8;-5.6;-7.9;-4;-7.3;-10.9;0.3;0.1;0.52;3;1.2;102.7;54;14;44;14;86530;0.01;5.54;0.34;0.38
1985;1;28;28;0.2;-6.2;-13.2;-6;-9.7;-15.4;-0.1;0.9;0.52;3;1.2;105.09;129;32;70;38;86781;-0.05;0.09;0.34;0.38
1985;1;29;29;1.3;-5;-11.6;-4.5;-8.1;-13.9;0.1;0.9;0.52;3;1.2;105.27;180;40;87;46;87675;0.04;0.14;0.34;0.38
1985;1;30;30;0.3;-5.6;-14.8;-1;-7.9;-17.5;0.7;1.3;0.52;3;1.2;107.75;43;10;59;9;87888;0.06;7.16;0.34;0.38
1985;1;31;31;4;-0.8;-7.1;-0.7;-4.4;-8.8;1.1;1;0.51;3;1.2;110.84;201;42;92;42;87709;0.25;7.92;0.34;0.38
1985;2;1;32;3.4;1.7;-0.3;0.7;0;-0.7;2.3;0.7;0.51;3;1.2;119.23;50;10;13;5;87585;0.03;22.07;0.35;0.38
1985;2;2;33;2.3;1.8;1.3;2.2;1.2;0.8;2.5;0.2;0.5;3;1.2;116.57;20;4;9;2;87413;-0.27;26.48;0.38;0.38
1985;2;3;34;1.5;-1.3;-5.3;1.1;-1.8;-5.8;1.1;-0.8;0.5;3;1.2;119.42;95;20;52;25;87880;0.18;8.35;0.39;0.38
1985;2;4;35;0.5;-4.1;-8.6;-5;-7.3;-10.3;-0.6;0.5;0.5;3;1.2;121.96;215;51;97;67;87877;0.14;0.02;0.39;0.38
1985;2;5;36;7.5;-1.8;-9;0.5;-6.7;-13.1;0.5;1.1;0.49;3;1.2;121.6;223;54;94;59;87323;-0.03;0;0.38;0.38
1985;2;6;37;1.2;-0.7;-3.2;0.1;-2.5;-7.1;1.1;0.9;0.49;3;1.2;122.71;46;11;43;9;87148;-0.05;7.35;0.38;0.38
1985;2;7;38;0.7;-1.5;-4.5;-0.5;-2.4;-5.1;0.4;0;0.48;3;1.2;126.36;73;19;49;23;87046;0.13;3.58;0.39;0.38
1985;2;8;39;2;-1;-4.4;-0.1;-2.4;-5.2;-0.2;0.7;0.48;3;1.2;128.11;94;18;28;11;86389;-0.01;6.78;0.38;0.39
1985;2;9;40;4.8;1.6;-1.2;3.1;0;-3;0.5;0.9;0.47;3;1.2;129.55;109;23;36;13;85854;-0.09;6.03;0.39;0.39
1985;2;10;41;1.1;-4.5;-9.3;-0.6;-6.6;-12.3;-0.4;-1;0.46;3;1.2;129.08;147;28;57;23;85610;0.61;2.74;0.39;0.39
1985;2;11;42;-8.1;-10.8;-13.9;-12.9;-14.5;-16.8;-1.5;-0.7;0.48;3;1.2;130.77;175;39;80;38;85726;0.41;1.3;0.39;0.39
1985;2;12;43;-6.5;-11.3;-14.4;-14.6;-16.4;-17.8;-1;0;0.48;3;1.2;130.99;268;67;113;84;85897;0.09;0;0.39;0.39
1985;2;13;44;-0.9;-8.3;-16.9;-9.7;-15.9;-22.8;-0.1;0.5;0.47;3;1.2;131.04;276;69;118;59;86007;0.08;0.84;0.38;0.39
1985;2;14;45;-0.4;-4.5;-9.1;-3.3;-7;-12;0.5;0.6;0.49;3;1.2;134.99;131;28;39;11;86424;0;8.6;0.38;0.39
1985;2;15;46;-3.6;-8.5;-13.1;-4.3;-10.3;-14.5;-0.6;-1;0.52;3;1.2;148;96;20;47;17;86875;0.26;11.2;0.38;0.39
1985;2;16;47;-6.3;-13.1;-20.3;-14.8;-18.2;-22;-0.7;0.7;0.53;3;1.2;151.17;256;65;104;78;87662;0.06;0;0.38;0.39
1985;2;17;48;-6.2;-11.6;-16.1;-12.7;-16.3;-19.7;-0.8;0.3;0.53;3;1.2;151.1;208;52;89;57;87256;0.05;0.01;0.38;0.39
1985;2;18;49;-10.8;-14.4;-16.9;-16.2;-17.7;-19.5;-1;-0.3;0.52;3;1.2;151.23;248;61;98;62;87557;0.04;0.2;0.38;0.39
1985;2;19;50;-10.3;-15.3;-22.5;-16.7;-19.7;-25;-0.7;0.2;0.52;3;1.2;151.27;265;68;89;69;87946;0.03;0;0.37;0.39
1985;2;20;51;-6.5;-13;-21.3;-13.2;-18.1;-24.7;-0.3;0.4;0.52;3;1.2;151.23;268;70;91;63;88168;0;0;0.37;0.39
1985;2;21;52;-3.6;-11;-21.8;-12.9;-17.2;-24.4;0.4;0.4;0.51;3;1.2;151.24;272;71;91;55;87934;0.06;0.38;0.37;0.39
1985;2;22;53;-3.8;-8.1;-14;-8.9;-11.6;-17.1;0.4;0;0.51;3;1.2;151.79;235;58;69;34;88094;0.04;0.73;0.37;0.39
1985;2;23;54;0;-7.3;-16.1;-8.9;-12.3;-17.9;0.5;0.7;0.51;3;1.2;152.17;280;72;96;61;88358;0.09;0.01;0.37;0.39
1985;2;24;55;1;-2.6;-8.8;-1.8;-5.2;-12.4;0.5;0.9;0.52;3.1;1.2;155.48;78;21;18;-2;88514;-0.03;5.22;0.37;0.39
1985;2;25;56;8.6;-0.1;-6.7;3.6;-3.6;-8.2;0;1.1;0.51;3.1;1.3;156.75;278;74;92;63;88275;-0.04;0;0.37;0.39
1985;2;26;57;7.6;0.6;-5.8;0.2;-4.6;-8.8;0;0.8;0.5;3.1;1.3;154.92;250;64;88;55;88141;0.17;0;0.37;0.39
1985;2;27;58;5.8;0.5;-3.5;-2;-4.2;-5.9;0.1;0.7;0.49;3.1;1.3;153.36;214;54;58;34;88012;0.2;0.22;0.37;0.39
1985;2;28;59;3.6;-0.7;-5.3;-0.9;-3.4;-7.4;0.3;0.7;0.49;3.1;1.3;152.49;187;44;65;32;87827;0.06;0.6;0.37;0.39
1985;3;1;60;6.3;0.4;-5.8;-1.4;-3.7;-7.2;0.3;0.7;0.48;3.1;1.3;151.44;298;77;93;57;87557;0.1;0.04;0.37;0.39
1985;3;2;61;2.5;0.2;-1.7;0.3;-1.4;-2.9;0.2;-0.3;0.48;3.1;1.3;152.94;133;32;38;15;87051;0.06;12.2;0.37;0.39
1985;3;3;62;2.7;-1.4;-6.7;-2.1;-4;-8.5;-0.1;0.2;0.5;3.1;1.3;161.61;219;58;102;46;87154;0.23;1.75;0.37;0.39
1985;3;4;63;7.7;-0.9;-7.5;-0.9;-5.3;-10.1;0;1.2;0.5;3.1;1.3;161.12;225;62;95;58;86993;0.05;0;0.37;0.39
1985;3;5;64;5.6;0.4;-4.1;-0.2;-3;-6.8;-0.3;0.2;0.49;3.1;1.3;159.95;267;69;78;54;87408;-0.02;0.01;0.37;0.39
1985;3;6;65;4.7;0.3;-4;0.1;-2.4;-6.4;0.1;-0.3;0.48;3.1;1.3;158.45;293;65;62;32;87940;0.02;1.19;0.37;0.39
1985;3;7;66;4.5;0.8;-1.1;0.8;-0.5;-1.2;-0.6;-0.8;0.47;3.2;1.3;156.5;255;68;66;35;88012;-0.02;0.29;0.37;0.39
1985;3;8;67;3.5;0.4;-1.5;0.6;-0.7;-1.8;-0.8;-0.7;0.45;3.2;1.3;153.76;228;64;73;25;88203;0.06;0.66;0.37;0.39
1985;3;9;68;0.9;-1.2;-2.5;-1.4;-3.2;-4.4;-0.1;-0.9;0.46;3.2;1.3;154.01;222;47;66;28;88438;0.44;2.73;0.38;0.39
1985;3;10;69;-0.1;-2.7;-4.7;-3.4;-4.8;-6.1;0.2;-1;0.46;3.2;1.3;156.02;220;52;62;28;88195;0.45;3.4;0.37;0.39
1985;3;11;70;-1.6;-4.5;-7;-6.1;-8;-9.1;-0.8;-1;0.48;3.2;1.3;158.7;285;76;84;46;87788;0.48;2.62;0.37;0.39
1985;3;12;71;0.6;-3;-6.4;-4.1;-6;-8.2;-0.9;-0.6;0.49;3.2;1.3;161.21;250;69;80;46;87740;0.23;1.54;0.37;0.39
1985;3;13;72;3.4;-1.3;-5.9;-2;-4.4;-8.9;0.3;-0.1;0.49;3.2;1.3;161.17;281;79;81;46;87416;0.04;0.08;0.37;0.39
1985;3;14;73;1.7;-0.9;-2.9;-2.5;-3.6;-4.3;0.6;-0.2;0.48;3.2;1.3;161.3;210;58;41;26;86707;0.3;1.21;0.37;0.39
1985;3;15;74;-0.9;-3.1;-5.2;-4.3;-5.8;-9.2;0.6;-0.3;0.49;3.2;1.3;165.07;233;60;92;48;86338;0.27;5.22;0.37;0.39
1985;3;16;75;2.3;-3.2;-6.2;-5.9;-8.5;-10.7;0.3;0.6;0.5;3.2;1.3;167.41;316;76;89;47;85678;0.37;4.55;0.37;0.39
1985;3;17;76;-4;-5.8;-7.1;-8.5;-9.2;-10.3;1.7;-0.1;0.52;3.3;1.3;173.63;205;54;40;27;85517;0.43;6.89;0.37;0.39
1985;3;18;77;-5.9;-6.5;-7.5;-7.6;-8.1;-8.8;1.8;-0.4;0.54;3.3;1.3;190.7;73;18;13;8;85705;0.16;30.29;0.37;0.39
1985;3;19;78;-3.4;-6.9;-12.2;-8.4;-10.2;-13.7;0.1;-0.3;0.54;3.3;1.3;208.76;231;70;88;41;85934;0.26;1.79;0.37;0.39
1985;3;20;79;0.3;-7;-17.9;-7.1;-12.4;-20.3;-0.1;0.4;0.54;3.3;1.3;208.95;346;102;102;77;85655;0.11;0;0.36;0.39
1985;3;21;80;5.5;-3.2;-12.7;-2.6;-8.3;-15.6;-0.1;0.8;0.53;3.3;1.3;208.9;303;85;92;54;85248;0.05;0.17;0.36;0.39
1985;3;22;81;5.1;-0.8;-6.9;-0.5;-4.4;-8.7;-0.2;0.4;0.53;3.3;1.3;209;332;95;86;59;85325;-0.03;0.42;0.36;0.39
1985;3;23;82;1.8;-1.8;-6.4;-0.5;-4.2;-9;0.5;0.5;0.52;3.3;1.3;209.69;205;51;65;35;85986;0.05;3.94;0.36;0.39
1985;3;24;83;3;-1.2;-5;-2.2;-4.1;-6.1;0.1;0.5;0.51;3.4;1.4;211.99;303;85;79;51;86417;0.3;2.33;0.36;0.39
1985;3;25;84;7.5;-0.5;-7.3;-3.1;-6.6;-9.4;-0.2;0.7;0.5;3.4;1.4;211.76;373;110;110;80;86649;0.29;0;0.36;0.39
1985;3;26;85;7.1;1;-5.5;-2.7;-5.4;-8.5;0.6;0.9;0.5;3.4;1.4;209.73;359;99;93;58;86586;0.31;0.23;0.36;0.39
1985;3;27;86;3;-0.8;-4;0.1;-2.8;-6.5;0.8;0.6;0.49;3.4;1.4;209.94;141;35;62;31;86146;0.01;8.57;0.36;0.39
1985;3;28;87;-2.6;-4.3;-6.6;-3.2;-7.6;-10.5;1.6;-0.5;0.52;3.4;1.4;219.57;317;90;73;48;86740;0.73;7.97;0.37;0.39
1985;3;29;88;2.1;-3.7;-9.1;-6.7;-10;-12.9;1.3;0.8;0.52;3.4;1.4;221.52;326;102;87;68;87266;0.34;0.12;0.36;0.39
1985;3;30;89;9.1;0.3;-10.4;-4.4;-8.8;-15.3;0.3;1;0.51;3.4;1.4;220.87;350;113;103;71;87120;0.23;0;0.36;0.39
1985;3;31;90;9.2;2.5;-5;1;-2.6;-6.4;1.2;0.5;0.5;3.5;1.4;218.55;372;103;93;45;87124;0.08;1.51;0.36;0.39
1985;4;1;91;10.4;3.7;-3.7;1.1;-2.2;-4.8;0.5;0.8;0.49;3.5;1.4;212.95;374;115;89;66;87586;0.15;0;0.37;0.39
1985;4;2;92;8.2;2.8;-3.8;1.3;-1.3;-6.1;1.7;0.6;0.47;3.5;1.4;206.56;327;103;81;46;87596;0.11;3.64;0.38;0.39
1985;4;3;93;8.9;4.5;-1.8;2;-0.4;-4.5;0.2;0.3;0.45;3.5;1.4;197.76;435;132;102;65;87823;0.18;0.24;0.38;0.39
1985;4;4;94;15.7;5.2;-4.4;5;-1.7;-7.4;-0.1;1.1;0.43;3.5;1.4;187.19;439;138;96;73;87118;0.07;0;0.39;0.39
1985;4;5;95;11;4.7;-2.4;2.3;-0.9;-4.5;-0.1;1.7;0.41;3.5;1.4;175.69;455;137;100;62;86366;0.22;0.04;0.4;0.39
1985;4;6;96;9.1;4;0.3;3.9;0.9;-1.4;0.4;0.3;0.4;3.5;1.4;163.88;392;112;67;38;86263;-0.01;9.56;0.4;0.39
1985;4;7;97;10.3;3.1;-2.3;-0.7;-3.2;-8.5;0.5;0.7;0.4;3.6;1.4;154.84;454;143;114;73;86633;0.94;0.04;0.41;0.4
1985;4;8;98;5.6;2.1;-2.3;4.4;0.3;-6;0.3;0.7;0.38;3.6;1.4;149.02;256;77;62;34;86244;0.08;9.76;0.41;0.4
1985;4;9;99;8.5;2.3;-4.5;4.4;0.7;-5.4;0.1;0.5;0.36;3.6;1.4;142.69;360;91;58;30;85991;0.4;8.74;0.41;0.4
1985;4;10;100;2.4;0.9;-2.4;2.1;0.2;-4.2;0.7;0.4;0.36;3.6;1.4;138.72;140;43;75;25;86602;0.23;12.09;0.42;0.4
1985;4;11;101;6.9;1.3;-5.9;1.4;-2.1;-7.7;0.5;0.4;0.36;3.6;1.4;136.29;513;158;101;66;86794;0.98;2.1;0.42;0.4
1985;4;12;102;0.7;-1.1;-3.3;-1.3;-4;-6.5;2;0.3;0.4;3.6;1.4;138.98;237;77;76;40;86593;1.14;7.28;0.42;0.41
1985;4;13;103;6.5;0.8;-5.2;0.5;-3.4;-8.5;1.4;0.9;0.4;3.6;1.4;139.71;409;111;84;49;86552;0.95;5.19;0.41;0.41
1985;4;14;104;4.3;0.3;-3.9;-2.3;-4.4;-5.7;1.8;0.5;0.39;3.7;1.5;140.33;492;150;97;69;86545;1.42;1.8;0.41;0.41
1985;4;15;105;2;-1;-3.4;0.4;-2.5;-4.9;1.3;0.2;0.4;3.7;1.5;142.96;329;94;69;41;87428;0.79;10.36;0.41;0.41
1985;4;16;106;3.5;0;-4.8;0.1;-2.5;-6.4;1.3;0.3;0.44;3.7;1.5;148.52;341;79;56;27;88061;0.72;8.9;0.4;0.41
1985;4;17;107;3.2;0.5;-2.5;0.1;-1.9;-4.2;-0.6;-0.9;0.43;3.7;1.5;151.7;388;120;78;45;88223;1.06;5.92;0.41;0.41
1985;4;18;108;4.9;0.8;-3.2;-1.4;-2.9;-4.4;-1.5;-0.2;0.41;3.7;1.5;150.64;393;106;72;41;87946;0.9;0.18;0.4;0.41
1985;4;19;109;8.7;3;-3.1;1;-1.7;-4.8;-1;0.1;0.38;3.7;1.5;147.77;533;177;110;83;87550;0.87;0;0.4;0.41
1985;4;20;110;13.2;5.4;-4.6;5.4;-0.7;-6.6;0.4;0.6;0.36;3.8;1.5;141.65;554;185;111;82;86890;1.06;0;0.4;0.41
1985;4;21;111;13.1;5.5;-3.1;3.8;-0.3;-4.8;-0.5;0.7;0.34;3.8;1.5;133.36;565;190;107;79;86911;1.22;0;0.4;0.41
1985;4;22;112;13.8;6.2;-3;3.6;-0.1;-5.2;0.4;0.6;0.33;3.8;1.5;124.04;578;186;111;72;86969;1.19;0.05;0.41;0.41
1985;4;23;113;8.8;4.6;-0.6;5.4;2.3;-2.3;0.9;0;0.32;3.8;1.5;115.01;415;124;72;37;86605;0.68;14.94;0.41;0.41
1985;4;24;114;1.9;-1.2;-4;1.8;-5.1;-8;-0.3;-1.1;0.38;3.8;1.5;114.18;312;83;94;39;87047;1.23;7.06;0.41;0.41
1985;4;25;115;6.6;1.4;-6.1;-1.1;-4.9;-8.5;0.6;-0.1;0.38;3.8;1.5;114.08;545;184;111;85;86990;1.1;0;0.4;0.41
1985;4;26;116;2.5;0;-2.8;-0.5;-2.1;-4.3;-0.2;-0.9;0.37;3.9;1.5;113.02;305;91;63;33;86831;0.51;1.59;0.4;0.41
1985;4;27;117;5.7;1.5;-3;-1.2;-2.3;-4;1.4;-0.1;0.36;3.9;1.5;111.78;425;128;80;42;86454;1.04;0.33;0.4;0.41
1985;4;28;118;0.8;-2.7;-5.9;-1.8;-5.3;-8;2;-0.2;0.44;3.9;1.5;118.16;371;101;69;40;86275;1.1;13;0.39;0.41
1985;4;29;119;0.4;-3.1;-6.6;-3.4;-5.9;-8.8;2;0;0.5;3.9;1.6;124.84;384;116;83;48;86656;0.59;7.14;0.39;0.41
1985;4;30;120;0.9;-0.5;-3.1;0;-1.5;-4.4;1.3;0.4;0.52;3.9;1.6;138.69;110;29;14;5;86869;0.04;27.48;0.39;0.41
1985;5;1;121;7.2;3.4;0.5;2.8;0.9;-0.3;2.1;0.5;0.51;3.9;1.6;144.42;350;99;58;31;86991;0.25;9.68;0.4;0.41
1985;5;2;122;2.1;0.7;-0.8;1.4;-0.2;-2;1.2;0.1;0.5;4;1.6;142.26;69;24;31;11;86351;0.1;22.47;0.41;0.41
1985;5;3;123;1.9;-0.6;-3;-0.6;-2.6;-4.2;1.4;-0.3;0.5;4;1.6;149.8;326;107;88;50;86324;0.58;6.75;0.41;0.41
1985;5;4;124;6;1.4;-6.2;0.2;-2.2;-6.9;-0.2;-0.2;0.48;4;1.6;148.31;454;149;93;60;86415;0.69;0.29;0.41;0.41
1985;5;5;125;8.5;4;-0.7;2.2;0.5;-1.9;-0.7;0;0.44;4;1.6;142.4;339;116;75;42;86388;0.67;0.54;0.41;0.41
1985;5;6;126;11.9;5.7;-3.8;4.2;0.5;-5;-0.8;0.9;0.38;4;1.6;132.87;542;177;98;60;85941;1.16;0;0.42;0.41
1985;5;7;127;13;7.4;1.7;8.3;3.9;0.2;-0.1;0.8;0.35;4;1.6;122.29;392;128;61;41;85641;0.73;4.22;0.42;0.41
1985;5;8;128;6.6;3.9;2;3.3;1.8;-0.4;0.6;1;0.34;4.1;1.6;115.03;282;81;57;28;85966;0.88;15.75;0.43;0.42
1985;5;9;129;6;3.2;-0.9;4.5;1.8;-2.1;0.9;0.5;0.33;4.1;1.6;110.32;287;84;49;26;86710;0.84;7.45;0.43;0.42
1985;5;10;130;9.1;5.9;1.9;4.4;3;1.1;-0.7;-0.4;0.31;4.1;1.6;103.09;332;123;60;27;86982;1.08;1.7;0.43;0.42
1985;5;11;131;13.7;8.4;0;4.9;2.7;-1.1;-0.5;0.2;0.29;4.1;1.6;94;593;202;96;68;86959;1.7;0.38;0.42;0.42
1985;5;12;132;17;9.9;1.3;8.3;3.6;-1.5;-0.3;0.9;0.28;4.1;1.6;83.87;595;198;100;68;86860;1.87;0.04;0.42;0.42
1985;5;13;133;14.3;9.7;3.8;7;5;2.1;-0.9;0.9;0.28;4.1;1.7;73.75;545;162;77;50;86811;1.47;0.7;0.41;0.43
1985;5;14;134;14.1;9.3;2.4;8.7;5.5;1.1;0.1;0;0.26;4.2;1.7;63.71;615;194;92;56;86868;1.65;1.63;0.41;0.43
1985;5;15;135;11.4;8.8;6.6;7.4;6.8;6.2;0.2;-0.8;0.25;4.2;1.7;55.11;411;102;52;9;87199;1.13;2.68;0.41;0.43
1985;5;16;136;16.5;11.6;7.7;10.1;7.6;5.8;-0.8;-0.6;0.24;4.2;1.7;45.46;621;201;91;49;87196;2.05;0.29;0.4;0.43
1985;5;17;137;14.7;10.5;5.7;12.4;8.7;4.4;0.1;-0.1;0.23;4.2;1.7;36.45;514;165;58;33;87481;1.41;3.21;0.4;0.43
1985;5;18;138;15.8;9.3;3.1;10;7.3;2.2;0.2;0.3;0.23;4.2;1.7;28.29;543;159;72;40;87423;1.61;11.57;0.4;0.43
1985;5;19;139;12.9;9.4;4.2;9.2;6.5;3.2;0.1;-0.1;0.23;4.2;1.7;21.12;539;176;76;50;87450;1.98;2.39;0.4;0.43
1985;5;20;140;14.1;9.5;3.1;10.5;6.7;1.6;0.1;0;0.21;4.2;1.7;14.53;547;167;68;46;87075;1.93;11.85;0.4;0.43
1985;5;21;141;10.7;8.1;4.8;7;5.9;4.1;1.3;0.2;0.2;4.2;1.7;9.34;336;112;62;25;86869;1.61;3.74;0.4;0.43
1985;5;22;142;7.4;5.7;2.8;6.6;4.8;1.3;0.9;0.4;0.17;4.2;1.7;6.08;215;63;83;27;86608;1.36;13.45;0.4;0.43
1985;5;23;143;11.5;6;-0.5;5.9;2.6;-1.7;0.7;0.3;0.15;4.3;1.7;4.05;613;212;103;65;86690;2.61;3.01;0.4;0.43
1985;5;24;144;16.2;9.2;-1;7.2;3.8;-1.6;-0.2;0;0.13;4.3;1.7;2.07;789;278;124;84;87171;3.83;0;0.39;0.43
1985;5;25;145;17.7;11.4;2;9.9;6.2;0.9;-0.6;0.2;0.12;4.3;1.7;0.84;707;243;104;72;87534;3.56;0.68;0.39;0.43
1985;5;26;146;19.1;12.3;3.8;12.5;7.7;2.5;-0.1;0.6;0.12;4.3;1.7;0.32;694;233;107;70;87502;3.56;0.74;0.38;0.42
1985;5;27;147;20.9;13.6;5.8;13.5;8.5;4.5;0.2;0.5;0.12;4.3;1.7;0.11;724;242;111;66;87407;4.19;8.56;0.37;0.42
1985;5;28;148;14.8;11.2;6.6;13.2;10.3;6.3;0.3;0.2;0.12;4.3;1.7;0.03;482;153;59;37;87537;2.67;25.04;0.38;0.42
1985;5;29;149;13.4;10.4;8.3;9.8;9.1;8.1;0.9;-0.2;0.12;4.3;1.7;0;462;148;56;24;87507;3.08;11.32;0.39;0.42
1985;5;30;150;14.1;10.6;7.6;9.9;8.2;7.2;-0.5;-0.7;0.12;4.3;1.7;0;449;152;61;30;87699;2.67;3.53;0.39;0.42
1985;5;31;151;16.1;11.9;6.5;9.9;7.9;6.5;-0.6;-0.3;0.12;4.3;1.7;0;702;246;97;64;87904;3.86;1.14;0.39;0.42
1985;6;1;152;15.7;11.3;5;10.4;7.5;4.1;-0.6;-0.2;0.12;4.3;1.7;0;642;219;92;64;87854;3.33;4.12;0.38;0.42
1985;6;2;153;14.9;10.4;6.4;8.1;6.7;5.1;-0.7;-0.7;0.12;4.3;1.7;0;641;214;82;62;87703;3.05;0.29;0.38;0.42
1985;6;3;154;17.7;11.9;4.4;11;8.2;4;-0.9;-0.1;0.12;4.4;1.8;0;719;248;100;69;87666;3.52;0.67;0.37;0.42
1985;6;4;155;19.4;13.4;4.2;13.3;8.4;3.7;0.2;0.4;0.12;4.4;1.8;0;713;252;113;76;87585;4.05;0.16;0.37;0.42
1985;6;5;156;20;13.7;7;14.2;10;5.9;-0.1;0.7;0.12;4.4;1.8;0;711;215;99;63;87417;3.56;2.36;0.36;0.42
1985;6;6;157;20.2;14.1;8;14.6;10.8;7;0.4;0.3;0.12;4.4;1.8;0;701;221;98;57;87356;3.86;19.61;0.36;0.42
1985;6;7;158;13.7;10.6;7.5;11.7;9.6;6;0.7;0.5;0.12;4.4;1.8;0;224;79;56;28;87191;2.39;24.21;0.38;0.42
1985;6;8;159;7.8;6.3;2.3;7.6;4.9;1.4;1.2;-0.1;0.12;4.4;1.8;0;269;71;45;24;87115;2.33;11.33;0.39;0.42
1985;6;9;160;10.6;5.8;0.6;1.4;-0.6;-3.9;1.6;-0.1;0.12;4.4;1.8;0.06;676;236;92;69;87433;3.87;0.56;0.39;0.42
1985;6;10;161;12.4;6.8;2.3;5.2;2.6;0;1.4;0.3;0.12;4.4;1.8;0.03;661;202;91;62;87220;3.43;8;0.39;0.42
1985;6;11;162;9.7;5.9;1.7;4.5;2.6;1.1;1.4;-0.1;0.12;4.4;1.8;0;637;225;91;60;87510;3.27;2.38;0.39;0.42
1985;6;12;163;15;9.6;2.3;6.9;4.3;0.8;0.5;0.1;0.12;4.4;1.8;0;569;194;77;56;86892;3.04;3.09;0.38;0.41
1985;6;13;164;12.4;8.7;6.6;7.1;5.8;3.6;1.8;-0.1;0.12;4.4;1.8;0;642;170;86;41;86918;3.39;11.63;0.39;0.41
1985;6;14;165;17;11.4;3.5;11.7;6.7;3.1;0.1;-0.3;0.12;4.4;1.8;0;695;247;100;66;87113;3.66;5.52;0.39;0.41
1985;6;15;166;8.8;7.3;5.2;8;6;3.8;1.1;-0.4;0.12;4.5;1.8;0;385;99;77;30;87377;2.85;22.23;0.4;0.41
1985;6;16;167;13.5;8.2;4.2;5.4;4;2.9;-0.6;-0.7;0.12;4.5;1.8;0;641;201;81;41;87416;3.24;2.92;0.4;0.41
1985;6;17;168;9.7;6.3;3.9;6.6;4.8;3.7;1;-0.2;0.12;4.5;1.8;0;501;164;71;32;87425;3.38;15.17;0.4;0.41
1985;6;18;169;9.8;6.8;3.2;7.1;5.1;2.5;0.3;-0.1;0.12;4.5;1.8;0;418;141;58;39;87500;2.42;3.79;0.4;0.41
1985;6;19;170;17;10.4;1.8;9.9;6.2;0.9;-0.3;0;0.12;4.5;1.8;0;673;226;96;62;87014;3.54;3.53;0.4;0.41
1985;6;20;171;10.8;8;5.4;8;5.2;2.8;2;0.2;0.12;4.5;1.8;0;583;162;80;37;86954;3.36;15.63;0.41;0.41
1985;6;21;172;14;9.2;5;7.1;4;2.7;1.1;0.1;0.12;4.5;1.8;0;595;212;108;63;87203;3.72;0.96;0.41;0.41
1985;6;22;173;11;7.7;5.2;9.9;6.8;4.3;0.5;0.5;0.12;4.5;1.8;0;213;43;31;16;86969;1.48;29.45;0.41;0.41
1985;6;23;174;11.4;7.8;4.6;6.3;4.6;3.3;1.2;0.1;0.12;4.5;1.8;0;575;192;88;50;87052;3.09;2.68;0.42;0.41
1985;6;24;175;11.9;8.4;4.9;6;4.5;3.4;1.4;0.5;0.12;4.5;1.8;0;512;175;87;49;87256;2.96;2.91;0.41;0.41
1985;6;25;176;12;8.6;5.4;6.5;5.2;3.3;1.5;0.1;0.12;4.5;1.8;0;623;186;75;40;87777;3.37;6.23;0.41;0.42
1985;6;26;177;16.7;10.9;6.1;10.8;8.2;5.8;0.7;0;0.12;4.5;1.8;0;671;193;98;40;87790;3.45;14.61;0.41;0.42
1985;6;27;178;13;9.2;5.5;7.5;5.2;3.4;1.5;-0.4;0.12;4.5;1.8;0;648;216;95;56;87697;3.75;5.57;0.42;0.42
1985;6;28;179;12.8;8.9;3.5;6.5;5.1;2.7;1;-0.1;0.12;4.5;1.8;0;671;229;89;66;87660;3.45;1.39;0.41;0.42
1985;6;29;180;16.4;11.3;3.5;11.2;7.1;2.9;0.4;0.1;0.12;4.5;1.8;0;696;248;103;71;87738;3.76;1.87;0.41;0.42
1985;6;30;181;18.5;13.2;5.7;12.4;8.3;4.6;0.5;0.3;0.12;4.5;1.9;0;682;239;96;71;87853;3.92;0.5;0.4;0.42
1985;7;1;182;14.2;10.9;7.9;12.5;9.7;6.6;0.7;0.7;0.12;4.6;1.9;0;238;77;56;30;87602;1.68;30.95;0.41;0.42
1985;7;2;183;14;10.9;8;11.4;9.4;7.7;0.3;-0.3;0.12;4.6;1.9;0;457;130;82;37;87798;2.36;10.86;0.42;0.42
1985;7;3;184;19.9;13.4;4.6;12.1;8.6;4.4;-0.8;-0.1;0.12;4.6;1.9;0;809;296;128;90;87967;4.58;0;0.42;0.42
1985;7;4;185;23.4;16.4;7.2;15.7;12;6;-0.5;0;0.12;4.6;1.9;0;792;287;116;81;87754;4.6;1.32;0.41;0.42
1985;7;5;186;17;14.1;11.5;15.1;13.2;10.9;0.5;-0.2;0.12;4.6;1.9;0;386;119;48;24;87674;2.68;37.13;0.41;0.42
1985;7;6;187;16.5;12.9;10.7;13.3;12;10.6;0.9;-0.1;0.12;4.6;1.9;0;455;128;69;22;88006;3.17;25.36;0.43;0.42
1985;7;7;188;15.5;13;11.3;13.8;11.7;10.2;0.3;-0.5;0.11;4.6;1.9;0;501;138;68;25;88241;2.8;15.64;0.43;0.43
1985;7;8;189;16.3;12.9;9.2;10;8.9;7.7;1;-0.5;0.11;4.6;1.9;0;666;208;94;52;87909;3.63;1.37;0.42;0.43
1985;7;9;190;16.2;12.5;8.5;9.1;7.8;6.5;0.4;-0.8;0.11;4.6;1.9;0;573;200;84;48;87625;3.52;0.47;0.41;0.43
1985;7;10;191;14.3;10.9;7.9;10.9;9;7.3;0.5;-0.2;0.11;4.6;1.9;0;564;184;69;46;87626;3.25;8.33;0.4;0.43
1985;7;11;192;16.4;12.1;7.2;10.1;8.2;6.6;-0.2;-0.4;0.11;4.6;1.9;0;604;210;92;61;87755;3.57;0.66;0.4;0.43
1985;7;12;193;18.3;14;6.5;12.7;9.7;5.6;0.2;0;0.11;4.6;1.9;0;645;220;95;67;88000;3.54;0.35;0.39;0.43
1985;7;13;194;20.1;15.5;8.4;13.6;11;7.8;-0.1;0.1;0.11;4.6;1.9;0;691;246;98;73;88147;4.11;0.11;0.38;0.43
1985;7;14;195;23.9;17.5;8.9;18.4;12.7;7.9;0.2;0.5;0.11;4.6;1.9;0;741;271;108;84;87947;4.68;0.02;0.37;0.43
1985;7;15;196;18.5;15.1;10.8;15.4;13.1;9.2;0.4;0.4;0.11;4.6;1.9;0;425;129;68;45;88010;2.25;3.53;0.37;0.42
1985;7;16;197;20.7;14.9;10.5;15.4;13.4;10.4;0.4;0.3;0.11;4.6;1.9;0;491;141;70;33;87929;2.8;15.79;0.37;0.42
1985;7;17;198;17.4;14.4;10.9;12.1;11;10.1;-0.2;-0.3;0.11;4.6;1.9;0;490;171;90;49;88047;3.24;1.96;0.37;0.42
1985;7;18;199;20.6;15.6;8.5;16.3;11.7;7.5;0;0.4;0.11;4.6;1.9;0;646;233;99;70;87551;3.89;1;0.37;0.42
1985;7;19;200;19.1;15.4;11.7;14;12.7;10.5;0.6;0.4;0.11;4.6;1.9;0;628;202;85;51;87379;3.64;4.42;0.36;0.42
1985;7;20;201;18.7;14.6;10.5;14.4;12.7;10.3;0.8;-0.1;0.11;4.6;1.9;0;534;151;71;26;87510;3.52;22.05;0.36;0.42
1985;7;21;202;12.9;10.2;7.9;9.8;7.6;6;1.2;-0.4;0.11;4.6;1.9;0;579;186;82;48;88126;3.75;11.44;0.38;0.42
1985;7;22;203;18.6;13.4;8.4;9.9;7.7;5.9;0.7;0.1;0.11;4.6;1.9;0;772;272;116;82;88335;4.43;0;0.38;0.42
1985;7;23;204;20.5;15.2;7.7;11.2;8.9;5.6;1.1;-0.1;0.11;4.6;1.9;0;759;271;110;83;88218;4.8;0;0.37;0.42
1985;7;24;205;20.8;16.5;10.3;14.9;12.2;9.1;-0.3;-0.4;0.11;4.6;1.9;0;720;243;106;73;88150;3.91;0.09;0.36;0.42
1985;7;25;206;21.8;16.2;9.4;14.9;11.7;8.8;0.3;0.2;0.11;4.6;1.9;0;728;251;113;78;87931;4.33;0.02;0.36;0.42
1985;7;26;207;24.6;17.9;8.8;17.6;11.9;7.8;0.1;0.7;0.11;4.6;1.9;0;721;257;114;82;87527;4.72;0.09;0.35;0.42
1985;7;27;208;20.1;16.4;13.8;15.2;13.3;10.5;0.6;-0.1;0.11;4.6;1.9;0;568;167;69;44;87491;2.82;1.95;0.34;0.42
1985;7;28;209;23.8;17.9;11;16.2;13.5;10.5;-0.2;0.5;0.11;4.6;1.9;0;735;229;106;68;87249;4.04;0.47;0.34;0.42
1985;7;29;210;22.8;15.9;11.8;14.4;12.5;10.4;0.6;0.3;0.11;4.6;1.9;0;655;195;91;48;86986;3.99;11.16;0.34;0.41
1985;7;30;211;15;12.4;9.6;12.2;10.4;8.9;0.3;0.1;0.11;4.6;1.9;0;447;92;51;23;87139;2.58;22.63;0.35;0.41
1985;7;31;212;14.5;10.9;7.6;8.5;7.1;6.4;1.4;0.5;0.11;4.5;1.9;0;632;193;83;47;87216;3.81;5.09;0.36;0.41
1985;8;1;213;16.2;11.9;7.6;11.3;8.2;5.9;0.4;0.1;0.11;4.5;1.9;0;592;184;104;55;87472;3.21;7.24;0.36;0.41
1985;8;2;214;14.9;11.5;8.3;10.5;9;7.6;0.9;-0.1;0.11;4.5;1.9;0;586;171;84;53;87771;3.09;4.16;0.36;0.41
1985;8;3;215;19.6;13.7;6;13.7;10.1;5.3;0.6;0.2;0.11;4.5;1.9;0;736;222;109;61;87561;3.76;10.58;0.36;0.41
1985;8;4;216;14.7;12;9.2;11;8.7;7;0.9;-0.4;0.11;4.5;1.8;0;514;176;89;43;87404;3.53;9.35;0.37;0.41
1985;8;5;217;24.5;16;9;16;11.5;6.7;0.2;0.2;0.11;4.5;1.8;0;713;225;102;61;86855;4.04;16.76;0.37;0.41
1985;8;6;218;12.2;6.7;4.3;11.9;6.5;4.3;0.8;0.8;0.13;4.5;1.8;0.48;27;8;18;8;86644;1.65;88.15;0.4;0.41
1985;8;7;219;9;6.1;3.7;6.3;4.4;2.5;1.6;0.3;0.16;4.5;1.8;1.39;378;112;73;30;87282;2.72;22.15;0.43;0.41
1985;8;8;220;13.2;9.3;4.3;8;4.9;1.7;1;0.3;0.13;4.5;1.8;0.69;380;130;67;41;87585;2.08;0.08;0.42;0.42
1985;8;9;221;18.2;12.9;6.9;12;8.6;5.4;0.4;0.2;0.12;4.5;1.8;0.2;662;225;101;71;87421;3.45;0.1;0.41;0.42
1985;8;10;222;21.9;13.5;6.9;11.4;8.5;4.6;0.8;0.2;0.11;4.5;1.8;0.03;694;199;108;53;87334;3.98;4.03;0.41;0.42
1985;8;11;223;19.6;14.2;10.3;14.1;10.7;7.5;-0.6;-0.1;0.11;4.5;1.8;0;603;171;85;47;87658;3.07;0.3;0.4;0.42
1985;8;12;224;22.7;16.2;8.8;16.8;12.4;7.8;-0.2;0.4;0.11;4.5;1.8;0;722;226;104;67;87818;3.74;0.97;0.4;0.42
1985;8;13;225;23.6;17.5;11.8;17.2;13.8;11.3;-0.1;0.2;0.11;4.5;1.8;0;687;226;111;73;87942;3.92;0.97;0.39;0.42
1985;8;14;226;24.7;17.7;9.3;17.1;12.5;8.6;0;0.5;0.11;4.5;1.8;0;721;241;113;79;87927;4.42;0.22;0.38;0.42
1985;8;15;227;23.1;17.1;11.3;16.6;13.1;10.3;-0.1;0.5;0.11;4.5;1.8;0;616;209;93;66;87968;3.81;1.04;0.38;0.42
1985;8;16;228;21.5;14.7;10.5;14.9;12.4;9.5;0.2;0.5;0.11;4.5;1.8;0;661;166;99;63;87821;2.72;8.63;0.37;0.42
1985;8;17;229;13.7;11.4;9.2;12.7;10.7;8.6;0.5;-0.2;0.11;4.4;1.8;0;300;67;56;23;87746;1.78;17.84;0.38;0.42
1985;8;18;230;14.1;10.3;5.6;9.5;7.9;5.5;0.5;-0.3;0.11;4.4;1.8;0;559;182;95;67;87733;2.86;2.75;0.39;0.42
1985;8;19;231;20.4;13.7;4.7;14.4;8.8;3.5;0.6;0.4;0.11;4.4;1.8;0;663;205;94;66;87488;3.54;8.29;0.38;0.42
1985;8;20;232;16.7;13.5;10.7;12;10.7;9;1.3;-0.1;0.11;4.4;1.8;0;543;158;90;48;87858;3.1;7.94;0.39;0.42
1985;8;21;233;21.1;15.2;7.3;15.5;11.1;6.2;0.1;0.1;0.11;4.4;1.8;0;710;236;114;84;88130;3.62;0;0.39;0.42
1985;8;22;234;22.2;16.2;8.6;14;11.9;7.6;0.7;0.5;0.11;4.4;1.8;0;646;189;98;65;87964;3.28;0.5;0.38;0.42
1985;8;23;235;19;15.5;12;14.4;12.1;10.5;-0.1;-0.2;0.11;4.4;1.8;0;591;193;98;65;87925;3;0.85;0.37;0.41
1985;8;24;236;21.7;15.5;9.2;16.3;12.6;8.1;0;0.9;0.11;4.4;1.8;0;624;188;97;67;87288;2.98;2.38;0.37;0.41
1985;8;25;237;14;10.6;7.9;11.6;9.9;7.6;0.2;-0.2;0.11;4.4;1.8;0;70;20;44;13;87294;1.29;24.83;0.38;0.41
1985;8;26;238;7.7;6.1;4.1;7.3;5.7;4;0.6;0.5;0.11;4.4;1.8;0.03;82;21;19;10;87476;1.72;43.44;0.4;0.41
1985;8;27;239;10.8;6.9;3.9;8.7;5.9;3.7;0.6;0;0.11;4.4;1.8;0.22;452;101;74;28;88260;2.09;8.74;0.42;0.41
1985;8;28;240;13.4;8.4;3;6.1;4.4;2.8;-0.8;-0.1;0.11;4.4;1.8;0.09;588;184;114;70;88269;2.96;0.22;0.42;0.41
1985;8;29;241;15.4;9.9;3;8.5;6.1;2.9;-0.9;-0.2;0.11;4.3;1.8;0.03;636;201;100;77;88133;2.67;0;0.41;0.42
1985;8;30;242;18.4;11.4;3.6;11.9;7.7;3.2;-0.4;0.2;0.11;4.3;1.8;0;696;224;121;81;88045;3.16;0;0.4;0.42
1985;8;31;243;20.2;13.1;5.1;13.1;8.7;4.5;0.3;0.5;0.1;4.3;1.8;0;690;221;121;82;87924;3.42;0;0.4;0.42
1985;9;1;244;16;11.9;7.2;13.2;10.3;6.5;0.5;0.6;0.1;4.3;1.8;0;371;106;73;47;87680;1.66;5.59;0.39;0.42
1985;9;2;245;16.9;12.3;8.7;11.1;9.5;7.6;-0.1;-0.3;0.1;4.3;1.7;0;555;150;100;49;87719;2.55;1.04;0.39;0.42
1985;9;3;246;19.9;11.7;7.2;12.9;9.3;6.1;0.8;0.7;0.1;4.3;1.7;0;469;112;72;38;87405;2.41;17.64;0.39;0.41
1985;9;4;247;11.5;9;7.1;7.1;6;5.1;1.8;0;0.1;4.3;1.7;0;540;143;78;45;87947;2.73;1.97;0.4;0.41
1985;9;5;248;17.4;11.7;6.8;10.3;7.3;4.7;0.9;0.4;0.1;4.3;1.7;0;496;134;84;42;87876;2.42;5.63;0.4;0.41
1985;9;6;249;11.1;8.7;4.8;9.8;5.3;1.4;1.8;-0.7;0.1;4.3;1.7;0;441;105;92;39;87878;2.63;12.2;0.41;0.41
1985;9;7;250;11.1;6.9;3.2;2.3;1.4;0.7;1.2;-0.7;0.1;4.3;1.7;0;641;189;121;78;88059;2.62;0.07;0.4;0.41
1985;9;8;251;12.9;8.7;3.8;7.4;4.7;1.6;1.1;-0.2;0.1;4.3;1.7;0;481;133;67;45;87713;1.91;2.41;0.4;0.41
1985;9;9;252;8.6;6.8;4.8;7.7;6;3.3;0.8;-0.5;0.1;4.3;1.7;0;190;51;43;18;87645;1.77;10.49;0.4;0.41
1985;9;10;253;12.9;7.8;1.9;6.1;4.8;1.9;-0.5;-0.4;0.1;4.2;1.7;0;629;191;116;76;88110;2.47;0;0.4;0.41
1985;9;11;254;18.8;11.4;3;10.9;7.1;1.9;0;0.2;0.1;4.2;1.7;0;643;200;119;84;88316;2.81;0;0.4;0.41
1985;9;12;255;17.5;11.4;4.6;10.7;8;3.7;-0.2;0.2;0.1;4.2;1.7;0;625;195;116;85;88200;2.59;0;0.39;0.41
1985;9;13;256;18.8;11.8;4.2;11;7.6;4.1;0.3;0.5;0.1;4.2;1.7;0;640;190;123;79;87830;2.84;0;0.39;0.41
1985;9;14;257;14.8;11.2;7.7;10.3;9;6.4;0;-0.1;0.1;4.2;1.7;0;421;121;70;36;87789;1.69;0.88;0.38;0.41
1985;9;15;258;14.6;9.1;5.7;9.5;7.4;5.3;0.7;0.1;0.1;4.2;1.7;0;484;118;74;35;87545;2.35;13.55;0.38;0.41
1985;9;16;259;10.2;7.7;5.4;6.2;5;4.4;0.4;-0.1;0.1;4.2;1.7;0;257;72;54;24;87917;1.74;3.2;0.39;0.41
1985;9;17;260;15.6;10.3;3.5;9.4;6.5;3;1;0.5;0.1;4.2;1.7;0;373;114;86;53;88321;1.76;0;0.39;0.41
1985;9;18;261;18.9;12.2;5.2;13.3;9.3;4.2;-0.4;0.3;0.1;4.1;1.7;0;581;180;103;70;88423;2.26;0;0.38;0.41
1985;9;19;262;20.9;13.8;7;12.7;9.2;6;0.2;0.8;0.1;4.1;1.7;0;609;182;116;74;88107;2.88;0.19;0.38;0.41
1985;9;20;263;18.8;12.6;7.8;13.9;10.2;7.1;0.2;0.8;0.1;4.1;1.7;0;527;142;90;58;88017;2.18;3.94;0.37;0.41
1985;9;21;264;19.4;12.3;5.6;11.9;8.9;5.3;0.4;0.8;0.1;4.1;1.6;0;589;165;109;65;87981;2.71;0.01;0.37;0.41
1985;9;22;265;19.6;13.1;7.7;12;8.8;6.2;0.7;0.8;0.1;4.1;1.6;0;572;168;104;70;87989;2.72;0;0.37;0.41
1985;9;23;266;19.7;13.2;6.1;13.3;9.1;5.2;0.3;0.5;0.1;4;1.6;0;575;162;106;70;88002;2.48;0.1;0.36;0.41
1985;9;24;267;18.4;12.7;6.4;12.7;10;5.6;0.4;0.3;0.09;4;1.6;0;541;145;97;64;87869;2.02;0.3;0.36;0.41
1985;9;25;268;17.1;12;7.8;12.4;10.3;7.1;0.5;0.3;0.09;4;1.6;0;517;144;90;58;87993;2.04;9.77;0.36;0.41
1985;9;26;269;16;11.3;6.1;11;9.2;5.8;-0.3;0;0.09;4;1.6;0;465;124;77;55;88348;1.88;0.15;0.36;0.41
1985;9;27;270;18.3;12;6.1;12.4;8.9;5.7;-0.2;0.3;0.09;4;1.6;0;573;163;117;71;88431;2.21;0;0.36;0.41
1985;9;28;271;17.6;12;5.2;11.6;8.7;4.4;0.5;0.3;0.09;4;1.6;0;554;160;108;74;88318;2.12;0.03;0.36;0.41
1985;9;29;272;17.3;12.1;6.6;10.7;9.1;6.6;-0.1;0;0.09;3.9;1.6;0;567;163;116;80;88368;2.01;0;0.35;0.41
1985;9;30;273;17.9;11.1;5.3;11.5;8;4.5;-0.1;0.5;0.09;3.9;1.6;0;565;157;120;79;88441;2.01;0;0.35;0.41
1985;10;1;274;19.5;12.1;4.9;11.8;8.2;3.9;0.1;0.7;0.09;3.9;1.6;0;540;152;114;72;88329;2.16;0;0.35;0.41
1985;10;2;275;18.2;12.3;6.8;11.5;8.6;5.9;-0.1;0.8;0.09;3.9;1.6;0;481;126;94;63;88280;1.84;0.06;0.34;0.41
1985;10;3;276;20.3;12.5;5.5;12;8.3;4.8;-0.1;1;0.09;3.9;1.6;0;538;152;111;75;88020;2.22;0;0.34;0.41
1985;10;4;277;20.2;12.5;5.1;11.7;8.2;4.6;-0.1;0.7;0.09;3.8;1.5;0;539;152;113;76;87757;2.19;0;0.34;0.41
1985;10;5;278;17.8;12;7.7;11.2;9;6.1;0.2;0.4;0.09;3.8;1.5;0;527;137;106;56;87649;1.85;5.31;0.33;0.4
1985;10;6;279;14.7;10.7;6.6;11;9.4;6.4;-0.1;0.2;0.09;3.8;1.5;0;366;93;70;43;87846;1.48;1.4;0.34;0.4
1985;10;7;280;16.8;11;5.8;11.5;8.6;5.1;0;0.3;0.09;3.8;1.5;0;491;125;87;61;88061;1.64;0.01;0.33;0.4
1985;10;8;281;10.8;7.8;5.7;8.5;5.7;3;0.9;0.5;0.09;3.8;1.5;0;96;26;52;22;87662;0.98;2.23;0.33;0.4
1985;10;9;282;7.7;5.6;3.2;4.6;3.7;2.3;0;0;0.09;3.7;1.5;0.04;192;50;66;34;87497;1.16;2.57;0.33;0.4
1985;10;10;283;9.9;6.3;2.8;4.3;2.9;1.3;1;0.3;0.09;3.7;1.5;0.06;314;80;80;45;88192;1.16;0.23;0.33;0.4
1985;10;11;284;15.7;8.4;0.7;8.5;4.6;-0.2;0.3;0.5;0.09;3.7;1.5;0.03;506;139;115;80;88696;1.62;0;0.33;0.4
1985;10;12;285;13.9;8.3;2.7;8.7;5.8;1;0.4;-0.2;0.09;3.7;1.5;0;447;109;90;47;88691;1.29;7.85;0.33;0.4
1985;10;13;286;8.7;5.5;3.2;6.1;3.6;1.5;-0.2;-0.9;0.09;3.7;1.5;0;400;92;111;51;88826;1.37;0.38;0.33;0.4
1985;10;14;287;7.4;5.1;2.8;3.7;2;0.3;0.3;0.1;0.09;3.6;1.5;0;141;30;60;24;88789;0.51;0.89;0.33;0.4
1985;10;15;288;5.9;5.4;4.5;5.7;4.7;3;0.7;-0.3;0.09;3.6;1.5;0;65;14;25;7;88491;0.53;8.62;0.33;0.4
1985;10;16;289;8.1;4.6;1.6;4.8;2.2;0.2;-0.7;-0.5;0.09;3.6;1.5;0;426;111;111;63;88428;1.4;0.1;0.34;0.4
1985;10;17;290;10.6;5.2;1.2;3.5;1.4;-0.2;-0.4;0.1;0.09;3.6;1.4;0;485;130;113;82;88332;1.34;0;0.34;0.4
1985;10;18;291;12;5.7;-1.5;5.8;2.9;-2.2;0.3;0.3;0.08;3.6;1.4;0;477;118;112;61;88026;1.12;0.01;0.33;0.4
1985;10;19;292;6.2;4.3;2.4;5.3;3.9;2.3;-0.4;-0.6;0.08;3.6;1.4;0;75;19;14;5;87810;0.6;2.49;0.33;0.4
1985;10;20;293;8.1;3.8;1.2;2.3;1.4;0.7;-1.1;-0.2;0.08;3.6;1.4;0;425;108;109;67;87984;1.33;0;0.33;0.4
1985;10;21;294;9.2;4.2;0.9;3.4;1.3;-0.6;-0.2;0.1;0.08;3.6;1.4;0;471;121;119;85;88069;0.98;0;0.33;0.4
1985;10;22;295;8.9;3.3;-1.2;3.9;1.1;-2.5;-0.3;0.1;0.08;3.6;1.4;0;426;111;109;72;88116;0.84;0;0.33;0.4
1985;10;23;296;7.6;3.3;0.4;3.6;1.6;-0.1;-1.5;-0.4;0.08;3.5;1.4;0;398;99;114;59;88464;0.75;0;0.33;0.4
1985;10;24;297;8.4;2.5;-1.6;1.8;-0.7;-3.2;-1;0.1;0.08;3.5;1.4;0;459;118;117;89;88201;0.96;0;0.33;0.4
1985;10;25;298;9.3;2.4;-2.2;2.7;-1.1;-4.8;-0.1;0.7;0.08;3.5;1.4;0;459;118;122;87;88228;0.89;0;0.33;0.4
1985;10;26;299;9.6;2.1;-3.1;3.2;-0.8;-4.5;0;0.8;0.08;3.5;1.4;0;448;113;120;82;88182;0.85;0;0.33;0.4
1985;10;27;300;8.8;1.9;-2.9;2.2;-1;-4.1;0.1;0.7;0.08;3.5;1.4;0;440;112;121;84;87970;0.82;0;0.32;0.4
1985;10;28;301;8;2.1;-1.8;2.2;-0.6;-3.6;-0.2;0.4;0.08;3.5;1.4;0;424;108;125;85;87787;0.7;0;0.32;0.4
1985;10;29;302;5.7;1.5;-0.7;0.8;-0.6;-2.1;-0.7;-0.2;0.08;3.5;1.4;0;385;95;94;66;87400;0.43;0.02;0.32;0.39
1985;10;30;303;9;3.3;-0.5;4.3;1.2;-2;-0.1;0.4;0.08;3.5;1.4;0;407;98;98;57;87204;0.61;0.48;0.32;0.39
1985;10;31;304;6.3;3.2;0.8;5.6;2.6;0.4;0.1;0.9;0.08;3.5;1.4;0;157;38;44;22;86835;0.58;5.55;0.32;0.39
1985;11;1;305;6.5;2.4;-0.9;4;1.5;-1.5;0.5;0.4;0.1;3.5;1.4;0.6;304;64;65;32;86672;1.11;14.79;0.33;0.39
1985;11;2;306;2.7;-0.2;-4;0.1;-3.1;-6.8;1.5;0.5;0.18;3.5;1.4;3.2;309;74;92;59;86306;1.1;0.59;0.33;0.39
1985;11;3;307;3.8;-1.2;-4.9;-1.6;-4.6;-7.8;0.1;0.3;0.17;3.4;1.4;3.11;297;66;86;59;86456;0.44;0;0.33;0.39
1985;11;4;308;7.1;-0.6;-5.7;0.4;-4.6;-8.3;-0.2;1.2;0.17;3.4;1.4;2.9;378;92;122;80;86674;0.35;0;0.33;0.39
1985;11;5;309;9.8;3.4;-2.6;5.2;0;-6;0;1.9;0.15;3.4;1.4;2.46;293;56;69;25;85843;0.7;6.42;0.33;0.39
1985;11;6;310;2.4;0.1;-1.8;1.8;-2.5;-4.7;2.3;0.3;0.17;3.4;1.4;3.21;232;62;75;47;86172;1.42;7.72;0.34;0.39
1985;11;7;311;4.2;0.1;-3.4;-1.9;-3.9;-7;1;0.4;0.19;3.4;1.4;3.82;325;77;104;68;86710;0.48;0;0.34;0.39
1985;11;8;312;4.8;1.8;-2;2.7;-1.2;-4.6;0.1;1.4;0.17;3.4;1.4;3.44;140;30;55;24;87007;0.23;1.94;0.34;0.39
1985;11;9;313;13.1;6.3;2.4;10.3;4.6;0.6;0;1.6;0.14;3.4;1.4;2.19;275;61;79;38;86862;0.55;0;0.34;0.39
1985;11;10;314;7.9;4;0.7;7.1;3.3;0.2;1;0.5;0.12;3.4;1.4;1.41;108;23;26;12;86587;0.77;12.1;0.34;0.39
1985;11;11;315;0.1;-1.5;-3;-0.9;-5.2;-8;1.2;-0.6;0.12;3.4;1.4;1.62;279;60;83;50;86860;0.93;0.56;0.35;0.39
1985;11;12;316;0.1;-1.9;-3.3;-4.8;-6.2;-7.5;-0.3;-0.7;0.14;3.4;1.4;2.37;211;44;62;37;86608;0.21;4.55;0.35;0.39
1985;11;13;317;-3.5;-4.5;-6.2;-5;-5.6;-6.9;0.1;-0.9;0.46;3.3;1.4;15.11;68;14;20;13;86757;0.17;16.56;0.35;0.39
1985;11;14;318;-3.8;-6.3;-10.2;-7.1;-8.4;-11.5;0.8;0.2;0.52;3.3;1.3;24.81;143;30;73;29;87795;0.2;3.04;0.35;0.39
1985;11;15;319;-3.1;-9.5;-16.4;-7.7;-12.2;-17.6;-0.2;0.9;0.52;3.3;1.3;25.75;196;45;96;55;88155;0.19;0.12;0.35;0.39
1985;11;16;320;-3.1;-10.9;-19.1;-7.7;-13.7;-20.7;0;0.6;0.52;3.3;1.3;25.64;188;41;93;45;87906;0.18;0.01;0.35;0.39
1985;11;17;321;-4.3;-9.9;-17;-7.4;-12;-18.4;-0.6;0.2;0.51;3.3;1.3;25.55;164;37;68;41;87944;0.12;0.12;0.35;0.39
1985;11;18;322;-7.3;-9.6;-11.9;-9.7;-11.4;-14;-1.2;-0.7;0.51;3.3;1.3;26.1;132;29;57;30;87425;0.08;1.24;0.35;0.39
1985;11;19;323;-4.1;-7.9;-11;-7.7;-10.1;-12.2;-0.5;-0.2;0.51;3.3;1.3;26.83;161;37;73;40;86788;0.12;0.11;0.35;0.39
1985;11;20;324;-2.1;-5.7;-8.5;-4.9;-7.3;-10.1;0.1;-0.4;0.51;3.3;1.3;26.99;147;32;54;24;86412;0.13;0.72;0.35;0.39
1985;11;21;325;-3.6;-5.1;-6.3;-5.6;-6.5;-7;0.6;-0.2;0.51;3.3;1.3;31.26;88;19;33;16;86546;0.14;6.4;0.34;0.39
1985;11;22;326;-4.4;-5.9;-6.9;-6.7;-7.1;-7.8;-0.1;-0.3;0.52;3.3;1.3;35.17;92;21;39;16;86923;0.09;3.09;0.34;0.39
1985;11;23;327;-4;-5.7;-7.8;-6.2;-6.9;-8.4;-0.3;-0.2;0.52;3.3;1.3;37.34;134;27;58;25;87206;0.1;0.77;0.34;0.39
1985;11;24;328;-3.6;-7.3;-11.6;-5.9;-8.8;-13;-0.2;0.3;0.52;3.3;1.3;37.58;159;33;73;34;86902;0.11;0.14;0.34;0.39
1985;11;25;329;-3.4;-7.4;-12;-5.8;-9;-13.7;-0.1;0;0.51;3.3;1.3;37.85;114;21;56;17;86413;0.07;0.9;0.34;0.39
1985;11;26;330;-4.9;-8.5;-18.9;-7.5;-10.3;-20.9;0.1;0.1;0.51;3.3;1.3;38.9;149;31;73;42;86082;0.14;0.68;0.34;0.39
1985;11;27;331;-4;-13.9;-21.5;-8.8;-17.1;-24;0.2;1;0.51;3.3;1.3;39.16;172;37;91;51;86090;0.09;0.08;0.34;0.39
1985;11;28;332;-3.7;-12.2;-23.5;-7;-15.5;-26.3;0.8;1;0.51;3.3;1.3;40.57;154;28;49;27;86405;0.09;6.25;0.34;0.39
1985;11;29;333;-3.4;-8.6;-18;-5.6;-11.1;-20.7;0.2;1.3;0.52;3.3;1.3;47.68;73;15;63;20;87115;0.11;7.73;0.34;0.39
1985;11;30;334;1.3;-2;-7.1;-1.3;-4.7;-9.6;0.6;1.4;0.53;3.3;1.3;53.52;98;17;58;19;87403;0.22;4.72;0.34;0.39
1985;12;1;335;4.6;0.4;-5.3;1.5;-1.5;-6.9;0.1;1.4;0.5;3.3;1.3;53.6;132;25;78;29;88037;0.17;1.14;0.34;0.39
1985;12;2;336;4;-3.3;-8.6;1;-5.4;-10.3;0.2;1.8;0.49;3.3;1.3;51.88;157;35;73;48;88273;0.24;0;0.34;0.39
1985;12;3;337;4.3;-1.6;-5.3;1.7;-3.8;-7.4;0.2;1.9;0.48;3.3;1.3;50.54;169;36;71;45;88168;0.17;0;0.34;0.39
1985;12;4;338;4.6;-1.3;-5.6;2;-3.4;-7.1;0.1;1.9;0.47;3.3;1.3;48.77;166;35;69;47;88002;0.22;0;0.35;0.39
1985;12;5;339;4.2;-1.7;-5.9;0.3;-4.8;-8.2;-0.1;2.1;0.45;3.3;1.3;46.97;177;38;90;63;87222;0.3;0;0.35;0.39
1985;12;6;340;2.9;-1.3;-6.8;-0.2;-4.3;-10.1;0.6;1.1;0.45;3.3;1.3;45.65;131;26;53;36;87223;0.08;0.03;0.35;0.39
1985;12;7;341;4.6;-2.1;-6.7;0.9;-4.2;-8.3;0.1;1.4;0.44;3.3;1.4;44.5;168;34;83;41;87140;0.07;0;0.35;0.39
1985;12;8;342;3;-2.2;-6;0.9;-4.5;-8.6;0;1.1;0.44;3.3;1.4;43.48;122;25;61;36;87056;0.03;0;0.35;0.39
1985;12;9;343;4;-2.5;-7;0.6;-5.1;-10.1;0.2;1.2;0.43;3.3;1.4;42.44;166;35;86;45;87030;0.07;0.02;0.35;0.39
1985;12;10;344;-0.5;-2;-3.8;-1.3;-2.8;-5.7;0.5;-0.2;0.46;3.3;1.4;46.64;36;7;25;7;87312;0.14;10.07;0.35;0.39
1985;12;11;345;-2.8;-4;-5.7;-4.5;-5.4;-6.6;0;-0.3;0.49;3.3;1.4;51.23;132;25;72;28;87734;0.14;0.59;0.35;0.38
1985;12;12;346;-3;-4.9;-6.2;-5.8;-6.8;-8.2;0.1;-0.2;0.49;3.3;1.4;52.88;113;21;49;23;88287;0.11;2.71;0.35;0.38
1985;12;13;347;-0.7;-6.3;-11.3;-4.6;-8.5;-14;0;0.7;0.5;3.3;1.4;54.28;135;29;75;42;88228;0.1;0.19;0.35;0.38
1985;12;14;348;1.8;-2.1;-9.3;-1.2;-4.5;-11.7;0.6;1;0.49;3.3;1.4;54.77;67;14;41;3;88267;0.07;0.86;0.35;0.38
1985;12;15;349;2.8;0.6;-2.7;0.8;-1.2;-3.8;0.9;0.8;0.48;3.3;1.4;54.42;67;15;47;16;88326;0.09;0.57;0.35;0.38
1985;12;16;350;2.5;-0.3;-4.1;0.6;-2.1;-5.3;1.1;1.2;0.47;3.3;1.3;54.86;30;6;62;18;88205;0.04;6.87;0.35;0.38
1985;12;17;351;3.4;-1.3;-5.3;-0.4;-4.6;-7.8;1.2;0.9;0.46;3.3;1.3;54.4;149;31;84;57;87768;0.09;0;0.35;0.38
1985;12;18;352;2.1;-1.9;-7.3;-0.7;-4.7;-10.5;0.7;0.9;0.46;3.3;1.3;53.95;103;16;39;15;87535;0.04;4.47;0.35;0.38
1985;12;19;353;0.6;-0.9;-2.7;-1.4;-3.1;-5.7;2;0.2;0.45;3.3;1.3;55.87;134;28;86;37;87665;0.47;5.07;0.36;0.38
1985;12;20;354;0.2;-1.8;-3.6;-3;-4.6;-6.1;1.5;0.4;0.48;3.3;1.3;59.31;127;23;70;34;87766;0.22;1.93;0.36;0.38
1985;12;21;355;3.1;-4;-9.9;-2.8;-8.4;-15.3;0.4;1.5;0.47;3.2;1.3;59.14;166;34;104;58;87838;0.08;0;0.36;0.38
1985;12;22;356;2.2;-6.4;-11.8;-1.9;-11.8;-18.5;0;1.9;0.47;3.2;1.3;58.59;158;33;91;59;87488;0.12;0;0.36;0.38
1985;12;23;357;2.9;-4;-8.4;-3.9;-9.9;-14.5;0.1;1;0.46;3.2;1.3;58.01;156;31;96;53;87167;0.08;0;0.36;0.38
1985;12;24;358;1.5;-5.8;-10.6;-4.7;-11;-15.7;0;1.4;0.46;3.2;1.3;57.68;165;34;89;52;86845;0.09;0;0.36;0.38
1985;12;25;359;1.9;-4.2;-8.9;-2.6;-8.1;-13;0.1;1.6;0.45;3.2;1.3;57.53;144;28;66;35;86355;0.08;0.69;0.36;0.38
1985;12;26;360;2.2;-2.9;-7.3;-0.3;-5.2;-9.9;0.3;1.2;0.46;3.2;1.3;59.28;134;27;78;41;86131;0.01;2.21;0.36;0.38
1985;12;27;361;1.3;-5.3;-10.6;-3.4;-8.8;-13.6;0.3;1.1;0.45;3.2;1.3;59.12;160;33;87;49;86285;0.05;0;0.36;0.38
1985;12;28;362;0.6;-3.7;-6.7;-3.6;-7.6;-10.6;-0.1;1.5;0.45;3.2;1.3;59.18;109;21;60;31;85739;0.1;0.5;0.36;0.38
1985;12;29;363;-1.1;-3.4;-8.3;-1.5;-5.1;-9.7;1;0;0.49;3.2;1.3;67.57;20;5;39;10;85797;0.15;14.88;0.36;0.38
1985;12;30;364;-7.1;-8.5;-11;-9.2;-10.8;-12.1;-0.8;-0.3;0.52;3.2;1.3;74.14;130;26;66;37;86537;0.07;0.62;0.35;0.38
1985;12;31;365;-5.2;-7.7;-10.3;-9.5;-10.5;-11.7;-0.7;-0.1;0.52;3.2;1.3;74.97;150;31;85;49;86000;0.05;0.47;0.35;0.38
1986;1;1;1;-4;-8.1;-14;-8.6;-11.4;-16.1;0.4;0.5;0.52;3.1;1.3;75.44;107;22;83;34;85755;0.05;0.61;0.35;0.38
1986;1;2;2;0;-6.9;-16.1;-3.9;-10.4;-19;0;1.5;0.52;3.1;1.3;76.26;98;18;48;19;85432;0.04;1.36;0.35;0.38
1986;1;3;3;-0.7;-6.9;-10.5;-6.3;-11.1;-14.8;-0.1;1.6;0.51;3.1;1.3;76.93;156;33;91;57;85762;0.08;0.11;0.35;0.38
1986;1;4;4;-5.9;-8.5;-11.8;-8.8;-12.6;-16.6;1.2;0.6;0.52;3.1;1.3;79.27;95;17;88;37;86490;0.08;3.88;0.35;0.38
1986;1;5;5;-4.8;-11.3;-16.9;-11.6;-16.8;-21.6;0;1.9;0.52;3.1;1.3;80.66;157;32;77;42;86080;0.14;0;0.35;0.38
1986;1;6;6;-3.9;-7.2;-11.1;-6.7;-10.7;-15.5;0.6;1;0.52;3.1;1.3;81.46;72;15;37;17;85961;0.05;2.5;0.35;0.38
1986;1;7;7;-4.5;-9.2;-18;-9.2;-12.6;-21.2;0.5;0.8;0.52;3.1;1.3;83.19;154;32;87;57;86556;0.04;0.21;0.35;0.38
1986;1;8;8;-1.5;-11;-19.8;-9.8;-16.1;-22.6;0;1;0.51;3.1;1.3;83.18;157;33;70;31;86354;0.05;0;0.35;0.38
1986;1;9;9;-2.3;-6.5;-12.4;-4.5;-9.5;-15.6;0.5;0.6;0.51;3.1;1.3;83.82;80;16;29;7;87096;0.03;3.9;0.35;0.38
1986;1;10;10;-0.2;-3.6;-5.5;-4.5;-5.9;-6.9;0.4;0.4;0.52;3.1;1.2;88.12;128;27;70;24;87950;0.04;2.56;0.35;0.38
1986;1;11;11;0.1;-0.8;-2.5;-0.5;-1.9;-5.2;1.1;0.3;0.52;3.1;1.2;98.99;33;6;34;3;87160;0.21;30.39;0.35;0.38
1986;1;12;12;-2.6;-3.9;-5.6;-4.5;-6.4;-8;1.8;0.6;0.53;3;1.2;117.3;79;16;72;38;87026;0.41;6.94;0.35;0.38
1986;1;13;13;-0.2;-3.2;-5.6;-2.6;-5.7;-8.3;2.1;1.2;0.53;3;1.2;126.49;41;8;37;12;87089;0.17;16.9;0.35;0.38
1986;1;14;14;3.5;1.3;-0.7;-1.8;-2.8;-4.5;2.8;1.2;0.53;3;1.2;137.06;105;23;58;33;86470;0.47;8.1;0.35;0.38
1986;1;15;15;-0.8;-2.7;-4;-3.1;-5.7;-6.8;3.5;0.5;0.53;3;1.2;146.01;101;18;70;27;86042;0.79;12.38;0.35;0.38
1986;1;16;16;-3.6;-5.3;-6.8;-5.5;-7.3;-8.4;2;-0.4;0.54;3;1.2;159.91;111;21;46;26;86581;0.26;16.03;0.35;0.38
1986;1;17;17;-5.5;-7.1;-8.9;-8.6;-9.6;-11.1;2.4;-0.5;0.54;3;1.2;172.1;105;22;54;24;87218;0.29;9.47;0.35;0.38
1986;1;18;18;-0.4;-5.4;-10.2;-2.3;-8.4;-12.6;1.2;1.2;0.54;3;1.2;180.32;80;14;36;14;87509;0.1;12.13;0.35;0.38
1986;1;19;19;3.7;1.4;-0.8;-0.2;-2;-4.6;1.7;1.3;0.53;3;1.2;191.38;89;19;54;25;87066;0.12;4.66;0.35;0.38
1986;1;20;20;0.4;-2.4;-8.3;-1.7;-5.6;-10.6;2.3;0.5;0.52;3;1.2;195.49;137;29;79;53;87456;0.64;6.28;0.36;0.38
1986;1;21;21;0.5;-7.6;-13;-6.4;-12;-15.6;0.2;1.5;0.52;3;1.2;196.08;184;41;86;67;87244;0.23;0;0.35;0.38
1986;1;22;22;-1.6;-9.2;-13.8;-5.9;-12.7;-17.1;0.3;1.5;0.51;3;1.2;196.08;117;28;78;43;86774;0.08;0.2;0.35;0.38
1986;1;23;23;-1.8;-5.3;-11.4;-4.8;-8.7;-13.9;0.1;1.9;0.51;3;1.2;198.1;102;18;27;10;85451;0.15;9.18;0.35;0.38
1986;1;24;24;-1.5;-4;-7.8;-3.8;-6.9;-10.8;2.6;0.3;0.53;3;1.2;212.1;145;31;78;36;85266;0.67;12.65;0.35;0.38
1986;1;25;25;-6.2;-7.7;-8.7;-8.3;-10.6;-12.5;2.1;0.5;0.54;3;1.2;222.95;61;14;68;25;86614;0.32;12.65;0.35;0.38
1986;1;26;26;-6.9;-9.5;-14.3;-9.7;-12.2;-16.8;1;0.4;0.54;3;1.2;233.79;94;23;82;37;87190;0.16;7.23;0.35;0.38
1986;1;27;27;-6.9;-14.3;-20.9;-15.2;-19;-23.8;0.1;1.1;0.54;3;1.2;236.3;193;44;91;69;86867;0.14;0;0.35;0.38
1986;1;28;28;-3.9;-13.4;-21.2;-11.6;-18.6;-24.1;0;1.3;0.53;3;1.2;236.32;167;36;84;40;86731;0.08;0.11;0.35;0.38
1986;1;29;29;-5.6;-12.5;-19.1;-11;-16.4;-21.6;-0.3;2;0.53;3;1.2;236.39;164;36;73;47;85911;-0.05;0.04;0.35;0.38
1986;1;30;30;-0.7;-7.7;-12.2;-6.1;-11.8;-15.6;-0.5;1.5;0.53;3;1.2;236.6;196;41;79;45;85407;-0.05;0.12;0.35;0.38
1986;1;31;31;-1.6;-6.2;-10.8;-5.5;-9.4;-13.5;-0.5;1.1;0.52;3;1.2;237.11;92;25;60;29;85181;0;2.99;0.35;0.38
1986;2;1;32;2.1;-3.8;-8.5;-3.2;-6.5;-10.3;-0.1;0.6;0.53;3;1.2;242.11;188;41;86;46;85021;-0.08;2.7;0.35;0.38
1986;2;2;33;1;-6.3;-12.1;-4.8;-9.9;-14.4;-0.1;0.9;0.53;3;1.2;242.53;192;43;76;50;85710;0.01;0;0.35;0.38
1986;2;3;34;1;-7.4;-14.1;-5.3;-11.2;-16.4;0;0.9;0.52;3;1.2;242.5;204;49;86;57;86180;0.04;0;0.35;0.38
1986;2;4;35;-1.1;-8.7;-15.6;-6.6;-12.1;-18.1;-0.1;0.7;0.52;3;1.2;242.51;204;48;77;53;86397;0.03;0;0.35;0.38
1986;2;5;36;-1.3;-8.5;-15.5;-7.3;-12.2;-17.8;0;0.6;0.52;3;1.2;242.49;221;51;91;59;86057;0.03;0;0.35;0.38
1986;2;6;37;-4.6;-8.8;-13;-8.1;-11.2;-15.3;-0.2;0.1;0.52;3;1.2;242.88;186;42;63;28;86293;-0.02;0.76;0.34;0.38
1986;2;7;38;-6.3;-9.5;-12.7;-10.4;-11.8;-14.4;-0.5;-0.3;0.51;3;1.2;243.82;154;36;45;27;86364;0.1;1.63;0.34;0.38
1986;2;8;39;-11.3;-13.4;-15.4;-12.8;-16.5;-18;-0.1;-0.8;0.52;3;1.2;245.47;191;41;62;37;85973;0.24;1.6;0.34;0.38
1986;2;9;40;-14.4;-16.3;-18.6;-18.3;-20.1;-22.2;0.4;-0.7;0.52;3;1.2;247.11;152;34;42;28;86142;0.25;3.11;0.34;0.38
1986;2;10;41;-13.8;-16;-17.9;-18.8;-20;-21.6;0.3;-0.3;0.52;3;1.2;249.74;221;52;76;39;86721;0.07;0.98;0.34;0.38
1986;2;11;42;-9.1;-12.7;-17.5;-11.9;-15.9;-20.2;-0.2;0.1;0.52;3;1.2;250.7;176;41;58;24;87360;0;1.26;0.34;0.38
1986;2;12;43;-7.3;-12.2;-19;-12;-15.4;-21.3;-0.7;0.2;0.52;3;1.2;251.33;236;58;93;62;87606;-0.03;0.02;0.34;0.38
1986;2;13;44;-5.6;-11.8;-18.3;-10.9;-15.3;-21;-0.5;0.5;0.52;3;1.2;251.44;233;59;80;61;87030;-0.02;0;0.34;0.38
1986;2;14;45;-0.5;-11.5;-21.7;-10.7;-17.6;-24.7;-0.2;1.1;0.51;3;1.2;251.38;244;58;84;58;86380;0.06;0;0.34;0.38
1986;2;15;46;0.9;-8.5;-16.5;-8.8;-14.3;-19.8;0.1;1.1;0.51;3;1.2;251.38;256;65;91;56;86237;-0.01;0.03;0.34;0.38
1986;2;16;47;-0.7;-8.2;-16;-7.6;-12.2;-18.3;-0.2;0.7;0.51;3;1.2;251.43;233;60;90;58;86063;0.03;0;0.34;0.38
1986;2;17;48;-1.1;-8.1;-16.4;-7;-12.1;-19.1;-0.4;0.8;0.5;3;1.2;251.45;163;47;68;43;85209;0.05;0.32;0.34;0.38
1986;2;18;49;1.3;-4.9;-10.2;-5.6;-9.3;-13.2;0;0.4;0.5;3;1.2;252.02;257;61;87;49;85284;0.03;0.43;0.34;0.38
1986;2;19;50;-3.3;-5.8;-8.6;-6.1;-7.7;-9.6;0.3;-0.5;0.5;3;1.2;253.36;139;33;27;16;85781;0.03;3.07;0.34;0.38
1986;2;20;51;-5.7;-9;-11.3;-10;-11.6;-12.7;0.3;-0.7;0.51;3;1.2;255.45;249;61;86;57;86361;0.16;0.5;0.34;0.38
1986;2;21;52;-3.9;-10.2;-18.1;-10.2;-14;-20.5;-0.3;0.3;0.51;3;1.2;255.55;270;72;100;77;86013;0.01;0;0.34;0.38
1986;2;22;53;-1.6;-9.4;-17.3;-9.3;-14.4;-20.2;0.3;0.7;0.5;3;1.2;255.53;285;73;103;70;86348;0.05;0;0.34;0.38
1986;2;23;54;-3.7;-7.8;-12.7;-6.6;-10.3;-15.7;-0.4;0.1;0.51;3;1.2;257.57;99;24;18;4;86103;-0.07;7.36;0.34;0.38
1986;2;24;55;-6.2;-8.2;-10.7;-8.2;-10;-11.8;-0.5;-0.8;0.53;3.1;1.2;268.82;165;35;50;19;86275;0.09;7.99;0.34;0.38
1986;2;25;56;-7.5;-11.3;-13.7;-12.3;-14.2;-15.6;-1;-0.4;0.53;3.1;1.3;270.77;284;74;106;70;86744;0.14;0.02;0.34;0.38
1986;2;26;57;-9.3;-13.5;-16;-15.5;-16.7;-18.6;-1.2;-0.3;0.53;3.1;1.3;270.71;288;75;103;74;87375;0.06;0.02;0.34;0.38
1986;2;27;58;-5.7;-12.6;-22;-13.6;-17.9;-24.8;-0.6;0.7;0.52;3.1;1.3;270.72;296;80;101;68;87501;0;0;0.33;0.38
1986;2;28;59;-1.9;-7;-12.2;-8.4;-11.7;-15.6;-0.6;0.4;0.52;3.1;1.3;270.75;236;60;61;27;87212;0;0.03;0.33;0.38
1986;3;1;60;6.5;-2.1;-8.8;-2.2;-6.6;-11.8;-0.4;1.3;0.52;3.1;1.3;270.79;283;76;90;46;86551;-0.05;0.05;0.33;0.38
1986;3;2;61;3.1;-0.7;-3.4;-1.6;-3.6;-5;0.1;0;0.51;3.1;1.3;271;157;44;55;27;86349;0.06;0.3;0.33;0.38
1986;3;3;62;0.8;-2;-3.7;-1.8;-3.2;-4.9;0.2;-0.4;0.5;3.1;1.3;272.96;183;44;54;22;86631;0.07;6.91;0.33;0.38
1986;3;4;63;0.4;-3.1;-6.5;-3.4;-6.6;-9.9;1;0.1;0.52;3.1;1.3;278.17;220;58;99;46;86847;0.43;0.54;0.33;0.38
1986;3;5;64;5.4;0.1;-6.1;0.3;-3.4;-8.8;0.2;1.2;0.51;3.1;1.3;278.37;121;34;54;12;86806;0.03;0.47;0.33;0.38
1986;3;6;65;6.9;1.5;-4.1;0.7;-1.9;-5.5;0.2;0.2;0.5;3.1;1.3;278.11;259;75;79;44;86632;-0.02;1.3;0.33;0.38
1986;3;7;66;1.3;-1;-3;-0.6;-2.1;-3.5;0.3;-0.8;0.5;3.2;1.3;284.92;152;32;27;14;87304;0.32;12.78;0.33;0.38
1986;3;8;67;0.1;-1.9;-3.1;-2.3;-3.1;-3.7;-0.7;-0.8;0.51;3.2;1.3;291;167;44;37;21;87271;0.32;3.06;0.33;0.38
1986;3;9;68;2.4;-0.9;-3.8;-1.5;-2.6;-4.5;0;-0.4;0.5;3.2;1.3;292.15;235;59;58;28;87186;0.09;0.56;0.33;0.38
1986;3;10;69;3.6;-0.2;-2.9;-0.5;-2;-3.5;-0.5;-0.3;0.49;3.2;1.3;292.35;281;76;80;49;87271;0.07;0.03;0.33;0.38
1986;3;11;70;3.4;-0.6;-5.6;-0.2;-2.5;-6.8;-0.2;-0.1;0.47;3.2;1.3;292.21;266;73;77;43;87326;0.1;0.02;0.33;0.38
1986;3;12;71;4.5;0.5;-3.2;0.2;-1.2;-4;-0.7;-0.1;0.46;3.2;1.3;291.37;307;83;81;49;87047;0.12;0;0.33;0.38
1986;3;13;72;2.8;-1;-5.6;-0.5;-2.9;-6.9;0.2;0;0.45;3.2;1.3;290.59;252;69;63;41;86958;0.21;0.74;0.33;0.38
1986;3;14;73;3.8;0.2;-3.9;-0.9;-2.5;-5.1;0.2;-0.1;0.43;3.2;1.3;290.59;299;82;83;46;87845;0.23;0.03;0.33;0.38
1986;3;15;74;4.3;-0.7;-5.7;-1.5;-3.5;-7.2;-0.5;0.2;0.43;3.2;1.3;289.8;359;99;90;63;87916;0.35;0.02;0.33;0.38
1986;3;16;75;5;-1.3;-8.6;-1.5;-5.6;-10.2;0.1;0.7;0.42;3.2;1.3;288.86;393;112;110;76;87635;0.59;0.08;0.33;0.38
1986;3;17;76;4.6;-1.3;-9.7;-1;-5.1;-11.3;0;0.5;0.42;3.3;1.3;288.31;365;108;113;75;87797;0.46;0.05;0.33;0.38
1986;3;18;77;5.4;-0.6;-7.1;-0.9;-5;-8.9;0;0.4;0.41;3.3;1.3;287.64;410;117;120;79;87504;0.4;0;0.33;0.38
1986;3;19;78;3.9;-1.3;-5.5;0.3;-3.8;-7;0.4;0.5;0.41;3.3;1.3;287.38;368;93;86;61;87462;0.33;2.65;0.33;0.37
1986;3;20;79;4.2;-0.5;-5.9;-1.5;-4.1;-7.2;0.6;0.2;0.41;3.3;1.3;287.63;349;98;92;57;87570;0.5;0.68;0.33;0.37
1986;3;21;80;-1;-2.4;-4.7;-2;-3.5;-6.6;1.3;-0.1;0.47;3.3;1.3;296.37;108;26;38;18;87494;0.43;18.45;0.33;0.37
1986;3;22;81;0.6;-3.8;-8.5;-4.1;-6.9;-9.8;0.5;0.2;0.51;3.3;1.3;306.69;300;87;87;63;87898;0.44;1.8;0.33;0.37
1986;3;23;82;3.6;-0.7;-7.8;1.2;-3.5;-11;1;1.1;0.51;3.3;1.3;308.74;145;31;69;13;86869;-0.14;10.3;0.33;0.37
1986;3;24;83;10.2;2.6;-1.2;3.9;-0.2;-2.9;0.2;0.9;0.49;3.4;1.4;311.68;265;64;90;35;85669;-0.05;6.14;0.34;0.37
1986;3;25;84;1.5;-1;-3.6;-1.6;-7.3;-10;2.1;0;0.49;3.4;1.4;312.29;314;90;86;55;85588;1.28;3.36;0.35;0.37
1986;3;26;85;1.7;-2;-6.4;-5.9;-7.8;-9.8;1.1;0.3;0.48;3.4;1.4;312.76;375;107;101;70;86543;0.78;1.07;0.35;0.37
1986;3;27;86;5.6;-1.5;-9.2;0.2;-6.3;-12.8;0.1;1.2;0.48;3.4;1.4;312.75;254;64;75;52;87274;0.13;0;0.34;0.37
1986;3;28;87;13.6;3.2;-4.7;2.6;-1.5;-7.1;0.4;0.1;0.47;3.4;1.4;311.26;386;115;95;48;87361;-0.09;4.43;0.34;0.37
1986;3;29;88;4.3;0.9;-2.4;1;-1;-3.7;0.4;0.3;0.48;3.4;1.4;311.8;252;66;71;34;87089;0.14;9.66;0.36;0.37
1986;3;30;89;2.9;-0.2;-2.7;-2.7;-5.8;-10.1;1.6;0.6;0.48;3.4;1.4;313.81;364;102;91;43;86773;1.48;4.67;0.36;0.37
1986;3;31;90;8.6;3.3;-0.7;0.9;-1.8;-4.1;1.4;0.9;0.47;3.5;1.4;313.36;358;107;85;49;86535;0.84;3.58;0.36;0.37
1986;4;1;91;5;1.8;-1.4;-0.3;-4.2;-6.6;1.6;0.1;0.46;3.5;1.4;310.81;364;115;106;65;87192;1.18;1.82;0.36;0.37
1986;4;2;92;6.8;2.1;-2.6;0.6;-2.6;-6.3;-0.6;0.2;0.45;3.5;1.4;307.71;387;115;88;61;87014;0.54;0;0.36;0.38
1986;4;3;93;11.3;3.1;-2.2;3.2;-0.1;-4.2;0.1;0.2;0.43;3.5;1.4;301.19;358;100;66;37;86310;0.23;7.44;0.37;0.38
1986;4;4;94;0.5;-0.5;-1.8;-0.4;-1.3;-2.3;0.2;-0.7;0.47;3.5;1.4;299.57;156;42;23;13;86869;0.34;9.82;0.38;0.38
1986;4;5;95;1.1;-1;-2.1;-2.1;-2.4;-2.8;-0.7;-1.1;0.48;3.5;1.4;304.32;218;51;28;16;87067;0.53;4.63;0.37;0.38
1986;4;6;96;6.3;1.1;-2.6;2.2;-0.9;-3.4;-0.9;-0.3;0.48;3.5;1.4;305.07;333;100;81;50;86980;0.27;0.02;0.37;0.38
1986;4;7;97;11.4;4.5;-1.8;2.9;-0.2;-3.3;-0.6;1.4;0.46;3.6;1.4;298.26;407;118;78;54;86774;0.48;0;0.38;0.38
1986;4;8;98;10.8;4.6;-2;2.8;0.1;-3.5;-0.6;1.1;0.44;3.6;1.4;286.39;445;130;95;60;86774;0.48;0.25;0.38;0.38
1986;4;9;99;12.4;3.7;-2.8;4.9;-0.3;-4.4;0.2;0.9;0.43;3.6;1.4;274.28;445;132;94;56;85848;0.42;8.15;0.39;0.38
1986;4;10;100;0.8;-0.5;-3.2;-0.1;-1.5;-4.3;1.6;-0.1;0.47;3.6;1.4;273.72;170;46;26;15;85860;0.41;17.32;0.4;0.39
1986;4;11;101;-2.3;-4.1;-6.1;-4.6;-6.8;-7.9;-0.7;-1.4;0.49;3.6;1.4;279.59;225;61;28;18;86573;1.14;7.43;0.4;0.39
1986;4;12;102;-4.1;-5.9;-7.5;-6.9;-8.3;-9.3;-0.6;-1.2;0.52;3.6;1.4;288.44;189;54;29;17;86262;0.54;10.83;0.39;0.39
1986;4;13;103;-3.7;-7.3;-12.8;-8.4;-11.5;-15.3;0.6;-0.6;0.53;3.6;1.4;295.43;298;95;74;44;86265;0.62;2.67;0.39;0.39
1986;4;14;104;1.8;-6;-18.3;-5.4;-11.6;-21.1;0.3;0.8;0.53;3.7;1.5;295.81;388;121;93;68;86247;0.31;0;0.39;0.39
1986;4;15;105;4.8;-1.7;-10.3;-3.1;-7.7;-14.1;-0.3;1.5;0.52;3.7;1.5;295.49;372;119;94;61;86138;0.26;0;0.38;0.39
1986;4;16;106;8.8;1.7;-4.9;1.9;-3.1;-7.3;0.1;0.5;0.51;3.7;1.5;294.41;386;120;90;60;86295;0.09;1.69;0.38;0.39
1986;4;17;107;6.2;1.4;-3;2;-0.7;-5.1;0;0;0.5;3.7;1.5;293.22;357;101;66;43;86286;-0.13;13.82;0.38;0.39
1986;4;18;108;1.2;-0.6;-2.2;0.2;-1.4;-3.8;0.7;0.2;0.5;3.7;1.5;299.91;116;37;35;22;86169;0.11;13.33;0.39;0.39
1986;4;19;109;1.4;-1.5;-3.6;-2.6;-4.2;-5.4;1.5;0.1;0.5;3.7;1.5;304.16;326;101;78;49;86265;0.79;4.23;0.39;0.39
1986;4;20;110;1.7;-1.2;-4.6;-2.2;-4.3;-7;1.3;0.6;0.49;3.8;1.5;307.29;311;95;71;39;86674;0.75;6.51;0.39;0.39
1986;4;21;111;12;4;-1.1;2.4;-1.6;-4.2;-0.1;0.9;0.49;3.8;1.5;309.13;410;113;85;44;86558;0.36;1.32;0.39;0.39
1986;4;22;112;10.9;3.6;-1.6;3.5;0.2;-3.9;0;0.2;0.47;3.8;1.5;302.19;385;110;77;45;86446;0.12;0.6;0.39;0.39
1986;4;23;113;8.6;4.5;-0.1;4.3;1.7;-1.6;-0.3;-0.3;0.44;3.8;1.5;291.76;351;118;75;48;86765;0.39;0.24;0.4;0.39
1986;4;24;114;11.2;4.8;-2.2;5.1;2;-3.4;0;-0.1;0.42;3.8;1.5;278.93;405;130;89;40;87154;0.27;4.71;0.41;0.39
1986;4;25;115;11.3;6.1;-2.5;5.5;2.9;-2.8;-0.4;-0.1;0.41;3.8;1.5;263.19;459;146;86;49;87204;0.46;0.39;0.42;0.4
1986;4;26;116;13.9;7.2;0.3;6.4;1.9;-1.4;0;0.7;0.4;3.9;1.5;246.68;456;148;86;54;86661;0.72;1.9;0.42;0.4
1986;4;27;117;7.5;4.9;3.4;4.4;3.3;1.9;-0.2;-0.6;0.39;3.9;1.5;233.24;346;84;44;16;86646;0.14;7.46;0.42;0.4
1986;4;28;118;10.6;6.1;2.9;6.8;4.7;2.5;0.2;-0.3;0.39;3.9;1.5;219.19;313;95;39;22;86560;0.03;5.84;0.43;0.4
1986;4;29;119;9.4;5.8;2.9;8.7;5.1;2.4;0.6;0.1;0.38;3.9;1.6;206.02;119;45;15;-3;86935;-0.18;12.99;0.43;0.41
1986;4;30;120;10.1;6.5;3.9;8.9;6;3.3;0.6;0.1;0.35;3.9;1.6;192;190;59;37;-1;87611;-0.05;20.59;0.43;0.41
1986;5;1;121;12.8;7.7;3;5.9;4.5;2.1;-1.1;0.1;0.33;3.9;1.6;176.28;533;164;89;44;87770;1.18;0.46;0.43;0.42
1986;5;2;122;15.8;8.4;-1.2;9.8;3.8;-2.1;-0.1;0.6;0.32;4;1.6;161.29;547;177;87;61;87273;1.29;1.6;0.42;0.42
1986;5;3;123;16.4;8.8;0.8;9.9;3.6;-0.3;-0.1;1;0.31;4;1.6;147.1;581;186;94;61;86982;1.51;1.2;0.42;0.42
1986;5;4;124;13;8.8;2.5;8.3;4.2;0.6;-0.3;0.2;0.31;4;1.6;133.11;530;166;77;48;86960;1.25;0.35;0.41;0.42
1986;5;5;125;17;10.4;2.3;8.5;4.1;0.6;0.1;0.6;0.31;4;1.6;118.66;588;196;96;60;86931;1.79;1.86;0.41;0.43
1986;5;6;126;17.4;10.7;2.5;7.1;3.1;0.3;-0.1;0.9;0.31;4;1.6;104.2;584;201;91;68;86928;1.96;0;0.41;0.43
1986;5;7;127;15.2;10.1;5;9.6;5.5;1.1;-0.1;-0.1;0.3;4;1.6;89.97;535;181;81;53;87136;1.43;2.73;0.41;0.43
1986;5;8;128;7.6;5.3;2.7;5.9;1.6;-0.3;0.9;0.1;0.3;4.1;1.6;80.3;305;93;90;35;87641;1.24;10.24;0.41;0.43
1986;5;9;129;8;4.7;-0.3;3.1;1.1;-2.1;0.9;0.3;0.29;4.1;1.6;73.86;457;149;60;44;87949;1.16;1.3;0.4;0.43
1986;5;10;130;10.4;6.6;1.2;7.3;3.3;-0.1;0.3;0.5;0.28;4.1;1.6;66.15;422;108;72;36;88057;0.78;0.43;0.4;0.43
1986;5;11;131;14;8.6;0.1;8.5;4.9;-0.6;1.1;0.7;0.27;4.1;1.6;56.88;483;163;68;48;87844;1.39;2.18;0.4;0.43
1986;5;12;132;15;10.3;5.4;11.1;6.3;4;0.5;0.3;0.25;4.1;1.6;46.8;447;146;65;37;87662;1.64;1.37;0.4;0.43
1986;5;13;133;20.4;12.3;2;10.3;5.5;0.6;0;0.4;0.24;4.1;1.7;36.57;632;222;97;63;87478;2.58;0.28;0.39;0.43
1986;5;14;134;14.8;9.8;4.6;10.4;7.8;3.5;0.3;0.1;0.23;4.2;1.7;27.39;506;140;59;31;87405;1.28;6.51;0.39;0.43
1986;5;15;135;13.2;9.2;4.4;9.7;7.9;4.4;0.1;0.2;0.23;4.2;1.7;19.81;343;122;53;28;87264;1.44;15.73;0.39;0.43
1986;5;16;136;13.2;9.8;6.7;9.4;7.4;6.5;-0.4;-0.5;0.21;4.2;1.7;12.8;518;144;63;22;87545;1.97;8.65;0.4;0.43
1986;5;17;137;14.6;10.6;6.4;9.7;8;5.3;0;-0.1;0.17;4.2;1.7;6.98;551;139;84;34;87926;2.02;4.92;0.4;0.43
1986;5;18;138;20.6;13.7;3.8;14.2;9;3;0.4;0.5;0.14;4.2;1.7;3.33;652;222;91;55;88202;3.32;0.48;0.39;0.43
1986;5;19;139;20.8;14.5;7.6;14.9;12.1;7;-0.2;0.1;0.13;4.2;1.7;1.15;719;200;82;46;88145;2.77;3.29;0.38;0.43
1986;5;20;140;19.9;14.3;7.7;12.7;10.4;7.6;0;0.4;0.12;4.2;1.7;0.37;656;224;94;63;87743;3.66;1.66;0.38;0.43
1986;5;21;141;19.9;13.5;8.2;13.4;10.9;6.9;0.5;0.2;0.12;4.2;1.7;0.12;595;170;87;38;87504;2.95;16.41;0.37;0.42
1986;5;22;142;14;11.3;8.9;10.2;9;7.7;-0.1;-0.5;0.12;4.2;1.7;0.05;281;97;88;29;88121;1.93;5.1;0.38;0.42
1986;5;23;143;20.2;12.4;4.4;13.6;10;4.1;0.2;0.5;0.12;4.3;1.7;0.01;694;208;103;57;87940;2.96;7.61;0.38;0.42
1986;5;24;144;15.1;10.5;6.9;11.1;8.9;6.6;1.2;0.1;0.12;4.3;1.7;0;483;158;63;36;88080;3.1;13.27;0.38;0.42
1986;5;25;145;16.6;11.1;5.7;8;6.2;5.2;-0.7;-0.4;0.12;4.3;1.7;0;799;271;126;79;88395;4.17;0.1;0.38;0.42
1986;5;26;146;19.9;13.3;3.8;12.9;8.4;2.9;0.3;0.7;0.12;4.3;1.7;0;627;221;102;69;88140;3.62;0.44;0.37;0.42
1986;5;27;147;20.3;13.4;7.3;13.6;10.3;6.5;0.2;0.5;0.12;4.3;1.7;0;703;190;97;53;87814;3.23;14.87;0.37;0.42
1986;5;28;148;11.2;10.2;8;11;9.9;7.9;0.5;0;0.12;4.3;1.7;0;137;38;34;13;87541;0.99;23.74;0.39;0.42
1986;5;29;149;7.9;4.9;1.4;7.9;4.8;1.3;0.6;-0.8;0.13;4.3;1.7;0.4;131;37;12;7;87398;1.36;26.46;0.4;0.42
1986;5;30;150;2.1;1;0.4;1.8;0.8;0.2;1.2;-0.2;0.32;4.3;1.7;7.65;77;26;14;5;87471;0.74;29.3;0.42;0.42
1986;5;31;151;5.4;1.8;-1.6;3.8;0.9;-2.1;0.7;-0.1;0.4;4.3;1.7;10.82;391;102;73;29;87586;1.19;10.28;0.43;0.42
1986;6;1;152;8.5;3.2;-5.6;1.1;-1.6;-6.1;0.4;0.3;0.31;4.3;1.7;6.84;511;188;94;64;87437;2.44;0.17;0.42;0.42
1986;6;2;153;7.5;4.4;1.5;5;2.7;-0.5;0.6;0.6;0.23;4.3;1.7;4.11;338;83;43;20;87329;1.66;13.75;0.42;0.42
1986;6;3;154;10.6;6.3;2.1;6.5;3.7;0.8;0.9;0.4;0.17;4.4;1.8;2.02;489;179;86;49;87316;2.67;3.78;0.42;0.42
1986;6;4;155;7.8;3.7;0.8;6.4;2.5;-0.2;0.9;0.6;0.14;4.4;1.8;1;145;56;50;25;86587;1.36;15.42;0.42;0.42
1986;6;5;156;6.8;2.8;-0.9;4.2;1.2;-1.5;0.6;-0.2;0.19;4.4;1.8;2.75;611;206;80;57;86366;2.93;9.47;0.43;0.42
1986;6;6;157;7.4;3.1;-2.3;3.2;-0.3;-3.4;1.4;0.3;0.16;4.4;1.8;1.71;573;204;90;66;86467;2.87;2.25;0.42;0.43
1986;6;7;158;8.8;4.2;-1.3;2.5;0;-3;1.8;0.4;0.14;4.4;1.8;0.85;565;174;77;48;86841;2.58;4.31;0.42;0.43
1986;6;8;159;11.4;7.5;2.5;3.4;2.1;1;1.1;-0.1;0.13;4.4;1.8;0.34;522;189;84;48;87656;3.19;0.63;0.41;0.43
1986;6;9;160;15.1;9.7;2.3;7.2;4.3;1;-0.5;-0.2;0.12;4.4;1.8;0.09;689;243;96;70;87977;3.48;0;0.41;0.43
1986;6;10;161;18.4;11.8;2;9.4;6.2;1.2;0;0.1;0.12;4.4;1.8;0;802;280;124;85;87607;4.21;0.03;0.4;0.42
1986;6;11;162;13;8.6;6.1;11.1;7.7;5;0.3;-0.3;0.12;4.4;1.8;0;345;92;59;23;87438;1.82;16.37;0.39;0.42
1986;6;12;163;5.9;4.4;3.5;5.2;4.1;3.1;0.2;-0.5;0.13;4.4;1.8;0.41;122;37;12;7;87692;1.42;20.45;0.41;0.42
1986;6;13;164;7.3;6;4.1;6.3;5.4;3.2;-0.2;-0.4;0.13;4.4;1.8;0.33;103;32;9;6;88044;0.63;4.37;0.41;0.42
1986;6;14;165;15.3;10.6;6.2;12;8.8;5.8;-1.3;-0.3;0.12;4.4;1.8;0.09;461;148;74;31;87915;2;0.01;0.41;0.42
1986;6;15;166;21.8;14.1;5;15;9.7;4.6;-0.7;0.3;0.12;4.5;1.8;0;760;271;109;73;87684;4.33;0.77;0.4;0.42
1986;6;16;167;20.1;14.3;6.1;15.1;9.7;4.7;0.1;0.5;0.12;4.5;1.8;0;591;229;99;72;87485;3.9;1.01;0.39;0.42
1986;6;17;168;19.6;13.5;7.1;14.5;11.1;6.3;0.3;0.5;0.12;4.5;1.8;0;692;203;99;57;87510;3.13;11.44;0.39;0.42
1986;6;18;169;17.8;13.2;7.5;14.1;11.6;6.6;0.2;0.2;0.12;4.5;1.8;0;590;184;95;47;87711;3.04;11.3;0.39;0.42
1986;6;19;170;20.6;14.8;10.5;14.8;12.1;9.6;-0.1;0.2;0.12;4.5;1.8;0;706;221;95;53;87546;3.8;12.64;0.4;0.42
1986;6;20;171;19;14.3;7.6;15.2;12.5;7.3;0.2;0.3;0.12;4.5;1.8;0;546;216;81;56;87477;3.68;10.34;0.4;0.42
1986;6;21;172;19.3;14.6;8.5;14.7;12.5;8;0.4;0.4;0.12;4.5;1.8;0;558;197;69;52;87531;3.64;6.55;0.4;0.42
1986;6;22;173;20.8;15.3;9.1;15.2;12.6;8.7;0.4;0.5;0.12;4.5;1.8;0;623;203;81;56;87542;3.42;2.77;0.4;0.42
1986;6;23;174;21.8;15.9;9.7;15.4;12.6;8.3;0;0.2;0.12;4.5;1.8;0;678;224;94;55;87288;3.88;11.81;0.4;0.42
1986;6;24;175;15.7;13.7;11.6;12.4;11.5;10.6;0.3;-0.5;0.12;4.5;1.8;0;447;159;64;38;87694;3.09;3.18;0.4;0.42
1986;6;25;176;19;14.7;9.1;11.7;9.8;8.9;-0.3;-0.6;0.12;4.5;1.8;0;689;246;95;66;88049;4.2;0;0.39;0.42
1986;6;26;177;19;14.8;8.3;11.3;9.5;7.1;-0.6;-0.4;0.12;4.5;1.8;0;708;269;104;83;88266;4.35;0.11;0.39;0.42
1986;6;27;178;21.4;15.8;8.1;11.7;9.2;6.7;-0.8;0;0.12;4.5;1.8;0;802;298;126;97;88257;5.06;0;0.38;0.42
1986;6;28;179;21.7;15.9;7.3;12.9;9.3;5.9;0.3;0.1;0.12;4.5;1.8;0;804;299;127;97;88134;5.16;0;0.37;0.42
1986;6;29;180;20;14.8;9.2;13.1;10;7.1;0.6;-0.3;0.12;4.5;1.8;0;711;247;107;71;87739;4.19;2.6;0.36;0.42
1986;6;30;181;17.4;13.6;8.9;10.1;9;8.3;-0.9;-0.7;0.12;4.5;1.9;0;734;247;107;76;87718;3.98;0.11;0.36;0.42
1986;7;1;182;18.3;13.8;7.3;9.5;7.7;6.2;-0.5;-0.3;0.12;4.6;1.9;0;750;266;110;83;88064;4.28;0;0.35;0.42
1986;7;2;183;20.9;15.1;6.8;12.1;8.8;5.6;-0.8;0;0.12;4.6;1.9;0;798;286;119;89;87977;4.66;0;0.35;0.42
1986;7;3;184;21;15.6;7.8;12.3;9.7;6.7;0.7;0.2;0.12;4.6;1.9;0;731;247;108;75;87889;4.12;2.14;0.34;0.42
1986;7;4;185;18.7;15.1;10.9;14.5;11.9;10.4;0.5;0.2;0.12;4.6;1.9;0;539;204;79;59;88080;3.52;2.89;0.34;0.41
1986;7;5;186;22.3;16.2;8.5;15.4;11.4;8.3;0;0.3;0.12;4.6;1.9;0;730;246;107;65;87698;4.27;0.44;0.34;0.41
1986;7;6;187;18.6;13;9;14.7;11.5;7.5;0.4;0.7;0.12;4.6;1.9;0;316;77;58;32;86972;2.11;37.92;0.34;0.41
1986;7;7;188;11.6;9.5;7.7;9.8;8.5;6.6;1.2;0.2;0.12;4.6;1.9;0;301;89;77;27;87331;2.67;20.8;0.37;0.41
1986;7;8;189;11.8;8.4;6.5;8.4;6.7;5.1;1.2;-0.1;0.11;4.6;1.9;0;486;132;62;37;87615;2.94;8.08;0.38;0.41
1986;7;9;190;13;9.1;5.1;8.7;6.7;4.5;0.6;-0.1;0.11;4.6;1.9;0;609;213;80;62;87701;3.39;6.47;0.38;0.41
1986;7;10;191;12.8;9.2;4.3;7.9;6.7;3.9;1.4;0.1;0.11;4.6;1.9;0;417;120;61;35;87788;2.41;3.28;0.38;0.41
1986;7;11;192;15.1;10.4;7.8;9.4;8.1;6.7;0.8;-0.6;0.11;4.6;1.9;0;567;165;80;34;87805;3.11;10.22;0.38;0.41
1986;7;12;193;13.3;10.1;8.2;10.3;8.6;7.5;-0.3;-0.9;0.11;4.6;1.9;0;440;129;72;23;87650;2.64;5.89;0.38;0.41
1986;7;13;194;12.9;9.8;7.6;7.6;6;4.7;0.5;-0.9;0.11;4.6;1.9;0;551;186;85;40;87691;3.37;2.93;0.38;0.41
1986;7;14;195;11.9;9.3;6.7;6;4.7;3.6;-0.1;-0.8;0.11;4.6;1.9;0;502;153;74;39;87933;2.91;0.73;0.38;0.41
1986;7;15;196;15.8;11.3;5.3;8;5.5;3.9;-0.7;-0.3;0.11;4.6;1.9;0;777;282;118;88;88123;4.08;0;0.37;0.41
1986;7;16;197;18.9;13.2;5.3;11.7;8.4;4.3;-0.8;-0.1;0.11;4.6;1.9;0;791;283;120;88;88126;4.27;0;0.37;0.41
1986;7;17;198;20;14.5;6.8;11.8;9.7;5.9;0.8;0.1;0.11;4.6;1.9;0;720;259;100;75;87896;4.27;0.08;0.36;0.41
1986;7;18;199;16.7;12.7;10.1;13.2;11.1;9;0.5;-0.3;0.11;4.6;1.9;0;438;140;70;30;87761;2.72;29.12;0.37;0.41
1986;7;19;200;10.1;8.9;7.6;10.1;8.8;7.5;0.4;-0.7;0.11;4.6;1.9;0;72;18;9;4;87878;0.82;16.74;0.39;0.41
1986;7;20;201;11.9;9.5;7.1;7.8;7;6.5;-0.8;-0.7;0.11;4.6;1.9;0;278;92;32;19;87849;2.01;1.05;0.39;0.41
1986;7;21;202;15.9;12;8.1;7.8;6.3;5.2;-0.2;-0.3;0.11;4.6;1.9;0;749;244;111;70;87695;3.84;0.01;0.39;0.41
1986;7;22;203;19.2;13.4;5.1;14.2;8.7;4.1;0.2;0.4;0.11;4.6;1.9;0;765;267;115;85;87480;4.23;0.32;0.39;0.41
1986;7;23;204;23.8;15.6;6.6;16.8;10.9;6;0.2;0.8;0.11;4.6;1.9;0;751;246;113;73;87055;4.4;7.07;0.38;0.41
1986;7;24;205;12.1;8.4;5.8;11.7;6.6;2.7;1.6;0;0.11;4.6;1.9;0;311;61;77;29;87396;2.6;25.27;0.4;0.41
1986;7;25;206;16.8;10.9;4.1;6.9;4.6;2.2;0.8;0.2;0.11;4.6;1.9;0;773;281;126;92;87669;4.41;0;0.4;0.41
1986;7;26;207;16.8;12.5;8.4;10.2;7.7;4.5;0.8;0.2;0.11;4.6;1.9;0;581;160;82;47;87683;2.76;0.41;0.39;0.41
1986;7;27;208;18.5;13.8;8.1;13.9;10.3;7.1;0.2;0.1;0.11;4.6;1.9;0;586;202;82;56;87973;3.27;1.42;0.39;0.41
1986;7;28;209;20.9;15.6;8.5;14;11.4;7.6;-0.3;0.2;0.11;4.6;1.9;0;710;243;105;73;88112;4.05;0.04;0.38;0.41
1986;7;29;210;21.9;16.5;9.2;14.3;11.2;8.4;0.8;0.8;0.11;4.6;1.9;0;630;219;92;64;87946;4.22;0.52;0.38;0.41
1986;7;30;211;20.8;16.3;12.4;16.6;13.2;9.6;0.1;0.1;0.11;4.6;1.9;0;633;193;80;51;87727;3.13;6.76;0.38;0.41
1986;7;31;212;24.4;16.1;10.3;16.4;13;9.2;0.1;1;0.11;4.5;1.9;0;694;188;94;57;87500;3.55;8.12;0.38;0.41
1986;8;1;213;18.2;14.1;10.3;15.1;13;10.1;0.1;0.2;0.11;4.5;1.9;0;444;99;56;28;87961;1.91;9.13;0.38;0.41
1986;8;2;214;22.5;16.5;7.6;17.5;12.5;7.3;0.1;0.5;0.11;4.5;1.9;0;648;229;90;63;88177;4.12;0.03;0.38;0.41
1986;8;3;215;25.6;18.9;10.9;18.9;13.9;9.9;-0.6;0.7;0.11;4.5;1.9;0;689;231;99;71;87848;4.4;0;0.38;0.4
1986;8;4;216;22.8;16.9;11.7;16.6;13.6;10;0.2;0.7;0.11;4.5;1.8;0;633;198;83;58;87615;3.58;13.74;0.37;0.4
1986;8;5;217;14.1;13.3;11.8;13.7;12.7;11.1;0.3;-0.3;0.11;4.5;1.8;0;195;58;37;15;88146;1.86;25.58;0.4;0.4
1986;8;6;218;21.6;16;9.6;14.7;12.2;9.4;-0.6;0;0.11;4.5;1.8;0;748;255;112;80;88079;4.1;0;0.39;0.4
1986;8;7;219;20.3;15.4;9.1;12.9;11.1;8.4;0.6;0.4;0.11;4.5;1.8;0;654;215;95;66;87756;3.76;0.57;0.39;0.4
1986;8;8;220;15.8;13.7;10.2;13.8;11.8;10;0.1;-0.1;0.11;4.5;1.8;0;293;106;75;42;87666;1.91;5.87;0.39;0.4
1986;8;9;221;20.1;14.9;7.7;15.4;11.6;7.6;0;0.3;0.11;4.5;1.8;0;631;217;100;65;87782;3.71;0.73;0.39;0.4
1986;8;10;222;21.4;16.2;12.4;15.7;12.9;11.1;0.1;0.4;0.11;4.5;1.8;0;684;185;95;51;87899;3.28;3.3;0.38;0.4
1986;8;11;223;20.8;15.7;10.2;15.4;12.9;9.7;0.1;0.5;0.11;4.5;1.8;0;667;195;93;55;87752;3.43;1.97;0.38;0.4
1986;8;12;224;14.2;12.9;10.4;13.6;12.4;10.1;1;0.2;0.11;4.5;1.8;0;210;64;48;25;87414;2.14;26.48;0.39;0.4
1986;8;13;225;15.6;12.8;10.3;12.4;10.9;9.2;0.5;-0.3;0.11;4.5;1.8;0;432;129;66;31;87529;2.51;3.73;0.4;0.4
1986;8;14;226;16.3;13;9.1;11.9;10.5;8.6;0.1;0.1;0.11;4.5;1.8;0;491;151;81;51;87712;2.59;0.87;0.4;0.4
1986;8;15;227;20.9;14.5;6.1;15.4;10.1;5.9;0.2;0.7;0.11;4.5;1.8;0;723;234;111;71;87714;3.92;0;0.39;0.4
1986;8;16;228;21.4;16.6;11.4;15.6;11.8;9.8;0.5;0.4;0.11;4.5;1.8;0;603;203;91;63;87757;3.72;1.39;0.39;0.4
1986;8;17;229;22.7;16.1;10.5;16.7;12.5;9.4;0;0.8;0.11;4.4;1.8;0;622;172;93;60;87513;3.09;0.84;0.39;0.4
1986;8;18;230;20.6;15;11.3;13.8;12;9.4;0.3;1.2;0.11;4.4;1.8;0;460;148;79;51;87063;2.84;6.8;0.38;0.4
1986;8;19;231;17;12.8;10.1;12;10.4;8;1.1;0.4;0.11;4.4;1.8;0;493;135;96;51;87085;2.75;6.07;0.38;0.4
1986;8;20;232;13.3;10.3;7.5;9.2;7.5;6.7;1;-0.8;0.11;4.4;1.8;0;506;147;60;42;87806;2.83;5.79;0.39;0.4
1986;8;21;233;15.7;11.6;7.9;8.6;7.3;6.3;-0.2;-0.4;0.11;4.4;1.8;0;592;174;87;57;87766;2.79;0.06;0.39;0.4
1986;8;22;234;21.2;14.6;7.1;14.2;9.6;5.7;0.2;0.6;0.11;4.4;1.8;0;708;224;114;73;87229;3.86;0.62;0.38;0.4
1986;8;23;235;13.1;10.1;7.4;12.8;8.3;4.8;1;0.8;0.11;4.4;1.8;0;212;49;65;39;86810;1.83;17.29;0.39;0.4
1986;8;24;236;13.4;8.2;4.9;8.5;5.9;3.9;0.8;0.6;0.11;4.4;1.8;0;435;104;70;38;87055;2.48;11.56;0.39;0.4
1986;8;25;237;13.8;9.2;5.7;7.5;6;4.9;0.1;-0.4;0.11;4.4;1.8;0;566;166;105;53;87582;2.89;4.52;0.4;0.4
1986;8;26;238;21;13.6;5.4;13.6;8.5;3.9;-0.1;0.8;0.11;4.4;1.8;0;698;212;112;74;86868;3.52;0.09;0.4;0.4
1986;8;27;239;12;9.7;8.3;9.5;8;6.9;0.5;-0.3;0.11;4.4;1.8;0;167;46;39;20;86948;1.05;2.65;0.39;0.4
1986;8;28;240;8.6;7.3;5.1;7.6;6.8;4.9;0.2;-0.5;0.11;4.4;1.8;0;116;29;19;11;86965;1.44;21.2;0.4;0.4
1986;8;29;241;9.2;6.3;4;4.7;2.7;0.9;1.1;-0.1;0.11;4.3;1.8;0;601;177;96;60;87406;2.97;3.08;0.41;0.4
1986;8;30;242;10;6.4;2.8;2.8;1.7;1;1.3;0;0.1;4.3;1.8;0;550;158;84;57;87846;2.32;0.66;0.41;0.4
1986;8;31;243;10.7;7.4;5;3.8;2.9;1.8;0.8;-0.3;0.1;4.3;1.8;0;530;156;81;54;87964;2.37;1.48;0.4;0.4
1986;9;1;244;11.3;7.6;1.9;4.8;3.5;1.6;0.7;-0.3;0.1;4.3;1.8;0;564;164;87;55;88021;2.24;0.17;0.4;0.4
1986;9;2;245;14.1;9.4;5.1;5.8;4.8;3.3;1.1;0.2;0.1;4.3;1.7;0;440;130;76;50;87916;2.08;0;0.39;0.4
1986;9;3;246;18.8;11.4;2.6;10.4;6.8;1.8;0.8;0.1;0.1;4.3;1.7;0;684;208;118;70;87545;3.43;9.83;0.39;0.4
1986;9;4;247;8.9;6.8;5;7;4.1;2.6;1;-0.8;0.1;4.3;1.7;0;420;118;59;29;88178;2.85;4.04;0.4;0.4
1986;9;5;248;15.2;9.9;4.7;8.4;5.7;3.1;-0.3;-0.2;0.1;4.3;1.7;0;679;215;123;90;88250;2.67;0;0.39;0.4
1986;9;6;249;18.6;11.2;2.6;9.3;5.9;1.7;0.5;0.6;0.1;4.3;1.7;0;679;220;126;88;87874;3.31;0;0.39;0.4
1986;9;7;250;15;11;7.2;8.7;7.2;4.9;0.8;-0.1;0.1;4.3;1.7;0;461;158;97;66;87679;2.26;0.38;0.39;0.4
1986;9;8;251;14.8;10.5;4.8;9;7.8;4.8;0.2;-0.1;0.1;4.3;1.7;0;546;149;92;50;87524;1.89;0.27;0.38;0.4
1986;9;9;252;10.8;8.7;7.2;9.9;8.2;6.8;-0.3;-0.7;0.1;4.3;1.7;0;257;57;50;17;87373;1.07;8.53;0.38;0.4
1986;9;10;253;9.6;7.5;6.6;8.5;7;6;-0.4;-0.8;0.1;4.2;1.7;0;293;65;47;15;87392;1.36;2.67;0.39;0.4
1986;9;11;254;15;9.2;4.3;8.9;6.4;4.2;-0.5;0.2;0.1;4.2;1.7;0;637;184;113;65;87506;2.46;0;0.38;0.4
1986;9;12;255;19.3;12;3.4;11.4;7.4;2.6;0.1;0.5;0.1;4.2;1.7;0;620;176;108;63;87289;2.71;0.01;0.38;0.4
1986;9;13;256;16.8;13;9.9;12.4;10.1;8.3;0.4;0.4;0.1;4.2;1.7;0;481;142;85;42;87516;2.13;1.22;0.38;0.4
1986;9;14;257;18.9;13.4;8.3;13.5;10.5;6.9;0.1;0.7;0.1;4.2;1.7;0;488;136;81;53;87548;2.14;0.14;0.37;0.4
1986;9;15;258;21.9;14.5;7.2;15.6;11;6.9;-0.2;0.9;0.1;4.2;1.7;0;605;177;100;68;87312;2.79;0.02;0.37;0.4
1986;9;16;259;21.2;14.8;9;14.7;11.1;7.6;-0.3;0.5;0.1;4.2;1.7;0;607;169;99;64;87273;2.62;0.01;0.37;0.4
1986;9;17;260;19.6;13.8;8.6;14.9;11.7;7.3;0.2;0.5;0.1;4.2;1.7;0;543;141;89;46;87456;2.16;14.44;0.37;0.4
1986;9;18;261;14.2;11;6.3;12.7;10.5;6.2;0.2;-0.8;0.1;4.1;1.7;0;316;76;43;15;88056;1.97;8.54;0.38;0.4
1986;9;19;262;11.4;7.6;5.8;7.1;6;5.3;-1.4;-0.6;0.1;4.1;1.7;0;348;87;97;35;88697;1.6;0.45;0.38;0.4
1986;9;20;263;14.5;9.8;5;10;7.5;4.3;-0.1;-0.3;0.1;4.1;1.7;0;470;122;80;40;88580;1.5;0.67;0.38;0.4
1986;9;21;264;15.6;11.2;6.9;8.6;7.4;5.9;0;-0.1;0.1;4.1;1.6;0;614;177;128;78;88409;2.42;0.04;0.37;0.4
1986;9;22;265;16.2;9.8;3.7;8.3;5.7;2.9;0.3;0.3;0.1;4.1;1.6;0;614;182;129;89;88193;2.44;0;0.37;0.4
1986;9;23;266;17.1;10.6;3.9;9.3;6.4;3;-0.1;0.3;0.1;4;1.6;0;607;181;128;91;88045;2.4;0;0.37;0.4
1986;9;24;267;16.6;10.9;4.7;10.7;8.1;3.2;-0.4;-0.1;0.09;4;1.6;0;484;130;94;53;87678;1.62;0.36;0.36;0.4
1986;9;25;268;13.1;10.6;8.2;10.6;9.4;7.7;-1;-0.9;0.09;4;1.6;0;318;89;45;19;87378;1.5;4.65;0.36;0.4
1986;9;26;269;10.1;7.9;6.3;7.4;6;4.7;-0.9;-0.7;0.09;4;1.6;0;272;66;60;24;87438;1.41;1.73;0.36;0.4
1986;9;27;270;11.8;7.8;2.8;4.7;3.8;2.8;-0.4;-0.3;0.09;4;1.6;0;579;145;116;59;87907;1.83;0;0.36;0.4
1986;9;28;271;10.8;7.6;4.3;4.4;3.4;2.5;-0.8;-0.1;0.09;4;1.6;0;507;129;101;70;88531;1.59;0;0.36;0.4
1986;9;29;272;14;8.3;2.7;7.5;4.8;1.4;-0.3;0;0.09;3.9;1.6;0;573;166;119;88;88747;1.81;0;0.36;0.4
1986;9;30;273;15.6;8.8;2.9;8.6;5.5;1.9;-0.8;0.2;0.09;3.9;1.6;0;582;166;122;85;88635;1.95;0;0.35;0.4
1986;10;1;274;18.6;10.4;2.2;11.3;6.7;1.2;0;0.7;0.09;3.9;1.6;0;564;162;120;82;88275;2.12;0;0.35;0.4
1986;10;2;275;18.7;11.3;3.5;10.2;6.9;2.7;0.1;0.6;0.09;3.9;1.6;0;559;160;123;83;88264;2.18;0;0.35;0.4
1986;10;3;276;18.4;11.1;3.4;10.3;6.8;2.5;0.1;0.6;0.09;3.9;1.6;0;545;155;114;80;88234;2.1;0;0.35;0.4
1986;10;4;277;17.2;10.6;4.5;10.3;6.8;3.6;0;0.4;0.09;3.8;1.5;0;534;147;110;73;88213;1.92;0;0.34;0.4
1986;10;5;278;17.8;11;4.3;11.1;7.5;2.9;-0.1;0.4;0.09;3.8;1.5;0;527;147;110;70;88263;1.81;0;0.34;0.4
1986;10;6;279;16.6;11.3;6;10.2;8.2;5.1;0.5;0.3;0.09;3.8;1.5;0;522;137;105;63;88365;1.65;0.25;0.34;0.4
1986;10;7;280;15.3;11;7.7;10.2;9;6.8;0.3;-0.1;0.09;3.8;1.5;0;426;113;83;45;88270;1.29;0.56;0.34;0.4
1986;10;8;281;11;9.3;7.6;9.6;8.2;7.2;0.3;-0.7;0.09;3.8;1.5;0;281;60;45;17;88127;1.28;2.8;0.34;0.4
1986;10;9;282;13.6;9;5.8;7.8;6.7;5.3;-0.5;-0.2;0.09;3.7;1.5;0;487;135;110;77;87861;1.41;0;0.34;0.4
1986;10;10;283;15.5;8.7;2.5;8.5;5.3;1.3;0;0.4;0.09;3.7;1.5;0;524;141;121;83;87715;1.58;0;0.33;0.39
1986;10;11;284;14.5;8.5;1.8;8.1;5.7;1.3;0;0.2;0.09;3.7;1.5;0;449;113;98;54;88101;1.29;0;0.33;0.39
1986;10;12;285;14.6;9.4;5.5;8.5;7.4;4.8;-0.7;-0.1;0.09;3.7;1.5;0;455;110;90;56;88200;1.13;0;0.33;0.39
1986;10;13;286;15.9;9;2.5;8.6;5.1;1.2;-0.1;0.8;0.09;3.7;1.5;0;412;113;98;73;88210;1.35;0;0.33;0.39
1986;10;14;287;16.9;9.3;2.6;8.4;5.1;1.4;-0.1;0.7;0.09;3.6;1.5;0;486;133;116;78;88177;1.58;0;0.33;0.39
1986;10;15;288;15.9;9.1;2.7;9.3;6.2;1.7;0.1;0.4;0.09;3.6;1.5;0;493;131;117;77;88001;1.3;0;0.32;0.39
1986;10;16;289;14.5;8.4;3.9;8.8;6.4;3;-0.1;0.2;0.09;3.6;1.5;0;445;120;112;68;88100;1.11;0;0.32;0.39
1986;10;17;290;13.3;7.4;3.1;7.8;5.6;2.9;-0.4;0.1;0.09;3.6;1.4;0;461;123;122;67;88009;1.03;0.02;0.32;0.39
1986;10;18;291;13.4;7;1.5;7.4;4.6;1.1;0.1;0.4;0.08;3.6;1.4;0;469;120;111;74;87327;1.07;0;0.32;0.39
1986;10;19;292;11.8;6.6;2.3;4.9;3;1.6;0.5;0.4;0.08;3.6;1.4;0;370;80;89;45;86660;1.08;5.19;0.32;0.39
1986;10;20;293;10;5.8;2.4;6.3;3.9;1.8;1.2;0.9;0.08;3.6;1.4;0;380;62;77;31;86479;2.05;12.79;0.32;0.39
1986;10;21;294;6.3;3.3;0;2.1;-1.6;-4.3;2.2;0.6;0.09;3.6;1.4;0.11;422;101;96;56;87044;2.26;4.42;0.33;0.39
1986;10;22;295;14.8;9.9;4.2;6.4;4.3;0.9;1.6;1.5;0.09;3.6;1.4;0.18;413;79;80;31;86443;1.76;0.5;0.33;0.39
1986;10;23;296;7.5;4.2;0.1;6.1;1.6;-4.3;2;0.4;0.09;3.5;1.4;0.06;254;45;99;42;86416;1.59;14.06;0.34;0.39
1986;10;24;297;4.5;0.8;-2.4;-1.6;-3.1;-5;0.7;0.3;0.12;3.5;1.4;1.47;354;85;105;64;87272;1.26;3.33;0.34;0.39
1986;10;25;298;9.2;3.4;-2.3;1.8;-1.5;-5.6;0.3;1;0.12;3.5;1.4;1.56;308;71;73;44;86832;0.9;3.24;0.34;0.39
1986;10;26;299;1.7;0.5;-1.4;0.7;-0.6;-1.8;1.4;0.3;0.16;3.5;1.4;2.94;137;31;38;25;87598;0.99;5.53;0.34;0.39
1986;10;27;300;2.2;-0.2;-2.8;0.7;-1.1;-3.8;0.2;-0.1;0.24;3.5;1.4;5.41;243;51;69;34;88345;0.84;3.06;0.35;0.39
1986;10;28;301;7.4;0.8;-4.1;0.8;-2.8;-7.2;0.1;0.9;0.22;3.5;1.4;5.08;329;80;109;68;88096;0.7;0;0.35;0.39
1986;10;29;302;4.5;1.1;-3.7;3.1;-1;-7.4;0.4;1.1;0.2;3.5;1.4;4.21;125;25;60;17;87899;0.26;9.3;0.35;0.39
1986;10;30;303;7;4.2;2.8;4.5;3.5;2.7;-0.3;-0.4;0.16;3.5;1.4;2.85;177;42;73;10;87793;0.52;0.64;0.35;0.39
1986;10;31;304;8.5;4.2;0.5;3.6;0.4;-2.1;0.6;0.2;0.13;3.5;1.4;1.88;390;91;114;54;87706;1;0.03;0.35;0.39
1986;11;1;305;9.8;4.4;0.2;4.7;0.4;-3.4;0.2;0.9;0.12;3.5;1.4;1.37;249;55;53;31;87202;0.62;0.53;0.35;0.39
1986;11;2;306;4.8;1.2;-0.9;4.1;0.4;-1.2;0.7;0.1;0.16;3.5;1.4;3.16;148;27;37;18;87071;0.65;15.81;0.36;0.39
1986;11;3;307;0.5;-1.2;-2.8;-1;-2.9;-4.6;-0.5;-0.7;0.39;3.4;1.4;11.44;168;41;87;38;88058;0.59;1.91;0.36;0.39
1986;11;4;308;1.6;-1.2;-3;-3.2;-4.3;-5.2;0.5;-0.4;0.38;3.4;1.4;11.3;232;53;82;43;88215;0.5;0.06;0.36;0.39
1986;11;5;309;2.2;-0.3;-2.2;-1.5;-3.9;-5.4;0.4;0.3;0.36;3.4;1.4;10.65;255;58;98;46;88169;0.38;0.02;0.36;0.39
1986;11;6;310;2.8;1.1;-1.1;0.8;-1.7;-4.6;1.3;0.4;0.33;3.4;1.4;9.95;58;15;29;7;88320;0.28;2.36;0.36;0.39
1986;11;7;311;7.1;2.1;-3.2;2.3;0.2;-4.6;0.1;0.3;0.3;3.4;1.4;8.69;274;60;101;50;88192;0.49;0.79;0.36;0.39
1986;11;8;312;11;2.8;-4;4.3;-1.3;-7;0.5;0.8;0.24;3.4;1.4;6.58;321;77;106;66;87455;0.49;0.03;0.36;0.39
1986;11;9;313;5.9;2.1;-2;2.8;0.7;-3.3;-0.3;0.2;0.2;3.4;1.4;4.99;274;55;76;40;87800;0.54;1.27;0.36;0.39
1986;11;10;314;10.1;2.2;-3.1;3.9;-1.4;-5.4;0;1;0.17;3.4;1.4;3.81;343;82;114;73;87993;0.49;0;0.36;0.39
1986;11;11;315;9.6;1.8;-3.4;4.1;-1.5;-5;0;1.1;0.15;3.4;1.4;2.85;350;84;114;75;88026;0.46;0;0.36;0.39
1986;11;12;316;9;1.5;-3.5;4.1;-1.8;-6;-0.1;1;0.13;3.4;1.4;2.15;346;82;109;71;88266;0.43;0;0.36;0.39
1986;11;13;317;8.8;1.1;-3.4;3.9;-2.3;-5.5;-0.1;1.4;0.12;3.3;1.4;1.63;352;83;113;73;87731;0.4;0;0.36;0.39
1986;11;14;318;9.3;2.8;-1.3;3;-1;-4.4;-0.3;1.8;0.11;3.3;1.3;1.26;341;72;97;54;87352;0.45;0.02;0.36;0.39
1986;11;15;319;11.4;4;-0.3;5.7;0.5;-2.7;-0.1;1.6;0.1;3.3;1.3;0.93;342;78;98;63;87731;0.56;0;0.36;0.39
1986;11;16;320;11.2;3.5;-1.2;6.4;1;-2.8;0.1;1.1;0.09;3.3;1.3;0.65;333;76;97;59;88207;0.5;0;0.36;0.39
1986;11;17;321;9.5;3.5;-1.7;5.9;1.4;-2.6;0.3;0.8;0.09;3.3;1.3;0.44;233;54;88;37;88042;0.32;1.16;0.36;0.39
1986;11;18;322;5;2.3;-3.1;3.3;1.7;-3.4;0.3;0.2;0.08;3.3;1.3;0.32;162;32;87;29;88251;0.54;2.51;0.36;0.39
1986;11;19;323;7.7;1;-3.8;2.8;-1.6;-5.9;0.1;1.3;0.08;3.3;1.3;0.27;330;74;102;63;87862;0.51;0;0.36;0.39
1986;11;20;324;8.1;2.5;-0.9;1.1;-1.3;-5.3;0.3;0.7;0.08;3.3;1.3;0.2;280;56;84;37;87417;0.47;2.44;0.36;0.39
1986;11;21;325;2.4;0.5;-4.2;2.3;0.2;-4.8;0;0.3;0.11;3.3;1.3;1.29;126;21;73;25;87015;0.32;6.76;0.36;0.39
1986;11;22;326;2;-0.8;-3.5;1.6;-1.8;-4.8;0;1.5;0.13;3.3;1.3;2.07;66;13;46;22;86481;0.3;2.95;0.36;0.39
1986;11;23;327;1;-1.2;-2.8;0.9;-1.6;-3.7;0.3;0.6;0.21;3.3;1.3;4.83;82;14;39;20;86206;0.19;11.96;0.37;0.39
1986;11;24;328;1.3;-2.4;-5.2;-2.9;-4.9;-8.4;0.5;0.8;0.33;3.3;1.3;8.47;185;34;93;44;87327;0.42;0.24;0.37;0.39
1986;11;25;329;7.3;-0.2;-5.1;2.9;-4;-9.3;0;1.2;0.3;3.3;1.3;7.88;236;49;92;52;88036;0.12;0;0.37;0.39
1986;11;26;330;8;0.6;-5.5;4.6;-2.9;-8.5;0.4;1;0.27;3.3;1.3;6.75;249;55;106;57;88001;0.11;0.71;0.37;0.39
1986;11;27;331;1;-0.7;-2.4;-0.6;-1.8;-3.2;0.2;-0.3;0.28;3.3;1.3;7.03;172;37;86;31;88860;0.45;2.5;0.37;0.39
1986;11;28;332;0.9;-3.6;-6.5;-3;-5.2;-8;-0.9;0.2;0.28;3.3;1.3;7.1;232;49;106;66;88708;0.24;0;0.37;0.39
1986;11;29;333;3.6;-3.1;-8.3;-1.4;-5.8;-10.7;0;0.7;0.27;3.3;1.3;6.89;238;53;110;66;88299;0.13;0;0.37;0.38
1986;11;30;334;5;-2.5;-7.1;-1.6;-6.6;-10.3;0;0.9;0.25;3.3;1.3;6.59;252;55;116;74;88476;0.1;0;0.37;0.38
1986;12;1;335;5.4;-2.9;-7.9;-1.6;-7;-11.1;0.2;1.2;0.24;3.3;1.3;6.19;252;55;119;75;88283;0.08;0;0.37;0.38
1986;12;2;336;5.3;-2.6;-7.6;-2.3;-7.6;-12.3;0.2;1.1;0.22;3.3;1.3;5.75;241;52;97;62;88476;0.09;0;0.37;0.38
1986;12;3;337;6.9;-2.3;-6.9;0.1;-6.1;-10.5;0.1;1.5;0.21;3.3;1.3;5.24;255;55;107;67;88665;0.05;0;0.37;0.38
1986;12;4;338;6.5;-2.6;-7.3;1.2;-6.6;-12;0.2;1.5;0.2;3.3;1.3;4.68;265;57;116;76;88745;0.05;0;0.37;0.38
1986;12;5;339;6.2;-2.9;-8;0.3;-7.2;-12.5;0.2;1.5;0.18;3.3;1.3;4.19;267;58;116;77;88358;0.04;0;0.37;0.38
1986;12;6;340;5.5;-2.7;-8.7;-1.3;-7.5;-14.2;0.1;1.4;0.17;3.3;1.3;3.8;262;56;113;63;87763;0.04;0;0.37;0.38
1986;12;7;341;4.6;-0.5;-3.2;-1.5;-4.4;-6.6;0;1;0.16;3.3;1.4;3.49;225;49;97;44;87767;0.05;0;0.37;0.38
1986;12;8;342;6.4;-0.9;-4.4;0.8;-5.2;-9.4;-0.2;1.4;0.15;3.3;1.4;3.14;263;56;104;68;87554;0.06;0;0.37;0.38
1986;12;9;343;5.3;-1.3;-5.1;-1.7;-5.9;-9.4;0.1;1.2;0.14;3.3;1.4;2.82;262;55;101;67;87635;0.05;0;0.37;0.38
1986;12;10;344;3.2;-0.8;-4.3;-0.4;-2.9;-6.3;0.1;0.3;0.13;3.3;1.4;2.58;234;48;87;43;88361;0.05;0.04;0.37;0.38
1986;12;11;345;3.1;-1.1;-3.8;-1.3;-3;-4.9;-0.3;0.3;0.13;3.3;1.4;2.39;250;51;95;55;88323;0.06;0;0.37;0.38
1986;12;12;346;2.2;-2.3;-5.4;-2.5;-4.7;-6.9;0;0.4;0.13;3.3;1.4;2.27;233;48;90;62;87842;0.05;0;0.37;0.38
1986;12;13;347;3.9;-2.3;-6.4;-3.6;-6.6;-9.6;0.1;0.9;0.12;3.3;1.4;2.12;271;55;109;58;87013;0.03;0.1;0.36;0.38
1986;12;14;348;0.6;-1.5;-2.7;-1.4;-3.6;-6.1;0.2;0.4;0.17;3.3;1.4;3.96;107;20;31;12;86981;0.04;7.24;0.36;0.38
1986;12;15;349;-0.5;-3.4;-7.3;-3;-5.5;-10.5;0.2;0.5;0.35;3.3;1.4;9.55;191;38;95;45;87037;0.19;0.84;0.36;0.38
1986;12;16;350;-0.7;-3.2;-5.2;-3.3;-7;-9.6;1.8;0.9;0.4;3.3;1.3;11.91;172;31;93;38;86761;0.56;5.08;0.36;0.38
1986;12;17;351;-3.2;-4.9;-7.3;-4.7;-7;-9.1;1.3;0.8;0.49;3.3;1.3;21.46;41;7;62;18;87249;0.16;13.41;0.36;0.38
1986;12;18;352;1.1;-1.7;-6;-2.1;-5.1;-9.4;1;1.7;0.52;3.3;1.3;27.71;58;12;40;15;86797;0.35;5.51;0.36;0.38
1986;12;19;353;1.7;-2.5;-5.7;-0.9;-5.3;-8.6;3;0.3;0.52;3.3;1.3;36.02;90;16;66;21;85858;0.6;22.49;0.37;0.38
1986;12;20;354;-5;-6.2;-8.4;-7.8;-9.2;-12.1;2.3;0.5;0.53;3.3;1.3;47.24;56;13;73;29;86413;0.25;8.73;0.37;0.38
1986;12;21;355;-5.7;-8.6;-12.3;-9.6;-12.1;-15.1;1.3;0.9;0.53;3.2;1.3;54.44;119;25;73;50;86286;0.12;2.99;0.37;0.38
1986;12;22;356;-7.4;-9.9;-12.9;-9.9;-12.2;-15.4;1.3;0.3;0.53;3.2;1.3;58.66;60;12;29;13;86458;0.05;7.43;0.37;0.38
1986;12;23;357;-8.7;-10.9;-13.3;-12.9;-14.2;-16.7;1.5;0.6;0.53;3.2;1.3;63.55;104;22;60;33;86984;0.16;2.85;0.37;0.38
1986;12;24;358;-10.3;-11.6;-14.6;-12.4;-13.4;-16.1;0.8;-0.2;0.53;3.2;1.3;68.87;94;18;61;23;87670;0.01;5.52;0.37;0.38
1986;12;25;359;-9.6;-14.4;-18.6;-16.6;-18.3;-20.6;0.1;1.2;0.53;3.2;1.3;71.07;147;31;89;39;87545;0.01;0.35;0.37;0.38
1986;12;26;360;-3.3;-6.9;-13.1;-5.1;-9.3;-16.5;1.1;0.7;0.53;3.2;1.3;74.12;40;9;26;0;86506;0;8.71;0.37;0.38
1986;12;27;361;-4.6;-5.9;-6.8;-6.6;-7.9;-9.3;1.9;-0.1;0.54;3.2;1.3;86.65;43;10;43;17;86840;0.14;13.89;0.37;0.38
1986;12;28;362;-1.7;-3.8;-6.3;-5.6;-6.7;-8.1;2.5;0.8;0.54;3.2;1.3;100.49;27;6;28;11;87344;0.26;11.02;0.36;0.38
1986;12;29;363;1.6;0.7;-1.7;-1.4;-2.5;-5.4;2.8;1;0.53;3.2;1.3;107.35;65;13;31;12;87383;0.3;4.83;0.36;0.38
1986;12;30;364;3.2;0.2;-4.4;-1.6;-3.3;-7.3;1.8;1;0.51;3.2;1.3;106.81;137;27;81;46;87160;0.25;0.36;0.37;0.38
1986;12;31;365;2;0.3;-1.4;-2;-2.8;-4.2;2;0.9;0.49;3.2;1.3;108.17;125;23;55;25;86945;0.33;8.66;0.37;0.38
1987;1;1;1;3.4;1.4;-0.3;1.1;-1.1;-2.7;1.3;1.2;0.48;3.1;1.3;111.7;41;8;26;6;86963;0.18;17.26;0.37;0.38
1987;1;2;2;2.6;-0.8;-3.3;-0.1;-2.8;-4.6;2.3;0.2;0.48;3.1;1.3;112.52;90;20;61;36;86278;0.45;9.31;0.39;0.38
1987;1;3;3;-3.1;-5.7;-11.8;-4.5;-6.9;-12.9;0.7;-0.5;0.51;3.1;1.3;122.61;71;14;64;32;86923;0.19;8.19;0.38;0.38
1987;1;4;4;-5.9;-9.1;-11.9;-10.1;-12;-14.8;1;0.7;0.52;3.1;1.3;126.64;120;23;82;31;87748;0.07;2.25;0.38;0.38
1987;1;5;5;0.4;-3.2;-9.5;-3.1;-6.1;-13.3;2;0.9;0.52;3.1;1.3;130.78;67;13;46;11;86827;0.05;7.75;0.38;0.38
1987;1;6;6;-2;-3.7;-5.4;-4.5;-5.9;-7.4;2.5;0.1;0.53;3.1;1.3;142.99;90;16;65;26;86261;0.3;17.35;0.38;0.38
1987;1;7;7;-5.9;-9.2;-13.7;-7.7;-10.9;-15.6;0.5;-1;0.54;3.1;1.3;159.24;75;15;47;22;86929;0.26;10.66;0.38;0.38
1987;1;8;8;-11.8;-15;-21;-15.2;-18.2;-24.4;0.5;0.5;0.54;3.1;1.3;162.55;154;33;91;66;87463;0.02;0.18;0.38;0.38
1987;1;9;9;-8.9;-14.8;-21.7;-13.7;-18.7;-25.4;0.3;1.5;0.53;3.1;1.3;162.71;96;20;60;15;86681;-0.01;0.4;0.38;0.38
1987;1;10;10;-4.6;-8.8;-13.3;-8.1;-11.2;-15.1;-0.1;0.4;0.53;3.1;1.2;163.67;77;17;19;5;85788;-0.03;3.09;0.38;0.38
1987;1;11;11;-8.7;-14.9;-20.3;-10;-17.1;-23.3;-0.3;-1.5;0.54;3.1;1.2;171.67;40;7;16;8;85886;0.21;10;0.38;0.38
1987;1;12;12;-19.9;-21.5;-26.3;-23.6;-25.4;-29.5;0.8;-0.1;0.54;3;1.2;176.33;133;25;89;45;86237;0.11;0.59;0.37;0.38
1987;1;13;13;-12.7;-21.2;-29;-20.3;-26.3;-32.5;-0.2;1.5;0.53;3;1.2;176.42;140;31;59;35;85850;0;0;0.37;0.38
1987;1;14;14;-9;-14.3;-20.4;-12.9;-18.1;-23.7;-0.5;1.4;0.53;3;1.2;176.52;105;22;29;11;85442;0;0.22;0.37;0.38
1987;1;15;15;-8.5;-10.6;-12.5;-12.3;-13.3;-14.7;0.2;-0.2;0.53;3;1.2;177.12;103;22;64;24;85272;0;0.59;0.37;0.38
1987;1;16;16;-7.1;-11;-15.6;-11.7;-14.4;-18.8;-0.1;0.3;0.53;3;1.2;177.45;133;28;47;32;86714;0;0.15;0.37;0.38
1987;1;17;17;-7.9;-10.5;-15.3;-9.9;-12.9;-17.6;-0.3;0.1;0.52;3;1.2;177.62;135;30;55;36;87750;-0.06;0.27;0.37;0.38
1987;1;18;18;-6.8;-9.1;-11.2;-9.1;-11.3;-13.3;-0.3;0;0.52;3;1.2;178.09;135;29;50;28;87578;-0.05;0.4;0.37;0.38
1987;1;19;19;-5.1;-7.8;-10.4;-7.9;-10.1;-12.9;-0.1;0;0.52;3;1.2;178.45;156;33;55;34;87598;-0.05;0.14;0.37;0.38
1987;1;20;20;-4;-8;-13.2;-7.1;-10.3;-14.9;-0.3;0.4;0.51;3;1.2;178.61;156;35;72;42;88002;-0.05;0.02;0.37;0.38
1987;1;21;21;-2.9;-9.7;-15.1;-8.1;-13.2;-18.2;-0.1;0.9;0.51;3;1.2;178.72;181;41;90;58;88257;-0.05;0;0.37;0.38
1987;1;22;22;-2.4;-10.1;-17.7;-8.7;-15;-21.1;0;1.1;0.51;3;1.2;178.77;162;36;64;44;88320;-0.03;0;0.37;0.38
1987;1;23;23;-0.5;-7.8;-15.7;-5.6;-12;-18.9;0.4;1;0.5;3;1.2;179.1;173;39;61;26;88153;-0.05;3.09;0.37;0.38
1987;1;24;24;-1.5;-2.8;-4.2;-2.9;-3.7;-5.3;0.5;-0.1;0.52;3;1.2;186.26;63;12;26;0;88311;-0.05;6.04;0.37;0.38
1987;1;25;25;1;-4.2;-9.3;-3.8;-7;-12.2;0.5;0.7;0.52;3;1.2;188.02;162;38;87;55;88025;0;0;0.36;0.38
1987;1;26;26;-1.6;-6;-11.1;-5.1;-9.4;-14.8;1.4;0.2;0.52;3;1.2;188.57;149;35;65;42;86726;-0.07;3.16;0.36;0.38
1987;1;27;27;-1.9;-5.4;-10;-5.4;-7.6;-12.7;-0.1;0;0.52;3;1.2;191.74;176;40;80;53;86242;0.03;0.57;0.36;0.38
1987;1;28;28;-3.4;-7.2;-11.9;-5.4;-9.6;-14.7;0.6;0.1;0.52;3;1.2;192.9;136;27;53;22;85931;-0.07;3.86;0.36;0.38
1987;1;29;29;-6.4;-8;-11.4;-7.6;-9.8;-12.7;0.3;-1;0.53;3;1.2;196.52;132;26;46;25;86390;0.16;1.6;0.36;0.38
1987;1;30;30;-7.8;-12.1;-15.4;-13.6;-15.4;-18.4;-0.9;0.1;0.52;3;1.2;197.23;206;48;95;74;86791;0.02;0.06;0.36;0.38
1987;1;31;31;-3.7;-12.7;-20.4;-10.7;-17.3;-22.9;0;1.1;0.52;3;1.2;197.23;212;50;93;68;87093;-0.03;0;0.36;0.38
1987;2;1;32;-2.1;-12.2;-19.6;-9.1;-17;-22.9;0;1.3;0.52;3;1.2;197.29;214;51;89;62;87427;-0.05;0;0.36;0.38
1987;2;2;33;-0.5;-12.1;-20.3;-8.2;-16.7;-23;0.1;1.5;0.52;3;1.2;197.31;219;52;90;57;87123;-0.02;0;0.36;0.38
1987;2;3;34;1.8;-7.8;-16.7;-6;-12.7;-19.1;0.1;1.3;0.51;3;1.2;197.33;220;51;73;40;87349;-0.04;0;0.36;0.38
1987;2;4;35;1.9;-5.3;-12.5;-6.3;-10.1;-14.8;-0.1;0.7;0.51;3;1.2;197.35;217;52;84;50;87732;0.01;0;0.36;0.38
1987;2;5;36;1.9;-5.4;-11.7;-4.6;-9.6;-14.6;0.2;0.8;0.5;3;1.2;197.36;226;54;90;60;87761;-0.02;0;0.36;0.38
1987;2;6;37;2;-5.8;-14;-4.7;-10;-16.3;0.5;1.1;0.5;3;1.2;197.37;216;53;81;49;87666;-0.01;0.01;0.36;0.38
1987;2;7;38;1.3;-1.3;-3.4;-0.7;-3.3;-6.8;1.7;0.3;0.5;3;1.2;200.66;48;11;34;3;87507;0.01;10.08;0.36;0.38
1987;2;8;39;1.9;-0.7;-4.7;-1.3;-3.8;-5.9;1.3;0.8;0.51;3;1.2;207.56;134;26;56;25;87864;0.25;2.46;0.36;0.38
1987;2;9;40;5.7;0.4;-4.4;0.2;-2.5;-5.4;0.5;1;0.5;3;1.2;207.23;169;40;86;45;87347;0.1;0.14;0.36;0.38
1987;2;10;41;5.6;-0.8;-6.4;-1;-3.8;-8.3;0.2;0.6;0.49;3;1.2;206.08;215;52;76;48;86351;0.23;0.12;0.36;0.38
1987;2;11;42;3.7;-0.6;-4.5;-0.6;-3.3;-6.1;-0.4;1.4;0.48;3;1.2;206.04;194;45;70;50;85610;0.12;0;0.36;0.38
1987;2;12;43;6.1;-0.4;-5.1;-0.3;-3.7;-7.4;-0.2;1.3;0.48;3;1.2;205.74;204;50;77;51;85577;0.2;0.02;0.36;0.38
1987;2;13;44;1;-1;-2.3;-1.1;-2.6;-4.4;0.1;-0.2;0.47;3;1.2;206.01;120;27;45;20;86164;0.05;0.88;0.36;0.38
1987;2;14;45;2.5;-0.3;-3;-0.6;-1.9;-4;0;0.1;0.47;3;1.2;206.68;203;49;65;33;86155;0.06;1.93;0.35;0.38
1987;2;15;46;0;-0.9;-2.3;-0.9;-1.7;-2.8;0.7;-0.2;0.48;3;1.2;213.2;85;21;17;8;86191;0.18;10.7;0.36;0.38
1987;2;16;47;-2.1;-3.4;-5;-3;-4.8;-5.9;0.3;-1.1;0.5;3;1.2;219.63;137;31;30;20;86194;0.48;5.68;0.35;0.38
1987;2;17;48;-3.3;-4.9;-6.2;-5.7;-6.3;-7.1;-0.4;-1;0.51;3;1.2;223.79;121;28;31;17;86160;0.2;4.25;0.35;0.38
1987;2;18;49;-2.5;-5;-6.7;-5.8;-6.8;-7.7;0.5;-0.6;0.52;3;1.2;228.49;162;38;36;19;86115;0.16;4.51;0.35;0.38
1987;2;19;50;-4.3;-5.7;-6.9;-5.9;-7.1;-8.4;-0.5;-0.9;0.53;3;1.2;233.23;115;25;44;18;86177;0.14;4.79;0.35;0.38
1987;2;20;51;-1;-3.9;-6.8;-2.9;-5.3;-8.3;0;-0.2;0.53;3;1.2;237.06;187;45;54;26;85809;-0.04;3.97;0.35;0.38
1987;2;21;52;-0.5;-3.3;-4.8;-4.3;-5;-5.8;0.5;-0.2;0.53;3;1.2;242.86;188;40;48;24;86201;0.09;6.01;0.35;0.38
1987;2;22;53;-1.9;-4.5;-7.1;-4.7;-6.8;-8.2;0.6;-0.3;0.53;3;1.2;245.76;184;50;61;37;86892;0.2;0.64;0.35;0.38
1987;2;23;54;-3.7;-5.9;-7.8;-6.2;-7.7;-9;0.5;-0.4;0.53;3;1.2;247.67;105;25;44;16;87292;0.15;4.03;0.35;0.38
1987;2;24;55;-3.6;-7.4;-10.9;-9;-10.4;-13.3;-0.8;0;0.53;3.1;1.2;249.9;250;68;92;68;87099;0.13;0.03;0.35;0.38
1987;2;25;56;2.2;-6.5;-14.7;-5.4;-11.1;-17;0;0.8;0.53;3.1;1.3;249.85;264;68;92;63;87014;0.03;0;0.35;0.38
1987;2;26;57;1.3;-3.5;-10.6;-1.2;-5.3;-12.8;0.4;0.7;0.53;3.1;1.3;252.19;122;28;38;3;87518;-0.09;7.4;0.35;0.38
1987;2;27;58;2.1;0.1;-2.2;-0.6;-1.7;-3.4;0.7;1;0.52;3.1;1.3;259.97;91;25;37;13;87477;0.04;9.13;0.35;0.38
1987;2;28;59;1.4;0.4;-0.6;0.7;-0.6;-1.7;1.3;0.6;0.51;3.1;1.3;267.89;69;18;25;7;87222;0.07;25.8;0.36;0.38
1987;3;1;60;1.5;0.2;-1.1;0.3;-0.9;-2.7;0.9;0.8;0.5;3.1;1.3;273.62;98;22;37;12;87649;0.09;15.67;0.37;0.38
1987;3;2;61;4;1.3;-1.3;0.9;-0.6;-3;1.8;0.7;0.49;3.1;1.3;274.73;95;21;35;10;86458;0.1;23.92;0.38;0.38
1987;3;3;62;-1.8;-6.6;-13.9;-3.1;-8.8;-17;0.6;-1.1;0.51;3.1;1.3;281.94;134;32;78;29;86828;1.03;11.68;0.39;0.38
1987;3;4;63;-6.5;-11.1;-18.5;-13.1;-15.7;-20.6;-0.1;0.1;0.52;3.1;1.3;285.77;313;83;108;66;87170;0.29;0.98;0.39;0.38
1987;3;5;64;-6;-9.5;-12.8;-12.5;-13.9;-16.7;-0.2;-0.5;0.52;3.1;1.3;288.33;245;68;89;49;87474;0.21;2.13;0.39;0.39
1987;3;6;65;-7.4;-12.8;-20.3;-14.4;-17.6;-23;0.1;0.1;0.52;3.1;1.3;288.63;295;73;79;62;87839;0.13;0.5;0.38;0.39
1987;3;7;66;-7.6;-12.1;-19.1;-15;-17.4;-21.4;-0.4;0.2;0.52;3.2;1.3;288.99;308;87;100;72;87582;0.07;0.08;0.38;0.39
1987;3;8;67;-3.2;-10.6;-19.3;-10.1;-15.7;-22.3;-0.5;0.4;0.51;3.2;1.3;288.93;321;91;100;73;87281;0.02;0;0.38;0.39
1987;3;9;68;-4.3;-10.4;-17.3;-10.8;-14.7;-20.3;-0.7;0.1;0.51;3.2;1.3;288.94;326;92;100;75;87319;0.01;0;0.38;0.39
1987;3;10;69;-2.5;-8.5;-15.6;-8.3;-12.3;-18.8;-1;0.1;0.51;3.2;1.3;288.94;327;92;98;72;87527;-0.01;0;0.38;0.39
1987;3;11;70;-3.2;-8.6;-16;-8.8;-11.9;-18;-0.8;0;0.5;3.2;1.3;288.92;300;85;83;63;87553;0.06;0;0.38;0.39
1987;3;12;71;-1.9;-8.3;-16.6;-7.4;-12;-19.2;-0.3;0.2;0.5;3.2;1.3;288.9;324;94;105;75;87650;0.02;0;0.38;0.39
1987;3;13;72;-0.6;-7.8;-16.8;-6.9;-11.6;-19.2;0;0.3;0.5;3.2;1.3;288.93;325;89;92;60;87272;0.07;0.21;0.38;0.39
1987;3;14;73;-2.1;-7.2;-12.8;-8.4;-11.2;-15;-0.5;-0.2;0.49;3.2;1.3;289.02;324;91;96;65;87178;0.13;0.04;0.37;0.39
1987;3;15;74;-1.4;-7.7;-15.1;-8.7;-12.5;-17.2;1.2;0.5;0.49;3.2;1.3;288.9;344;95;100;68;87204;0.25;0.22;0.37;0.39
1987;3;16;75;-4.6;-6.9;-9.3;-7.8;-9.6;-11.5;1.9;-0.1;0.52;3.2;1.3;296.82;194;51;66;27;86540;0.21;13.39;0.37;0.39
1987;3;17;76;-2.3;-6.1;-10.4;-7;-9.8;-12.5;1.6;0.6;0.53;3.3;1.3;304.09;208;55;37;22;86694;0.28;4.03;0.37;0.39
1987;3;18;77;2.6;-2;-8.4;-4.1;-6.5;-11.1;1;0.3;0.53;3.3;1.3;306.03;320;90;85;49;86100;0.12;2.6;0.37;0.39
1987;3;19;78;-0.4;-2.4;-4.1;-4;-5.7;-7;0.9;-0.2;0.53;3.3;1.3;313.76;257;70;73;35;85721;0.35;10.53;0.37;0.39
1987;3;20;79;-4;-6;-10.6;-6.7;-9;-13.6;1.5;0.1;0.53;3.3;1.3;320.75;173;49;76;44;85973;0.39;4.49;0.37;0.39
1987;3;21;80;0.6;-7.6;-16.3;-11.9;-16.2;-19.4;-0.1;1;0.53;3.3;1.3;322.6;351;105;111;88;86641;0.26;0;0.37;0.39
1987;3;22;81;-0.3;-5.7;-13.5;-6.1;-10;-16.5;0.7;0.9;0.53;3.3;1.3;322.82;236;68;68;42;87046;0.11;1.07;0.37;0.39
1987;3;23;82;2.1;-5;-12.1;-3.7;-9.2;-14.3;0.6;1.1;0.53;3.3;1.3;323.44;297;81;77;52;87358;0.1;0.27;0.37;0.39
1987;3;24;83;4.6;-0.1;-5.4;-0.5;-3.6;-7.1;0.4;0.8;0.52;3.4;1.4;324.18;234;65;61;23;86939;0.01;0.91;0.36;0.39
1987;3;25;84;8.1;0.9;-7.2;1.8;-3.3;-8.6;0.1;0.7;0.51;3.4;1.4;323.8;334;91;78;44;86700;0.15;0.06;0.36;0.39
1987;3;26;85;5.9;1.6;-2.1;2.1;-0.3;-3.5;0.6;0.3;0.49;3.4;1.4;321.38;233;64;48;18;87165;-0.11;1.09;0.37;0.39
1987;3;27;86;11.6;3.6;-2.6;2.4;-0.1;-2.9;-0.1;1.2;0.47;3.4;1.4;315.64;320;89;69;33;86893;0;0.02;0.37;0.39
1987;3;28;87;3;0.6;-1.7;1.3;-0.8;-3.1;0.7;0.7;0.47;3.4;1.4;310.96;98;26;38;16;85972;0.03;12.13;0.38;0.39
1987;3;29;88;0.3;-2.3;-4.5;-2.7;-4.3;-6.1;0.9;-0.5;0.49;3.4;1.4;315.38;255;78;62;44;86272;0.62;8.92;0.38;0.39
1987;3;30;89;-1.6;-4.6;-6.9;-5.1;-6.7;-8.6;0.7;-0.9;0.51;3.4;1.4;322.9;292;74;69;44;87530;0.61;6.24;0.38;0.39
1987;3;31;90;-2.8;-5.6;-8.1;-6.9;-8.8;-10.1;0.1;-0.6;0.52;3.5;1.4;327.63;241;71;52;35;87587;0.4;3.31;0.38;0.39
1987;4;1;91;-0.7;-4.3;-7.8;-5.2;-7.2;-9.1;0;0;0.52;3.5;1.4;330.24;219;66;77;33;86770;0.14;1.87;0.38;0.39
1987;4;2;92;1.7;-4.1;-12.7;-3.7;-8.1;-15.2;-0.2;0.4;0.52;3.5;1.4;330.62;355;101;95;67;85771;0.13;0;0.38;0.39
1987;4;3;93;6.4;-0.8;-9.1;-0.6;-5.5;-12.4;-0.7;1.6;0.51;3.5;1.4;330.53;372;112;93;58;85855;0.08;0.05;0.38;0.39
1987;4;4;94;8.9;2.6;-2.6;1.7;-0.6;-4.6;-0.1;1.3;0.5;3.5;1.4;328.9;332;95;91;48;85880;-0.1;6.16;0.38;0.39
1987;4;5;95;6.2;2.6;-2.1;-0.4;-3.5;-5.8;0.9;0.2;0.49;3.5;1.4;327.13;392;124;114;64;86616;0.62;2.51;0.39;0.39
1987;4;6;96;6.4;2.8;-2.1;-0.3;-2.2;-5.2;1;0.5;0.47;3.5;1.4;323.17;347;111;82;54;87218;0.34;0.92;0.39;0.39
1987;4;7;97;12.3;3.5;-5.3;1;-3.3;-6.7;-0.2;0.8;0.45;3.6;1.4;317.39;411;130;96;70;87174;0.28;0.05;0.39;0.39
1987;4;8;98;10.6;5;-1.3;5.5;1.7;-3.1;0;0.3;0.44;3.6;1.4;308.47;382;96;67;24;86860;-0.15;6.88;0.4;0.39
1987;4;9;99;11.4;6;3.2;4.4;3.1;1.6;0.1;0.3;0.43;3.6;1.4;291.44;405;107;75;18;86450;-0.15;14.11;0.41;0.39
1987;4;10;100;2.7;1.7;-0.1;2.6;1.4;-0.3;1.2;0;0.45;3.6;1.4;281.37;77;22;13;2;86673;-0.16;33.71;0.42;0.4
1987;4;11;101;4.7;0.8;-3.9;-0.5;-3.1;-6.4;1;0;0.47;3.6;1.4;279.81;319;109;89;53;87000;0.59;1.92;0.42;0.41
1987;4;12;102;2.1;-0.9;-4.3;-1.6;-3.9;-6.5;1.4;0;0.46;3.6;1.4;278.6;277;71;62;34;86948;0.68;3.39;0.42;0.41
1987;4;13;103;1.2;-1;-3.4;-4.3;-5;-5.8;0.3;-0.7;0.47;3.6;1.4;281.17;299;82;54;35;87719;0.76;2.52;0.41;0.41
1987;4;14;104;3;0.3;-2.7;-0.8;-3.6;-6;-0.4;0;0.46;3.7;1.5;281.25;315;98;68;47;88214;0.38;0.91;0.41;0.41
1987;4;15;105;4.3;1.4;-3.3;0;-2.5;-5.1;-0.1;-0.1;0.44;3.7;1.5;279.7;310;103;84;44;88301;0.33;0.9;0.4;0.41
1987;4;16;106;7.7;2.9;-4.3;1.1;-1.3;-5.5;0.4;0.3;0.43;3.7;1.5;275.54;390;122;68;54;88180;0.28;0.02;0.4;0.41
1987;4;17;107;8.8;4.2;-2.4;3.6;0.3;-3.9;0.5;0.2;0.42;3.7;1.5;266.08;397;126;75;52;88121;0.11;0.05;0.41;0.41
1987;4;18;108;12.2;5.1;-3.9;4.4;0.3;-5.2;0.7;0.6;0.42;3.7;1.5;251.83;491;162;100;72;88017;-0.01;0;0.41;0.41
1987;4;19;109;10.9;5.3;-2.5;6.7;1.4;-4.2;0.7;0.7;0.41;3.7;1.5;235.43;446;138;84;53;87875;-0.18;3.1;0.42;0.41
1987;4;20;110;7;3.8;0;4.1;1.9;-1.6;1;0.7;0.4;3.8;1.5;222.23;213;58;44;17;87530;-0.2;11.99;0.43;0.41
1987;4;21;111;3.6;1;-2.8;2;0;-4.1;1.3;-0.2;0.42;3.8;1.5;211.72;381;116;69;42;87622;0.18;10.35;0.43;0.42
1987;4;22;112;5.9;1.3;-4.7;0.3;-2.4;-6.1;-0.4;-0.1;0.41;3.8;1.5;206.01;393;134;88;66;88112;0.44;0.44;0.42;0.42
1987;4;23;113;9.6;3.8;-5.7;1.9;-1.5;-7;-0.1;0.3;0.4;3.8;1.5;198.12;526;178;120;85;88204;0.45;0;0.42;0.42
1987;4;24;114;11.6;5.1;-4.7;3.7;-0.5;-6.4;0;0.4;0.38;3.8;1.5;186.52;538;182;102;77;87913;0.87;0;0.42;0.42
1987;4;25;115;13;6.6;-3.7;5.6;0.8;-5.4;0.6;0.4;0.35;3.8;1.5;173.8;566;190;105;72;87595;1.01;0.45;0.42;0.42
1987;4;26;116;8.8;6.4;3.3;5.7;4.2;2.3;0.9;0.3;0.33;3.9;1.5;161.87;315;86;35;12;87618;0.42;6.08;0.42;0.42
1987;4;27;117;8.4;5.6;0.3;6.8;4.2;-0.3;-0.2;-0.3;0.32;3.9;1.5;149.53;399;120;67;31;87921;0.69;8.83;0.42;0.42
1987;4;28;118;12.2;5.5;-3.6;2.5;-0.1;-4.6;-0.8;0.5;0.32;3.9;1.5;138.9;607;208;118;89;88315;1.42;0;0.42;0.43
1987;4;29;119;16.4;8.6;-2.4;7.7;2.1;-4.2;0;0.5;0.31;3.9;1.6;126.9;597;205;106;75;88229;1.2;0;0.41;0.43
1987;4;30;120;15.5;9;0.1;10;4.8;-1.6;0.5;0.4;0.31;3.9;1.6;112.54;574;169;88;40;87880;0.9;4.18;0.41;0.43
1987;5;1;121;15;10;4.8;8.9;5.9;4;0;0.4;0.3;3.9;1.6;96.73;510;155;73;37;87643;1.03;1.05;0.41;0.43
1987;5;2;122;15.2;8.9;0.7;8.2;4.7;0.3;0.7;0.6;0.3;4;1.6;83.08;530;182;82;52;87206;1.35;3.85;0.41;0.43
1987;5;3;123;10;4.9;-1.7;8.4;3.8;-2.6;0.5;-0.1;0.3;4;1.6;72.89;391;94;42;18;86745;0.88;22.46;0.41;0.43
1987;5;4;124;1.7;-0.6;-2.4;-0.2;-2.3;-3.9;0.2;-0.8;0.46;4;1.6;81.33;278;74;39;17;86603;0.92;16.9;0.4;0.43
1987;5;5;125;3.8;1.4;-1.6;2;0.2;-1.8;0.5;-0.3;0.49;4;1.6;87.83;209;64;54;12;87036;0.26;8.59;0.4;0.43
1987;5;6;126;3.3;2;0.4;2.7;1.7;0.1;0.8;-0.6;0.45;4;1.6;84.17;87;23;5;1;87337;0.05;16.91;0.4;0.43
1987;5;7;127;3.5;1;-1.8;2.5;0.3;-2.2;0.4;-0.6;0.45;4;1.6;85.21;290;89;51;24;87631;0.45;8.88;0.41;0.43
1987;5;8;128;7.1;3.9;0.2;1.1;0.2;-2.2;0.2;-0.3;0.41;4.1;1.6;81.2;364;123;78;40;87842;1.08;1.42;0.41;0.43
1987;5;9;129;12.7;6.3;-3.8;3.5;-1.3;-5;-0.1;0.4;0.36;4.1;1.6;74.43;577;202;111;83;87618;1.78;0;0.41;0.43
1987;5;10;130;14.9;7.2;-2.4;4.3;0.4;-5.3;1.2;0.8;0.32;4.1;1.6;66.58;607;199;111;65;87053;2.09;4.77;0.41;0.43
1987;5;11;131;9.1;6;3;5.6;3.6;1.8;0.8;-0.4;0.3;4.1;1.6;57.97;450;135;56;29;86994;1.34;5.42;0.41;0.43
1987;5;12;132;11.7;6.6;3;4.3;3.1;1.5;1;0.1;0.27;4.1;1.6;50.87;542;156;88;31;86475;1.87;7.88;0.41;0.43
1987;5;13;133;4.7;1.9;-1.5;3.4;1.3;-2.8;0.9;-0.1;0.29;4.1;1.7;48.64;185;53;40;18;86294;1.08;21.13;0.42;0.43
1987;5;14;134;6;1.9;-3.5;-0.9;-2.5;-4.7;0.7;-0.1;0.34;4.2;1.7;51.07;507;181;98;65;86804;1.99;1.78;0.42;0.43
1987;5;15;135;10.8;4.7;-2.2;3.9;-0.3;-4;0.2;0.2;0.3;4.2;1.7;48.09;448;155;86;46;86472;1.68;4.33;0.41;0.43
1987;5;16;136;5;2.2;-2.3;3.7;1.2;-3.4;0.8;-0.1;0.31;4.2;1.7;46.75;339;113;83;39;86874;1.5;10.79;0.41;0.43
1987;5;17;137;12;4.7;-4.6;3.5;-0.1;-5.4;-0.3;-0.1;0.28;4.2;1.7;43.74;642;214;101;65;87181;1.97;0.06;0.41;0.43
1987;5;18;138;11.4;6.8;1.8;7.7;4.1;-0.3;0;-0.1;0.26;4.2;1.7;38.97;536;169;91;43;86904;1.64;10.92;0.41;0.43
1987;5;19;139;10.8;5.9;1.2;6.9;4.8;0.7;0.5;0.1;0.25;4.2;1.7;34.08;483;121;81;28;87106;1.54;19.39;0.41;0.43
1987;5;20;140;5.6;3.5;-0.7;5.2;3.1;-0.9;1.2;-0.1;0.25;4.2;1.7;30.49;174;45;23;7;87342;1.09;19.25;0.42;0.43
1987;5;21;141;3.6;0.1;-2.4;0;-1.6;-3.5;1.7;0.1;0.3;4.2;1.7;32.38;438;129;64;41;87169;1.83;7.83;0.42;0.43
1987;5;22;142;5.6;1.6;-2.7;2.7;-0.3;-3.9;0.4;-0.4;0.31;4.2;1.7;33.19;496;165;74;49;87010;1.67;4.99;0.42;0.43
1987;5;23;143;7.8;3.5;-2.8;1.9;0.1;-4;-0.3;-0.4;0.29;4.3;1.7;30.27;493;187;82;69;87153;1.68;0;0.41;0.43
1987;5;24;144;11.1;6.4;-1.2;4.7;2.3;-2.4;-0.4;-0.4;0.27;4.3;1.7;25.65;581;203;94;64;87164;1.84;0.09;0.41;0.43
1987;5;25;145;10.8;6.4;0.6;7.8;4;-0.6;0.3;0.4;0.25;4.3;1.7;20.55;478;165;80;53;87592;1.9;9.28;0.41;0.43
1987;5;26;146;14.3;8.4;-0.8;6.7;3.3;-1.4;-0.2;0.1;0.24;4.3;1.7;14.89;679;234;103;70;87491;2.69;0.06;0.41;0.43
1987;5;27;147;11.5;7.9;3.4;8.6;5.9;2;0.7;0.8;0.22;4.3;1.7;9.67;342;109;54;29;87313;1.61;8.65;0.41;0.43
1987;5;28;148;10.8;6.9;1.8;6.6;4.9;1.6;1;0.1;0.18;4.3;1.7;5.84;461;165;77;38;87446;2.52;6.2;0.41;0.43
1987;5;29;149;11.4;6.6;3;7.9;5.1;2.7;1;-0.2;0.15;4.3;1.7;3.03;519;165;67;33;87710;2.84;10.31;0.41;0.43
1987;5;30;150;9.6;6.5;2.8;3.3;2.1;1.2;0.9;-0.7;0.13;4.3;1.7;1.68;473;167;67;39;87981;2.74;1.77;0.41;0.43
1987;5;31;151;13.1;8.1;3.9;8;4.9;1.6;0.3;0;0.13;4.3;1.7;0.91;576;148;86;35;87593;1.94;8.86;0.4;0.43
1987;6;1;152;10.8;7.2;3.6;8.4;6;3.4;1;0;0.12;4.3;1.7;0.44;449;148;73;29;87780;2.96;15.38;0.41;0.43
1987;6;2;153;12.7;8.1;1.2;6.6;4.2;0.9;0.7;0.2;0.12;4.3;1.7;0.22;543;209;89;58;87739;3.06;0.55;0.41;0.43
1987;6;3;154;13.8;8.6;4.7;9.7;6.3;3.2;0.4;0.7;0.12;4.4;1.8;0.1;424;105;59;30;87267;1.63;4.25;0.4;0.42
1987;6;4;155;9.1;6;3.9;8.8;5.7;3.6;0.7;0.7;0.12;4.4;1.8;0.06;104;32;30;14;86844;1.02;20.86;0.4;0.42
1987;6;5;156;12;7.7;3.8;6.2;4.8;3;1.5;0.4;0.12;4.4;1.8;0.03;540;186;80;43;87216;3;3.11;0.41;0.42
1987;6;6;157;17.8;11.5;2;9.1;5.7;1;0.6;0.3;0.12;4.4;1.8;0;768;252;110;70;87609;3.85;0.06;0.4;0.42
1987;6;7;158;18.6;11.9;5.9;12.9;9.6;4.8;0;0.3;0.12;4.4;1.8;0;605;171;70;39;87356;2.68;10.36;0.4;0.42
1987;6;8;159;10.1;6.8;4.3;9.9;6.5;4;0.4;0.5;0.12;4.4;1.8;0.01;105;45;39;19;86824;1.57;18.04;0.41;0.42
1987;6;9;160;9.5;6.7;3.3;5.7;4.1;2.4;-0.1;-0.3;0.12;4.4;1.8;0.01;359;130;55;33;86719;2.22;6.67;0.41;0.42
1987;6;10;161;12.1;7.9;3.9;6.5;4.8;2.9;0.1;0;0.12;4.4;1.8;0;649;183;82;47;87189;3.05;4.21;0.41;0.42
1987;6;11;162;17.2;11;1.2;9.2;5.1;0.1;0.1;0.2;0.12;4.4;1.8;0;769;259;113;78;87685;3.97;0.16;0.41;0.42
1987;6;12;163;18.9;12.1;4.1;12;7.9;3;0.3;0.4;0.12;4.4;1.8;0;701;234;103;63;87780;3.8;3.58;0.4;0.42
1987;6;13;164;21.7;14.1;4.2;14.7;10.4;4;0.2;0.5;0.12;4.4;1.8;0;752;262;115;72;87291;4.27;6.64;0.39;0.42
1987;6;14;165;15.2;12.7;8.8;12.1;11;8.4;-0.4;-0.5;0.12;4.4;1.8;0;351;118;45;30;87176;2.14;5.24;0.4;0.42
1987;6;15;166;18.5;10.9;5;12.2;9.1;4.8;0.9;0.3;0.12;4.5;1.8;0;521;156;70;36;86510;3.27;25.66;0.4;0.42
1987;6;16;167;6.8;5.3;3.8;5.1;2.8;0.6;2.2;0.4;0.12;4.5;1.8;0;385;125;57;29;87145;3.48;7.81;0.41;0.42
1987;6;17;168;7.9;5.1;1.9;5;2.1;0.1;1.5;0.2;0.12;4.5;1.8;0.02;493;177;88;52;87541;3.24;7.26;0.41;0.42
1987;6;18;169;8.4;4.7;2.5;5.8;2.9;0.3;1.4;0.7;0.13;4.5;1.8;0.25;430;112;61;31;87225;2.51;9.5;0.41;0.42
1987;6;19;170;14.3;8;0;5.7;2.9;-1.2;-0.1;-0.1;0.12;4.5;1.8;0.16;711;227;112;62;86713;3.44;3.07;0.41;0.42
1987;6;20;171;11.2;8;4.9;7.2;5.7;4.1;0.7;0.1;0.12;4.5;1.8;0.05;447;159;94;41;86704;3.02;9.08;0.41;0.42
1987;6;21;172;10.6;7.8;5.3;7.9;6.1;4.1;1.1;-0.2;0.12;4.5;1.8;0;518;153;66;31;87504;3.19;12.55;0.41;0.42
1987;6;22;173;12.5;8.4;4.4;7.9;6.1;4;0.6;0.1;0.12;4.5;1.8;0;585;204;82;53;87991;3.23;3.81;0.41;0.42
1987;6;23;174;14.2;9.5;3.3;9.7;6;2.3;1.1;0.4;0.12;4.5;1.8;0;590;209;88;57;88058;3.47;6.03;0.41;0.42
1987;6;24;175;15.1;10.8;6.7;10.6;8.6;6.5;1.4;0.3;0.12;4.5;1.8;0;619;183;81;37;87786;3.45;14.1;0.41;0.42
1987;6;25;176;15.9;11.7;8;9.4;7.9;6.5;0.7;-0.3;0.12;4.5;1.8;0;602;226;102;59;87764;3.84;5.11;0.41;0.42
1987;6;26;177;16;10.5;5.3;11.8;8.8;4.6;0.6;0.4;0.12;4.5;1.8;0;409;119;59;35;87490;2.24;25.86;0.41;0.42
1987;6;27;178;14.6;11.2;7.3;9.8;8;6.2;0.4;0;0.12;4.5;1.8;0;467;148;64;35;87956;2.69;1.63;0.42;0.42
1987;6;28;179;19.3;14.2;6.5;10.9;8.4;5.7;0;0.1;0.12;4.5;1.8;0;788;274;116;75;88367;4.46;0.01;0.41;0.42
1987;6;29;180;23;16.8;6.8;14.5;11.2;5.5;-0.4;0.1;0.12;4.5;1.8;0;787;287;113;80;88419;4.86;0;0.4;0.42
1987;6;30;181;23.3;17.9;10.3;18.1;13.9;9.3;0.4;0.4;0.12;4.5;1.9;0;686;238;95;60;88206;4.13;1.26;0.39;0.42
1987;7;1;182;21.2;16.3;12;16.3;14.4;11.4;0.4;0.4;0.12;4.6;1.9;0;589;181;94;42;87928;3.33;19.34;0.39;0.42
1987;7;2;183;19.4;15.6;13;16.9;14.7;12.5;0;-0.1;0.12;4.6;1.9;0;513;133;50;27;87978;2.41;9.5;0.4;0.42
1987;7;3;184;20.1;15;10.1;16.6;13.7;10;-0.2;0.1;0.12;4.6;1.9;0;502;148;60;31;87967;2.69;7.03;0.4;0.42
1987;7;4;185;20.7;16.1;9.9;15.5;13.1;9.7;-0.4;-0.1;0.12;4.6;1.9;0;696;207;86;51;87977;3.52;2.08;0.4;0.42
1987;7;5;186;18.5;14.8;9.1;13;11.9;9.1;-1;-0.6;0.12;4.6;1.9;0;612;215;87;60;88033;3.42;0.99;0.4;0.42
1987;7;6;187;21.7;15.8;8.1;14.9;12.3;8;-0.5;-0.1;0.12;4.6;1.9;0;757;258;109;74;87934;4.05;0.05;0.39;0.42
1987;7;7;188;20.3;15.5;10.1;15.1;12.9;9.2;0.4;0.6;0.11;4.6;1.9;0;500;185;80;53;87821;3.18;6.71;0.39;0.42
1987;7;8;189;19.6;14.5;10.9;15;12.9;10.1;0.7;0.2;0.11;4.6;1.9;0;574;176;97;40;87594;3.12;24.67;0.39;0.42
1987;7;9;190;15;12.2;10.9;12.5;11.1;9.5;0.5;-0.3;0.11;4.6;1.9;0;400;115;70;29;87766;2.51;23.98;0.41;0.42
1987;7;10;191;17.1;13.4;10;9.8;8.4;7;0.2;-0.7;0.11;4.6;1.9;0;628;223;105;58;88063;4.03;0.25;0.41;0.42
1987;7;11;192;21.9;15.9;7.6;16;10.4;6.7;-0.1;0.2;0.11;4.6;1.9;0;800;292;124;91;87863;4.83;0;0.4;0.42
1987;7;12;193;20.9;15.8;9.8;14.3;12;8.7;0.7;0.5;0.11;4.6;1.9;0;577;211;85;59;87723;3.77;3.12;0.4;0.42
1987;7;13;194;19.2;15.3;11.2;15.2;13.4;10.2;0.1;-0.2;0.11;4.6;1.9;0;566;189;79;48;87817;3.11;3.75;0.39;0.42
1987;7;14;195;22.1;16.6;9.3;17.4;13.4;9.2;-0.3;0.3;0.11;4.6;1.9;0;630;235;88;61;87776;4.16;0.45;0.39;0.42
1987;7;15;196;19.5;16.4;11.7;16.9;14.3;11.3;0.1;0.6;0.11;4.6;1.9;0;512;169;78;50;87676;2.99;9.35;0.39;0.42
1987;7;16;197;20.9;16.7;12.3;16.7;14.2;11.5;0;0.4;0.11;4.6;1.9;0;576;183;74;54;87120;3.03;3.67;0.39;0.42
1987;7;17;198;22.3;16.4;10.8;16.6;12;9.3;0.1;0.2;0.11;4.6;1.9;0;679;210;93;56;86552;4.39;10.03;0.38;0.42
1987;7;18;199;12.9;11.3;10.1;10.8;9.8;8.8;-0.1;-0.3;0.11;4.6;1.9;0;221;52;24;12;86853;1.84;7.85;0.39;0.42
1987;7;19;200;12.7;10.6;7.8;10.3;8.6;7;-0.3;0.3;0.11;4.6;1.9;0;342;107;63;34;87179;2.48;3.91;0.39;0.42
1987;7;20;201;14.4;11.3;6.1;11;8.1;5.4;0;0;0.11;4.6;1.9;0;448;122;79;34;87248;2.29;7.24;0.39;0.42
1987;7;21;202;11.9;10.3;8.8;9.8;8.5;7.8;-0.1;0.8;0.11;4.6;1.9;0;351;98;64;35;87408;2.47;9.6;0.4;0.42
1987;7;22;203;16.1;12.2;9;12.5;9.5;7.4;-0.4;-0.1;0.11;4.6;1.9;0;650;187;79;51;87565;2.87;3.52;0.39;0.42
1987;7;23;204;17.1;12.5;7;13.6;10.6;6.9;0.1;0.2;0.11;4.6;1.9;0;546;157;62;41;87734;2.75;5.64;0.39;0.41
1987;7;24;205;18.3;13.7;8.8;14.7;12.3;8.7;0.3;0.2;0.11;4.6;1.9;0;521;175;79;39;87636;3.06;12.05;0.39;0.41
1987;7;25;206;16;12.6;9.8;12.5;10.8;9;1;-0.1;0.11;4.6;1.9;0;430;139;67;34;87465;2.92;9.34;0.4;0.41
1987;7;26;207;9.6;7.4;3.8;9;6.4;3.4;1;-0.4;0.11;4.6;1.9;0;347;90;73;32;87451;2.86;22.7;0.41;0.41
1987;7;27;208;13.5;8.2;1.9;8.3;4.2;1.3;1.5;0.7;0.11;4.6;1.9;0;586;157;97;47;87509;3.24;11.38;0.41;0.41
1987;7;28;209;13.5;10.1;7;8;6.3;4.3;1.5;-0.5;0.11;4.6;1.9;0;514;174;80;40;87561;3.39;8.97;0.42;0.41
1987;7;29;210;15.8;12;8.4;11.6;9.1;6.2;0.2;0.1;0.11;4.6;1.9;0;568;157;74;40;87500;2.51;1.37;0.42;0.42
1987;7;30;211;16.5;11.8;7.7;12.6;10.2;6.8;0.6;0.4;0.11;4.6;1.9;0;404;127;73;41;87251;2.42;16.12;0.41;0.42
1987;7;31;212;13;10;6.9;10.9;8.9;6.3;0.8;-0.1;0.11;4.5;1.9;0;396;125;72;37;87566;2.64;9.74;0.42;0.42
1987;8;1;213;15.5;10.9;6.6;10.9;8.6;5.7;1.6;0.4;0.11;4.5;1.9;0;476;141;59;36;87503;3.15;8.06;0.42;0.42
1987;8;2;214;13.3;10.8;8.7;10;8.9;7.5;1.6;0.5;0.11;4.5;1.9;0;198;51;22;14;87400;1.66;9.53;0.42;0.42
1987;8;3;215;17.7;13.2;10.4;13.4;11.5;10;1.2;0.1;0.11;4.5;1.9;0;587;149;69;34;87418;2.69;10.85;0.43;0.42
1987;8;4;216;14.5;10.8;8.4;11.5;9.9;8.1;0.6;-0.2;0.11;4.5;1.8;0;378;87;47;22;87396;1.83;9.31;0.42;0.42
1987;8;5;217;8.7;6.2;2.6;7.3;4.8;1.9;1.2;-0.4;0.11;4.5;1.8;0;413;135;65;39;87489;3.47;19.61;0.43;0.42
1987;8;6;218;10;6.4;1.6;5.3;3.5;0.9;0.2;-0.4;0.11;4.5;1.8;0;528;179;74;54;87299;2.77;1.88;0.42;0.42
1987;8;7;219;9.8;7.8;4.3;8.6;6.6;4.2;-0.1;0.1;0.11;4.5;1.8;0;193;49;55;23;87195;1.11;6.32;0.42;0.42
1987;8;8;220;15;10.2;3.5;9.4;6.4;3.5;0.5;0.3;0.11;4.5;1.8;0;654;220;95;65;87653;3.48;0.42;0.42;0.43
1987;8;9;221;16.7;11;6.1;11.5;8.3;5.2;0.8;0.6;0.11;4.5;1.8;0;518;155;86;52;87564;2.81;7;0.41;0.42
1987;8;10;222;13.9;10.2;5.8;8.6;7;5.2;1;-0.1;0.11;4.5;1.8;0;523;184;87;57;87690;2.92;1.02;0.41;0.42
1987;8;11;223;15;11.7;8.2;8.7;7.6;7.1;0.1;-0.3;0.11;4.5;1.8;0;610;190;85;58;87762;2.79;0.63;0.4;0.42
1987;8;12;224;16.2;11.5;7.2;11.1;8.9;6.2;0.7;0.3;0.11;4.5;1.8;0;525;170;78;52;87654;2.49;2.53;0.39;0.42
1987;8;13;225;16.6;12;8;13.6;10.2;6.8;0.5;0.5;0.11;4.5;1.8;0;481;130;79;44;87742;2.3;4.14;0.39;0.42
1987;8;14;226;20;14.7;8.5;13.9;10.8;6.5;1.1;0.9;0.11;4.5;1.8;0;554;170;80;44;87552;3.15;3.47;0.39;0.42
1987;8;15;227;15.2;13;10.3;14.2;11.2;8.6;1.1;-0.4;0.11;4.5;1.8;0;361;109;66;29;87708;2.39;12.83;0.39;0.42
1987;8;16;228;18.3;13.7;9.2;11.2;9.3;7.9;0.8;-0.3;0.11;4.5;1.8;0;626;215;101;63;87991;3.69;0.19;0.39;0.42
1987;8;17;229;23.7;16.6;7.5;17.2;11.8;6.5;0;0.5;0.11;4.4;1.8;0;713;237;109;75;87664;4.05;0;0.38;0.42
1987;8;18;230;17;14.4;12.3;14.5;13;11.2;1.2;0.5;0.11;4.4;1.8;0;274;77;61;27;87606;1.89;10.32;0.38;0.42
1987;8;19;231;17;14.2;11.6;14.3;12.3;10.3;0.9;0;0.11;4.4;1.8;0;418;132;69;38;88021;2.77;6.94;0.38;0.42
1987;8;20;232;19.5;14.3;8.4;12.9;11;8.2;-0.4;0;0.11;4.4;1.8;0;576;198;95;61;88069;3.22;0.02;0.38;0.42
1987;8;21;233;21.7;15.7;7.7;14.7;11.6;6.9;0.1;0.1;0.11;4.4;1.8;0;716;238;115;83;87858;3.72;0;0.37;0.42
1987;8;22;234;23.3;16.5;8.2;17.2;12.1;7.4;0.1;0.5;0.11;4.4;1.8;0;725;241;123;87;87477;3.95;0;0.37;0.42
1987;8;23;235;23.5;15.6;9.5;15.6;12.4;8.8;0;0.6;0.11;4.4;1.8;0;635;181;108;55;87320;3.34;12.02;0.36;0.42
1987;8;24;236;21.1;15.8;10.1;14.7;12.1;9.5;-0.8;0.8;0.11;4.4;1.8;0;470;127;71;53;86917;2.48;0.23;0.37;0.42
1987;8;25;237;12.3;10.6;8.7;11.3;8.9;6.9;0.6;0.4;0.11;4.4;1.8;0;155;44;60;25;86936;1.75;11.2;0.37;0.42
1987;8;26;238;15;11.2;6.6;8.3;6.7;5.4;0;0.1;0.11;4.4;1.8;0;540;179;83;64;87262;3.1;0.33;0.37;0.42
1987;8;27;239;17.5;10.8;6.8;11;8.7;5.8;0.5;0.3;0.11;4.4;1.8;0;619;150;96;49;87461;2.51;11.75;0.37;0.42
1987;8;28;240;12.8;9.6;6;9.4;7.8;6;1.1;0;0.11;4.4;1.8;0;463;146;87;44;88053;2.5;2.23;0.37;0.42
1987;8;29;241;16.9;12.4;7.6;10.5;8.7;6.8;0.5;-0.4;0.11;4.3;1.8;0;534;161;84;53;88246;2.47;0.03;0.37;0.41
1987;8;30;242;19;14.2;9.2;12.9;10.8;8.5;-0.2;-0.1;0.1;4.3;1.8;0;632;197;99;68;88040;2.88;0;0.36;0.41
1987;8;31;243;20.4;14.2;7.3;13.7;10.9;6.4;-0.3;0.2;0.1;4.3;1.8;0;686;216;114;77;87840;3.11;0.01;0.36;0.41
1987;9;1;244;21.7;14.5;7.5;15.3;11.7;6.6;0.4;0.5;0.1;4.3;1.8;0;632;172;101;61;87672;2.82;5.32;0.36;0.41
1987;9;2;245;17.7;13.8;10.6;13.6;11.9;10.4;0.6;0.3;0.1;4.3;1.7;0;441;135;77;44;87761;2.29;4.83;0.36;0.41
1987;9;3;246;18;13.6;8.8;12.6;11.1;8.7;-0.3;0.1;0.1;4.3;1.7;0;481;138;79;40;87612;2.33;1.7;0.36;0.41
1987;9;4;247;16;12.5;9.1;13.9;11.5;8.7;0.2;0.4;0.1;4.3;1.7;0;353;104;50;36;87590;1.78;12.17;0.36;0.41
1987;9;5;248;17;12.4;8.3;13.5;11.2;8.2;0.5;0.4;0.1;4.3;1.7;0;542;142;79;40;87527;2.63;14.89;0.36;0.41
1987;9;6;249;13.3;10.3;7;10.2;8.4;6.2;0.9;0.2;0.1;4.3;1.7;0;427;115;68;41;87914;2.37;8.37;0.38;0.41
1987;9;7;250;17.8;11.1;4.1;11.6;8;3.6;0.5;0.6;0.1;4.3;1.7;0;545;142;97;59;88027;2.32;0;0.37;0.41
1987;9;8;251;13.1;9.9;7;11;8.9;6.9;0.8;0.4;0.1;4.3;1.7;0;318;72;50;26;87841;1.81;15.75;0.38;0.41
1987;9;9;252;13.9;9.6;4;10.5;8;3.7;0.3;0.3;0.1;4.3;1.7;0;490;138;78;49;87886;2.07;1.63;0.38;0.41
1987;9;10;253;16.8;11.5;5.1;9.8;7.8;4.3;0.6;0.2;0.1;4.2;1.7;0;560;171;97;68;87853;2.63;0.11;0.38;0.41
1987;9;11;254;16.1;12.1;8;10.6;9;7.8;0.8;0.3;0.1;4.2;1.7;0;445;130;71;45;87978;2.03;0.56;0.38;0.41
1987;9;12;255;21.9;13.7;6;11.9;8.4;4.8;0.7;1.3;0.1;4.2;1.7;0;605;169;105;65;87945;3.13;0.18;0.37;0.41
1987;9;13;256;23.3;15.2;7.9;13.1;9;5.7;0.7;1.1;0.1;4.2;1.7;0;605;180;107;69;88070;3.43;0;0.37;0.41
1987;9;14;257;23.7;16.2;8.2;12.7;9.6;5.8;0.8;1;0.1;4.2;1.7;0;626;193;115;73;88129;3.61;0.13;0.36;0.41
1987;9;15;258;19.9;15.3;11.5;15.2;12.3;8.9;0.3;0;0.1;4.2;1.7;0;460;138;73;54;88312;2.03;2.65;0.36;0.41
1987;9;16;259;22.8;15.9;8.7;17.2;12.1;7.4;0.2;0.6;0.1;4.2;1.7;0;617;185;112;77;88358;3;0;0.36;0.41
1987;9;17;260;23.9;15.9;8.3;14.1;10.2;6.3;0.5;1;0.1;4.2;1.7;0;615;181;113;74;88429;3.34;0;0.35;0.41
1987;9;18;261;23.9;16.4;9.4;13.6;10.2;7.2;0.5;0.7;0.1;4.1;1.7;0;608;177;115;72;88419;3.2;0.25;0.35;0.41
1987;9;19;262;21.5;14.7;9.7;13.1;10.4;6.7;0.5;1;0.1;4.1;1.7;0;557;144;95;63;88190;2.55;0.7;0.35;0.41
1987;9;20;263;20.6;15.1;9.5;12.2;9.2;6.3;0.8;0.8;0.1;4.1;1.7;0;542;145;90;63;87854;2.56;0.18;0.34;0.41
1987;9;21;264;21.6;14.9;7.7;13.4;9.4;6.3;-0.3;0.7;0.1;4.1;1.6;0;566;168;109;73;87866;2.74;0;0.34;0.4
1987;9;22;265;22.2;15.2;8.7;14.8;10.2;6.9;0;0.9;0.1;4.1;1.6;0;534;158;105;70;87871;2.56;0.02;0.33;0.4
1987;9;23;266;21.7;14.3;9.7;13.3;10.8;8.4;0.3;0.5;0.1;4;1.6;0;545;143;98;51;87448;2.39;21.02;0.33;0.4
1987;9;24;267;13.1;11;8.8;11.3;8.1;6.7;1.3;0;0.09;4;1.6;0;385;114;77;48;87091;2.41;6.85;0.35;0.4
1987;9;25;268;14.4;10.4;8;8.7;6.8;5.4;0.2;0;0.09;4;1.6;0;449;111;83;46;86900;1.67;7.1;0.35;0.4
1987;9;26;269;12.6;10.6;8.9;12.4;10.4;8.3;-0.3;0;0.09;4;1.6;0;94;27;29;13;86509;0.61;33.36;0.37;0.4
1987;9;27;270;9.6;6.4;3.8;9.6;4.3;2.2;0.2;-1.1;0.09;4;1.6;0;320;55;41;16;87353;1.99;15.16;0.39;0.4
1987;9;28;271;7.9;5;3.3;2.6;1;0.1;-0.6;-1.1;0.09;4;1.6;0;431;104;86;38;87779;1.74;0.46;0.39;0.4
1987;9;29;272;5.6;3.8;2.2;0.5;-0.6;-1.9;-0.8;-1;0.09;3.9;1.6;0;297;83;58;33;87874;1.48;1.06;0.39;0.4
1987;9;30;273;8.5;3.7;0.4;0.2;-0.9;-1.4;-1.5;-0.5;0.09;3.9;1.6;0;583;164;124;93;87886;1.81;0;0.39;0.4
1987;10;1;274;10;4.9;0.9;3;1.1;-1.1;-0.6;0;0.09;3.9;1.6;0;586;169;128;97;88098;1.65;0;0.38;0.4
1987;10;2;275;10.8;5.4;1.1;4.2;2.6;0;-0.6;0;0.09;3.9;1.6;0;569;161;122;86;88153;1.48;0;0.38;0.4
1987;10;3;276;10.4;6.5;1.1;6.6;3.9;0.3;-0.3;0.6;0.09;3.9;1.6;0;237;70;68;39;88099;0.74;0;0.38;0.4
1987;10;4;277;16.8;9.8;3.6;9.6;5.9;1.5;-0.4;0.6;0.09;3.8;1.5;0;513;126;97;53;87818;1.71;0;0.38;0.4
1987;10;5;278;17.6;10.7;4.9;9.4;6.1;3.3;-0.4;1.7;0.09;3.8;1.5;0;476;115;90;59;87216;1.76;0.02;0.37;0.4
1987;10;6;279;17.9;11.2;7;10.3;7.4;4.8;0.1;0.8;0.09;3.8;1.5;0;541;136;108;64;86850;2.15;4.23;0.37;0.4
1987;10;7;280;11.6;7.9;4;7.9;6.1;3.1;0;0.5;0.09;3.8;1.5;0;306;78;86;47;87065;1.32;2.67;0.37;0.4
1987;10;8;281;12.9;6.7;3.5;7.5;4.4;2.5;0.7;0.8;0.09;3.8;1.5;0;415;75;82;38;86518;1.43;8.26;0.37;0.4
1987;10;9;282;12.1;5.7;0;4.4;2.1;-0.5;-0.5;0.5;0.09;3.7;1.5;0;469;130;104;71;87290;1.9;0.03;0.37;0.4
1987;10;10;283;17;8.8;2.5;6.2;3.8;1;-0.6;1.7;0.09;3.7;1.5;0;536;148;122;80;86610;2.04;0.18;0.37;0.4
1987;10;11;284;16.5;10.6;5.5;10.5;7.6;4;-0.3;0.3;0.09;3.7;1.5;0;378;107;82;43;86331;1.53;3.91;0.37;0.4
1987;10;12;285;8.8;5.4;2.3;8.7;4;-0.3;1.4;0;0.09;3.7;1.5;0.03;246;59;46;25;86271;1.72;4.99;0.37;0.4
1987;10;13;286;8.6;3.3;-2.6;2.5;0;-3.3;0;0.6;0.09;3.7;1.5;0.22;472;117;106;79;86883;1.51;0.23;0.37;0.4
1987;10;14;287;9.2;4;-0.9;2.8;0.7;-2.4;-0.4;0.8;0.09;3.6;1.5;0.14;355;92;88;57;86909;1.07;0.57;0.37;0.4
1987;10;15;288;13.1;8.3;3.5;7;4.3;0.9;-0.4;1.8;0.09;3.6;1.5;0.08;263;66;60;36;86507;0.95;0.05;0.37;0.4
1987;10;16;289;18.4;12;6.9;11.7;7.8;4.2;-0.3;0.7;0.09;3.6;1.5;0.03;441;120;97;63;86852;1.69;0.05;0.37;0.4
1987;10;17;290;8.7;7.2;5.2;8.1;6.4;4.8;0.1;-0.8;0.09;3.6;1.4;0;119;26;19;8;87736;0.94;15.21;0.36;0.4
1987;10;18;291;8.6;4.9;1.2;4.2;2.8;0.5;-0.6;0.2;0.09;3.6;1.4;0.1;345;77;97;48;88029;1.43;2.83;0.38;0.4
1987;10;19;292;14.1;5.8;-1.1;7.6;2.4;-2.6;-0.3;0.6;0.09;3.6;1.4;0.05;495;131;133;90;87662;1.37;0;0.38;0.4
1987;10;20;293;14.5;6.2;-0.7;7.8;2.6;-1.8;-0.1;0.7;0.09;3.6;1.4;0.01;487;126;128;80;87473;1.39;0;0.37;0.4
1987;10;21;294;12.3;6.3;0.8;6.4;3.4;-0.4;0;0.5;0.08;3.6;1.4;0;380;85;82;54;87398;0.98;0;0.37;0.4
1987;10;22;295;6.4;4.3;2;5.5;3.7;1.7;0.1;0;0.08;3.6;1.4;0;97;26;44;20;87593;0.51;1.97;0.37;0.4
1987;10;23;296;9;5.6;2.9;7.1;5;2.6;-0.4;0.1;0.08;3.5;1.4;0;174;44;38;27;87449;0.54;2.32;0.37;0.4
1987;10;24;297;12;7.1;2.1;7.3;5.5;2;0;-0.1;0.08;3.5;1.4;0;403;95;95;44;87911;1.09;0.68;0.37;0.4
1987;10;25;298;10.3;6.9;5.5;9;6.4;5.3;-0.1;0;0.08;3.5;1.4;0;160;38;39;21;88251;0.66;4.62;0.37;0.4
1987;10;26;299;9.5;7.2;5.1;9.4;7;4.9;-0.5;0.3;0.08;3.5;1.4;0;131;31;40;19;88163;0.46;10.91;0.38;0.4
1987;10;27;300;17.4;9.1;2.2;11.6;7.1;1.8;-0.4;0.9;0.08;3.5;1.4;0;435;108;109;64;87951;1.32;0;0.38;0.4
1987;10;28;301;15.8;9.2;4.6;9.6;6.4;3.1;0.2;0.6;0.08;3.5;1.4;0;403;101;104;60;87766;1.11;0.02;0.38;0.4
1987;10;29;302;13.2;8.3;4.3;8;6.2;3.2;-0.1;0.2;0.08;3.5;1.4;0;396;93;96;56;87605;0.88;0.54;0.38;0.4
1987;10;30;303;11.7;7.7;5.4;7.2;5.9;4.2;0.1;0.1;0.08;3.5;1.4;0;322;71;79;45;87539;0.95;0.59;0.37;0.4
1987;10;31;304;12.8;6.6;2;7.5;4.6;1.9;0;0.5;0.08;3.5;1.4;0;402;97;106;61;87679;0.96;0;0.37;0.4
1987;11;1;305;11.8;6.3;1.3;6.4;3.9;0;0.4;0.4;0.08;3.5;1.4;0;387;93;101;59;87722;0.87;0.95;0.37;0.4
1987;11;2;306;6.2;4.4;2.9;5.2;3.8;2.4;0.5;-0.1;0.08;3.5;1.4;0;173;37;35;18;87861;0.95;7.23;0.37;0.4
1987;11;3;307;6.7;3.7;1.8;3;2.2;1.4;-0.9;-0.3;0.08;3.4;1.4;0;259;63;87;40;88256;0.94;0.35;0.37;0.4
1987;11;4;308;7.8;3.3;0.8;2.5;1.3;-0.3;-1.1;-0.3;0.08;3.4;1.4;0;405;97;118;81;88628;0.68;0;0.37;0.4
1987;11;5;309;9.6;3.4;-0.7;3.1;0.2;-2.3;-0.4;0.4;0.08;3.4;1.4;0;411;100;121;86;88780;0.81;0;0.37;0.4
1987;11;6;310;10.4;3.5;-1.5;4;-0.3;-4;0.2;0.8;0.08;3.4;1.4;0;403;99;123;85;88715;0.8;0;0.37;0.4
1987;11;7;311;10;2.2;-3.4;4.3;-1;-4.9;0.1;1;0.08;3.4;1.4;0;404;98;127;86;88112;0.67;0;0.37;0.4
1987;11;8;312;9.4;1.5;-3.9;3.3;-1.7;-5.4;0.2;1;0.08;3.4;1.4;0;398;92;121;80;87485;0.61;0;0.37;0.4
1987;11;9;313;8.8;2.6;-1.9;2.4;-1.1;-3.3;-0.1;0.8;0.08;3.4;1.4;0;334;68;90;50;87002;0.67;0.02;0.36;0.4
1987;11;10;314;6.6;2.6;-1.6;3.6;0.8;-3;0.3;0.7;0.08;3.4;1.4;0;168;36;56;28;86756;0.21;3.95;0.36;0.4
1987;11;11;315;4.3;1.8;-2.1;2.8;1;-3.4;0.9;0.6;0.08;3.4;1.4;0;147;30;84;32;87126;0.71;2.88;0.37;0.4
1987;11;12;316;7.2;1.4;-2.4;4.3;-0.4;-4.6;0.4;1.2;0.08;3.4;1.4;0.2;212;43;65;39;86387;0.55;5.62;0.37;0.4
1987;11;13;317;6;1.7;-2.1;4.3;0.5;-3;0.2;0.8;0.11;3.3;1.4;0.96;200;40;63;32;85905;0.58;7.8;0.37;0.39
1987;11;14;318;1.9;0.3;-1.3;0.9;-2.5;-3.9;1.4;0.1;0.13;3.3;1.3;1.81;223;54;82;55;86460;0.97;1.41;0.38;0.39
1987;11;15;319;1.8;-1.2;-4;-3.2;-5.1;-8.7;0.4;0.4;0.14;3.3;1.3;2.03;306;66;104;67;87272;0.46;0.04;0.37;0.39
1987;11;16;320;5.1;0.4;-3.9;3.6;-2.9;-11.3;0.6;1.5;0.14;3.3;1.3;2.07;129;24;60;17;87427;0.33;6.19;0.38;0.39
1987;11;17;321;3.7;1;-1.1;1.2;-0.6;-1.6;2;0.4;0.16;3.3;1.3;2.78;232;50;73;39;88192;0.8;5.38;0.38;0.39
1987;11;18;322;1.5;0.1;-0.6;1.1;-0.4;-1.3;1.1;0.4;0.23;3.3;1.3;5.3;70;14;36;13;88718;0.41;9.32;0.38;0.39
1987;11;19;323;5.8;2;-2.2;3.3;-0.6;-5.1;0.6;1.2;0.25;3.3;1.3;5.91;140;32;49;30;88296;0.27;0.01;0.38;0.39
1987;11;20;324;2.5;-0.8;-2.6;-0.1;-2.1;-3.9;1.8;0.1;0.37;3.3;1.3;12.18;108;21;58;17;87098;0.44;20.84;0.39;0.39
1987;11;21;325;-1.8;-3;-4.3;-3;-4.4;-5.8;1.4;0.3;0.52;3.3;1.3;30.02;60;11;36;16;87069;0.2;18.5;0.39;0.39
1987;11;22;326;-0.3;-3.4;-5.8;-4;-5.9;-7.8;0.4;0.8;0.53;3.3;1.3;38.29;120;28;56;27;86510;0.25;0.59;0.39;0.39
1987;11;23;327;1.1;-4.7;-10.4;-4.1;-7.6;-11.9;-0.2;1.3;0.52;3.3;1.3;38.3;157;35;85;51;85570;0.19;0.01;0.39;0.39
1987;11;24;328;0.7;-3;-6.9;-1.6;-6.1;-10.8;-0.4;1.3;0.52;3.3;1.3;38.6;95;22;55;30;85074;0.06;1.98;0.39;0.39
1987;11;25;329;2.1;-1.1;-4.8;-1.2;-3.1;-6;0.1;0.4;0.51;3.3;1.3;40.6;168;35;91;54;85216;0.12;1.19;0.38;0.39
1987;11;26;330;1.9;-3.3;-7.5;-1.5;-5.7;-11.1;0.2;0.7;0.5;3.3;1.3;40.41;135;31;87;46;85936;0.08;0.1;0.38;0.39
1987;11;27;331;-1.7;-3;-4.1;-3;-3.9;-5.4;0.6;-0.3;0.5;3.3;1.3;42.25;52;11;18;5;86578;0.09;5.44;0.38;0.39
1987;11;28;332;-1.3;-3;-3.9;-3.4;-4.1;-4.9;-0.1;-0.5;0.51;3.3;1.3;47.18;97;18;31;15;87228;0.18;2.22;0.38;0.39
1987;11;29;333;-1.9;-3.2;-4;-3.8;-4.5;-5.3;-0.5;-0.4;0.51;3.3;1.3;47.88;114;23;51;19;87540;0.2;0.51;0.38;0.39
1987;11;30;334;-2;-3.2;-3.7;-3.3;-4.1;-4.6;-0.7;-0.5;0.51;3.3;1.3;49.54;60;12;41;17;87681;0.07;2.68;0.38;0.39
1987;12;1;335;-1.3;-3.1;-4.5;-2.4;-3.9;-5.2;-0.9;-0.4;0.51;3.3;1.3;51.27;104;22;54;33;87759;-0.03;0.9;0.38;0.39
1987;12;2;336;-2.3;-5.1;-7.3;-4.2;-6.1;-8.1;-1;-0.1;0.5;3.3;1.3;51.92;129;26;70;44;87917;0.04;0.32;0.38;0.39
1987;12;3;337;-1;-6.7;-12.1;-4.6;-9.1;-14.2;-0.4;0.9;0.5;3.3;1.3;52.04;154;33;87;51;87873;0.09;0;0.38;0.39
1987;12;4;338;-0.3;-7.4;-13.1;-5.1;-12;-17;0;1.9;0.5;3.3;1.3;52.04;168;36;84;54;87483;0.22;0;0.37;0.39
1987;12;5;339;2.3;-3.6;-8.3;-1.3;-6.9;-11.8;0;1.8;0.49;3.3;1.3;51.82;152;31;66;39;86913;0.12;0;0.37;0.39
1987;12;6;340;0.9;-0.7;-4;0.1;-2.2;-6.8;0.7;0.9;0.49;3.3;1.3;53.34;27;6;21;5;86421;0;10.76;0.38;0.39
1987;12;7;341;0.9;-1.2;-4.6;0;-1.8;-5.7;0.2;-0.3;0.48;3.3;1.4;56.19;56;10;23;6;86923;0.23;8.63;0.38;0.39
1987;12;8;342;-4.3;-6.1;-9.4;-5.5;-8;-10.8;-1.4;-0.8;0.49;3.3;1.4;60.55;92;15;53;18;87089;0.31;3.24;0.38;0.39
1987;12;9;343;-6.9;-9.6;-11.8;-10.3;-11.6;-13.3;-0.9;-0.4;0.49;3.3;1.4;61.4;151;31;67;48;86871;0.11;0.08;0.38;0.39
1987;12;10;344;-5;-9.8;-14.5;-9;-12;-17;-0.1;0.5;0.49;3.3;1.4;61.45;166;33;101;56;87047;0.06;0.02;0.38;0.39
1987;12;11;345;-1.9;-9.3;-16.3;-8.4;-14.4;-20.7;0.3;1.1;0.49;3.3;1.4;61.48;149;31;69;39;87048;0.08;0.03;0.38;0.39
1987;12;12;346;-1.8;-7.8;-13.7;-6.5;-11.1;-16.6;-0.2;0.6;0.49;3.3;1.4;61.49;153;33;80;47;87069;0.08;0;0.38;0.39
1987;12;13;347;-1.6;-9.1;-13.9;-8.1;-13.5;-19.1;-0.1;1;0.48;3.3;1.4;61.51;148;32;89;49;86758;0.1;0;0.38;0.39
1987;12;14;348;0.3;-9.1;-15.4;-6.5;-14.1;-20.2;0.3;1.5;0.48;3.3;1.4;61.5;146;31;67;44;86328;0.05;0;0.38;0.39
1987;12;15;349;0.6;-6.5;-12;-4.3;-10;-14.9;0.2;1.3;0.48;3.3;1.4;61.49;118;24;62;28;86691;0.08;0;0.37;0.39
1987;12;16;350;1.5;-3.2;-11.2;-0.6;-5.6;-13.6;0.3;1.6;0.48;3.3;1.3;62.74;62;12;47;11;86972;0.11;8.74;0.37;0.39
1987;12;17;351;3.6;2.1;1.2;1.4;-0.1;-1.3;1;1.3;0.46;3.3;1.3;62.75;78;15;37;13;87514;0.05;8.55;0.38;0.39
1987;12;18;352;4.5;3.2;1.8;3.2;1.7;0.3;0.7;1.7;0.44;3.3;1.3;55.35;38;8;35;-1;87518;-0.29;7.07;0.4;0.39
1987;12;19;353;4.2;1.7;-1;3;0.9;-1.8;1.7;0.3;0.42;3.3;1.3;48.29;72;11;34;10;87609;-0.06;19.35;0.41;0.39
1987;12;20;354;2.7;1.1;-1.5;1.5;0;-2.4;1.2;1;0.41;3.3;1.3;48.21;21;3;39;4;88241;0.05;12.03;0.41;0.4
1987;12;21;355;5.7;1.7;-1.7;3.9;0.1;-3.5;0.5;0.8;0.38;3.2;1.3;46.53;141;28;70;38;88425;0.02;0.02;0.42;0.4
1987;12;22;356;4.5;0.2;-4.1;2.5;-1.4;-6.7;0.2;0.5;0.37;3.2;1.3;45.43;139;30;65;39;88528;0.02;0.1;0.41;0.4
1987;12;23;357;4.2;-1.7;-6.3;1.6;-3.6;-9.5;-0.3;0.8;0.36;3.2;1.3;44.68;165;34;89;56;88419;0.08;0.05;0.41;0.4
1987;12;24;358;4.2;-3.7;-8;-0.7;-8.2;-13.8;0.1;1.3;0.35;3.2;1.3;44.25;189;40;107;65;88034;0.09;0;0.41;0.4
1987;12;25;359;4.4;-3;-8.5;-0.2;-8;-15.5;0.2;1.2;0.35;3.2;1.3;44.02;169;35;85;49;87881;0.05;0;0.4;0.4
1987;12;26;360;3;-2.2;-5.4;0;-5.1;-8.8;0.2;0.8;0.34;3.2;1.3;43.89;153;30;70;43;88500;0.04;0.01;0.4;0.4
1987;12;27;361;5.7;-1.4;-5.8;1.5;-4.8;-10.3;0.3;1.3;0.34;3.2;1.3;43.49;156;32;64;36;88728;0.02;0;0.4;0.4
1987;12;28;362;6.9;-0.1;-5;0.7;-3.8;-7.9;0.8;1.1;0.33;3.2;1.3;42.76;201;42;96;54;88754;0.05;0;0.4;0.4
1987;12;29;363;6.2;-1.9;-5.7;1.2;-6.1;-11.2;0.4;1.4;0.33;3.2;1.3;42.01;204;43;100;60;88734;0.05;0;0.39;0.4
1987;12;30;364;5.4;-1.2;-6.1;-0.6;-5.8;-11.4;0.3;1.3;0.32;3.2;1.3;41.28;145;28;45;34;88283;0.03;0;0.39;0.4
1987;12;31;365;5.9;-0.9;-5.6;2.2;-3.9;-8.9;0.3;1.3;0.32;3.2;1.3;40.51;197;39;83;46;87100;0;0;0.39;0.4
1988;1;1;1;3.4;-1;-4.9;1.3;-2.8;-6.2;0.4;0.9;0.32;3.1;1.3;40.32;122;24;66;31;87106;0.05;1.2;0.39;0.4
1988;1;2;2;4.3;-0.4;-5.5;2;-2.8;-7.4;0.4;1.6;0.32;3.1;1.3;39.93;132;26;66;29;86548;0.07;0.19;0.39;0.4
1988;1;3;3;4;-0.9;-5.5;0.8;-3;-7.7;0.6;1;0.33;3.1;1.3;41.31;187;38;91;51;86077;0.19;4.15;0.39;0.4
1988;1;4;4;-0.5;-3.3;-8.1;-1.4;-5.2;-10.6;0.4;1.5;0.34;3.1;1.3;42.61;53;12;63;21;86493;0.23;6.62;0.39;0.4
1988;1;5;5;6.8;0.3;-5.2;4.3;-1.3;-7.8;0.2;1.4;0.34;3.1;1.3;44.22;199;42;91;52;86928;0.06;0.41;0.39;0.4
1988;1;6;6;5.4;-0.6;-5.8;0.8;-3.8;-9;0.2;1.2;0.34;3.1;1.3;43.51;190;41;83;43;86701;0.14;4.02;0.39;0.4
1988;1;7;7;1.2;-1.7;-4.6;-0.7;-3.2;-7.6;0.7;0.7;0.37;3.1;1.3;47.31;121;23;68;37;87159;0.44;4.07;0.39;0.4
1988;1;8;8;-1.7;-4.2;-6.5;-6.4;-7.8;-9.1;0.9;0.5;0.38;3.1;1.3;48.69;101;20;75;36;88067;0.16;0.56;0.39;0.4
1988;1;9;9;0.9;-6.7;-11.3;-7.4;-12.5;-17.4;0;1.1;0.38;3.1;1.3;48.81;209;44;107;73;88273;0.07;0;0.39;0.4
1988;1;10;10;2.9;-5.5;-12.6;-4.4;-12.9;-21.6;0.1;1.2;0.38;3.1;1.2;48.69;204;41;95;53;88026;0.04;0;0.38;0.4
1988;1;11;11;1.2;-1.9;-5.2;0.5;-4;-10.2;0.6;0.5;0.38;3.1;1.2;49.66;48;9;30;2;87733;0.04;5.09;0.38;0.4
1988;1;12;12;-0.1;-4.4;-7.5;-3.1;-6.7;-11.6;-0.3;0.8;0.39;3;1.2;51.42;182;40;100;59;87673;0.17;0;0.38;0.4
1988;1;13;13;2.1;-5.4;-10;-4.8;-11.3;-16.4;0;1.7;0.39;3;1.2;51.33;211;45;102;69;87280;0.07;0;0.38;0.4
1988;1;14;14;2.7;-3.4;-7.3;-3.1;-8;-11.9;-0.1;1.9;0.38;3;1.2;51.19;193;41;84;52;87223;0.06;0;0.38;0.4
1988;1;15;15;2.2;-1.9;-5.7;-1.3;-5.2;-7.7;0;1.7;0.38;3;1.2;51.05;95;20;69;35;87384;0.03;0;0.38;0.4
1988;1;16;16;4;-3.3;-7;-2.6;-7.4;-10.8;0;1.5;0.37;3;1.2;50.83;202;44;97;58;87991;0.08;0;0.38;0.4
1988;1;17;17;3.5;-3;-8.9;-2.4;-7.5;-13.8;0.3;1;0.37;3;1.2;50.66;171;38;78;38;87962;0.06;1.41;0.38;0.4
1988;1;18;18;4.4;-1.2;-5.8;-0.1;-3.6;-7.9;-0.1;0.8;0.37;3;1.2;51.38;215;46;92;49;87724;0.1;0.09;0.37;0.4
1988;1;19;19;4.5;-3;-7.1;-1.6;-7.3;-11.6;0;1.4;0.37;3;1.2;50.9;222;49;101;62;87172;0.06;0;0.37;0.4
1988;1;20;20;4.6;-3.1;-7.9;-1.8;-7.7;-12.4;0.1;1.4;0.36;3;1.2;50.47;228;50;99;62;86935;0.05;0;0.37;0.4
1988;1;21;21;0;-2.9;-6;-1.9;-5.3;-9.6;0.4;0.4;0.39;3;1.2;53.09;68;14;45;12;86886;0.02;11.55;0.37;0.4
1988;1;22;22;0;-2.5;-4.7;-3.1;-4.8;-6.8;0.6;0.7;0.5;3;1.2;62.54;125;28;64;35;86406;0.22;3.26;0.37;0.4
1988;1;23;23;-3.5;-5.1;-6.8;-6.9;-8.5;-12.5;1.8;0.3;0.52;3;1.2;68.37;129;26;86;35;86948;0.23;5.68;0.37;0.4
1988;1;24;24;2.6;-1.9;-7.1;-1.5;-5.4;-12.2;0.2;1.3;0.52;3;1.2;71.21;108;21;44;10;86455;0.03;2.17;0.37;0.4
1988;1;25;25;0.4;-1.6;-3.9;-1.3;-3.7;-6.4;-0.1;1.6;0.51;3;1.2;72.52;49;11;47;20;85799;0.1;3.71;0.37;0.4
1988;1;26;26;2.8;-2.7;-7.5;-0.1;-4.8;-8.8;0.3;1.1;0.51;3;1.2;74.09;168;34;68;41;86236;-0.03;4.52;0.37;0.4
1988;1;27;27;4.3;-0.3;-3.5;-0.9;-3.1;-4.9;-0.1;0.7;0.5;3;1.2;76.6;173;36;79;30;86906;0.07;1.85;0.37;0.4
1988;1;28;28;3.5;-1.1;-4.1;-0.5;-4.3;-7.7;0;1.6;0.49;3;1.2;75.66;136;30;72;42;86491;0.12;0.03;0.37;0.4
1988;1;29;29;5;-0.2;-3.8;0.3;-2.8;-6.3;0;1;0.48;3;1.2;75.04;212;41;89;35;85228;0.01;7.32;0.37;0.4
1988;1;30;30;-1;-2.9;-5.1;-1.4;-4.7;-7.2;1.3;0.3;0.52;3;1.2;85.82;112;25;58;33;85135;0.25;10.67;0.37;0.4
1988;1;31;31;-3.3;-5.8;-12.4;-6.3;-8.5;-14.8;1.7;0.6;0.53;3;1.2;91.96;121;26;80;42;86301;0.16;4.65;0.37;0.4
1988;2;1;32;-0.8;-8.7;-17.1;-6.9;-13;-19.8;-0.1;2;0.53;3;1.2;93.44;126;32;65;39;86517;0.17;0;0.37;0.4
1988;2;2;33;0.7;-3.6;-6.9;-5.3;-8.4;-12.2;1;1.3;0.52;3;1.2;94.03;184;41;86;46;86497;0.28;1.19;0.37;0.4
1988;2;3;34;0.6;-5.8;-11.3;-2.5;-9.8;-16;0.3;1.5;0.52;3;1.2;94.57;135;31;78;46;86976;0.08;1.93;0.37;0.4
1988;2;4;35;1.6;-5.8;-12.9;-5.7;-11;-16.7;0;1.8;0.51;3;1.2;94.81;208;51;97;62;86668;0.17;0;0.36;0.4
1988;2;5;36;1.9;-4.5;-9.9;-3.6;-9;-14.4;0.1;1.4;0.51;3;1.2;94.38;126;33;59;41;86443;0.05;0.61;0.36;0.4
1988;2;6;37;1.1;-2.8;-6.8;-1;-4.2;-9;-0.1;1;0.51;3;1.2;95.9;112;19;47;20;86224;-0.03;5.03;0.36;0.4
1988;2;7;38;-0.8;-2;-2.8;-1.9;-2.7;-3.6;0.4;-0.4;0.52;3;1.2;104.71;38;10;33;13;86506;0;12.62;0.36;0.4
1988;2;8;39;-1;-4.6;-9.3;-4;-7;-10.9;1;1;0.53;3;1.2;114.47;93;20;63;30;86162;0.22;10.74;0.36;0.4
1988;2;9;40;0.2;-4.4;-9.9;-4.6;-8.1;-13.4;0.6;1.3;0.53;3;1.2;121.89;162;34;80;38;86399;0.18;4.04;0.36;0.4
1988;2;10;41;-1.5;-4.2;-7.8;-4.5;-8.5;-11.5;2;0.9;0.53;3;1.2;125;203;47;86;61;86521;0.44;1.29;0.36;0.4
1988;2;11;42;-2.2;-6.4;-10.6;-6.5;-10.5;-14.5;0.4;1.4;0.53;3;1.2;126.58;144;31;81;36;86528;0.13;1.95;0.36;0.4
1988;2;12;43;-1.1;-4.6;-8;-3;-7.3;-11.9;1.2;0.8;0.53;3;1.2;129.88;75;17;30;15;86342;0.08;9.81;0.36;0.4
1988;2;13;44;-3.6;-6.9;-15.5;-6.4;-10.4;-18.2;0.5;0;0.53;3;1.2;138.12;200;50;95;57;88028;0.2;1.43;0.36;0.4
1988;2;14;45;0.1;-10.9;-21.5;-6.4;-15.5;-24.2;-0.4;1.1;0.53;3;1.2;138.25;248;63;109;80;88323;0.05;0;0.36;0.4
1988;2;15;46;5.7;-9;-21.7;-0.8;-13.6;-24.5;0.1;1.4;0.53;3;1.2;138.19;249;64;107;75;88142;0.02;0;0.36;0.4
1988;2;16;47;7.5;-6.1;-16.8;0.3;-10.8;-19.3;0.3;1.4;0.52;3;1.2;137.94;251;64;99;68;87872;0.07;0;0.35;0.4
1988;2;17;48;1;-5.4;-11.8;-3.2;-9;-15.6;1.2;0.2;0.52;3;1.2;137.73;212;54;74;46;87553;0.11;1.24;0.35;0.4
1988;2;18;49;-1.3;-4.2;-6.9;-5.3;-6.8;-8.8;1.4;0.1;0.52;3;1.2;139.38;170;39;60;32;87607;0.13;3.05;0.35;0.4
1988;2;19;50;-1.8;-3.4;-4.6;-3.5;-5.4;-6.6;2.1;0;0.53;3;1.2;147.58;112;21;52;17;87470;0.17;13.61;0.35;0.4
1988;2;20;51;-2.5;-4.5;-6.1;-4.3;-6.4;-7.8;1.3;-0.1;0.54;3;1.2;158.99;75;23;60;25;87816;0.1;7.98;0.35;0.4
1988;2;21;52;-0.9;-6.6;-12.1;-7.6;-10.8;-15;0;0.5;0.54;3;1.2;162.82;261;67;99;71;88224;0.05;0;0.35;0.4
1988;2;22;53;0.3;-7.8;-15.8;-6.3;-12.7;-19.3;0.4;0.9;0.53;3;1.2;162.78;237;61;77;58;88091;0.04;0;0.35;0.4
1988;2;23;54;0.2;-6.8;-15.6;-4.2;-10.3;-18.2;1.1;0.5;0.53;3;1.2;164.44;259;64;86;46;86694;0.09;9.22;0.35;0.4
1988;2;24;55;-4.1;-6.7;-9.5;-7;-9.5;-12.1;1.4;0;0.54;3.1;1.2;173.49;165;45;72;41;85883;0.26;5.45;0.35;0.4
1988;2;25;56;-6.2;-8.5;-11.2;-8.9;-10.8;-13.1;1.3;0;0.54;3.1;1.3;181.97;164;40;38;19;86013;0.12;11.02;0.35;0.39
1988;2;26;57;-5.1;-7.3;-8.6;-8.6;-9.9;-10.7;1.5;0;0.54;3.1;1.3;192.97;180;48;67;26;86472;0.19;8.19;0.35;0.39
1988;2;27;58;-5.2;-7.1;-8.9;-7.1;-8.8;-10.1;0.9;-0.3;0.54;3.1;1.3;201.42;118;28;14;9;86794;0.06;10.96;0.34;0.39
1988;2;28;59;-2;-5.1;-8.6;-6.3;-7.9;-10;1.9;0.4;0.54;3.1;1.3;208.09;155;39;54;20;86493;0.21;5.05;0.34;0.39
1988;2;29;60;-4.3;-6.3;-8.3;-7.2;-9.8;-12;2.3;0.4;0.54;3.1;1.3;215.07;241;59;75;51;85467;0.35;5.83;0.34;0.39
1988;3;1;61;-5.6;-7;-7.9;-9.4;-10.5;-11.6;2.5;0.8;0.54;3.1;1.3;223.58;142;34;51;20;85434;0.32;12.27;0.34;0.39
1988;3;2;62;-5;-7.6;-9.7;-9;-10.4;-12.1;1.6;-0.1;0.54;3.1;1.3;233.86;219;53;59;35;86532;0.2;7.26;0.34;0.39
1988;3;3;63;-1.2;-6.9;-13.4;-9.7;-12.7;-16.3;0.2;0.6;0.54;3.1;1.3;236.46;264;72;95;61;86671;0.08;0.14;0.34;0.39
1988;3;4;64;-0.1;-7.5;-17;-8.7;-13.4;-19.3;-0.2;0.7;0.53;3.1;1.3;236.38;257;71;72;56;86106;0.1;0;0.34;0.39
1988;3;5;65;-2.6;-6.4;-10.7;-4.9;-8.7;-13.2;0.4;-0.1;0.53;3.1;1.3;238.54;172;38;41;17;86170;-0.06;7.13;0.34;0.39
1988;3;6;66;-1.5;-5.3;-9.1;-7.6;-9.1;-11.8;1.5;0.3;0.53;3.2;1.3;243.83;262;69;74;42;86815;0.31;0.61;0.34;0.39
1988;3;7;67;-2.3;-4.4;-6.6;-4.7;-6.7;-9.7;1.5;0.3;0.54;3.2;1.3;250.86;182;44;70;23;86391;0.09;16.22;0.34;0.39
1988;3;8;68;-5.1;-7.3;-10.4;-6.4;-9.8;-12.3;1.5;-1;0.54;3.2;1.3;265.55;192;48;53;30;87039;0.36;11.02;0.34;0.39
1988;3;9;69;-5.9;-8.5;-10.9;-10.7;-12;-13.6;0.8;-0.4;0.54;3.2;1.3;272.05;224;59;64;34;87801;0.23;2.33;0.34;0.39
1988;3;10;70;-3.7;-8.1;-15.2;-10.7;-13.4;-17.5;0.6;0.6;0.54;3.2;1.3;272.72;316;90;101;62;87930;0.1;0.4;0.34;0.39
1988;3;11;71;-1.8;-4.2;-6.8;-4.1;-6.3;-10.2;1.5;0.4;0.54;3.2;1.3;278.74;168;37;30;9;87686;0.01;14.1;0.34;0.39
1988;3;12;72;0.2;-1.3;-3;-2.4;-3.6;-5.2;2.6;0.9;0.54;3.2;1.3;297.75;79;19;12;7;86960;0.22;27.09;0.33;0.39
1988;3;13;73;1.4;-0.9;-2.3;-2.4;-3.2;-5;2;0.1;0.54;3.2;1.3;323.95;166;36;59;23;86737;0.24;13.41;0.33;0.39
1988;3;14;74;2.1;-0.4;-2.6;-2.4;-3.9;-5.6;2.1;0.7;0.53;3.2;1.3;328.07;209;56;45;24;86580;0.47;3.78;0.33;0.39
1988;3;15;75;5;0.6;-3.7;-0.9;-2.7;-5.6;0.7;0.7;0.51;3.2;1.3;329.19;289;85;90;53;86774;0.22;0.71;0.33;0.39
1988;3;16;76;4.4;0.6;-2.8;-0.5;-2.5;-4.6;1;1.2;0.5;3.2;1.3;328.8;240;57;75;40;85547;0.26;6.48;0.34;0.39
1988;3;17;77;0.6;-0.7;-2.2;-1.6;-2.3;-3.2;1.7;0;0.5;3.3;1.3;335.21;123;35;57;18;86153;0.39;13.44;0.34;0.39
1988;3;18;78;0.2;-1.8;-4.1;-1.9;-3;-5.1;0.4;-0.6;0.51;3.3;1.3;346.74;134;37;73;25;86792;0.28;10.53;0.34;0.39
1988;3;19;79;3.4;-0.4;-4.6;-1.9;-4;-6;-0.1;0.3;0.51;3.3;1.3;352.24;343;88;100;47;87590;0.21;1.8;0.34;0.39
1988;3;20;80;7.6;3;-0.8;1.5;-0.5;-2.6;1.1;1;0.49;3.3;1.3;351.41;301;87;76;39;87375;0;1.59;0.34;0.39
1988;3;21;81;4.7;1.9;-0.7;1.9;-0.2;-2.3;0.3;1.2;0.47;3.3;1.3;347.07;152;38;27;8;86939;0.02;17.15;0.35;0.39
1988;3;22;82;2;0.2;-2.8;0.6;-1.5;-4.7;1.3;0.2;0.47;3.3;1.3;344.83;173;48;59;24;87092;0.31;12.36;0.37;0.39
1988;3;23;83;2.9;-0.5;-4.3;-1.3;-3.5;-6.2;1.2;0.8;0.47;3.3;1.3;345.69;236;63;65;41;87215;0.4;6.7;0.37;0.39
1988;3;24;84;2.4;-0.1;-2;-2;-2.8;-4.7;1.7;0.5;0.5;3.4;1.4;356.86;322;77;81;28;87287;0.6;14.31;0.37;0.39
1988;3;25;85;4.4;1.4;-0.1;0.4;-0.9;-1.9;1.7;1;0.5;3.4;1.4;361.47;209;36;57;18;86655;0.23;19.44;0.38;0.39
1988;3;26;86;1.9;-0.3;-3.5;-1.4;-2.9;-5.5;1.6;0.6;0.5;3.4;1.4;364.32;241;68;85;40;86832;0.52;9.48;0.39;0.39
1988;3;27;87;0.4;-1.6;-3.3;-3.6;-4.5;-5.3;2.4;0.3;0.5;3.4;1.4;370.67;297;84;70;36;87067;0.9;9.46;0.39;0.39
1988;3;28;88;0.6;-2.3;-6;-2.7;-4.4;-7.6;1.5;-0.1;0.52;3.4;1.4;380.95;226;63;72;40;87479;0.39;7.86;0.38;0.39
1988;3;29;89;4.8;-1;-6.7;-2.6;-6.2;-8.6;-0.2;0.5;0.51;3.4;1.4;382.91;351;107;90;61;87028;0.4;0.02;0.38;0.39
1988;3;30;90;7.4;-0.4;-6.5;-1.2;-4.6;-8.4;-0.2;1.4;0.5;3.4;1.4;382.52;372;103;93;59;86106;0.45;0.01;0.38;0.39
1988;3;31;91;0.2;-1;-2.9;-1;-2.2;-4.3;1.3;0;0.51;3.5;1.4;389.68;108;29;26;10;86158;0.21;12.93;0.38;0.39
1988;4;1;92;0.9;-1.5;-5.3;-2.9;-4;-6.6;1.4;0;0.51;3.5;1.4;396.04;257;72;70;37;86875;0.52;2.68;0.38;0.39
1988;4;2;93;3.3;-1.9;-8.3;-2;-5.5;-9.6;-0.3;0.2;0.5;3.5;1.4;396.48;340;110;92;67;87254;0.49;0;0.38;0.39
1988;4;3;94;5.8;-0.6;-8.8;-0.3;-4.5;-10.5;-0.5;0.3;0.5;3.5;1.4;396.03;393;122;105;73;87393;0.37;0;0.37;0.39
1988;4;4;95;6.8;1.6;-6.1;1.3;-1.8;-7.6;-0.4;0;0.49;3.5;1.4;394.89;392;110;87;46;87255;0.3;0.15;0.37;0.39
1988;4;5;96;6;2.9;-1.6;1.9;0.5;-1.8;-0.7;-0.1;0.47;3.5;1.4;391.23;290;75;53;32;87136;0.09;0.36;0.38;0.39
1988;4;6;97;9;2.8;-4.2;3;-0.3;-5;-0.6;0.3;0.45;3.5;1.4;384.42;417;118;81;57;87014;0.23;0.1;0.38;0.39
1988;4;7;98;8.6;2.7;-3.2;4.9;0.3;-4.4;0.3;0.6;0.44;3.6;1.4;376.03;374;100;70;43;86799;-0.02;3.21;0.39;0.39
1988;4;8;99;6.2;3;-0.5;2.2;0.7;-1.3;1.3;0.8;0.43;3.6;1.4;366.05;276;83;66;31;86929;0.07;3.52;0.4;0.39
1988;4;9;100;7.8;3.5;0.3;3;1.1;-1.7;0.8;-0.1;0.42;3.6;1.4;354.01;390;115;80;35;87064;0.11;10.19;0.41;0.39
1988;4;10;101;3.3;0.5;-2.1;0.4;-1.7;-3.5;0;-0.6;0.47;3.6;1.4;353.08;273;82;89;35;87507;0.5;8.61;0.41;0.4
1988;4;11;102;9.5;2.7;-4.7;3.2;-1.6;-6.3;-0.1;0.4;0.46;3.6;1.4;350.7;449;146;111;81;87605;0.37;0;0.41;0.4
1988;4;12;103;11.5;4.2;-4.2;1.9;-0.8;-5.7;-0.1;1;0.45;3.6;1.4;343.37;454;129;99;50;87039;0.49;1.92;0.41;0.4
1988;4;13;104;2.8;1.7;-1.3;2.1;1.3;-1.6;0.9;-0.1;0.45;3.6;1.4;336.67;61;18;21;1;87225;-0.18;29.73;0.42;0.4
1988;4;14;105;4.8;0.1;-4.1;-2.3;-4.8;-6.4;-1.3;-0.4;0.47;3.7;1.5;336.32;457;148;115;85;87962;1.52;0.07;0.42;0.41
1988;4;15;106;8.5;2.2;-6.1;0.4;-3;-7.6;0.3;0.4;0.45;3.7;1.5;333.78;439;141;98;76;87525;0.74;0.97;0.41;0.41
1988;4;16;107;11.1;4.5;-2.9;1.3;-1.4;-4.3;-0.4;0.6;0.44;3.7;1.5;326.32;455;152;96;66;87117;0.76;0.03;0.41;0.41
1988;4;17;108;11.7;4.6;-3.2;5.8;0.9;-5.2;0.3;0.5;0.43;3.7;1.5;313.97;420;129;88;46;87026;0.11;1.62;0.42;0.41
1988;4;18;109;11.1;5.5;-0.8;7.4;3;-1.5;0.1;0.4;0.42;3.7;1.5;297.56;411;131;75;48;87365;0.16;1.66;0.42;0.41
1988;4;19;110;12.2;6.1;-2.3;4.1;0.6;-3.8;-0.5;0.6;0.41;3.7;1.5;279.97;507;168;99;69;87057;1.04;0;0.43;0.41
1988;4;20;111;9.4;4.3;-1;5.5;2;-2.9;1.3;0.3;0.4;3.8;1.5;263.98;380;109;58;28;87150;-0.02;3.7;0.43;0.42
1988;4;21;112;8.6;5.3;1;2.6;1.5;0.4;0.1;0.1;0.39;3.8;1.5;248.15;321;107;57;29;87584;0.66;0.17;0.43;0.42
1988;4;22;113;8.5;5.3;-1.2;3.2;1.2;-2.3;0.3;0.1;0.38;3.8;1.5;235.47;408;138;80;53;87413;0.56;0.54;0.43;0.42
1988;4;23;114;8.1;3.5;-2;3.9;0.4;-3.9;-0.1;-0.7;0.38;3.8;1.5;222.94;393;126;72;39;87080;0.38;0.76;0.43;0.42
1988;4;24;115;6.7;2.2;-1.2;-2;-3.2;-4.6;-1.4;-0.7;0.38;3.8;1.5;212.64;526;163;118;68;86913;1.4;0.05;0.42;0.42
1988;4;25;116;7.8;3.6;-1.3;0.6;-1.4;-3.7;-0.3;-0.5;0.38;3.8;1.5;204;551;183;118;85;86833;0.81;0;0.42;0.43
1988;4;26;117;8.7;4;-2.2;0.7;-1.5;-4.4;-0.1;-0.2;0.36;3.9;1.5;193.8;537;175;113;74;87091;1.24;0.02;0.42;0.43
1988;4;27;118;10.8;4.9;-3.3;4.9;0.6;-4.9;0.1;0.2;0.35;3.9;1.5;182.77;467;152;88;52;87206;1.1;1.18;0.42;0.43
1988;4;28;119;8.6;4.6;0.3;4.9;2.6;-1.2;0.6;-0.2;0.33;3.9;1.5;171.49;385;120;74;33;87127;0.68;8.49;0.42;0.43
1988;4;29;120;8.5;5.2;2.1;4.1;3;1.8;-0.7;-0.5;0.32;3.9;1.6;159.99;350;108;43;19;87004;0.86;0.79;0.42;0.43
1988;4;30;121;9.9;5.7;0.4;6.7;3.3;-0.8;0.3;0.2;0.32;3.9;1.6;148.39;422;142;78;48;86880;0.83;4.56;0.42;0.43
1988;5;1;122;14.6;7.1;-1.9;7;1.7;-2.9;-0.2;0.8;0.31;3.9;1.6;136.13;562;190;90;66;86814;1.63;0.21;0.42;0.43
1988;5;2;123;14.5;8.7;1.7;5.8;2.5;-0.5;-0.4;1.2;0.31;4;1.6;123.64;414;152;91;53;86713;1.44;0.01;0.41;0.43
1988;5;3;124;6.1;4.1;0.2;5.3;2.6;-1.3;0.3;0.9;0.31;4;1.6;114.66;222;64;78;30;86873;0.56;10.81;0.41;0.43
1988;5;4;125;11.2;6.2;-1.1;5.6;2.3;-3;-0.1;0.2;0.3;4;1.6;107.07;447;140;62;41;87075;0.96;1.41;0.41;0.43
1988;5;5;126;12.3;7.7;2.2;8.4;4.3;0.7;-0.1;0.1;0.29;4;1.6;95.96;470;155;82;41;87361;1.49;2.49;0.41;0.43
1988;5;6;127;12.9;8.1;-0.3;7.2;4.2;-0.7;-0.4;0;0.28;4;1.6;84.12;455;172;80;55;87896;1.68;0.28;0.41;0.43
1988;5;7;128;19.9;12;0;12.2;6.9;-0.7;-0.6;0.1;0.27;4;1.6;70.76;630;220;93;67;87864;2.13;0;0.4;0.43
1988;5;8;129;21.2;12.8;4.2;13.4;9.3;3.6;0;0.5;0.26;4.1;1.6;57;485;135;71;38;87573;1.31;2.07;0.4;0.43
1988;5;9;130;14.1;9.7;3.7;11.1;8;3.4;0.4;0.3;0.24;4.1;1.6;46.51;412;131;65;28;87575;1.37;13.55;0.4;0.43
1988;5;10;131;12.6;9;5.9;10.8;8.2;5.7;0.4;0.2;0.23;4.1;1.6;37.63;390;100;46;13;87358;1.31;19.04;0.4;0.43
1988;5;11;132;11.7;8.6;4.8;7;4.7;2.5;-1;-0.3;0.23;4.1;1.6;29.81;405;154;77;44;87033;2;0.18;0.41;0.43
1988;5;12;133;16;10.5;3.2;7.1;5;1.8;-0.7;0.1;0.23;4.1;1.6;21.96;661;218;97;63;86676;2.61;0.14;0.4;0.43
1988;5;13;134;16.1;9.9;3.8;10.9;6.6;2.4;0;0.5;0.21;4.1;1.7;13.99;665;189;96;55;86726;2.05;3.13;0.39;0.43
1988;5;14;135;15.5;10.1;3.2;11.3;6.6;1.9;-0.3;0.2;0.18;4.2;1.7;8.09;608;193;89;58;86901;2.51;3;0.39;0.43
1988;5;15;136;15.9;9.7;3;11.4;7.8;2.7;0.2;0.4;0.15;4.2;1.7;4.22;583;168;91;49;86936;2.24;9.69;0.39;0.43
1988;5;16;137;15;9.3;3.8;11.1;8.1;3.4;0.4;0.6;0.13;4.2;1.7;2.21;581;151;74;44;87068;2.3;9.76;0.39;0.43
1988;5;17;138;14.3;9.6;3.4;9.3;7.1;3;0.7;0.6;0.12;4.2;1.7;1.1;510;163;68;48;86900;2.53;3.72;0.39;0.43
1988;5;18;139;12.9;9.3;4.9;9.3;7.3;4;0.6;0.4;0.12;4.2;1.7;0.55;430;145;68;40;86951;2.43;9.77;0.39;0.43
1988;5;19;140;12.4;8.4;4.4;8.6;6.7;4;0.2;0.2;0.12;4.2;1.7;0.28;403;123;61;38;87183;2.09;8.52;0.39;0.42
1988;5;20;141;6.8;5.7;3.3;6.4;5.4;3;0.9;-0.1;0.12;4.2;1.7;0.17;107;32;17;9;87629;1.17;21.16;0.4;0.42
1988;5;21;142;6.8;4;1.9;2.4;0.6;-1.1;-0.6;-1.2;0.12;4.2;1.7;0.19;524;161;66;36;88141;2.71;2.73;0.4;0.42
1988;5;22;143;11;6;0.8;1.6;-0.2;-1.8;-1.2;-0.6;0.12;4.2;1.7;0.1;746;264;118;88;87943;3.19;0;0.39;0.42
1988;5;23;144;14.6;8.5;-0.6;6;2.7;-1.8;-0.3;-0.1;0.12;4.3;1.7;0.03;791;279;127;96;87588;3.61;0.01;0.39;0.42
1988;5;24;145;15.5;9.8;0.1;7.9;4.4;-0.8;0;0;0.12;4.3;1.7;0;744;249;118;80;87727;3.52;0.07;0.38;0.42
1988;5;25;146;18.7;12.1;2;8.9;5.7;1.2;-0.8;0;0.12;4.3;1.7;0;798;282;124;90;87641;4.32;0;0.37;0.42
1988;5;26;147;17;11.3;3.3;11.9;7.8;2.5;0.1;0.4;0.12;4.3;1.7;0;606;214;109;69;87227;3.15;1.88;0.37;0.42
1988;5;27;148;14.1;9.8;5.3;11.3;8.3;4.5;0.2;0.4;0.12;4.3;1.7;0;517;185;79;57;86810;2.85;10.96;0.36;0.42
1988;5;28;149;12;9;4.8;9.7;7.6;4.3;0.5;-0.2;0.12;4.3;1.7;0;410;133;44;29;86725;2.58;8.63;0.37;0.42
1988;5;29;150;15.1;10.1;6.4;9.8;7.4;5.7;0.3;-0.3;0.12;4.3;1.7;0;649;200;92;46;86855;3.62;12.8;0.37;0.42
1988;5;30;151;15.2;9.4;5.8;9;6.1;4.2;0.1;0;0.12;4.3;1.7;0;705;209;96;45;87090;3.83;13.54;0.38;0.42
1988;5;31;152;10;7.4;4.9;7;5.5;4.5;0.6;0.2;0.12;4.3;1.7;0;347;103;36;23;87363;2.56;11.04;0.39;0.42
1988;6;1;153;11.2;7.1;5;6.4;5.1;4.1;1.2;0.2;0.12;4.3;1.7;0;538;147;68;31;87342;2.9;13.46;0.39;0.42
1988;6;2;154;10.8;7.5;4.1;6.8;4.8;3.7;1.3;0.2;0.12;4.3;1.7;0;550;143;64;33;87748;2.54;4.06;0.39;0.42
1988;6;3;155;18.1;11.7;2.6;11.2;6.6;1.9;0.4;0.3;0.12;4.4;1.8;0;750;268;110;77;87437;4.19;0.32;0.39;0.42
1988;6;4;156;13.7;10;6.6;11.8;8.7;5.5;0.2;0;0.12;4.4;1.8;0;375;116;63;28;87047;2.37;21.99;0.39;0.42
1988;6;5;157;7.1;5;3.7;6;4.6;3.6;0.4;-0.6;0.12;4.4;1.8;0.15;122;36;21;12;87187;1.41;25.81;0.41;0.42
1988;6;6;158;6.6;4.5;2.9;4.7;3.8;2.7;1.4;0.4;0.22;4.4;1.8;3.15;245;60;22;9;86946;1.69;25.49;0.43;0.42
1988;6;7;159;9.6;6.5;3.9;6.4;4.4;3;-0.3;-0.6;0.18;4.4;1.8;2.05;303;104;54;20;87061;2.07;3.41;0.42;0.42
1988;6;8;160;14.1;8.9;3.6;8.1;5.4;3.4;0.1;0;0.14;4.4;1.8;0.79;641;234;101;62;87318;3.11;2.31;0.42;0.42
1988;6;9;161;15.4;10;1.7;9.7;6.2;1.4;-0.1;0;0.12;4.4;1.8;0.22;646;223;96;61;87548;3.24;0.44;0.41;0.42
1988;6;10;162;16.1;11;4.6;11.4;8.8;3.9;0.3;0.3;0.12;4.4;1.8;0.03;566;198;81;57;87479;3.03;7.37;0.41;0.42
1988;6;11;163;16.5;11.4;4.9;12;8.8;4.4;0.4;0.2;0.12;4.4;1.8;0;613;211;87;54;87091;3.24;5;0.41;0.42
1988;6;12;164;14.9;11.5;8.3;11.1;9.6;8;-0.2;0;0.12;4.4;1.8;0;432;148;63;43;87175;2.71;8.83;0.41;0.42
1988;6;13;165;14.8;10;5.8;10.9;8.8;5.6;0;0;0.12;4.4;1.8;0;533;152;71;39;87407;2.56;7.14;0.41;0.42
1988;6;14;166;17.3;11.8;3.8;9.1;6.8;3.6;-0.1;0;0.12;4.4;1.8;0;777;267;113;71;87387;4.15;0.05;0.4;0.42
1988;6;15;167;16;12.2;7.6;11;8.6;5.7;0.8;0.1;0.12;4.5;1.8;0;548;202;78;61;87505;2.99;1.76;0.4;0.42
1988;6;16;168;16.6;12;6.8;12;9.6;5.8;-0.1;0.1;0.12;4.5;1.8;0;619;200;83;57;87287;3.3;8.19;0.4;0.42
1988;6;17;169;14.8;11;7.9;10.5;8.2;5.6;-0.5;-0.5;0.12;4.5;1.8;0;586;213;81;57;87186;3.5;3.2;0.4;0.42
1988;6;18;170;14;10.4;4.9;6.1;4.5;3.7;-0.5;-0.3;0.12;4.5;1.8;0;559;207;99;68;87457;3.35;0.16;0.39;0.42
1988;6;19;171;14.5;10.5;4.8;8.4;5.9;3.3;0.5;0;0.12;4.5;1.8;0;559;214;88;62;87776;3.35;1.76;0.39;0.42
1988;6;20;172;13.6;9.9;7.2;10.7;7.9;6;0.4;-0.6;0.12;4.5;1.8;0;595;179;70;45;87794;3.36;9.72;0.38;0.42
1988;6;21;173;13.8;10.2;7.2;7;6.3;5.8;0.4;-0.8;0.12;4.5;1.8;0;579;194;83;46;87776;3.15;1.28;0.38;0.42
1988;6;22;174;14.5;10.9;5.6;10.1;6.9;4.5;1;0.3;0.12;4.5;1.8;0;502;170;87;54;88006;2.78;1.1;0.38;0.42
1988;6;23;175;11.4;9.4;6.8;9.8;7.7;5.4;0.3;-0.7;0.12;4.5;1.8;0;332;108;72;32;87966;2.19;11.86;0.38;0.42
1988;6;24;176;16;10.9;5.3;7.9;6.4;5.2;-0.9;-0.7;0.12;4.5;1.8;0;777;275;114;73;87591;4.02;0;0.38;0.42
1988;6;25;177;14.7;11;5.6;9.4;7.6;5.6;-0.4;-0.6;0.12;4.5;1.8;0;540;197;74;50;87377;3.11;1.47;0.37;0.42
1988;6;26;178;15.3;11;7.3;11;9.2;7.2;-0.4;-0.2;0.12;4.5;1.8;0;581;183;72;45;87230;2.8;7.32;0.37;0.42
1988;6;27;179;17.5;11.3;4.6;12.2;8.6;4.4;-0.1;0.4;0.12;4.5;1.8;0;687;211;90;53;87210;3.51;2.35;0.37;0.41
1988;6;28;180;16.6;11.9;5.8;12.5;10;5.6;0.2;0.3;0.12;4.5;1.8;0;547;188;82;53;87154;3.14;9.11;0.37;0.41
1988;6;29;181;17.7;13;7.5;12.9;10.6;7;0.2;0.3;0.12;4.5;1.8;0;623;210;87;59;87319;3.29;2.65;0.37;0.41
1988;6;30;182;19.6;14;6.6;14.8;10.9;6.4;-0.3;0.5;0.12;4.5;1.9;0;634;219;86;62;87531;3.46;0.51;0.37;0.41
1988;7;1;183;21.4;14.7;9.7;14.6;11.5;8.1;0.3;0.6;0.12;4.6;1.9;0;742;198;101;52;86784;3.71;16.73;0.37;0.41
1988;7;2;184;15.4;11.9;8.3;9.2;7.7;5.8;0.1;0;0.12;4.6;1.9;0;585;192;82;49;86750;3.9;10.7;0.38;0.41
1988;7;3;185;11.9;9.3;6.7;10.2;8.1;5.9;0.1;0.6;0.12;4.6;1.9;0;169;66;85;42;86668;1.55;14.39;0.38;0.41
1988;7;4;186;14;10.6;6.8;11.4;8.6;5.9;-0.2;0.2;0.12;4.6;1.9;0;235;99;73;33;87032;1.84;1.25;0.39;0.41
1988;7;5;187;25.3;16.6;7.5;15.2;11.2;6.2;-0.1;0.9;0.12;4.6;1.9;0;775;279;106;68;87017;5.27;2.68;0.38;0.41
1988;7;6;188;18.9;14.1;10;12.5;10.4;8.8;0;-0.4;0.12;4.6;1.9;0;782;192;127;50;87821;3.97;12.54;0.39;0.41
1988;7;7;189;14.1;12;8.2;12.6;10.7;8.1;0.2;0.5;0.12;4.6;1.9;0;215;72;77;32;88031;1.48;5.6;0.39;0.41
1988;7;8;190;15.7;11.4;5.4;11.2;8.6;5.2;0.1;0.6;0.11;4.6;1.9;0;476;145;78;43;87901;2.86;2.29;0.39;0.41
1988;7;9;191;15.4;12.2;8;9.7;8.3;6.9;0.8;0;0.11;4.6;1.9;0;577;209;85;61;88003;3.43;2.66;0.38;0.41
1988;7;10;192;19.1;14.1;7.8;12.4;9.1;6.4;0;-0.1;0.11;4.6;1.9;0;737;277;115;82;88198;4.36;0;0.38;0.41
1988;7;11;193;21.3;15.7;7.2;15.2;10.8;6.1;0.6;0.3;0.11;4.6;1.9;0;772;266;113;73;87992;4.5;0.26;0.37;0.41
1988;7;12;194;16.6;13.3;9.5;12.5;11.3;9.1;0.3;-0.2;0.11;4.6;1.9;0;567;187;75;47;87849;3.95;17.25;0.38;0.41
1988;7;13;195;19.9;14.8;7.2;15.3;11.2;7;0;0;0.11;4.6;1.9;0;616;229;100;66;87383;3.79;5.79;0.38;0.41
1988;7;14;196;13.7;11.5;9.2;12.3;8.2;5.8;1.1;-0.5;0.11;4.6;1.9;0;387;117;76;34;87434;3.09;28.54;0.4;0.41
1988;7;15;197;11;8.9;7.5;7.6;5.5;3.4;1.5;0.3;0.11;4.6;1.9;0;455;138;83;40;87586;3.26;6.27;0.4;0.41
1988;7;16;198;11.7;8.8;6.8;6.7;5.2;3.6;1.3;0.1;0.11;4.6;1.9;0;522;149;67;40;87667;2.55;4.23;0.4;0.41
1988;7;17;199;15.6;10.4;6.5;9.3;6.6;4.5;1;0;0.11;4.6;1.9;0;726;205;100;47;87627;3.73;2.69;0.39;0.41
1988;7;18;200;16.2;11.9;6.7;10.6;8.9;6.3;1.1;0;0.11;4.6;1.9;0;635;198;84;47;87700;3.41;3.53;0.39;0.41
1988;7;19;201;17.7;13.6;8.9;10.7;8.9;8;1;-0.5;0.11;4.6;1.9;0;664;225;92;61;87847;3.83;0.23;0.39;0.41
1988;7;20;202;21.3;15.5;6.5;12.4;9.1;5.3;0.3;0;0.11;4.6;1.9;0;795;288;127;95;87887;4.91;0;0.38;0.41
1988;7;21;203;22.4;16.6;7.6;13.9;10.7;6.4;0.4;0.2;0.11;4.6;1.9;0;756;263;114;80;87997;4.71;0;0.38;0.41
1988;7;22;204;22.6;17.4;11.2;17.1;13.7;10.1;0.2;0.4;0.11;4.6;1.9;0;713;240;96;67;88000;4.02;1.78;0.37;0.41
1988;7;23;205;25.4;18.9;10.6;18.1;14.5;9.7;-0.4;0.4;0.11;4.6;1.9;0;688;251;95;71;87800;4.58;0.05;0.37;0.41
1988;7;24;206;18.3;14.6;10.9;15.8;13.3;10.7;0.6;0.2;0.11;4.6;1.9;0;443;133;67;37;87786;3.02;26.07;0.37;0.41
1988;7;25;207;20;14.8;9.8;13;10.7;9.2;-0.6;-0.3;0.11;4.6;1.9;0;756;252;113;65;88278;4.52;0.06;0.38;0.41
1988;7;26;208;22.9;17.4;9.7;17.6;13.6;8.7;-0.1;0.2;0.11;4.6;1.9;0;734;245;104;73;88120;4.08;0.15;0.37;0.41
1988;7;27;209;18.3;14.7;11;16.4;13.5;10.7;0.4;-0.4;0.11;4.6;1.9;0;425;121;45;30;87953;2.81;21.48;0.38;0.41
1988;7;28;210;19.7;14.4;10;12.4;10.6;9.1;-0.9;-0.3;0.11;4.6;1.9;0;774;238;113;62;87907;4.21;0.09;0.38;0.41
1988;7;29;211;19.7;14.4;10.4;14.5;12.3;9.3;0.7;0;0.11;4.6;1.9;0;518;157;66;40;87537;3.42;22.24;0.38;0.41
1988;7;30;212;15.4;11.8;8.4;9.6;7.9;6.9;-0.1;-0.9;0.11;4.6;1.9;0;603;182;101;48;88012;3.49;2.43;0.39;0.41
1988;7;31;213;19.2;15;10.4;13.1;10;7.3;-0.1;-0.1;0.11;4.5;1.9;0;677;238;106;78;88108;3.7;0.18;0.39;0.4
1988;8;1;214;21.9;16;8.2;15;11.6;7.1;0.1;0.6;0.11;4.5;1.9;0;664;228;104;75;88034;3.96;0.28;0.39;0.4
1988;8;2;215;23.3;16.8;10.8;15.9;12.4;9;0.4;0.8;0.11;4.5;1.9;0;711;216;102;63;87709;3.9;1.12;0.38;0.4
1988;8;3;216;15.8;12.9;9.2;14.1;11.9;9;0.1;-0.3;0.11;4.5;1.9;0;258;62;58;22;87369;1.92;20.19;0.38;0.4
1988;8;4;217;9.3;8.7;7.8;9.2;8.4;7.1;-0.5;-0.7;0.11;4.5;1.8;0;75;27;35;11;87536;1.16;16.93;0.4;0.4
1988;8;5;218;15.3;10.8;5;7.1;6.1;4.9;0.1;-0.1;0.11;4.5;1.8;0;690;223;107;68;87926;3.71;0;0.4;0.4
1988;8;6;219;19.3;13.8;7.2;11.3;8.4;5.6;-0.8;-0.1;0.11;4.5;1.8;0;757;264;120;92;88083;4.09;0;0.4;0.4
1988;8;7;220;21.7;15.8;7.7;14.6;11.3;6.4;-0.2;0;0.11;4.5;1.8;0;747;245;114;77;87964;3.94;0.02;0.39;0.4
1988;8;8;221;21.1;15.4;9.8;15;12.1;8.9;0.4;0.5;0.11;4.5;1.8;0;674;205;98;67;87747;3.46;1.7;0.39;0.4
1988;8;9;222;19;14.3;9.5;13.9;11.5;8.9;0.6;0.6;0.11;4.5;1.8;0;600;191;81;59;87768;3.46;9.56;0.39;0.4
1988;8;10;223;22.1;15.9;8.6;14.6;11;7.7;-0.3;0.4;0.11;4.5;1.8;0;746;252;115;82;87647;4.38;0;0.39;0.4
1988;8;11;224;21.5;16.1;10.6;16;12.8;9.4;0.3;0.7;0.11;4.5;1.8;0;597;195;89;60;87675;3.47;5.87;0.38;0.4
1988;8;12;225;22.7;16.4;11.3;16.1;12.9;10.1;0.3;0.6;0.11;4.5;1.8;0;633;199;90;60;87712;3.76;4.56;0.38;0.4
1988;8;13;226;19.2;15.6;10.9;14.5;12.9;10.2;0.5;0.3;0.11;4.5;1.8;0;541;172;81;54;87947;3.14;4.29;0.38;0.4
1988;8;14;227;22.3;16.9;10.2;16.8;13.7;9.9;-0.1;0.7;0.11;4.5;1.8;0;648;209;94;64;87901;3.48;0.34;0.38;0.4
1988;8;15;228;21;16.9;12.3;17.5;14.4;11;0.3;0.6;0.11;4.5;1.8;0;579;160;78;56;87867;2.56;2.99;0.38;0.4
1988;8;16;229;20.8;15.6;10.9;15.3;13.2;9.9;0.3;0.1;0.11;4.5;1.8;0;581;185;91;60;87834;3.1;4.27;0.38;0.4
1988;8;17;230;18.3;14.9;11.2;13.9;12.5;11.2;-0.1;-0.3;0.11;4.4;1.8;0;503;157;72;51;88070;2.61;2.03;0.38;0.4
1988;8;18;231;21.7;15.7;8.9;15.4;11.9;8.8;-0.2;0.2;0.11;4.4;1.8;0;723;239;117;78;87914;3.88;0.01;0.37;0.4
1988;8;19;232;21;16.2;9.9;16.5;13.1;8.8;0.1;0.7;0.11;4.4;1.8;0;501;164;81;56;87483;2.93;3.1;0.37;0.4
1988;8;20;233;15.7;12.6;8;14.7;11.8;7.5;0.4;0.1;0.11;4.4;1.8;0;269;54;43;19;87181;2.2;32.18;0.38;0.4
1988;8;21;234;12.9;10.3;7.9;9.2;7.5;5.9;0.4;0;0.11;4.4;1.8;0;432;114;79;38;87318;2.35;6.77;0.39;0.4
1988;8;22;235;9.2;8.2;7.1;8.5;6.9;5.6;0.7;-0.1;0.11;4.4;1.8;0;228;63;40;23;87501;1.96;15.08;0.4;0.4
1988;8;23;236;12.4;8.9;6.5;9.2;7.3;5.6;0.4;-0.2;0.11;4.4;1.8;0;470;133;68;40;87676;2.33;3.8;0.4;0.4
1988;8;24;237;15.1;9.9;3.6;8.1;6.1;3.5;0.1;0.2;0.11;4.4;1.8;0;582;175;93;56;87191;2.78;1.69;0.4;0.4
1988;8;25;238;12.9;7.9;5.2;9;5.7;2.6;1.4;0.7;0.11;4.4;1.8;0;371;110;79;47;86900;2.64;9.22;0.4;0.4
1988;8;26;239;11;8.1;4.9;5.9;3.8;2.4;1.5;0.2;0.11;4.4;1.8;0;419;124;71;40;87466;2.17;2.25;0.4;0.4
1988;8;27;240;12.9;10;6.7;12.6;9.5;6.7;0.6;0.7;0.11;4.4;1.8;0;72;26;63;16;87789;0.68;10.41;0.41;0.4
1988;8;28;241;23.7;14.4;3.8;18.3;11.1;3.5;0.1;0.8;0.11;4.4;1.8;0;701;215;117;71;87448;3.52;0.77;0.41;0.4
1988;8;29;242;16.3;13;9.5;14.4;12;8.9;0.5;0;0.11;4.3;1.8;0;324;102;58;27;87261;2.35;42.81;0.42;0.4
1988;8;30;243;12.4;10.1;8.1;8.9;7.6;6.2;-0.3;-0.5;0.1;4.3;1.8;0;401;110;74;43;87692;2.01;1.82;0.43;0.4
1988;8;31;244;18.1;11.9;5.4;13.2;8.7;4.5;0.1;0.5;0.1;4.3;1.8;0;645;188;109;71;87640;2.72;0.84;0.42;0.41
1988;9;1;245;21.3;14.2;5.4;13;9.1;4.8;-0.3;0.8;0.1;4.3;1.8;0;649;202;107;69;87060;3.46;0.89;0.41;0.41
1988;9;2;246;12.5;8.2;5.5;10.4;7;3.8;0.8;0.4;0.1;4.3;1.7;0;70;18;47;23;86467;1.52;29.45;0.42;0.41
1988;9;3;247;12.5;8.4;4.6;8.2;5.5;3.1;0.4;0.7;0.1;4.3;1.7;0;511;111;84;35;87094;2.52;5.28;0.42;0.41
1988;9;4;248;15.1;10.9;7.8;12.2;9.8;7.3;0.3;0.7;0.1;4.3;1.7;0;354;60;63;22;87760;1.26;10.88;0.42;0.41
1988;9;5;249;18.4;13.4;8.2;12.8;10.3;7;0.9;0.6;0.1;4.3;1.7;0;485;138;78;42;88226;2.34;5.84;0.42;0.41
1988;9;6;250;15.5;12.4;9.4;13.2;11.4;9;0.9;-0.4;0.1;4.3;1.7;0;444;106;71;26;88393;2.52;12.32;0.42;0.42
1988;9;7;251;14;10.1;6.5;8.8;6.1;4.3;-1;-0.7;0.1;4.3;1.7;0;622;184;111;70;88454;3.07;0.2;0.42;0.42
1988;9;8;252;15.8;10;3.3;8.5;5.9;3;-1;-0.2;0.1;4.3;1.7;0;672;210;125;90;88047;2.8;0;0.41;0.42
1988;9;9;253;17.2;11.2;3.1;9.1;6.6;2;0.4;0.3;0.1;4.3;1.7;0;642;200;116;83;87834;2.88;0;0.41;0.42
1988;9;10;254;16.1;12.1;7.8;11.7;9.1;6.7;0.4;0.2;0.1;4.2;1.7;0;457;141;82;51;88166;2.18;1.32;0.4;0.42
1988;9;11;255;17.4;11.9;5;11.9;9.3;4.9;0.6;0.5;0.1;4.2;1.7;0;546;147;94;55;88185;2.17;0.73;0.4;0.42
1988;9;12;256;14.9;11.9;10.1;11.7;9.7;8;1.1;0;0.1;4.2;1.7;0;476;110;66;32;87686;1.95;2.92;0.39;0.42
1988;9;13;257;10.1;7.3;4.5;7.8;6.1;3.9;1.1;-0.3;0.1;4.2;1.7;0;238;65;36;20;87020;2.46;12.64;0.39;0.42
1988;9;14;258;7.4;4.9;3.3;5.6;3.4;1.8;0.6;-0.1;0.1;4.2;1.7;0.02;407;116;75;42;87114;2.43;6.85;0.4;0.42
1988;9;15;259;7.3;4.5;2.9;6;3.4;1.5;-0.1;-0.5;0.1;4.2;1.7;0.02;452;111;71;36;87559;2.07;9.3;0.4;0.42
1988;9;16;260;7.5;4.5;1.6;5.9;3.9;1.5;0.7;0;0.11;4.2;1.7;0.28;356;83;65;25;87728;1.68;8.12;0.41;0.42
1988;9;17;261;7.5;4.6;0.5;4.9;2.7;-0.5;0.6;-0.1;0.1;4.2;1.7;0.18;243;67;45;24;87854;1.15;2.33;0.41;0.42
1988;9;18;262;9.4;6.8;4.3;5.4;4.6;3.7;0.6;-0.6;0.1;4.1;1.7;0.07;301;92;51;28;88239;1.58;0.87;0.4;0.42
1988;9;19;263;13.7;9.5;6.4;7.9;6.6;4.3;-0.5;-0.6;0.1;4.1;1.7;0.02;510;147;89;56;88646;1.8;0.05;0.4;0.42
1988;9;20;264;15.4;9.5;4;9.1;7.1;3.9;-0.5;-0.3;0.1;4.1;1.7;0;542;167;113;62;88297;1.96;0;0.39;0.42
1988;9;21;265;14.7;9.9;5.3;8.2;7.1;5.2;0;-0.2;0.1;4.1;1.6;0;497;153;104;65;87714;1.96;0.02;0.39;0.42
1988;9;22;266;15.8;9.8;2.2;9;6.4;2.1;0.2;0.3;0.1;4.1;1.6;0;557;163;108;71;87372;2.17;0;0.39;0.42
1988;9;23;267;11.8;8.8;6.5;9.4;7.4;5.6;0.5;0.8;0.1;4;1.6;0;292;63;57;27;87244;1.28;8.02;0.39;0.41
1988;9;24;268;14.5;10.3;6.8;7.2;5.8;4.1;1.5;0.2;0.09;4;1.6;0;476;130;99;55;87674;2.24;0.7;0.39;0.41
1988;9;25;269;13.7;9.3;4.7;6.9;5.5;3.1;1;0.2;0.09;4;1.6;0;395;100;75;49;88196;1.33;0;0.38;0.41
1988;9;26;270;17.2;11.2;5;10.8;7.2;3.7;0.5;0.4;0.09;4;1.6;0;561;157;101;68;88432;2.13;0;0.38;0.41
1988;9;27;271;17.4;10.6;3.3;11.1;7.5;3;0.2;0.6;0.09;4;1.6;0;572;162;113;75;88275;2.1;0.01;0.37;0.41
1988;9;28;272;19.2;11.6;3.9;13.7;8.3;3.3;0.1;0.9;0.09;4;1.6;0;537;155;103;72;87805;2.12;0.15;0.37;0.41
1988;9;29;273;13.7;10.1;6.7;10.4;8;5.5;0;-0.1;0.09;3.9;1.6;0;324;74;60;28;87682;1.37;4.13;0.37;0.41
1988;9;30;274;7.5;6.8;6;7.1;6.3;5.6;-0.7;-1;0.09;3.9;1.6;0;102;24;8;2;87953;1.13;3.17;0.37;0.41
1988;10;1;275;12.2;8.8;6.8;8.9;7.8;6.6;-0.9;-0.6;0.09;3.9;1.6;0;355;84;53;19;88385;1.15;0.29;0.37;0.41
1988;10;2;276;16.2;10.3;5.8;10.7;8;4.9;-0.6;0;0.09;3.9;1.6;0;536;150;114;78;88392;1.61;0;0.36;0.41
1988;10;3;277;16;9.7;3.8;9.7;6.8;2.9;-0.2;0.2;0.09;3.9;1.6;0;532;148;117;78;88039;1.75;0.01;0.36;0.41
1988;10;4;278;12.4;8.4;4.7;9;6.9;4.4;0.1;0.3;0.09;3.8;1.5;0;319;83;60;39;87669;1.48;5.31;0.36;0.41
1988;10;5;279;12.6;7.5;2.2;8.9;5.9;1.5;0.3;0.6;0.09;3.8;1.5;0;305;75;66;42;87260;1.27;8.92;0.36;0.41
1988;10;6;280;11.7;7.6;3.2;5.3;3.4;0.8;1.1;0.7;0.09;3.8;1.5;0;436;109;79;46;86938;2.04;1.37;0.36;0.41
1988;10;7;281;8.7;6.3;3.2;8.3;4.2;0.8;1.2;0.6;0.09;3.8;1.5;0;115;32;63;27;86355;1.3;7.13;0.36;0.41
1988;10;8;282;5.1;2.9;0.3;1.7;-0.7;-2.5;1.9;0.6;0.11;3.8;1.5;0.52;408;112;87;56;87070;2.13;3.43;0.37;0.41
1988;10;9;283;17;8.7;2.5;10.3;2.9;-2.6;-0.2;1.4;0.11;3.7;1.5;0.46;495;113;105;55;87156;1.68;0.13;0.37;0.41
1988;10;10;284;10.8;6.9;4;8.4;5.5;1.7;0.1;0.5;0.1;3.7;1.5;0.25;250;58;59;29;87364;1.08;6.12;0.36;0.41
1988;10;11;285;17;10.3;4.7;11.1;7.8;4.6;-0.7;0.6;0.09;3.7;1.5;0.09;427;115;102;50;87182;1.6;0.83;0.37;0.41
1988;10;12;286;14.6;10;7.2;10.6;8.3;5.6;0.1;0.2;0.09;3.7;1.5;0.03;347;81;70;36;86898;0.85;8.16;0.36;0.41
1988;10;13;287;15.4;9.8;5.8;8.4;7.1;4.2;-0.6;0.1;0.09;3.7;1.5;0;421;115;111;57;87441;1.73;6.85;0.37;0.41
1988;10;14;288;15.8;9.9;5.5;10.5;6.8;3.5;-0.2;1.6;0.09;3.6;1.5;0;269;71;70;51;87634;0.86;0.02;0.37;0.41
1988;10;15;289;18;11.4;5.8;11.6;8.1;4.5;-0.1;0.6;0.09;3.6;1.5;0;473;127;105;68;88187;1.57;0;0.37;0.41
1988;10;16;290;17.3;10.3;5.1;11.8;7.8;4.4;0;0.7;0.09;3.6;1.5;0;439;115;96;62;88235;1.38;0;0.37;0.41
1988;10;17;291;19.2;10.6;3.4;14.7;8;2.7;0;1;0.09;3.6;1.4;0;433;114;101;69;88066;1.35;0.05;0.36;0.41
1988;10;18;292;19.1;10.5;4.2;12.1;7.5;3.2;-0.2;1.1;0.08;3.6;1.4;0;433;108;109;68;87543;1.41;0;0.36;0.41
1988;10;19;293;16.3;10.1;5.6;11;7.7;4.6;0;0.6;0.08;3.6;1.4;0;396;87;86;55;87090;1.04;0.01;0.36;0.41
1988;10;20;294;11.9;7.6;4.8;9;6.1;3.1;0.8;0.2;0.08;3.6;1.4;0;304;70;68;30;87482;1.56;8.12;0.36;0.4
1988;10;21;295;7.9;6.1;4.8;4.2;3.6;2.5;-0.5;-0.4;0.08;3.6;1.4;0;204;44;25;16;88007;0.95;0.09;0.36;0.4
1988;10;22;296;10;6.8;4.8;4.9;4.6;4.3;-0.7;-0.4;0.08;3.6;1.4;0;273;58;74;36;87925;0.69;0.04;0.36;0.4
1988;10;23;297;13.1;6.9;1.3;6.9;3.7;0.8;0.4;0.4;0.08;3.5;1.4;0;450;115;115;75;87614;1.23;0;0.36;0.4
1988;10;24;298;9.4;5.9;2.3;6.6;4.1;0.7;0.8;0.5;0.08;3.5;1.4;0;265;58;83;33;87840;0.91;4.95;0.35;0.4
1988;10;25;299;8.7;5.6;3.1;6.1;4.7;3.1;0.2;0;0.08;3.5;1.4;0;244;59;68;36;88018;0.83;1.23;0.36;0.4
1988;10;26;300;12.7;5.5;0.9;6.2;2.6;0.2;-0.3;0.8;0.08;3.5;1.4;0;426;107;120;70;87868;1.26;0;0.36;0.4
1988;10;27;301;16.4;7;0.4;11.8;3.8;-2.1;0.1;1.3;0.08;3.5;1.4;0;424;108;116;78;87778;1.08;0;0.35;0.4
1988;10;28;302;15.1;7.3;0.4;8.4;4.2;-0.4;0.1;0.8;0.08;3.5;1.4;0;423;107;109;70;88013;1.17;0;0.35;0.4
1988;10;29;303;10;5.4;2.4;9;4.8;1.7;0.3;0;0.08;3.5;1.4;0;198;37;47;24;88071;0.77;14.56;0.35;0.4
1988;10;30;304;2.5;0.9;-1;2.1;-1.3;-4;-0.6;-1.1;0.09;3.5;1.4;0.39;195;50;51;28;87879;1.13;1.79;0.36;0.4
1988;10;31;305;1.9;-0.8;-2.5;-3.6;-5;-6.4;-0.5;-0.8;0.11;3.5;1.4;0.97;359;84;109;67;87734;0.82;0.26;0.36;0.4
1988;11;1;306;6.1;1.2;-2.6;-1.8;-4;-6.1;-0.1;0.3;0.11;3.5;1.4;0.98;410;102;118;84;87812;0.63;0;0.36;0.4
1988;11;2;307;3.4;0.1;-3.7;2.9;-1.3;-5.7;0.6;0.3;0.12;3.5;1.4;1.25;100;21;67;19;87576;0.24;11.48;0.36;0.4
1988;11;3;308;-0.4;-2.6;-5.8;-0.9;-4.2;-7.2;-0.7;-0.8;0.32;3.4;1.4;7.83;191;49;82;37;88014;0.72;4.48;0.36;0.4
1988;11;4;309;-0.8;-4.5;-6.7;-7.1;-8;-9.2;-1.4;0.1;0.33;3.4;1.4;8.47;305;72;116;74;88126;0.47;0.02;0.36;0.4
1988;11;5;310;5.2;-2.1;-8.2;-3.7;-7.9;-11.9;0.3;0.8;0.32;3.4;1.4;8.11;306;74;121;79;87920;0.2;0;0.36;0.4
1988;11;6;311;5.2;-1.3;-6.8;-0.9;-5.7;-9.5;0.2;0.6;0.3;3.4;1.4;7.49;298;71;113;72;87789;0.13;0;0.36;0.4
1988;11;7;312;5;-0.9;-6.3;-0.2;-4.7;-9.3;-0.2;0.5;0.27;3.4;1.4;6.82;281;68;95;65;87706;0.11;0;0.36;0.4
1988;11;8;313;4.9;-0.4;-4.5;-0.8;-4.3;-7.4;-0.1;0.7;0.25;3.4;1.4;6.13;280;69;102;63;87616;0.14;0;0.36;0.4
1988;11;9;314;8.8;0.9;-5.4;3.4;-2.6;-8;0.1;1;0.22;3.4;1.4;5.19;309;70;101;52;87697;0.17;0;0.36;0.4
1988;11;10;315;8.1;1.2;-2.8;2.7;-1.7;-4.5;0.1;1.2;0.19;3.4;1.4;4.14;238;52;63;36;87945;0.32;0;0.36;0.4
1988;11;11;316;9.4;2.3;-2.6;5.4;-0.1;-4;0;1;0.16;3.4;1.4;3.18;275;63;87;43;88237;0.43;0;0.36;0.4
1988;11;12;317;10.1;2.3;-2.8;6.6;0.2;-4.1;0.1;1.1;0.14;3.4;1.4;2.33;320;75;91;59;88265;0.36;0;0.36;0.4
1988;11;13;318;5.6;2.4;-0.9;5.3;1.6;-1.9;0.8;0.4;0.13;3.3;1.4;1.79;73;15;15;4;88011;0.34;15.98;0.36;0.4
1988;11;14;319;1.7;-0.1;-0.9;0.3;-0.8;-2.1;1.2;-0.3;0.15;3.3;1.3;2.85;215;43;57;26;88257;0.8;5.02;0.37;0.4
1988;11;15;320;0.8;0.1;-0.8;0.5;-0.3;-1.5;1.2;0.5;0.37;3.3;1.3;10.96;39;8;7;2;88299;0.25;16.01;0.37;0.4
1988;11;16;321;3.7;1.1;-5.1;1.7;0.2;-5.7;0;0.3;0.39;3.3;1.3;12.34;122;26;81;28;88371;0.18;1.6;0.38;0.4
1988;11;17;322;7.3;-1.8;-7.7;3;-4.4;-10.2;0.1;1.2;0.36;3.3;1.3;10.78;241;55;100;59;88046;0.29;0;0.38;0.4
1988;11;18;323;5.4;-1.5;-8.5;1.5;-4.1;-11.7;0.9;0.9;0.33;3.3;1.3;9.56;198;41;78;34;87484;0.2;4.6;0.38;0.4
1988;11;19;324;0;-1.4;-3.6;-0.5;-2.2;-4.1;1;-0.4;0.39;3.3;1.3;13.83;105;19;63;22;87418;0.3;11.14;0.38;0.4
1988;11;20;325;-1.1;-3.1;-4.9;-3.7;-4.7;-5.6;0;0.1;0.47;3.3;1.3;19.58;172;35;80;32;86420;0.2;4.05;0.38;0.4
1988;11;21;326;-4;-7.1;-11.1;-5.4;-8.5;-12.9;0.7;-0.9;0.51;3.3;1.3;30.9;39;9;15;9;86046;0.19;22.01;0.38;0.4
1988;11;22;327;-10.5;-12.4;-18.6;-12.6;-15.1;-20;0.1;-0.7;0.53;3.3;1.3;44.99;128;29;81;39;87343;0.25;2.76;0.38;0.4
1988;11;23;328;-6.9;-13.5;-20.6;-10.7;-16.5;-22.5;0.4;0.9;0.53;3.3;1.3;45.76;133;28;51;29;87760;0.1;0.24;0.38;0.4
1988;11;24;329;-3.9;-10.3;-18.1;-8.8;-13.8;-20.2;0.3;0.9;0.52;3.3;1.3;45.89;160;35;64;28;87872;0.1;0.34;0.38;0.4
1988;11;25;330;-1;-4.1;-7.7;-3.6;-6.5;-9.8;0.3;0.6;0.52;3.3;1.3;46.74;115;21;43;17;87701;0.12;0.93;0.38;0.4
1988;11;26;331;0.2;-4.3;-11.9;-2.4;-6;-13.5;-0.1;0.3;0.52;3.3;1.3;47.05;144;32;63;42;87442;0.07;0.07;0.38;0.4
1988;11;27;332;-1.2;-6;-11.1;-3.5;-8.1;-13.4;-0.1;0.5;0.51;3.3;1.3;47.29;153;32;72;42;87748;0.06;0.15;0.38;0.4
1988;11;28;333;1.3;-5.9;-16.2;-3.1;-9.7;-17.9;0.6;1.2;0.51;3.3;1.3;47.36;170;34;76;34;87635;0.1;0;0.37;0.4
1988;11;29;334;2.3;0.1;-4.6;-0.1;-4;-10.5;1.6;0.9;0.5;3.3;1.3;47.38;101;16;49;14;87038;0.19;2.56;0.37;0.4
1988;11;30;335;4.2;1.3;-1.2;2.5;-0.1;-2.3;0;1.2;0.48;3.3;1.3;46.11;69;14;39;10;86410;0.03;6.06;0.38;0.4
1988;12;1;336;4.3;-0.3;-3.2;2.4;-1.5;-4.4;-0.2;1;0.46;3.3;1.3;44.34;115;22;53;33;85774;-0.03;0.03;0.38;0.4
1988;12;2;337;1.5;-0.9;-3;0.8;-2.1;-5.1;0.3;0.3;0.45;3.3;1.3;44.58;75;14;32;14;85574;0.01;8.02;0.38;0.4
1988;12;3;338;0.3;-0.7;-1.3;-0.8;-1.4;-2.3;0.7;0.2;0.5;3.3;1.3;55.4;45;9;33;8;86504;0.1;7.91;0.38;0.4
1988;12;4;339;2.1;-1.1;-4.8;-0.5;-3.6;-6.9;0.5;1.7;0.49;3.3;1.3;58.34;47;10;60;16;86484;0.32;11.02;0.38;0.4
1988;12;5;340;3.4;0.5;-0.8;1.5;-1.1;-2.4;1.4;0.3;0.49;3.3;1.3;61.72;35;7;46;16;86207;0.21;31.23;0.4;0.4
1988;12;6;341;-1.8;-3.8;-6.1;-2;-5.8;-8;1.9;0.1;0.52;3.3;1.3;82.14;107;20;76;37;86486;0.51;12.17;0.4;0.4
1988;12;7;342;-4.8;-5.8;-7.9;-6.6;-8;-9.9;1.7;0.3;0.53;3.3;1.4;92.99;51;9;43;19;87394;0.22;13.46;0.4;0.4
1988;12;8;343;-4.6;-6.7;-8.9;-7.9;-9.1;-10.5;1;0.5;0.53;3.3;1.4;100.14;122;22;61;23;88254;0.11;1.8;0.39;0.4
1988;12;9;344;-1.9;-3.8;-6.7;-3.6;-5.7;-9.5;0.8;0.9;0.53;3.3;1.4;106.84;36;6;21;4;88127;0;9.09;0.39;0.4
1988;12;10;345;0.8;-1.2;-3.9;-0.1;-2.5;-5.7;1.1;1;0.53;3.3;1.4;116.43;22;4;31;1;88102;0;20.49;0.39;0.4
1988;12;11;346;1.9;0.7;-0.4;0.6;-0.1;-0.7;1.1;0.4;0.51;3.3;1.4;124.44;44;10;32;10;88363;0.03;5.92;0.4;0.4
1988;12;12;347;0.1;-1.3;-3.2;-0.6;-2.4;-4.1;1.4;0.2;0.5;3.3;1.4;128.06;41;8;55;22;87810;0.25;9.95;0.4;0.4
1988;12;13;348;-1.6;-3.3;-4.6;-3.9;-4.6;-5.6;0.8;0.3;0.51;3.3;1.4;135.28;74;16;38;23;88252;0.23;2.87;0.4;0.4
1988;12;14;349;-1.6;-3;-5.2;-3.3;-4.8;-7.8;1.9;0;0.51;3.3;1.4;139.23;83;14;45;18;88223;0.08;12.77;0.39;0.4
1988;12;15;350;-3;-5.8;-9.7;-3.9;-6.8;-10.6;0.7;-0.9;0.53;3.3;1.4;156.76;65;14;59;28;87796;0.18;10.49;0.39;0.4
1988;12;16;351;-8.7;-11.7;-19.6;-9.8;-14;-21.9;-0.3;0.3;0.53;3.3;1.3;159.68;145;30;87;68;87624;0.08;0.15;0.39;0.4
1988;12;17;352;-6.5;-13.9;-22.3;-11.6;-18;-25.7;0.4;1.3;0.53;3.3;1.3;159.78;112;24;62;23;87711;0.1;0.76;0.39;0.4
1988;12;18;353;-4;-7.7;-10;-7.5;-10.5;-12.5;0.9;0.9;0.53;3.3;1.3;161.3;120;23;65;21;88098;0.03;1.15;0.39;0.4
1988;12;19;354;2.2;-1.5;-8.1;-1.3;-4.6;-11.6;2.4;1.2;0.53;3.3;1.3;166.37;55;11;21;3;87037;0.17;16.45;0.38;0.4
1988;12;20;355;-2;-4.6;-7.1;-3.7;-5.8;-7.8;1.3;-0.3;0.53;3.3;1.3;185.44;45;10;55;27;87190;0.29;13.55;0.38;0.4
1988;12;21;356;-2.4;-6.2;-12.2;-4.5;-8.8;-13.7;0.6;1.1;0.53;3.2;1.3;190.76;131;19;62;24;88247;0.1;1.1;0.38;0.4
1988;12;22;357;3.2;-2.7;-8.1;-0.8;-5.2;-10;0.4;1.3;0.53;3.2;1.3;191.52;131;26;72;35;88254;0.06;0.02;0.38;0.4
1988;12;23;358;0.9;-3.1;-9;-1.9;-5.8;-10.7;0.7;1.2;0.53;3.2;1.3;192.46;89;17;63;15;87650;0.12;1.91;0.38;0.4
1988;12;24;359;3;1.5;-0.1;-0.1;-1.8;-2.6;2.4;0.9;0.52;3.2;1.3;192.79;112;22;58;23;87752;0.21;3.13;0.38;0.4
1988;12;25;360;3.7;0.8;-4.8;2.5;-0.3;-5.8;0.6;0.8;0.5;3.2;1.3;191.81;63;10;58;21;88329;-0.04;3.95;0.38;0.4
1988;12;26;361;4;-2.2;-5.7;2;-3.8;-8.4;0.2;1.1;0.48;3.2;1.3;190.94;141;29;74;54;88296;0.12;0;0.38;0.4
1988;12;27;362;3.4;-3.2;-7.4;-0.1;-6.4;-11;0.4;1.1;0.48;3.2;1.3;190.96;156;32;85;54;88429;-0.02;0;0.38;0.4
1988;12;28;363;3.1;-1.5;-5.4;-0.4;-4.5;-9;0.1;0.8;0.47;3.2;1.3;191.01;99;19;59;23;88804;0;0.03;0.38;0.4
1988;12;29;364;2.7;-2;-5.7;-0.3;-5;-9.1;0;0.8;0.47;3.2;1.3;191.07;129;27;70;44;88961;-0.01;0;0.38;0.4
1988;12;30;365;3;-4;-7.9;-1.8;-8.6;-12.5;0.2;1.2;0.47;3.2;1.3;191.11;163;34;86;54;88922;0.01;0;0.38;0.4
1988;12;31;366;1.5;-4.1;-8.5;-3.9;-8.8;-14.1;0.1;0.7;0.46;3.2;1.3;191.12;152;32;76;51;88846;0.01;0;0.38;0.4
1989;1;1;1;-0.1;-3.5;-5.2;-4.2;-7;-10.8;-0.3;0.3;0.46;3.1;1.3;191.14;147;30;72;43;88738;-0.01;0.01;0.38;0.4
1989;1;2;2;0.2;-4.7;-9.2;-5.6;-8.9;-12.3;-0.5;0.8;0.46;3.1;1.3;191.22;165;34;88;51;88642;0.04;0;0.37;0.4
1989;1;3;3;2;-6.7;-11.9;-5.7;-12.1;-16.7;0.2;1.2;0.45;3.1;1.3;191.25;176;37;89;56;88782;0;0;0.37;0.4
1989;1;4;4;1.9;-7.8;-13.5;-6.6;-13.7;-18.3;0.2;1.5;0.45;3.1;1.3;191.25;177;37;90;57;88772;0;0;0.37;0.4
1989;1;5;5;-2.4;-7.9;-12.7;-6.4;-12.8;-19.1;0.6;1.1;0.45;3.1;1.3;191.65;108;20;57;30;88288;0;0.95;0.37;0.4
1989;1;6;6;-1.3;-4.3;-9;-2.4;-7.2;-12.5;0.8;1.2;0.47;3.1;1.3;194.3;54;11;12;-6;87195;0;5.6;0.37;0.4
1989;1;7;7;0;-1.1;-1.7;-0.5;-1.5;-2.3;1.4;0.1;0.49;3.1;1.3;204.45;29;6;12;0;87450;0.03;16.24;0.37;0.4
1989;1;8;8;1.8;0.6;-1.3;0.3;-0.7;-1.9;1.2;0.8;0.51;3.1;1.3;215.65;28;5;11;2;87887;0;9.07;0.37;0.4
1989;1;9;9;7.4;-0.5;-5;4.3;-2.6;-6.8;0.1;1.5;0.49;3.1;1.3;216.92;164;35;81;58;87698;0.06;0;0.37;0.4
1989;1;10;10;4.7;-1.1;-5.9;0.2;-4.1;-8.3;0.3;0.8;0.48;3.1;1.2;216.7;164;35;81;59;87704;0.08;0;0.37;0.4
1989;1;11;11;3.2;-1.3;-6.6;-0.9;-4.1;-8.1;-0.1;0.7;0.47;3.1;1.2;216.8;134;27;72;44;87981;0.04;0.11;0.37;0.4
1989;1;12;12;4.1;-4;-7.8;-1.6;-7.7;-11.3;0.2;1.4;0.47;3;1.2;216.87;164;37;87;60;88023;0.02;0;0.37;0.4
1989;1;13;13;1.7;-3.2;-8;0;-4.9;-10.1;0.4;1;0.47;3;1.2;219.82;108;21;69;31;88738;-0.02;3.86;0.37;0.4
1989;1;14;14;4.2;-3;-9.5;-1.5;-8.3;-13.3;0.6;1.1;0.47;3;1.2;220.81;179;39;88;53;88910;0.03;0.74;0.36;0.4
1989;1;15;15;3.5;-2;-6.9;0.2;-4.3;-9.1;0.3;0.9;0.47;3;1.2;221.74;143;32;68;41;89167;-0.02;0.22;0.36;0.4
1989;1;16;16;5;-1.7;-5.9;-0.5;-5.7;-9.9;0.2;1;0.46;3;1.2;221.82;181;39;83;53;88879;0.07;0;0.36;0.4
1989;1;17;17;4.7;-1.8;-6.7;-1.9;-6.7;-11.7;0.3;0.6;0.46;3;1.2;221.86;193;42;100;63;88647;0.08;0;0.36;0.4
1989;1;18;18;1.2;-2.2;-5.5;-3.7;-6;-8.4;-0.1;0.3;0.45;3;1.2;221.88;157;34;71;50;88785;0.06;0;0.36;0.4
1989;1;19;19;3.3;-3.9;-8.4;-3.9;-9;-13.4;-0.2;0.8;0.45;3;1.2;221.89;198;44;94;62;88621;0.09;0;0.36;0.4
1989;1;20;20;3.8;-5.2;-11.5;-5;-10.7;-15.7;0.2;1.1;0.45;3;1.2;221.91;198;44;95;60;88348;0.06;0;0.36;0.4
1989;1;21;21;3.1;-6;-12.6;-7;-11.6;-16;0.1;1.2;0.45;3;1.2;221.92;203;45;94;60;87896;0.08;0;0.36;0.4
1989;1;22;22;0.8;-5;-11.4;-4.7;-9.2;-14.7;0.3;0.4;0.44;3;1.2;222.05;177;41;81;38;87905;0.08;0.56;0.36;0.4
1989;1;23;23;-0.1;-2.5;-4.9;-3.4;-4.4;-6.2;-0.5;0;0.44;3;1.2;222.75;173;39;84;45;88597;0.07;0.28;0.35;0.4
1989;1;24;24;0.9;-3.9;-9.3;-4.2;-6.9;-11.5;-0.3;0.4;0.44;3;1.2;222.84;198;44;103;65;88367;0.05;0;0.35;0.4
1989;1;25;25;3.6;-6;-13.2;-7.8;-12.5;-16.9;0.1;1.1;0.44;3;1.2;222.84;221;50;106;68;88335;0.14;0;0.35;0.4
1989;1;26;26;4.4;-5.9;-13.5;-6.8;-12.5;-17;0.1;1;0.44;3;1.2;222.79;225;52;106;67;88376;0.05;0;0.35;0.4
1989;1;27;27;4.3;-5.2;-12.4;-7.1;-12.1;-16.4;0;1;0.43;3;1.2;222.78;228;53;106;65;88788;0.05;0;0.35;0.39
1989;1;28;28;6;-4.4;-12.4;-5.7;-10.9;-15.6;0.3;0.9;0.43;3;1.2;222.8;233;54;107;66;88948;0.02;0;0.35;0.39
1989;1;29;29;4.4;-4.3;-11.1;-6.5;-10.9;-15.5;0.1;0.8;0.43;3;1.2;222.79;236;55;109;69;89248;0.03;0;0.35;0.39
1989;1;30;30;3.9;-4.7;-12.5;-5.9;-10.9;-16.2;0;0.8;0.42;3;1.2;222.75;243;57;111;70;89276;0.02;0;0.35;0.39
1989;1;31;31;5.7;-3.7;-11.1;-5.1;-10.4;-15.4;-0.1;1;0.42;3;1.2;222.73;242;56;100;61;89279;0.05;0;0.35;0.39
1989;2;1;32;7.3;-2.7;-11;-4.1;-8.8;-13.3;0.2;1;0.42;3;1.2;222.71;246;58;104;64;89003;0.04;0;0.35;0.39
1989;2;2;33;5.7;-2.6;-9.9;-4.9;-8.8;-13;0.1;0.8;0.42;3;1.2;222.65;249;59;104;67;88715;0.07;0;0.34;0.39
1989;2;3;34;5.2;-2.9;-9.9;-4.7;-8.7;-13;0.1;0.8;0.41;3;1.2;222.62;256;61;108;69;88546;0.06;0;0.34;0.39
1989;2;4;35;3.8;-3.4;-10.5;-4.8;-8.6;-13.3;0.2;0.8;0.41;3;1.2;222.57;255;61;106;68;88394;0.07;0;0.34;0.39
1989;2;5;36;3;-3.4;-11.4;-5.5;-8.5;-13.6;0.9;0.8;0.41;3;1.2;222.46;264;63;109;54;88502;0.19;0.15;0.34;0.39
1989;2;6;37;5.2;0.7;-2.9;0.2;-3.5;-6.1;0.3;0.7;0.41;3;1.2;222.51;229;52;89;42;88897;0;0.08;0.34;0.39
1989;2;7;38;7.8;-0.3;-6.6;-0.7;-4.7;-8.2;0;0.8;0.41;3;1.2;222.32;273;66;107;73;88759;0.07;0;0.34;0.39
1989;2;8;39;7.6;-0.6;-6.6;-1.7;-5.7;-9.3;-0.1;0.8;0.4;3;1.2;221.93;278;68;110;74;88432;0.12;0;0.34;0.39
1989;2;9;40;8;-1;-7.1;-1.2;-5.8;-9.3;0;0.8;0.4;3;1.2;221.65;282;70;113;78;87901;0.16;0;0.34;0.39
1989;2;10;41;6.4;-1;-7.4;-2;-6.1;-10.6;0;0.6;0.4;3;1.2;221.53;287;71;113;78;88305;0.19;0;0.34;0.39
1989;2;11;42;5.8;-1.3;-7.8;-2;-6.4;-10.9;0.3;0.6;0.4;3;1.2;221.43;290;72;108;78;89079;0.14;0;0.34;0.39
1989;2;12;43;4.3;-2.2;-9.4;-3.1;-7.3;-12.6;1;0.7;0.4;3;1.2;221.34;294;68;108;60;89036;0.34;2.11;0.34;0.39
1989;2;13;44;-1.1;-3.6;-8.3;-2.4;-5.4;-10.6;1;0;0.48;3;1.2;230.37;184;44;84;44;88545;0.38;9.03;0.34;0.39
1989;2;14;45;-1.9;-4.4;-7.7;-3.5;-6.2;-10.1;1.4;0.2;0.51;3;1.2;237.81;91;19;41;17;87764;0.15;13.8;0.34;0.39
1989;2;15;46;-0.7;-3.9;-6.8;-6.9;-8.2;-9.6;1.2;1.1;0.53;3;1.2;246.58;139;33;85;35;87810;0.33;1.61;0.34;0.39
1989;2;16;47;-0.2;-1.7;-3.7;-2.2;-4.4;-8.5;1.1;0.2;0.53;3;1.2;250.35;62;16;42;10;87355;0.06;7.03;0.34;0.39
1989;2;17;48;1.7;-2.3;-5.4;-3.8;-5.1;-7.7;0;0.2;0.53;3;1.2;254.21;221;57;83;52;87564;0.11;0.38;0.33;0.39
1989;2;18;49;4.3;-0.5;-7.4;-0.3;-3.7;-8.8;0.8;1;0.52;3;1.2;255.25;209;44;61;17;87814;0.16;7.31;0.33;0.39
1989;2;19;50;6.1;2.5;-2.8;2;-0.2;-4.3;1;1.3;0.5;3;1.2;256.41;126;32;54;23;88373;-0.02;1.21;0.34;0.39
1989;2;20;51;6.5;1.5;-3.8;1.2;-1.3;-5.3;0.9;1;0.48;3;1.2;252.82;165;39;58;28;88229;0.2;1.57;0.34;0.39
1989;2;21;52;4.7;2.4;0.7;3.7;1.4;-0.2;-0.2;0.1;0.46;3;1.2;250.47;71;18;9;2;87705;-0.07;9.74;0.35;0.39
1989;2;22;53;6.8;2.1;-3.5;4;0.6;-4.5;-0.1;0.6;0.44;3;1.2;245.04;240;47;74;28;87347;0.05;2.61;0.36;0.39
1989;2;23;54;8.9;1.3;-5;0.3;-2.6;-6.7;0;0.5;0.43;3;1.2;240.98;304;76;91;61;86609;0.39;0.22;0.36;0.39
1989;2;24;55;6.8;1;-3.1;0.8;-2;-4.7;-0.4;1.5;0.43;3.1;1.2;239.42;293;70;93;64;85166;0.35;1.16;0.36;0.39
1989;2;25;56;5.3;-0.6;-4.4;-0.8;-3.8;-6.6;-0.4;0.9;0.42;3.1;1.3;238.5;240;61;91;58;83719;0.37;1.33;0.37;0.39
1989;2;26;57;-0.2;-2.5;-6;-2.8;-6.2;-11.9;0.7;0.3;0.47;3.1;1.3;245.27;159;40;94;45;83376;0.65;10.15;0.37;0.39
1989;2;27;58;0.9;-3.6;-6.2;-6.3;-8.7;-11.9;1.1;1;0.5;3.1;1.3;249.8;293;63;111;50;84410;0.79;3.86;0.37;0.39
1989;2;28;59;-0.7;-5.6;-10.7;-5;-9;-13.4;0.6;0.9;0.5;3.1;1.3;252.75;155;39;84;56;85111;0.29;2.89;0.36;0.39
1989;3;1;60;1;-4.9;-10.5;-7.4;-10.7;-13.6;1.1;1;0.51;3.1;1.3;254.26;290;80;98;66;85923;0.5;0.41;0.36;0.39
1989;3;2;61;2.3;-2.8;-8.6;-5.6;-7.9;-12.3;1;0.9;0.51;3.1;1.3;254.88;250;69;76;41;86720;0.28;1.37;0.36;0.39
1989;3;3;62;3.9;0;-2.5;0.1;-2.6;-5.8;0.4;0.7;0.51;3.1;1.3;258.3;179;47;62;23;86248;0.12;9.57;0.36;0.39
1989;3;4;63;2.3;-0.9;-4.5;0.5;-2.1;-5.7;0.9;0.4;0.52;3.1;1.3;267.16;179;46;64;32;87500;0.13;6.62;0.36;0.39
1989;3;5;64;8.8;1;-6.3;-0.6;-4.1;-7.4;-0.1;0.7;0.5;3.1;1.3;267.17;296;82;91;68;87935;0.6;0;0.36;0.39
1989;3;6;65;11.4;2.5;-5.4;1.1;-2.8;-6.7;-0.2;0.7;0.49;3.1;1.3;265.58;309;86;92;65;87810;0.45;0;0.36;0.39
1989;3;7;66;11.8;3.3;-5.1;1.5;-2.4;-6.5;0.2;0.7;0.48;3.2;1.3;262.95;326;90;101;65;87557;0.45;0;0.36;0.39
1989;3;8;67;2.2;0;-2.8;0.3;-2;-4.7;1.8;0.2;0.48;3.2;1.3;262.53;174;44;68;27;87326;0.39;4.93;0.37;0.39
1989;3;9;68;3.1;-0.3;-3.2;-2.7;-4.2;-5.5;0.2;-0.1;0.47;3.2;1.3;262.86;289;76;94;52;87884;0.69;0.38;0.37;0.39
1989;3;10;69;9.5;2.7;-5.1;0.3;-3;-6.4;0.1;0.5;0.46;3.2;1.3;261.93;305;91;91;54;87961;0.54;0;0.37;0.39
1989;3;11;70;9.7;4.5;-0.9;1.4;-0.6;-3.8;0.6;0.6;0.45;3.2;1.3;257.53;349;94;97;52;88113;0.54;0;0.37;0.39
1989;3;12;71;10.9;3;-4.4;1.6;-1.9;-6.1;0.4;0.8;0.44;3.2;1.3;251.63;324;85;86;57;87692;0.49;0.03;0.37;0.39
1989;3;13;72;10.2;2.9;-2.7;3.7;-0.5;-5.1;1.3;0.3;0.43;3.2;1.3;245.26;373;96;95;42;87235;0.36;8.48;0.38;0.39
1989;3;14;73;2.5;-0.5;-3.7;-1.4;-4.5;-6.9;0.7;-0.2;0.45;3.2;1.3;242.89;286;76;81;51;87541;0.87;2.17;0.38;0.39
1989;3;15;74;4.5;1.1;-3.9;0.8;-1.5;-6;0.6;0.8;0.44;3.2;1.3;242.54;141;42;35;17;86528;0.27;1.97;0.38;0.39
1989;3;16;75;8.2;3.6;-2.1;5.8;1.7;-3.1;0;0.8;0.43;3.2;1.3;237.98;234;58;51;27;86156;-0.06;2.96;0.39;0.39
1989;3;17;76;9.7;2;-3.5;2.9;-0.5;-5.1;0.5;0.2;0.42;3.3;1.3;230.4;331;83;80;37;86356;0.25;8.06;0.39;0.39
1989;3;18;77;0.6;-0.4;-1.8;0.2;-1;-2;0;-0.9;0.48;3.3;1.3;232.94;104;32;32;12;87268;0.27;12.34;0.4;0.39
1989;3;19;78;3.8;-0.1;-4.1;-1.6;-2.9;-5.8;-0.8;-0.1;0.48;3.3;1.3;236.39;274;80;89;53;87435;0.69;0.16;0.39;0.4
1989;3;20;79;9.4;2;-5.8;-0.4;-3.7;-7.6;0.3;0.3;0.46;3.3;1.3;234.34;386;115;111;75;86687;0.87;0.07;0.39;0.4
1989;3;21;80;3.9;1;-2.1;-0.8;-2.1;-4.7;1.4;-0.1;0.46;3.3;1.3;233.39;245;63;67;31;86816;0.66;2.8;0.39;0.4
1989;3;22;81;5.5;1.3;-4.3;0.9;-1.9;-5.8;1.3;0.7;0.45;3.3;1.3;232.11;158;49;72;33;87399;0.4;0.66;0.39;0.4
1989;3;23;82;1.1;-1.6;-6.3;0.1;-3.2;-7.6;1.2;0.2;0.45;3.3;1.3;232.8;271;63;91;48;87579;0.45;7.08;0.39;0.4
1989;3;24;83;4.9;-0.5;-6.9;-2.5;-5.6;-9.1;1.1;0.8;0.45;3.4;1.4;233.56;351;103;95;52;87426;1.27;0.38;0.39;0.4
1989;3;25;84;5.5;3.2;1.6;1.6;-0.3;-3.2;1.8;0.5;0.44;3.4;1.4;230.63;172;43;26;13;87620;0.35;1.13;0.39;0.4
1989;3;26;85;7.8;4.6;-0.1;2.5;1.3;-2.2;-0.4;0.1;0.42;3.4;1.4;222.57;382;113;96;54;87895;0.55;0.15;0.4;0.4
1989;3;27;86;15.3;5.2;-5.1;3.9;-1.5;-6.3;-0.2;0.8;0.41;3.4;1.4;212.03;449;137;107;77;87660;1.05;0;0.4;0.4
1989;3;28;87;15.7;6.1;-3.7;4.8;-1.2;-5.9;0.1;0.9;0.39;3.4;1.4;201.47;459;141;107;73;87654;0.84;0;0.4;0.4
1989;3;29;88;12.2;5.7;-2.2;5.9;0.6;-4.7;0.6;0.8;0.37;3.4;1.4;189.86;466;136;95;62;88005;0.97;0.12;0.41;0.4
1989;3;30;89;14.9;6.4;-2.1;6.1;0.8;-3.9;0.2;0.9;0.35;3.4;1.4;178.16;467;147;92;66;88030;1.19;0;0.41;0.4
1989;3;31;90;15.8;6.6;-2.2;8.2;1;-4.3;0.2;0.9;0.33;3.5;1.4;167.3;468;142;90;65;87589;1.12;0.08;0.41;0.4
1989;4;1;91;11.7;4.2;-1.6;4.2;1.3;-3.9;0.8;0.6;0.32;3.5;1.4;157.88;421;113;74;39;86816;0.86;11.72;0.41;0.4
1989;4;2;92;4.8;3.2;2;3.8;2.3;1;1;0.5;0.33;3.5;1.4;150.85;215;53;33;13;86439;0.6;22.41;0.43;0.41
1989;4;3;93;10.5;4.9;-1.5;3.4;1.6;-2.6;-0.9;-0.1;0.33;3.5;1.4;144.24;425;137;83;52;86138;1.08;0.23;0.43;0.41
1989;4;4;94;10.9;5.6;0.9;2.9;1;-1.1;-0.9;0.8;0.32;3.5;1.4;135.54;458;133;93;58;85580;1.16;0.98;0.42;0.41
1989;4;5;95;5.4;3;0.6;3.2;0.6;-1.3;0.6;0.2;0.32;3.5;1.4;129.62;301;96;57;42;85345;0.92;7.15;0.42;0.42
1989;4;6;96;3.3;1.4;-0.4;0.3;-1.2;-2;0.1;-0.4;0.35;3.5;1.4;128.8;254;65;41;25;86457;0.82;5.23;0.42;0.42
1989;4;7;97;7.7;2.9;-4.3;0.1;-2.3;-5.5;0;0.3;0.35;3.6;1.4;128.02;511;147;99;72;87031;1.32;0.72;0.41;0.42
1989;4;8;98;10.6;3.6;-3.7;3.2;-1.1;-5.9;0.1;0.3;0.34;3.6;1.4;124.16;428;131;83;60;87003;1.12;1.94;0.41;0.42
1989;4;9;99;10.8;4.5;-1;2.3;0.4;-3;-0.3;0.2;0.34;3.6;1.4;118.92;472;150;100;65;87171;1.28;1.16;0.41;0.42
1989;4;10;100;12.3;5.3;-2.1;2.5;-0.2;-4.3;-0.2;1.8;0.33;3.6;1.4;111.27;530;148;96;62;86801;1.47;0;0.41;0.42
1989;4;11;101;13.3;6;0.4;4.2;1;-2.1;-0.4;1.2;0.32;3.6;1.4;103.34;490;142;98;57;86874;1.36;0.01;0.4;0.42
1989;4;12;102;12.3;5.8;-1.2;3.3;0.9;-3.2;-0.3;1.6;0.31;3.6;1.4;94.32;533;166;92;64;86026;1.6;0.32;0.4;0.42
1989;4;13;103;4;3;1.5;3.1;2.3;1.4;0.6;-0.6;0.31;3.6;1.4;87.48;186;56;28;9;85555;0.62;7.52;0.4;0.42
1989;4;14;104;2.7;1.3;0.4;1.5;0.7;0;1.3;0.1;0.33;3.7;1.5;85.65;147;41;13;7;86153;0.91;12.32;0.41;0.42
1989;4;15;105;3.6;1.5;-0.4;0.5;-0.3;-0.9;1.1;-0.2;0.35;3.7;1.5;85.62;213;60;54;19;86998;1.01;3.64;0.4;0.42
1989;4;16;106;10.5;4.6;-3.8;3.7;0.8;-4.7;-0.2;-0.4;0.33;3.7;1.5;81.44;561;173;101;62;86350;1.46;1.2;0.4;0.42
1989;4;17;107;4;2.4;0.1;3.4;1.8;-0.1;1;-0.1;0.32;3.7;1.5;76.23;253;69;33;18;86026;0.79;10.13;0.4;0.42
1989;4;18;108;4.1;1.2;-2.2;-0.3;-1;-3;0.5;-0.3;0.36;3.7;1.5;76.95;400;105;68;32;86786;1.39;5.48;0.4;0.42
1989;4;19;109;6.4;1.2;-4.9;2.5;-1;-6.2;0.5;0.4;0.34;3.7;1.5;74.52;454;129;83;52;87007;0.99;5.97;0.4;0.42
1989;4;20;110;7.8;3.2;-3.7;3.3;0.4;-4.7;-0.1;0.1;0.33;3.8;1.5;71.27;460;143;75;54;87102;1.26;1.89;0.4;0.42
1989;4;21;111;8.5;3.5;-1.9;3.7;0.8;-3.4;0.4;0.3;0.31;3.8;1.5;66.82;353;98;59;32;86829;0.92;10.8;0.4;0.42
1989;4;22;112;3.3;0.6;-2.4;-0.8;-3;-4.4;1.6;0;0.35;3.8;1.5;68.02;358;110;68;39;86771;1.81;3.09;0.4;0.42
1989;4;23;113;5.2;0.9;-4.4;-0.5;-2.5;-5.8;0.4;0;0.38;3.8;1.5;70.29;391;106;100;42;87189;1.17;4.87;0.4;0.42
1989;4;24;114;12.3;3.9;-6.7;2.2;-3.3;-9.1;-0.2;0.5;0.35;3.8;1.5;67.67;570;193;116;85;87012;1.81;0;0.4;0.42
1989;4;25;115;11.8;5.2;-2.5;2.3;-0.3;-4.7;-0.2;1.6;0.31;3.8;1.5;62.55;522;155;91;59;86504;1.7;0.04;0.39;0.42
1989;4;26;116;14;6.9;0.2;4.9;1.6;-2.3;0.3;0.8;0.28;3.9;1.5;56.98;527;174;99;58;85951;2.12;4.82;0.39;0.42
1989;4;27;117;2.3;0.2;-1.6;0;-2.2;-3;0.3;-1;0.3;3.9;1.5;56.15;311;87;40;22;86573;1.54;7.6;0.39;0.42
1989;4;28;118;1.6;-1;-2.6;-1.6;-2.8;-3.7;0.2;-1.3;0.46;3.9;1.5;66.57;277;84;45;21;86672;1.05;13.03;0.39;0.42
1989;4;29;119;1.6;-1.1;-4;-2.5;-3.8;-4.8;-0.4;-1.1;0.49;3.9;1.6;70.77;268;78;34;21;87308;1.11;2.66;0.39;0.42
1989;4;30;120;1.5;-0.6;-2.6;-0.6;-2.2;-3.6;0;-0.9;0.48;3.9;1.6;72.44;230;68;40;18;87589;0.72;5.67;0.38;0.42
1989;5;1;121;2.7;0.8;-1.2;1.8;-0.2;-1.6;0.4;-0.2;0.46;3.9;1.6;74.04;175;48;27;11;87841;0.34;4.61;0.38;0.42
1989;5;2;122;8.6;4;-2.8;1.5;-0.7;-4;-0.1;-0.2;0.4;4;1.6;69.2;485;162;91;64;87911;1.68;0;0.39;0.42
1989;5;3;123;9;5.1;-3.5;5.6;1.6;-4.6;-0.2;0.2;0.34;4;1.6;62.29;403;111;58;30;87999;1.03;0.2;0.39;0.42
1989;5;4;124;12.4;7.9;1.3;5.7;3.8;0.4;-0.4;-0.3;0.29;4;1.6;55.26;482;174;83;56;88104;1.76;0.05;0.39;0.42
1989;5;5;125;14.1;9.2;0.3;6.4;4;-0.1;-0.4;-0.2;0.25;4;1.6;48.07;663;227;108;75;88216;2.35;0;0.39;0.42
1989;5;6;126;11.5;5.8;1.3;7.2;2.6;-2.2;1.3;-0.5;0.24;4;1.6;42.39;377;132;89;49;87849;1.97;12.64;0.4;0.42
1989;5;7;127;7.5;3.7;-0.2;-2;-3.6;-4.7;-0.2;-0.9;0.24;4;1.6;38.89;615;215;104;76;87858;2.41;0.05;0.39;0.42
1989;5;8;128;9.9;5.5;-0.1;1.3;-1.3;-3.8;-0.3;-0.2;0.24;4.1;1.6;34.76;677;243;115;87;87657;2.33;0;0.39;0.42
1989;5;9;129;16.4;8.8;-2.3;6.1;1.5;-3.7;0.2;0.4;0.24;4.1;1.6;28.88;682;242;117;87;87296;2.89;0;0.39;0.42
1989;5;10;130;12.8;7.6;0.2;7.8;4.4;-1.1;0.7;0.6;0.23;4.1;1.6;22.77;432;139;76;44;87176;1.55;1.73;0.38;0.42
1989;5;11;131;14.4;8.2;2.7;8.8;5.9;1.4;0.2;0.7;0.23;4.1;1.6;17.55;526;136;87;42;86988;1.72;5.53;0.38;0.42
1989;5;12;132;14.6;8.4;3.3;8.5;6.1;3.1;0.3;0.1;0.21;4.1;1.6;11.52;610;180;84;41;86756;2.35;21.87;0.39;0.42
1989;5;13;133;8.9;6.9;5.6;6.5;5.4;4.1;0.2;0.1;0.18;4.1;1.7;6.73;274;85;35;17;87131;1.82;11.12;0.4;0.42
1989;5;14;134;5.7;4.4;1.8;5;3.7;1.3;0.7;-0.2;0.16;4.2;1.7;4.72;261;71;48;18;87906;1.55;16.86;0.4;0.42
1989;5;15;135;8.2;4.9;1.9;3.2;2.2;1.4;-0.8;-0.5;0.16;4.2;1.7;3.87;373;103;54;25;88460;1.93;4.09;0.4;0.42
1989;5;16;136;10.4;7.2;2;4.3;2.4;0.4;-1.2;-0.3;0.14;4.2;1.7;2.43;456;162;77;45;88285;1.96;0.15;0.4;0.42
1989;5;17;137;13.3;9.4;3.9;8.1;5.2;1.9;-0.9;-0.1;0.13;4.2;1.7;1.28;521;161;72;47;88179;2.08;0.68;0.39;0.42
1989;5;18;138;15.9;9.7;1.8;8.4;5.6;1.5;-0.8;0.1;0.12;4.2;1.7;0.56;676;235;110;66;87966;3.38;1.64;0.39;0.42
1989;5;19;139;16.6;10;2.3;11.1;6.9;1.8;-0.3;0;0.12;4.2;1.7;0.21;679;238;102;68;87918;3.16;1.59;0.38;0.42
1989;5;20;140;15.5;10.5;3;8;5;2.5;-0.5;0;0.12;4.2;1.7;0.08;622;231;100;71;87929;3.5;0.36;0.38;0.42
1989;5;21;141;15.5;10.8;4;8.3;5.4;1.8;-1.1;0;0.12;4.2;1.7;0.03;664;243;107;77;87854;3.54;0.67;0.37;0.42
1989;5;22;142;17;11.2;3.6;8.4;6.3;2.5;-1.1;-0.3;0.12;4.2;1.7;0;693;251;110;84;87867;3.49;0.3;0.37;0.42
1989;5;23;143;17.5;11.5;3.3;9.9;6.9;2.2;-0.6;-0.1;0.12;4.3;1.7;0;668;243;105;83;87944;3.4;0.81;0.36;0.42
1989;5;24;144;18.1;11.5;2.8;7.6;5.5;1.9;-0.5;0;0.12;4.3;1.7;0;782;270;122;89;87960;3.96;0.28;0.35;0.41
1989;5;25;145;17.1;10.6;3.1;10.1;5.9;2;0.1;0.6;0.12;4.3;1.7;0;671;225;109;74;87948;3.45;1.4;0.35;0.41
1989;5;26;146;15.8;9.6;3.6;9.1;6;2.1;0.5;0.7;0.12;4.3;1.7;0;652;201;89;64;87962;3.01;6.22;0.35;0.41
1989;5;27;147;15.8;9.8;3.4;10.2;6.6;2.4;0.4;0.4;0.12;4.3;1.7;0;670;222;96;64;87901;3.46;7.12;0.35;0.41
1989;5;28;148;15.6;10.2;3.6;9.5;6.9;2.9;0.1;0.4;0.12;4.3;1.7;0;594;219;106;67;87789;3.3;1.6;0.35;0.41
1989;5;29;149;14.7;9.6;3.6;9.5;7.1;2.8;0.3;0.5;0.12;4.3;1.7;0;572;192;85;62;87586;2.9;7.91;0.35;0.41
1989;5;30;150;15.3;10.1;4;9.9;6.9;3.2;0.4;0.8;0.12;4.3;1.7;0;548;210;87;68;87152;3.23;3.73;0.35;0.41
1989;5;31;151;11.7;8.4;4.9;9.3;7.2;3.9;-0.2;-0.3;0.12;4.3;1.7;0;542;145;63;36;86976;2.72;12.11;0.36;0.41
1989;6;1;152;13.2;9.1;4.9;9.7;7.2;4.8;0;-0.3;0.12;4.3;1.7;0;461;140;74;36;86910;2.45;14.03;0.36;0.41
1989;6;2;153;9.4;7.7;5.6;7.1;5.4;3.3;0.1;-0.2;0.12;4.3;1.7;0;330;103;72;24;86903;2.43;14.27;0.38;0.41
1989;6;3;154;8.5;5.7;3.4;6.4;4.6;2.2;0.6;0.3;0.12;4.4;1.8;0;264;84;58;26;86801;2.08;13.77;0.38;0.41
1989;6;4;155;9.2;4.9;0.9;5.3;3.2;0.8;0.4;0.3;0.13;4.4;1.8;0.45;497;157;80;40;86899;2.87;8.4;0.39;0.41
1989;6;5;156;6.1;3.5;0.5;3.9;2.1;0.3;0.8;0.2;0.14;4.4;1.8;0.57;262;82;66;33;86963;1.88;8.29;0.39;0.41
1989;6;6;157;9.5;5.1;0.5;4.8;2.1;-0.4;0;0;0.13;4.4;1.8;0.46;650;204;85;59;87009;2.77;3.18;0.39;0.41
1989;6;7;158;9.1;4.7;-1.3;4.7;2.4;-1.8;0.6;0.3;0.12;4.4;1.8;0.2;539;182;73;46;87116;3.24;7.49;0.39;0.41
1989;6;8;159;10.6;6.9;3;2.6;1.5;0.6;0.5;0;0.12;4.4;1.8;0.08;691;245;109;73;87560;3.52;1.21;0.39;0.41
1989;6;9;160;13.7;8.5;-0.4;5.2;1.9;-1.6;-0.1;0.1;0.12;4.4;1.8;0.02;662;258;109;86;87776;3.73;0.34;0.39;0.41
1989;6;10;161;16.9;11;1.3;7.8;4;0;0;0.3;0.12;4.4;1.8;0;713;259;110;80;87717;4.12;0.34;0.38;0.41
1989;6;11;162;13.9;10.2;6.7;11;8;5.1;0.6;0;0.12;4.4;1.8;0;421;168;76;46;88047;2.57;11.34;0.38;0.41
1989;6;12;163;13.9;9.7;5.6;10.1;8;5.5;-0.1;-0.1;0.12;4.4;1.8;0;568;202;77;49;88081;3.43;9.01;0.39;0.41
1989;6;13;164;13;8.8;2.8;8;5.7;2.7;-1;-0.1;0.12;4.4;1.8;0;527;162;77;40;88008;2.68;0.98;0.39;0.41
1989;6;14;165;16;11.1;4.3;7.3;5.9;4.3;-1.1;-0.5;0.12;4.4;1.8;0;748;258;104;71;87970;4.03;0.08;0.38;0.41
1989;6;15;166;15.4;11.2;4.3;6.9;4.6;3.1;0.1;-0.2;0.12;4.5;1.8;0;695;248;107;76;88091;3.93;0.05;0.38;0.41
1989;6;16;167;11.4;8.8;6.3;7.5;4.3;1.2;0.1;-0.5;0.12;4.5;1.8;0;585;179;83;53;88103;3.2;5.65;0.37;0.41
1989;6;17;168;12.3;9.1;3.5;5.7;3.4;1.5;-0.2;-0.2;0.12;4.5;1.8;0;556;198;91;54;88115;2.98;0.09;0.37;0.4
1989;6;18;169;14.2;10.9;7.2;11.2;7.7;4.6;0;-0.1;0.12;4.5;1.8;0;467;170;64;40;88032;2.68;10.61;0.37;0.4
1989;6;19;170;16.2;11.9;6.1;9.5;7.6;5.9;-0.7;-0.3;0.12;4.5;1.8;0;703;235;90;62;88131;3.91;0.25;0.37;0.4
1989;6;20;171;15.5;11.7;5.8;9;7;4.6;0.4;0.1;0.12;4.5;1.8;0;694;218;101;62;88116;3.41;1.01;0.37;0.4
1989;6;21;172;17.5;12.6;7.9;12.3;9.1;5.4;0.7;0.4;0.12;4.5;1.8;0;532;194;78;53;87792;3.25;16.74;0.37;0.4
1989;6;22;173;16.4;12.6;8;11.8;10.2;6.9;0.4;0.4;0.12;4.5;1.8;0;558;197;77;50;87414;3.51;16.34;0.38;0.4
1989;6;23;174;9.7;7.2;5.5;9.3;6.2;5.1;1.3;0.3;0.12;4.5;1.8;0.03;139;36;12;8;87500;1.97;28.15;0.4;0.4
1989;6;24;175;13.8;10.5;6.9;10.7;8.4;5.2;0.6;0;0.12;4.5;1.8;0;300;111;58;20;87658;2.17;1.88;0.4;0.4
1989;6;25;176;18.3;13.7;8.5;12.3;10;8.4;-0.5;-0.1;0.12;4.5;1.8;0;650;225;96;55;87655;3.56;0.41;0.4;0.4
1989;6;26;177;19;13.5;6.7;12.8;10.3;6.5;0.3;0.7;0.12;4.5;1.8;0;594;204;84;62;87549;3.27;2.31;0.4;0.4
1989;6;27;178;18.2;13.5;7.3;13.2;9.9;7;0.4;0.6;0.12;4.5;1.8;0;576;200;87;61;87312;3.46;2.95;0.39;0.4
1989;6;28;179;11.8;9.4;6.9;9.7;7.8;5.2;0.9;-0.1;0.12;4.5;1.8;0;373;102;80;32;87533;2.47;15.18;0.4;0.4
1989;6;29;180;15.3;10.9;4.6;8.3;5.9;3.6;0.4;-0.2;0.12;4.5;1.8;0;618;225;91;55;87567;3.78;3.09;0.4;0.4
1989;6;30;181;15.7;11.4;8;11.4;9.1;7.5;0.5;0.2;0.12;4.5;1.9;0;572;176;76;42;87627;3.14;4.83;0.4;0.4
1989;7;1;182;18;12.3;5.6;12.5;9.8;5.4;0.3;0.5;0.12;4.6;1.9;0;601;198;84;52;87446;3.33;3.6;0.4;0.4
1989;7;2;183;14.6;10.7;8.6;11.7;9.8;8.2;0.6;0;0.12;4.6;1.9;0;380;95;61;26;87342;2.15;20.71;0.4;0.4
1989;7;3;184;9.8;8.9;8.3;9.5;8.7;8;-0.1;-0.3;0.12;4.6;1.9;0;63;22;23;6;87678;0.74;20.39;0.42;0.4
1989;7;4;185;16.3;12.1;6.3;14.8;11;6.3;-0.4;0.1;0.12;4.6;1.9;0;286;114;47;33;87627;2.07;10.13;0.42;0.41
1989;7;5;186;18.9;14.3;9.8;14.8;12.2;9.5;-0.1;0.2;0.12;4.6;1.9;0;585;187;78;43;88123;3.26;6.41;0.42;0.41
1989;7;6;187;20.9;15.5;8.6;15.3;11.9;7.6;-0.2;0.3;0.12;4.6;1.9;0;631;241;88;68;88186;4.13;1.21;0.42;0.41
1989;7;7;188;21.2;15.9;9.3;15.7;12.3;8.1;0;1.1;0.11;4.6;1.9;0;448;160;78;54;87882;2.91;0.63;0.41;0.41
1989;7;8;189;20.4;15.2;11.6;15.4;12.9;10.6;0.3;0.5;0.11;4.6;1.9;0;584;182;81;44;87704;3.24;11.55;0.41;0.41
1989;7;9;190;17.4;14.2;8.9;13.6;12.1;8.8;0.4;0.4;0.11;4.6;1.9;0;476;165;76;52;87859;3.03;4.46;0.41;0.41
1989;7;10;191;18.6;13.8;9.2;14.2;12.2;9.1;-0.1;0.1;0.11;4.6;1.9;0;552;164;72;44;88003;2.81;15.48;0.41;0.41
1989;7;11;192;13.6;12.4;11.5;13.4;12.2;11.5;0.6;-0.4;0.11;4.6;1.9;0;146;37;23;10;87867;0.99;71.87;0.43;0.41
1989;7;12;193;15.4;12.8;11.4;13.3;12;10.8;0.5;-0.4;0.11;4.6;1.9;0;477;101;39;17;87960;2.47;22.97;0.43;0.42
1989;7;13;194;16.4;13.2;10.2;11.9;10.1;8.7;1.1;0.1;0.11;4.6;1.9;0;574;188;75;46;87811;3.43;3.48;0.42;0.43
1989;7;14;195;13.6;10.4;7.5;10.9;8.5;5.5;1;-0.4;0.11;4.6;1.9;0;551;164;62;35;87702;4.05;15.62;0.42;0.43
1989;7;15;196;13.8;10;5.9;6.9;4.5;3.3;1;-0.4;0.11;4.6;1.9;0;571;207;96;56;87999;3.87;0.51;0.42;0.43
1989;7;16;197;15.5;11.3;5.7;8.6;6.4;3.8;1.6;0.1;0.11;4.6;1.9;0;593;219;94;62;88088;3.73;3.22;0.41;0.43
1989;7;17;198;13.9;10.5;8.1;10.4;8.7;6.7;0.9;-0.3;0.11;4.6;1.9;0;513;162;66;43;88102;3.3;9.42;0.4;0.43
1989;7;18;199;14.7;10.6;7.3;9.6;7.5;5.3;1.7;0.1;0.11;4.6;1.9;0;560;172;72;43;87792;3.4;12.48;0.4;0.43
1989;7;19;200;14.2;10.5;7.1;7.9;6.2;4.6;0.3;-0.8;0.11;4.6;1.9;0;558;195;98;52;88000;3.64;1.95;0.41;0.43
1989;7;20;201;18.3;13.3;6.7;10;7.5;5.1;-0.1;-0.2;0.11;4.6;1.9;0;793;288;123;94;88128;4.4;0;0.4;0.43
1989;7;21;202;20.8;14.8;6;12.2;9;4.7;0;0.1;0.11;4.6;1.9;0;786;280;122;89;88189;4.75;0;0.39;0.43
1989;7;22;203;22.2;16.5;8.4;18;12.9;7.2;0.1;0.7;0.11;4.6;1.9;0;583;214;91;61;88130;3.68;1.99;0.38;0.42
1989;7;23;204;22.5;17.2;12.5;17.5;14.6;11.2;0.1;0.8;0.11;4.6;1.9;0;639;166;79;51;88129;3.13;5.22;0.38;0.42
1989;7;24;205;22.1;16.8;11.3;17.5;14.1;10.4;0.3;0.6;0.11;4.6;1.9;0;627;200;84;53;88138;3.7;7.31;0.37;0.42
1989;7;25;206;19.5;15.8;11.9;15.1;13.7;11.7;0.3;0.3;0.11;4.6;1.9;0;536;164;71;47;88016;3.21;13.89;0.38;0.42
1989;7;26;207;18.1;13.9;11.5;14.3;12.1;10.1;1;0.2;0.11;4.6;1.9;0;556;158;73;40;88098;3.31;7.48;0.38;0.42
1989;7;27;208;18.3;13.6;10.2;13.2;11.4;9.1;0.6;0.2;0.11;4.6;1.9;0;572;188;85;46;87967;3.54;13.07;0.38;0.42
1989;7;28;209;16.4;13;10.4;13.2;11.5;10.3;0.4;-0.4;0.11;4.6;1.9;0;567;162;59;35;88080;3.47;10.72;0.39;0.42
1989;7;29;210;18.2;13.9;9.2;11.1;9.8;8.9;-0.4;-0.2;0.11;4.6;1.9;0;620;220;105;64;88009;3.88;0.17;0.39;0.42
1989;7;30;211;20.5;14.6;7.2;13.6;10.5;6.1;0.7;0.8;0.11;4.6;1.9;0;685;190;94;60;87490;3.42;1.73;0.38;0.42
1989;7;31;212;13;10.5;7.6;11.2;8.8;5.8;1.2;-0.2;0.11;4.5;1.9;0;355;60;79;27;87206;1.85;18.65;0.39;0.42
1989;8;1;213;8.2;6.5;4.7;6.3;5.1;3.1;1.6;0.5;0.11;4.5;1.9;0;317;85;51;28;87017;2.94;15.74;0.4;0.42
1989;8;2;214;11.1;6.8;4.3;6.5;4.8;3.7;1.6;0.2;0.11;4.5;1.9;0;638;171;83;39;87332;3.53;10.9;0.4;0.42
1989;8;3;215;13.1;8.9;4.8;6.4;4.8;3.9;1.4;-0.3;0.11;4.5;1.9;0;551;180;92;53;87418;3.32;2.24;0.4;0.42
1989;8;4;216;16.7;11.4;4;8.9;6.4;2.4;0.6;0.1;0.11;4.5;1.8;0;722;239;109;80;87460;3.56;0;0.4;0.42
1989;8;5;217;19.8;13.7;5.2;14;9.4;4.3;0.3;0.4;0.11;4.5;1.8;0;719;234;108;75;87279;3.73;0.23;0.39;0.42
1989;8;6;218;16.5;12.9;9.3;13.8;11.3;8.3;0.2;0.8;0.11;4.5;1.8;0;382;121;59;40;87222;2.21;7.22;0.39;0.42
1989;8;7;219;20.3;14.2;6.3;15;11.1;6.1;0.4;0.7;0.11;4.5;1.8;0;629;198;88;53;87473;3.51;1.3;0.39;0.42
1989;8;8;220;19;14;10.8;14.1;12.2;10.2;0.9;0.2;0.11;4.5;1.8;0;540;153;79;40;87651;2.94;10.02;0.38;0.42
1989;8;9;221;15.9;12.1;8.5;11.3;10.4;8.5;0.6;0;0.11;4.5;1.8;0;460;146;78;42;87769;3.03;6.2;0.39;0.42
1989;8;10;222;19.1;13.1;5.9;13.5;10;5.7;0;0.6;0.11;4.5;1.8;0;679;197;99;59;87559;3.32;0.75;0.39;0.42
1989;8;11;223;17.6;13.7;9.9;12.3;10.8;8.8;0.6;0.6;0.11;4.5;1.8;0;542;163;83;48;87347;2.91;2.04;0.38;0.42
1989;8;12;224;18.9;15;11.2;12.3;10.7;9.4;0.7;0.3;0.11;4.5;1.8;0;576;174;83;45;87425;3.1;1.37;0.38;0.42
1989;8;13;225;18.5;15.1;11.6;13.5;11.8;10.3;-0.3;0.2;0.11;4.5;1.8;0;501;158;76;49;87449;2.7;0.46;0.37;0.41
1989;8;14;226;19.2;14.8;10.1;16.1;13.3;9.2;0.1;0.5;0.11;4.5;1.8;0;474;129;61;37;87614;2.19;5.47;0.37;0.41
1989;8;15;227;22.3;17;11.4;16.1;13.2;10.4;0;0.5;0.11;4.5;1.8;0;574;208;94;63;87934;3.89;0.12;0.37;0.41
1989;8;16;228;25.4;18.7;10.5;18.2;14;9.6;0.1;0.5;0.11;4.5;1.8;0;675;222;99;68;87784;4.16;0.81;0.36;0.41
1989;8;17;229;17.3;15.5;13.8;15.3;13.9;11.9;0.2;0.3;0.11;4.4;1.8;0;317;103;51;34;88067;2.43;14.45;0.37;0.41
1989;8;18;230;16.3;13.6;10.9;13.8;12.5;10.8;0.2;-0.4;0.11;4.4;1.8;0;444;128;52;30;88353;2.91;18.15;0.38;0.41
1989;8;19;231;20.4;14.4;9.2;13;10.8;8.8;-0.8;0.2;0.11;4.4;1.8;0;727;236;113;74;88061;4.01;0;0.38;0.41
1989;8;20;232;22.2;15.6;6.9;14.2;10.7;6;0.3;0.3;0.11;4.4;1.8;0;725;244;120;91;87914;4.07;0;0.37;0.41
1989;8;21;233;22.3;16.2;8.2;15;11.2;7.4;-0.1;0.2;0.11;4.4;1.8;0;718;235;115;85;88095;4.05;0;0.37;0.41
1989;8;22;234;21.6;16;8.3;13.2;11.1;7.4;0.3;0.1;0.11;4.4;1.8;0;704;220;115;77;88126;3.8;0.85;0.36;0.41
1989;8;23;235;17.9;14.4;11.2;14.3;12.7;10.3;0.5;0;0.11;4.4;1.8;0;426;131;71;40;88233;2.52;11.37;0.36;0.41
1989;8;24;236;18.3;14.8;11.5;13.1;12;10.4;0.4;-0.2;0.11;4.4;1.8;0;555;171;92;52;87964;3.1;1.52;0.37;0.41
1989;8;25;237;19.3;14.2;8.5;11.1;9.1;8;0.9;0.1;0.11;4.4;1.8;0;701;218;108;72;87454;3.73;0;0.36;0.41
1989;8;26;238;13.8;12.1;10.8;11.4;10;8.1;0.3;0.1;0.11;4.4;1.8;0;173;48;42;25;87255;0.97;3.39;0.36;0.41
1989;8;27;239;16.5;11.7;8.1;11.9;9.7;7.7;1.2;0.3;0.11;4.4;1.8;0;478;145;82;46;86920;3.17;11.62;0.36;0.41
1989;8;28;240;9.2;6.2;4.3;7.5;5.2;3.4;1.8;-0.4;0.11;4.4;1.8;0;475;123;56;25;87185;3.32;19.48;0.37;0.41
1989;8;29;241;9;5.7;3.1;6.4;4;2.7;1.4;-0.3;0.11;4.3;1.8;0;460;134;75;35;87686;2.73;7.26;0.38;0.41
1989;8;30;242;9.4;6.8;4.2;4.3;3.5;2.7;0;-0.4;0.11;4.3;1.8;0;358;117;75;45;87668;2.03;1.14;0.38;0.41
1989;8;31;243;15.2;10;4.5;7.4;5;3.4;-0.4;-0.2;0.1;4.3;1.8;0;712;235;130;95;87497;3.1;0;0.38;0.41
1989;9;1;244;16.8;11;3;8.9;6.2;1.9;0;-0.1;0.1;4.3;1.8;0;686;209;121;76;87484;3;0;0.37;0.41
1989;9;2;245;11.9;9.3;7.4;9.3;7.9;7;0.3;-0.4;0.1;4.3;1.7;0;268;68;45;24;87477;1.3;14.07;0.37;0.41
1989;9;3;246;7.5;6.5;5.2;7.5;6.2;4.8;0.4;-0.6;0.1;4.3;1.7;0;119;35;39;10;87550;1.35;23.43;0.39;0.41
1989;9;4;247;7.5;5.7;4.9;7.4;5.4;4.7;0.4;-0.6;0.1;4.3;1.7;0;151;34;20;8;87764;1.25;12.13;0.4;0.41
1989;9;5;248;10.9;7.5;5;5.5;4.6;3.9;-0.5;-0.4;0.1;4.3;1.7;0;351;122;69;44;88148;2.13;0.73;0.41;0.41
1989;9;6;249;13.6;8.5;2.6;6.5;5.1;2.4;-0.6;-0.3;0.1;4.3;1.7;0;593;172;104;64;88222;2.2;0;0.4;0.41
1989;9;7;250;15.4;9.6;4.3;7.7;6.1;3.6;-0.8;-0.1;0.1;4.3;1.7;0;666;211;123;90;87924;2.62;0;0.4;0.41
1989;9;8;251;17.3;10.5;2.3;10.5;7;1.8;-0.3;0.1;0.1;4.3;1.7;0;663;208;120;85;87289;2.71;0;0.39;0.41
1989;9;9;252;15.6;10.3;4;10.4;7.5;2.9;0.4;0.3;0.1;4.3;1.7;0;526;136;92;52;86918;1.89;1.42;0.39;0.41
1989;9;10;253;14.1;9.8;5.7;11.1;8.5;5.4;0.2;0.6;0.1;4.2;1.7;0;372;103;70;42;87308;1.7;3.74;0.39;0.41
1989;9;11;254;17.6;10.2;2.9;11.4;7.8;2.7;-0.1;0.5;0.1;4.2;1.7;0;625;164;106;57;87470;2.52;4.47;0.39;0.41
1989;9;12;255;13.6;9.6;5.6;11.7;8.9;5.4;0.3;0.4;0.1;4.2;1.7;0;390;100;58;36;87686;1.75;9.66;0.39;0.41
1989;9;13;256;15.3;9;3.3;10.7;7.5;3.2;0.5;0.5;0.1;4.2;1.7;0;502;117;80;34;87539;2.18;14.4;0.39;0.41
1989;9;14;257;12.2;8.8;6.3;8;6.4;4.2;1.3;0.5;0.1;4.2;1.7;0;425;126;78;48;87605;2.47;4.3;0.4;0.41
1989;9;15;258;11.7;8.3;3.8;8.4;5.8;2.3;1.3;1;0.1;4.2;1.7;0;229;63;50;25;87522;1.94;6.93;0.4;0.41
1989;9;16;259;17.6;12.6;8.1;10.9;8.7;6.9;0.8;0.4;0.1;4.2;1.7;0;544;162;97;55;87808;2.75;0.23;0.4;0.41
1989;9;17;260;19.6;12.7;5;15.3;9.6;4.2;0.1;0.7;0.1;4.2;1.7;0;595;167;101;69;87835;2.38;0.18;0.4;0.41
1989;9;18;261;21.1;13.7;5.9;13.7;9.4;5.4;-0.3;0.7;0.1;4.1;1.7;0;606;182;110;75;88066;2.98;0;0.4;0.41
1989;9;19;262;20.6;13.7;7.5;14.4;10.6;6.1;0.3;0.4;0.1;4.1;1.7;0;595;172;106;56;88042;2.65;10.79;0.39;0.41
1989;9;20;263;19.5;14.6;10.5;13.7;12.2;9.9;-0.7;-0.2;0.1;4.1;1.7;0;505;131;86;44;88499;2.27;0.8;0.4;0.41
1989;9;21;264;20.9;14.1;7;14.9;10.9;6.4;-0.1;0.4;0.1;4.1;1.6;0;584;171;109;74;88132;2.44;0;0.39;0.4
1989;9;22;265;19.6;13.5;7.1;13.4;10.2;6.4;0.2;0.5;0.1;4.1;1.6;0;585;156;107;66;87756;2.31;0.04;0.39;0.4
1989;9;23;266;17.1;12;7.7;12.7;10.3;6.7;0.6;0;0.1;4;1.6;0;538;144;100;45;87712;2.28;9.48;0.39;0.4
1989;9;24;267;14.3;11;9;10.6;9.7;8.8;-0.3;-0.8;0.09;4;1.6;0;383;84;60;13;87950;1.6;0.74;0.39;0.4
1989;9;25;268;13.3;10.4;8.4;10.4;9.6;8.3;-0.1;-0.8;0.09;4;1.6;0;346;81;48;17;87850;1.76;25.51;0.39;0.4
1989;9;26;269;9.2;8.3;7.5;8.1;7.7;7.1;0.2;-0.8;0.09;4;1.6;0;101;25;8;4;87765;0.96;13.39;0.41;0.4
1989;9;27;270;11.3;7.1;2.2;8.2;6.1;1.7;1;-0.3;0.09;4;1.6;0.07;287;61;57;22;87481;1.85;15.32;0.41;0.41
1989;9;28;271;4.5;3.2;1.2;4.5;3;1;0.8;-0.1;0.14;4;1.6;1.35;133;29;60;12;87832;1.01;15.46;0.42;0.41
1989;9;29;272;5.2;4.4;3.6;4.8;4.1;3.2;0;-1;0.13;3.9;1.6;1.17;76;18;12;5;87966;0.91;7.46;0.43;0.41
1989;9;30;273;8;4.9;2.8;3;1.6;0.1;0.2;-0.6;0.12;3.9;1.6;0.73;443;115;92;46;88130;1.74;0.31;0.42;0.41
1989;10;1;274;10.1;6.2;1.7;5.5;3.5;0.7;0.7;-0.2;0.11;3.9;1.6;0.45;402;100;76;41;88177;1.2;0.91;0.42;0.41
1989;10;2;275;11;6.9;3.5;5.6;4.6;3.4;1.1;-0.5;0.1;3.9;1.6;0.22;444;125;91;50;87882;1.83;1.63;0.41;0.41
1989;10;3;276;6.8;4.7;3.4;5;3.2;2;0.7;-0.7;0.09;3.9;1.6;0.09;349;86;58;33;87763;1.68;5.72;0.41;0.41
1989;10;4;277;10.5;5.1;-0.9;2.6;0.7;-2;-0.8;0.2;0.09;3.8;1.5;0.06;565;162;127;90;88083;2.11;0;0.41;0.41
1989;10;5;278;13.9;6.4;-2.1;5.9;1.6;-3.3;0.2;0.6;0.09;3.8;1.5;0.03;558;159;129;92;88185;1.87;0;0.4;0.41
1989;10;6;279;13.5;7.2;-0.2;7.4;3.7;-1.5;1.1;0.4;0.09;3.8;1.5;0;529;137;109;55;87859;1.86;2.68;0.4;0.41
1989;10;7;280;6.6;4.4;2.3;5.8;3.7;1.6;1.7;0.3;0.09;3.8;1.5;0.03;214;46;49;15;86914;2.04;19.45;0.4;0.41
1989;10;8;281;2.4;1.6;1;2;1.3;0.5;0.5;-0.5;0.13;3.8;1.5;1.53;175;36;26;13;86456;1.29;13.42;0.41;0.41
1989;10;9;282;4;1.8;0.2;1.2;0.2;-0.7;1.1;-0.3;0.18;3.7;1.5;3.12;297;66;50;18;87057;1.51;6.31;0.42;0.41
1989;10;10;283;4.8;2;0.7;3.8;1.6;0.7;0.9;-0.2;0.18;3.7;1.5;3.24;326;68;54;21;87209;1.34;8.73;0.42;0.41
1989;10;11;284;6.3;2.8;-1.2;0.6;-0.4;-1.7;1.3;0.2;0.18;3.7;1.5;3.11;428;96;81;39;87557;1.43;0.7;0.42;0.41
1989;10;12;285;7.9;3.9;-0.6;4.3;1.8;-0.8;0.7;0.4;0.15;3.7;1.5;2.18;294;66;85;36;87874;1.08;2.13;0.42;0.42
1989;10;13;286;12.1;4.6;-1.8;4.7;1.1;-3;0.3;0.6;0.12;3.7;1.5;1.31;492;134;116;77;87633;1.37;0;0.41;0.42
1989;10;14;287;11;4.6;-1.9;4;1.2;-3.1;1;0.5;0.11;3.6;1.5;0.74;432;110;93;55;87313;1.37;8.15;0.41;0.42
1989;10;15;288;4.6;2.2;-0.5;3.1;1.5;-1.1;0.9;0.3;0.12;3.6;1.5;1.2;311;74;85;37;87835;1.33;7.73;0.42;0.42
1989;10;16;289;10.3;2.9;-4.1;4.2;-0.7;-4.9;0;0.7;0.11;3.6;1.5;0.97;485;129;117;80;88410;1.5;0;0.41;0.42
1989;10;17;290;13.6;5;-2;6.8;0.9;-3.5;0;0.9;0.1;3.6;1.4;0.56;481;129;118;79;88541;1.37;0;0.41;0.42
1989;10;18;291;14.5;5.8;-1.6;8.3;2.6;-2.6;0.2;0.9;0.09;3.6;1.4;0.29;445;120;106;76;88121;1.21;0;0.41;0.42
1989;10;19;292;14.3;6.1;-1.1;7.5;2.2;-2;0;0.8;0.09;3.6;1.4;0.12;473;125;117;77;87550;1.43;0;0.4;0.42
1989;10;20;293;12.6;6;-0.4;5.8;2.8;-1.7;0.5;0.7;0.09;3.6;1.4;0.06;428;106;102;54;87495;1.1;0.2;0.4;0.42
1989;10;21;294;16.4;8.7;3.3;10.4;5.4;2.2;-0.1;1.2;0.08;3.6;1.4;0.03;411;100;101;54;88061;1.27;0;0.39;0.42
1989;10;22;295;18.2;9;1.7;12.6;5.7;0.3;0;1.2;0.08;3.6;1.4;0;445;117;114;77;88246;1.28;0;0.39;0.42
1989;10;23;296;18.5;9.3;2.4;12.9;6.1;0.4;0.2;1.1;0.08;3.5;1.4;0;455;119;117;78;88120;1.29;0;0.39;0.41
1989;10;24;297;16.6;8.6;2.6;9.4;5.5;1.3;0.3;0.9;0.08;3.5;1.4;0;444;115;113;74;88290;1.32;0;0.38;0.41
1989;10;25;298;16.5;8.3;1.4;9.6;5.3;0.6;0.1;0.8;0.08;3.5;1.4;0;437;112;107;71;88246;1.26;0;0.38;0.41
1989;10;26;299;16.8;8.4;1.9;10.8;5.4;1;0;1;0.08;3.5;1.4;0;427;108;106;69;88092;1.23;0;0.37;0.41
1989;10;27;300;18.4;8.5;1.5;12.3;5.6;0.6;-0.1;1.3;0.08;3.5;1.4;0;437;112;120;81;87602;1.2;0;0.37;0.41
1989;10;28;301;16;8.2;1.3;5.8;2.5;-0.9;0.1;1.2;0.08;3.5;1.4;0;449;114;133;81;87295;1.4;0.15;0.37;0.41
1989;10;29;302;8.4;6;3.8;6.4;4.2;2.1;0.4;0.7;0.08;3.5;1.4;0;244;43;82;32;87519;0.91;6.24;0.37;0.41
1989;10;30;303;9.8;7.6;4.4;9.1;5.8;2.2;1.8;1;0.08;3.5;1.4;0;170;31;27;13;87807;1.34;7.4;0.37;0.41
1989;10;31;304;11.6;8.9;6.8;8.1;6.6;5.3;1.5;0.6;0.08;3.5;1.4;0;205;48;70;24;87939;1.06;4.73;0.37;0.41
1989;11;1;305;14.1;8.7;4;8.9;6.4;3.4;0.1;0.4;0.08;3.5;1.4;0;326;85;88;53;87773;1.06;0.82;0.37;0.41
1989;11;2;306;12.4;6.6;2.2;7.1;4.1;1.3;-0.2;0.8;0.08;3.5;1.4;0;314;75;82;61;87447;0.76;0;0.37;0.41
1989;11;3;307;13.4;6.7;1.7;6;2.9;0.3;-0.3;1.2;0.08;3.4;1.4;0;393;96;112;71;86918;1.09;0.12;0.37;0.41
1989;11;4;308;5.5;2.4;-2.9;4;1.8;-3.7;0.5;0.4;0.09;3.4;1.4;0.39;147;27;76;29;86503;0.66;8.96;0.37;0.41
1989;11;5;309;4.6;1.1;-3.2;1.6;-0.5;-4.3;-0.2;0.2;0.11;3.4;1.4;0.81;251;52;78;39;85835;0.81;3.5;0.37;0.41
1989;11;6;310;0;-1.2;-1.7;-0.1;-1.7;-2.5;1.1;-0.3;0.43;3.4;1.4;14.21;66;14;14;7;85950;0.35;22.23;0.37;0.41
1989;11;7;311;0;-1.5;-3.7;-2;-2.8;-4;1;0.3;0.52;3.4;1.4;27.01;93;20;54;23;86765;0.33;5.85;0.37;0.41
1989;11;8;312;4.8;-3.1;-11.5;-1.7;-6.1;-12.6;0;1.2;0.51;3.4;1.4;28.1;180;44;91;47;87064;0.25;0.31;0.37;0.41
1989;11;9;313;1.5;-0.2;-6.5;1;-1.3;-7.1;0.4;0.5;0.5;3.4;1.4;28.05;92;20;54;19;87640;0.04;6.37;0.37;0.41
1989;11;10;314;4.6;-2.2;-8.1;-0.6;-4.7;-9.4;0;0.9;0.49;3.4;1.4;26.87;202;48;94;56;87944;0.18;0;0.37;0.41
1989;11;11;315;7.9;-1.3;-8.7;2.2;-4.8;-12;-0.1;1.1;0.47;3.4;1.4;24.84;196;45;89;50;88034;0.21;0;0.37;0.41
1989;11;12;316;7.5;-0.7;-6.6;1.9;-3.4;-8;-0.1;0.8;0.44;3.4;1.4;22.45;224;53;96;61;88028;0.25;0;0.37;0.41
1989;11;13;317;6;-1.9;-8;0.8;-5;-9.8;0;1;0.41;3.3;1.4;20.75;228;53;112;68;88143;0.23;0;0.37;0.41
1989;11;14;318;6.3;-2;-7.5;0.7;-5.4;-9.6;0.1;1;0.39;3.3;1.3;19.5;242;56;109;67;88132;0.22;0;0.37;0.41
1989;11;15;319;5.3;-1.9;-7.2;-0.4;-5.4;-11.3;0;0.3;0.37;3.3;1.3;18.31;250;58;106;62;87793;0.29;0.11;0.37;0.41
1989;11;16;320;1.7;-2.5;-5;-2.2;-4.1;-5.6;-1.1;0;0.35;3.3;1.3;17.79;205;48;95;58;87467;0.26;0.02;0.37;0.41
1989;11;17;321;3.5;-2.2;-7.2;-1.2;-4.9;-7.9;-0.4;0.5;0.34;3.3;1.3;17.29;253;58;109;67;87212;0.24;0;0.37;0.41
1989;11;18;322;5.8;-1.8;-6.8;-0.6;-6;-11.2;-0.1;1.3;0.32;3.3;1.3;16.52;254;58;98;64;87179;0.19;0;0.37;0.41
1989;11;19;323;7.1;-1.1;-6.1;1.6;-4.3;-8.5;0.2;1.5;0.3;3.3;1.3;15.4;246;55;92;55;87272;0.17;0;0.37;0.41
1989;11;20;324;7.3;-0.9;-6.2;4.7;-2.8;-8.1;0.1;1.3;0.28;3.3;1.3;13.97;258;59;95;60;87262;0.04;0;0.37;0.41
1989;11;21;325;7.3;-0.7;-6.2;4;-2.7;-7.8;0;1.2;0.27;3.3;1.3;12.53;252;58;95;58;86907;0.09;0;0.37;0.41
1989;11;22;326;7.5;0;-4.4;2.9;-2.1;-5.4;0.4;0.2;0.27;3.3;1.3;12.17;232;45;74;35;86223;0.32;7.6;0.37;0.41
1989;11;23;327;-4;-5.7;-7.1;-5.7;-9;-11.6;0;-0.2;0.36;3.3;1.3;15.69;216;48;111;66;86585;0.35;0.24;0.37;0.41
1989;11;24;328;0.6;-4.8;-9.5;-7.6;-10.6;-14.7;0.1;0.6;0.35;3.3;1.3;15.48;239;54;108;67;86367;0.18;0;0.37;0.4
1989;11;25;329;-3.8;-7.2;-11;-6.3;-10.1;-13.6;0;-0.4;0.37;3.3;1.3;16.43;114;23;51;32;86758;0.18;3.19;0.37;0.4
1989;11;26;330;-4;-9.6;-15.2;-12.7;-14.2;-16.6;0.4;0.7;0.41;3.3;1.3;18.32;218;49;105;64;87215;0.17;0;0.36;0.4
1989;11;27;331;0.4;-7.4;-14.8;-6.3;-12;-18;0.4;0.9;0.39;3.3;1.3;18.09;189;44;95;56;87120;0.12;0;0.36;0.4
1989;11;28;332;-0.5;-5.3;-9.8;-2.9;-7.8;-13.1;-0.2;0.3;0.39;3.3;1.3;18.09;153;33;73;41;87488;0.05;0.57;0.36;0.4
1989;11;29;333;0.5;-8.2;-16.3;-6.3;-12;-19.1;-0.2;1;0.39;3.3;1.3;18.17;216;48;105;70;87856;0.18;0;0.36;0.4
1989;11;30;334;3.4;-7.7;-15.2;-4.5;-12.8;-19.3;0.1;1.2;0.38;3.3;1.3;17.88;213;46;103;61;88176;0.12;0;0.36;0.4
1989;12;1;335;2.3;-7.1;-14.4;-4.7;-11.7;-18.4;-0.4;0.9;0.37;3.3;1.3;17.5;215;47;103;64;88591;0.11;0;0.36;0.4
1989;12;2;336;4.2;-6.3;-14.4;-3.6;-10.9;-17.5;-0.2;1;0.35;3.3;1.3;17.11;216;47;102;62;88860;0.09;0;0.36;0.4
1989;12;3;337;4.3;-5.3;-11.4;-3.6;-10;-15.1;0;1;0.34;3.3;1.3;16.68;215;45;97;58;88575;0.08;0;0.36;0.4
1989;12;4;338;3.2;-5.8;-13;-5.7;-11.2;-17;0.2;1;0.33;3.3;1.3;16.24;221;48;106;62;88169;0.08;0;0.36;0.4
1989;12;5;339;2.3;-6.5;-12.3;-5.5;-11.1;-17;-0.1;0.7;0.32;3.3;1.3;15.89;227;49;108;64;87816;0.08;0;0.36;0.4
1989;12;6;340;1.4;-6.7;-11.5;-5.3;-11.2;-16;0.1;0.6;0.31;3.3;1.3;15.68;219;46;102;59;87535;0.08;0;0.35;0.4
1989;12;7;341;-0.2;-6.4;-11.6;-4.4;-10;-16.3;-0.1;0.5;0.31;3.3;1.4;15.6;184;40;90;51;87430;0.06;0.06;0.35;0.4
1989;12;8;342;0.8;-6.2;-11.7;-4;-9.2;-15.2;-0.2;0.5;0.31;3.3;1.4;15.56;192;40;86;51;87015;0.04;0;0.35;0.4
1989;12;9;343;-2.3;-7.6;-12.2;-7.2;-11.1;-15.8;0;0.5;0.31;3.3;1.4;15.54;208;43;96;52;86870;0.09;0.05;0.35;0.4
1989;12;10;344;-1.7;-9.2;-14.9;-7.6;-13;-18.6;-0.3;0.8;0.31;3.3;1.4;15.51;209;44;104;64;87056;0.07;0;0.35;0.4
1989;12;11;345;-0.4;-7.7;-15.6;-5.3;-12.5;-21.7;0.4;0.9;0.31;3.3;1.4;15.57;173;35;68;38;86867;0.07;0.6;0.35;0.4
1989;12;12;346;1.7;-5.1;-13.3;-5.3;-9.8;-17.2;0.1;1.3;0.31;3.3;1.4;15.95;188;38;82;38;86466;0.13;1.02;0.35;0.4
1989;12;13;347;2.1;-0.6;-2.5;-0.1;-3.7;-6.3;0.4;1.5;0.34;3.3;1.4;17.38;79;14;50;18;85976;0.28;2.91;0.35;0.4
1989;12;14;348;4.2;-1.7;-6.4;-0.8;-5.7;-8.5;0.2;2.1;0.33;3.3;1.4;17.34;169;35;85;48;86137;0.33;0.06;0.35;0.4
1989;12;15;349;4.3;0.2;-2.5;2.3;-1.8;-7.8;0.3;1.7;0.32;3.3;1.4;17.2;123;19;47;22;85846;0.06;4.83;0.35;0.4
1989;12;16;350;7.7;2.4;-0.3;4.4;0;-2.5;0;2.4;0.29;3.3;1.3;15.96;211;45;94;57;85880;0.17;0.02;0.35;0.4
1989;12;17;351;3.9;1.4;-1.1;3.6;0.2;-2.1;0;1.7;0.27;3.3;1.3;14.66;78;14;53;25;85694;-0.05;7.61;0.36;0.4
1989;12;18;352;6.6;0.3;-5;3.5;-1.6;-6;-0.3;2;0.26;3.3;1.3;14.08;214;42;88;56;85998;0.15;0.1;0.36;0.4
1989;12;19;353;1.5;-0.8;-5.3;1.3;-2.2;-7.6;0.8;1.2;0.26;3.3;1.3;14.87;33;6;76;32;86520;0.14;14.17;0.37;0.4
1989;12;20;354;5.3;-1.3;-6.9;1.7;-4.1;-8.6;0;1.8;0.28;3.3;1.3;15.45;180;35;73;40;87175;0.25;0.03;0.37;0.4
1989;12;21;355;6.5;0.9;-2.5;3.2;-2.2;-6.2;0;1.7;0.26;3.2;1.3;14.85;171;33;55;36;87241;0.07;0;0.37;0.4
1989;12;22;356;7.7;1.6;-2.5;2.9;-1.1;-4;0.4;1.4;0.25;3.2;1.3;14.15;220;45;91;48;86491;0.09;2.11;0.37;0.4
1989;12;23;357;0;-1.9;-4.6;-0.3;-5.4;-11.2;1.7;0.3;0.27;3.2;1.3;15.74;195;40;92;56;87522;0.53;3.85;0.37;0.4
1989;12;24;358;1.1;-2.5;-7.3;-0.4;-4.9;-10.4;0.8;1.5;0.38;3.2;1.3;21.82;43;8;81;27;87748;0.17;8.82;0.37;0.4
1989;12;25;359;4.2;-4.5;-9.5;0.5;-8.4;-13.6;-0.1;1.8;0.4;3.2;1.3;23.3;180;38;100;70;87399;0.09;0;0.37;0.4
1989;12;26;360;5.1;-3.4;-9.1;-0.4;-9.4;-18.8;0.1;1.1;0.39;3.2;1.3;22.67;192;40;96;64;87010;0.09;0;0.37;0.4
1989;12;27;361;2.5;-5.6;-11.2;-5.2;-11.7;-18.1;0.1;1;0.37;3.2;1.3;22.32;201;42;104;67;86762;0.12;0;0.37;0.4
1989;12;28;362;1.5;-6.5;-13.3;-7.1;-13.7;-20.5;0.1;0.9;0.37;3.2;1.3;22.09;204;43;106;63;87020;0.08;0;0.37;0.4
1989;12;29;363;1.4;-6.1;-11.2;-8.5;-13.4;-17.4;-0.1;0.9;0.35;3.2;1.3;21.84;204;43;107;66;87300;0.06;0;0.37;0.4
1989;12;30;364;1.7;-7.4;-13.8;-9.3;-15.6;-21.4;0.1;1;0.35;3.2;1.3;21.62;209;43;108;67;87356;0.06;0;0.37;0.4
1989;12;31;365;1.8;-7.7;-14.3;-9.9;-16.5;-22.2;0.1;1;0.34;3.2;1.3;21.39;210;44;107;66;87316;0.07;0;0.36;0.4
1990;1;1;1;1.9;-7.2;-13.8;-9;-15.2;-20.4;0.1;0.9;0.34;3.1;1.3;21.19;211;44;103;65;87223;0.06;0;0.36;0.4
1990;1;2;2;1.2;-6.5;-13.2;-8.8;-14;-19.8;0.2;0.8;0.33;3.1;1.3;20.97;214;45;99;56;87418;0.06;0;0.36;0.4
1990;1;3;3;0.9;-5.3;-10.8;-6;-9.6;-13;-0.3;0.6;0.32;3.1;1.3;20.79;188;40;93;53;87354;0.03;0;0.36;0.4
1990;1;4;4;2.2;-8.1;-15.1;-8.7;-14.4;-19.3;0.1;1.1;0.31;3.1;1.3;20.62;209;46;112;69;87618;0.04;0;0.36;0.39
1990;1;5;5;0;-7.9;-15.4;-8;-14.3;-22.4;0.3;1;0.31;3.1;1.3;20.71;165;34;66;39;87817;0.06;4.55;0.36;0.39
1990;1;6;6;-0.9;-6.2;-17.8;-5.2;-8.4;-20.3;-0.1;0.8;0.5;3.1;1.3;32.18;153;28;86;41;87917;0.06;8.78;0.36;0.39
1990;1;7;7;-1.4;-14.1;-20.8;-9.1;-18.5;-23.7;0.2;1.7;0.51;3.1;1.3;33.46;170;36;96;56;88208;0.09;0;0.36;0.39
1990;1;8;8;-2.7;-15.4;-23.5;-10.2;-20.3;-26.5;0.2;1.6;0.51;3.1;1.3;33.39;170;36;92;53;88580;0.11;0;0.36;0.39
1990;1;9;9;-1.9;-14.6;-23.2;-9.6;-19.5;-26;0.1;1.5;0.5;3.1;1.3;33.3;170;36;88;49;88686;0.12;0;0.36;0.39
1990;1;10;10;-0.3;-13.4;-21.6;-8.6;-18.2;-24.4;0.2;1.5;0.5;3.1;1.2;33.2;163;35;91;48;88450;0.12;0;0.36;0.39
1990;1;11;11;0.8;-12.5;-21.4;-7;-17.2;-24.3;0.1;1.5;0.5;3.1;1.2;33.09;175;38;91;50;88378;0.13;0;0.36;0.39
1990;1;12;12;1.4;-12.7;-21.2;-6.8;-17.4;-23.9;0.2;1.5;0.49;3;1.2;32.93;180;39;97;53;88259;0.14;0;0.35;0.39
1990;1;13;13;1.6;-11.6;-21;-7.1;-16.8;-23.9;0.2;1.4;0.49;3;1.2;32.79;179;39;88;49;88150;0.14;0;0.35;0.39
1990;1;14;14;1.5;-11.2;-20.3;-7.2;-16;-23;0.2;1.3;0.48;3;1.2;32.67;184;40;95;51;87854;0.14;0;0.35;0.39
1990;1;15;15;0.7;-11.4;-20.6;-7.8;-16.2;-23.2;0.3;1.3;0.48;3;1.2;32.56;186;41;95;46;88054;0.15;0;0.35;0.39
1990;1;16;16;3.7;-1.3;-8.7;-0.6;-4.5;-12.1;0.5;1.2;0.47;3;1.2;32.02;91;20;46;10;88260;0.18;0.05;0.35;0.39
1990;1;17;17;5.3;-2.2;-9.2;-0.2;-5;-10.7;0.6;0.9;0.45;3;1.2;30.9;195;43;85;47;87964;0.09;0.31;0.35;0.39
1990;1;18;18;-0.5;-2.5;-4.5;-1.3;-3.2;-5.9;0.2;-0.3;0.46;3;1.2;33.28;63;13;42;14;87909;0.05;5.1;0.35;0.39
1990;1;19;19;-0.1;-7.6;-15.6;-4.8;-11.2;-18.4;0.2;1;0.48;3;1.2;35.03;196;43;102;56;88182;0.16;0.01;0.35;0.39
1990;1;20;20;0.5;-7;-19.7;-3.5;-11.2;-22.3;0.9;1.2;0.47;3;1.2;35.46;81;16;57;15;88398;0.3;3.7;0.35;0.39
1990;1;21;21;5.1;-0.4;-8.7;0;-3.1;-10.7;0.4;0.8;0.47;3;1.2;37.29;170;38;83;41;88745;0.03;0.72;0.35;0.39
1990;1;22;22;5.3;-5.8;-14.1;-0.3;-9.2;-16;0.2;1.2;0.46;3;1.2;36.18;210;47;98;58;88552;0.05;0;0.35;0.39
1990;1;23;23;5.2;-6.2;-15.1;-0.2;-9.7;-17.3;0.2;1.6;0.45;3;1.2;35.06;215;49;99;57;87902;0.14;0;0.35;0.39
1990;1;24;24;2.9;-2;-8.9;0.1;-4.2;-11.3;1;1.1;0.43;3;1.2;35;161;32;67;29;86916;0.23;6.53;0.35;0.39
1990;1;25;25;3.9;-1.5;-7.1;-1.8;-4.7;-8.5;0.1;1.7;0.43;3;1.2;36.83;139;30;65;43;86518;0.36;2.47;0.36;0.39
1990;1;26;26;1.1;-2.2;-9.1;-2.6;-5.4;-12.2;1.5;0.8;0.44;3;1.2;38.88;155;34;91;49;86294;0.37;3.87;0.36;0.39
1990;1;27;27;2.7;-7.9;-17.1;-3.5;-12.1;-19.4;-0.1;1.5;0.43;3;1.2;39.22;231;52;104;66;86700;0.19;0;0.36;0.39
1990;1;28;28;3.5;-1.6;-8.4;-0.9;-5.1;-13.5;0;1.3;0.42;3;1.2;38.73;141;33;65;32;86305;0.09;3.27;0.36;0.39
1990;1;29;29;2.7;-1.2;-6.5;-1;-2.9;-8.3;-0.4;0.4;0.46;3;1.2;42.3;192;42;85;45;86609;0.09;2.16;0.36;0.39
1990;1;30;30;2.4;-2.8;-7.9;0.1;-4.9;-10.3;0.2;1.1;0.45;3;1.2;41.74;125;27;61;34;86648;0.02;0.75;0.36;0.39
1990;1;31;31;5.5;-2;-8.3;-0.2;-5.4;-9.8;-0.1;1.8;0.43;3;1.2;40.62;222;50;92;60;86705;0.1;0;0.36;0.39
1990;2;1;32;5.9;-0.5;-5.4;-0.4;-5;-9;0.2;1.1;0.41;3;1.2;39.23;145;37;74;43;86849;0.06;0;0.36;0.39
1990;2;2;33;3.3;-2.5;-6.8;-0.9;-5.5;-10.2;0.2;1.2;0.4;3;1.2;38.67;126;28;69;34;87076;0.08;1.7;0.36;0.39
1990;2;3;34;6;-1.4;-8.8;-1;-5.1;-10;0.3;1.4;0.39;3;1.2;38.34;261;61;96;54;87418;0.29;0.61;0.36;0.39
1990;2;4;35;5.8;-0.3;-8;-2.2;-5.8;-11.9;0.7;0.8;0.37;3;1.2;37.62;272;66;113;74;88430;0.29;0.05;0.36;0.39
1990;2;5;36;8.8;-1.8;-9.4;3.3;-7;-15.8;0;1.2;0.36;3;1.2;36.6;290;70;116;75;88344;0.01;0;0.36;0.39
1990;2;6;37;9.7;-1.3;-7.9;1.9;-7.9;-15.3;0.2;1.4;0.33;3;1.2;35.4;310;75;130;85;87655;0.07;0;0.36;0.39
1990;2;7;38;8.4;-1;-7.5;-1;-8.2;-14.9;0.1;1;0.31;3;1.2;34.45;310;75;104;66;87730;0.09;0;0.36;0.39
1990;2;8;39;9.9;1.1;-5.1;1.6;-3.4;-10.3;1.1;0.7;0.3;3;1.2;33.71;215;41;51;26;87702;0.11;5.07;0.36;0.39
1990;2;9;40;0.5;-2.4;-6.3;-1.1;-5.3;-9.1;1.2;0.1;0.34;3;1.2;36.99;233;57;81;55;88248;0.69;4.44;0.36;0.39
1990;2;10;41;3.2;-3.8;-11.4;-5.9;-9.7;-15.5;-0.1;1.5;0.35;3;1.2;37.46;242;59;85;52;87364;0.29;2.28;0.36;0.39
1990;2;11;42;-0.6;-3.2;-9.2;-3.9;-6.6;-12.8;0.8;1.1;0.4;3;1.2;40.71;159;32;94;43;86365;0.46;4.02;0.36;0.39
1990;2;12;43;-1.1;-5.6;-10.4;-6.4;-10.5;-14.8;1.2;1.2;0.43;3;1.2;43.26;179;39;80;39;85148;0.3;2.73;0.36;0.39
1990;2;13;44;-2.2;-4.9;-8.7;-5;-7.7;-12;1.1;0.9;0.5;3;1.2;50.57;127;30;48;16;85494;0.19;14.46;0.36;0.39
1990;2;14;45;2.2;0.4;-2.9;0.9;-0.6;-5.5;1.6;0.7;0.53;3;1.2;71.45;28;6;10;2;85252;0.03;57.79;0.37;0.39
1990;2;15;46;4.9;1.1;-4.2;2.1;-1.3;-6.9;3.5;0.5;0.52;3;1.2;88.37;51;10;71;19;85488;0.22;29.11;0.39;0.39
1990;2;16;47;-0.8;-3.2;-6.1;-3.2;-5.9;-9.7;1.2;0;0.52;3;1.2;93.02;153;31;71;34;86560;0.21;7.72;0.4;0.39
1990;2;17;48;4.7;-0.8;-4.8;-0.4;-3.3;-6.8;0.1;0.5;0.52;3;1.2;98.29;158;41;73;35;87211;0.01;0.97;0.4;0.39
1990;2;18;49;9.9;-0.3;-8.3;0.1;-5.6;-11.3;0.2;1.2;0.52;3;1.2;97.02;244;62;96;59;87433;0.02;0;0.39;0.39
1990;2;19;50;9.8;1.2;-6.4;0;-3.9;-9;0.2;1;0.51;3;1.2;94.64;193;46;55;34;87794;-0.01;0;0.39;0.39
1990;2;20;51;11.9;2;-5.6;1.1;-3.6;-7.9;-0.2;1;0.5;3;1.2;91.11;264;68;91;61;88384;-0.01;0;0.4;0.39
1990;2;21;52;10.7;1.9;-6.4;1.9;-3;-9.5;0.5;0.9;0.49;3;1.2;86.48;274;71;94;59;88669;-0.1;0;0.4;0.39
1990;2;22;53;8.6;3.5;-2.2;4.2;0.6;-3.6;-0.6;0.5;0.46;3;1.2;81.38;284;73;87;52;89234;-0.1;0.06;0.4;0.39
1990;2;23;54;12;2.5;-5.2;2.1;-3;-7.9;0.4;1.1;0.42;3;1.2;76.97;320;85;100;66;88967;0.27;0;0.4;0.4
1990;2;24;55;11.8;1.8;-5.2;2;-3.6;-8.3;0.3;1.2;0.39;3.1;1.2;73.88;338;89;102;66;88519;0.23;0;0.4;0.4
1990;2;25;56;12.9;1.9;-5.8;3.2;-3.9;-9.3;0.1;1.4;0.37;3.1;1.3;71.12;351;94;104;70;87572;0.33;0;0.4;0.4
1990;2;26;57;8.8;2.1;-3.6;1.4;-2.2;-6.3;1.7;1.1;0.35;3.1;1.3;68.92;315;61;81;39;86469;0.84;6.01;0.4;0.4
1990;2;27;58;4.6;-0.2;-4.2;1.2;-2.6;-7.3;3.2;0.4;0.4;3.1;1.3;74.22;217;44;46;29;85570;1.39;23.62;0.4;0.4
1990;2;28;59;1.2;-1.4;-4.3;-1.3;-4.2;-7.6;2.7;0.9;0.49;3.1;1.3;85.1;150;30;48;22;86075;0.57;10.84;0.4;0.4
1990;3;1;60;2.6;-1.5;-5.2;0.1;-4.8;-8;3.2;0.3;0.49;3.1;1.3;91.63;251;67;81;49;86164;1.05;9;0.4;0.4
1990;3;2;61;-2.4;-5.6;-8.3;-7.2;-9.3;-12.3;2;0.1;0.51;3.1;1.3;96.43;193;52;79;52;87449;0.36;8.31;0.4;0.4
1990;3;3;62;-3.3;-6.6;-10.3;-8.2;-10.5;-12.8;1.6;0.1;0.53;3.1;1.3;103;267;64;76;43;89026;0.33;1.83;0.4;0.4
1990;3;4;63;1.3;-6.4;-16.5;-5.9;-11.5;-18.9;0.6;0.8;0.52;3.1;1.3;103.37;299;83;100;71;89187;0.21;0;0.39;0.4
1990;3;5;64;4.3;-5.1;-16.2;-3.7;-11.1;-18.5;0.6;1.1;0.52;3.1;1.3;102.7;283;79;105;67;88574;0.21;0;0.39;0.4
1990;3;6;65;5.1;-1.8;-11.7;-8.3;-12.4;-18.2;1.7;1.1;0.51;3.1;1.3;101.45;303;81;103;61;87922;0.74;0;0.39;0.4
1990;3;7;66;7.7;1.5;-6.2;-5.6;-8.1;-11.5;0.9;0.6;0.5;3.2;1.3;99.77;321;89;105;70;87954;0.39;0;0.39;0.4
1990;3;8;67;10.5;1.3;-8.4;-1;-5.7;-11.6;0.3;1;0.47;3.2;1.3;97.34;308;85;98;60;87894;0.36;0;0.39;0.4
1990;3;9;68;7.3;2;-4.8;0.5;-2.3;-6.9;2.2;0.7;0.44;3.2;1.3;94.07;290;73;85;38;87999;0.52;1;0.39;0.4
1990;3;10;69;4.7;3;1.1;0.3;-0.6;-2.4;2.4;0.8;0.4;3.2;1.3;91.43;109;30;62;26;88691;0.69;2.11;0.39;0.4
1990;3;11;70;13.3;5.4;-2.8;3.4;-0.6;-4.8;0.8;0.8;0.37;3.2;1.3;88.51;397;112;96;68;88624;0.59;0;0.39;0.4
1990;3;12;71;10.1;4.3;-2.7;2.6;-0.1;-4.8;0.7;0.6;0.34;3.2;1.3;84.92;293;75;68;39;88039;0.37;2.39;0.39;0.4
1990;3;13;72;10;4.5;-1.8;3.8;1;-3;-0.4;0.4;0.32;3.2;1.3;81.26;454;129;113;69;88032;0.62;0.04;0.4;0.4
1990;3;14;73;7.1;3;-2.2;5.2;1.7;-4;0.2;0.2;0.29;3.2;1.3;77.6;288;72;54;22;88365;0.5;10.93;0.4;0.4
1990;3;15;74;8.7;4.9;-0.4;3.1;2;-1.7;-0.8;-0.1;0.26;3.2;1.3;73.5;404;112;90;46;88822;0.78;0.05;0.4;0.4
1990;3;16;75;11.2;3.9;-3.8;2.3;-0.9;-5.6;-0.3;0.4;0.25;3.2;1.3;70.11;515;150;118;87;88905;0.8;0;0.4;0.4
1990;3;17;76;11.9;3.2;-5.2;0.1;-3.4;-7.4;-0.3;0.8;0.24;3.3;1.3;67.99;528;155;120;88;88735;1.04;0;0.4;0.4
1990;3;18;77;12.3;4.4;-3.7;2.4;-2.7;-7.5;-0.1;0.7;0.23;3.3;1.3;65.91;526;154;110;79;88843;1.04;0;0.4;0.4
1990;3;19;78;11.1;3.9;-3.9;3;-1.7;-6.6;0.3;0.6;0.23;3.3;1.3;63.49;537;157;110;78;88847;0.95;0;0.4;0.4
1990;3;20;79;11.3;4.2;-3.5;1.4;-1.6;-5.8;0.8;0.9;0.22;3.3;1.3;60.87;497;149;100;62;88495;1.25;0.64;0.4;0.4
1990;3;21;80;13.5;6.7;0.8;4.4;0.9;-2.2;1;1.3;0.22;3.3;1.3;57.09;543;160;106;67;88136;1.51;0;0.4;0.4
1990;3;22;81;15.7;7.1;-1.1;3.6;-0.2;-4.2;0.8;1;0.22;3.3;1.3;52.76;544;158;106;69;87857;1.53;0.03;0.4;0.4
1990;3;23;82;6;3.9;2;2.9;1.7;0.5;0.4;-0.3;0.22;3.3;1.3;50.03;343;69;69;19;87916;0.82;16.59;0.4;0.4
1990;3;24;83;11.7;4.9;-3.3;2.9;0;-4.2;0.4;0.4;0.22;3.4;1.4;47.34;564;170;113;81;87617;1.21;0.04;0.4;0.41
1990;3;25;84;2.8;-0.4;-4;0.2;-2.4;-6.1;1.3;-0.2;0.26;3.4;1.4;48.33;203;62;64;29;87385;0.95;8.94;0.4;0.41
1990;3;26;85;-1.4;-3.3;-4.7;-3.2;-4.8;-6.2;-0.1;-0.9;0.39;3.4;1.4;55.31;242;66;42;29;87196;0.5;7.7;0.4;0.41
1990;3;27;86;0.4;-2.4;-5.2;-1.9;-4;-5.8;-0.7;-1.2;0.49;3.4;1.4;61.99;228;52;31;13;87033;0.39;10.66;0.4;0.41
1990;3;28;87;1.8;-1;-2.4;-1.8;-2.7;-3.3;0.5;-0.6;0.52;3.4;1.4;72.01;235;58;54;20;86939;0.44;5.27;0.39;0.41
1990;3;29;88;2.3;-0.5;-2.7;-0.4;-1.9;-3.6;0.2;-0.4;0.51;3.4;1.4;73.76;215;53;34;15;87874;0.3;6.69;0.39;0.41
1990;3;30;89;4.9;1.4;-0.9;1.1;0.1;-1;-0.7;-0.2;0.49;3.4;1.4;75.11;228;56;73;27;88431;0.12;1.17;0.39;0.41
1990;3;31;90;8.1;3;-3.4;2;-0.5;-4.3;-0.9;0.2;0.46;3.5;1.4;69.8;397;122;98;68;88611;0.56;0;0.4;0.41
1990;4;1;91;14.8;5.4;-5.1;5.1;-1.3;-8;0;0.6;0.39;3.5;1.4;63.06;480;149;109;75;87977;0.94;0;0.4;0.41
1990;4;2;92;12.6;4.3;-4.4;2.8;-1.7;-6.4;0.1;1.1;0.31;3.5;1.4;57.53;531;162;106;76;86906;1.26;0.22;0.4;0.41
1990;4;3;93;12.3;4.3;-2.1;3.9;-0.6;-4.5;0.7;0.4;0.28;3.5;1.4;53.58;549;151;98;47;86263;1.43;8.5;0.4;0.41
1990;4;4;94;2.9;0.3;-1.9;-1.1;-3.6;-5.4;0.6;-0.7;0.33;3.5;1.4;55.46;307;85;49;28;86943;1.19;4.17;0.41;0.41
1990;4;5;95;2.6;0.2;-1.5;-0.5;-2.4;-4.4;-1;-0.6;0.35;3.5;1.4;57.22;255;62;42;21;86980;0.61;3.57;0.4;0.41
1990;4;6;96;6.7;2.3;-2.3;2.4;0.1;-2.6;-0.9;-0.4;0.34;3.5;1.4;56.75;293;94;55;37;86479;0.75;0.96;0.4;0.41
1990;4;7;97;3.4;1.6;-0.4;2.9;0.9;-1;0;-0.5;0.32;3.6;1.4;55.56;126;31;38;8;86207;0.35;14.55;0.4;0.41
1990;4;8;98;3.1;0.2;-1.8;-0.8;-1.7;-2.4;-1;-0.9;0.41;3.6;1.4;61.28;269;72;36;18;86718;1.04;4.51;0.41;0.41
1990;4;9;99;3.5;0.1;-3.2;0.1;-1.6;-4.5;-0.8;-0.8;0.43;3.6;1.4;63.45;252;78;49;26;86450;0.62;4.76;0.41;0.41
1990;4;10;100;2.3;-0.6;-4.2;-0.9;-3.6;-7.1;0.6;-0.5;0.45;3.6;1.4;65.61;234;72;77;35;86536;1.02;3.47;0.41;0.41
1990;4;11;101;1.4;-1.7;-5.3;0.4;-3.7;-8.6;1.4;0.5;0.46;3.6;1.4;69.06;241;53;72;26;86559;0.38;14.63;0.4;0.41
1990;4;12;102;1.6;-2.4;-8.2;-1.9;-4.3;-9.2;0.8;0.1;0.51;3.6;1.4;82.16;309;84;76;44;87109;0.53;9.57;0.41;0.41
1990;4;13;103;7.1;-2;-12.8;-1.6;-6.7;-14.4;0;0.8;0.51;3.6;1.4;81.94;373;125;92;68;87102;0.81;0;0.41;0.41
1990;4;14;104;9.2;0.6;-7.3;1.8;-3.3;-10.5;0.7;0.3;0.48;3.7;1.5;78.28;415;113;97;39;86896;0.65;3.86;0.41;0.41
1990;4;15;105;5.3;0.5;-3.3;2;-1;-4;0.8;0.3;0.44;3.7;1.5;77.43;175;54;62;32;86667;0.5;5.95;0.41;0.41
1990;4;16;106;4.2;0.1;-3.5;-2;-3.7;-5.7;1.2;0.1;0.42;3.7;1.5;77.52;438;139;97;63;87327;1.13;0.99;0.41;0.41
1990;4;17;107;5.5;0.7;-6.3;-2;-5;-7.8;0.5;0.1;0.39;3.7;1.5;75.69;439;152;110;62;87298;1.07;0.78;0.41;0.41
1990;4;18;108;0.3;-0.9;-1.7;-1.3;-2;-3.3;0.8;-0.6;0.46;3.7;1.5;83.73;165;44;23;11;87083;0.38;16.6;0.41;0.41
1990;4;19;109;2.2;-0.2;-1.9;0.5;-1.2;-2.2;0.4;-0.3;0.5;3.7;1.5;92.9;229;61;64;23;86664;0.18;7.05;0.41;0.41
1990;4;20;110;7;1.9;-4.9;-1.1;-2.7;-6;-0.9;0;0.48;3.8;1.5;91.5;435;137;98;66;86139;0.86;0.25;0.41;0.41
1990;4;21;111;7.5;2.4;-4.3;3.4;-1.1;-5.9;0;0.3;0.42;3.8;1.5;86.6;419;132;99;55;86229;0.73;2.87;0.41;0.41
1990;4;22;112;8.6;2.8;-4.2;3.9;0.2;-5.3;0;0.2;0.37;3.8;1.5;81.29;517;151;89;54;86443;0.96;3.47;0.41;0.41
1990;4;23;113;4.7;1.9;-1.8;3.8;0.9;-2.9;1.1;0.4;0.33;3.8;1.5;76.85;251;93;46;33;86333;0.94;11.14;0.42;0.41
1990;4;24;114;7.3;3;-0.4;3.4;1;-1.6;1.2;0.4;0.3;3.8;1.5;73.58;450;134;88;46;86792;1.35;5.27;0.42;0.41
1990;4;25;115;7.9;2.5;-1.9;3.1;0.2;-3.4;1.2;0.5;0.28;3.8;1.5;69.82;415;130;81;47;87190;1.37;4.87;0.42;0.41
1990;4;26;116;7.5;2.5;-2.9;4.9;0.9;-3.8;0.9;0.2;0.26;3.9;1.5;66.45;464;150;86;50;87500;1.52;6.17;0.42;0.42
1990;4;27;117;8;3.1;-3.2;2.4;-0.1;-4.2;1.8;0.6;0.25;3.9;1.5;63.35;411;117;77;37;87711;1.47;4.36;0.42;0.42
1990;4;28;118;5.1;2.8;1.3;2.1;1.1;-1.2;0.4;-1;0.25;3.9;1.5;60.73;350;90;35;17;88034;1.45;8.38;0.43;0.42
1990;4;29;119;10;5;-0.3;1.6;0.1;-1.7;-1;-0.6;0.24;3.9;1.6;56.59;644;208;108;70;88120;1.8;0;0.42;0.42
1990;4;30;120;12.3;6.9;-0.3;4.2;1.6;-2.5;-0.8;-0.3;0.24;3.9;1.6;51.33;656;223;105;80;88226;2;0;0.42;0.42
1990;5;1;121;14;8.3;0.3;5.8;3.2;-1.4;-0.9;-0.2;0.23;3.9;1.6;45.35;650;217;101;73;88446;2.04;0;0.41;0.42
1990;5;2;122;15.2;9.5;2;6.6;4.4;0.2;-1.4;-0.3;0.23;4;1.6;38.44;663;226;104;78;88620;2.19;0;0.41;0.42
1990;5;3;123;14.5;9.1;3.2;6.1;4.1;2.1;-1.4;-0.5;0.23;4;1.6;31.02;675;235;110;85;88394;2.18;0;0.4;0.42
1990;5;4;124;15;9.2;2.1;5.8;3.4;0.2;-1.3;-0.2;0.22;4;1.6;23.9;691;238;117;88;88058;2.43;0.02;0.4;0.42
1990;5;5;125;15.7;9.3;0.2;10.6;4.7;-1.3;-0.2;0.4;0.21;4;1.6;17.39;668;224;104;77;87776;2.36;0.87;0.4;0.42
1990;5;6;126;13.9;8.1;0.7;8.5;5.3;-0.4;0.3;0.6;0.2;4;1.6;11.92;574;182;90;61;87608;2.04;6.42;0.39;0.42
1990;5;7;127;13.2;7.2;0.7;8.3;4.7;-0.4;0.3;0.7;0.18;4;1.6;7.66;596;168;80;57;87476;2.11;5.21;0.39;0.42
1990;5;8;128;13.2;7.3;0.6;8.2;4.9;-0.3;0.1;0.6;0.16;4.1;1.6;4.55;633;180;93;58;87532;2.24;5.52;0.39;0.42
1990;5;9;129;14.6;7.9;0.2;9;5.3;-0.8;0.2;0.6;0.14;4.1;1.6;2.57;637;197;93;64;87514;2.48;4.57;0.39;0.42
1990;5;10;130;16.6;9.5;0.8;10;5.1;0.3;0.1;0.3;0.13;4.1;1.6;1.32;707;238;107;69;87388;3.35;2.38;0.39;0.42
1990;5;11;131;12.5;7.8;2.9;8.1;6.1;2.1;-0.1;0.2;0.12;4.1;1.6;0.62;500;151;69;44;87121;2.65;14.16;0.38;0.42
1990;5;12;132;12.9;7.9;2.2;7.3;5;1.7;0;0.5;0.12;4.1;1.6;0.32;558;192;91;60;87025;2.73;3.39;0.39;0.42
1990;5;13;133;16.1;9.6;0.8;9.3;5.3;-0.3;0.3;0.3;0.12;4.1;1.7;0.15;725;228;107;68;87200;3.28;2.98;0.38;0.42
1990;5;14;134;14.2;9.1;4;10.5;7.6;3.4;0.3;0.1;0.12;4.2;1.7;0.07;576;170;77;45;87425;2.5;11.14;0.38;0.42
1990;5;15;135;14.6;9.6;3.8;11.1;8;3.2;0.2;0.3;0.12;4.2;1.7;0.02;564;192;88;52;87703;2.71;6.76;0.38;0.42
1990;5;16;136;16.2;11.1;3.5;8.9;6.2;3.1;0.6;0.3;0.12;4.2;1.7;0;573;217;92;64;87818;3.53;0.44;0.38;0.42
1990;5;17;137;16;10.6;4.2;11.2;8.1;3.2;0.5;0.3;0.12;4.2;1.7;0;606;205;100;58;87651;2.84;6.23;0.38;0.42
1990;5;18;138;14.6;9.8;5.2;10.6;8.1;4.7;0.2;0.3;0.12;4.2;1.7;0;455;152;77;43;87596;2.33;5.3;0.38;0.42
1990;5;19;139;15.4;10.3;3;7.8;6;2.9;-0.5;-0.2;0.12;4.2;1.7;0;683;228;98;65;87688;3.48;0.65;0.38;0.42
1990;5;20;140;15;10.6;5.2;9.2;7.2;5;-0.4;0;0.12;4.2;1.7;0;577;204;93;66;87536;2.85;2.53;0.37;0.42
1990;5;21;141;15.5;9.4;4.7;10.3;7.4;3.5;0.4;0.5;0.12;4.2;1.7;0;633;159;78;43;87256;2.45;13.22;0.37;0.42
1990;5;22;142;15.2;10;4.5;10.3;7.9;4.2;0;0.4;0.12;4.2;1.7;0;636;214;100;56;87335;3.26;6.15;0.38;0.42
1990;5;23;143;16.4;10.4;3.5;11.8;7.8;3.1;0;0.5;0.12;4.3;1.7;0;594;198;85;56;87434;3.07;7.57;0.38;0.42
1990;5;24;144;13.9;10.5;5.4;10.9;8.4;4.6;-0.3;0;0.12;4.3;1.7;0;388;120;63;38;87137;2.04;3.7;0.38;0.42
1990;5;25;145;9.4;7;5.4;8.9;6.6;3.8;0.3;-0.3;0.12;4.3;1.7;0;71;24;29;11;87332;0.79;45.21;0.4;0.41
1990;5;26;146;9;6.2;3.8;3.9;2.9;1.9;-0.9;-1;0.12;4.3;1.7;0;390;127;45;28;87821;2.24;1.02;0.4;0.41
1990;5;27;147;10.7;7.2;4;1.8;-0.2;-1.8;-0.9;-0.7;0.12;4.3;1.7;0;633;218;110;67;87878;3.2;0.14;0.4;0.41
1990;5;28;148;9.5;5.6;2.1;2;0.5;-0.9;0.6;-0.4;0.12;4.3;1.7;0.09;711;245;103;74;87991;3.31;7;0.39;0.41
1990;5;29;149;7.7;4.5;1.3;1.6;0.2;-0.9;-0.2;-0.6;0.15;4.3;1.7;0.97;669;237;108;73;88046;3.22;2.54;0.39;0.41
1990;5;30;150;12;6.5;-1.9;1.5;-1.7;-3.6;-0.4;-0.1;0.14;4.3;1.7;0.64;807;294;136;103;87797;3.91;0;0.39;0.41
1990;5;31;151;13.3;7.8;-0.8;2.3;-0.5;-2.4;0;0.1;0.13;4.3;1.7;0.35;739;261;120;88;87885;3.87;0;0.38;0.41
1990;6;1;152;16.6;9.9;0.1;8;2.7;-1.1;0.2;0.3;0.12;4.3;1.7;0.12;799;293;126;94;87747;4.41;0;0.38;0.41
1990;6;2;153;16.6;9.2;3.5;9.9;6.2;2.1;1.1;0.3;0.12;4.3;1.7;0.02;468;134;74;45;87118;2.55;8.87;0.37;0.41
1990;6;3;154;11.6;7.8;2.6;5.7;4.3;1.4;1.2;-0.1;0.12;4.4;1.8;0;589;199;74;52;87032;3.12;3.24;0.38;0.41
1990;6;4;155;12.2;8.7;6.1;8;6.7;4.9;0.9;0.1;0.12;4.4;1.8;0;445;120;57;22;86845;2.32;8.94;0.38;0.41
1990;6;5;156;14.4;9.9;6.2;8.9;6.5;4.6;-0.7;-0.6;0.12;4.4;1.8;0;569;175;63;32;87005;3.03;10.16;0.38;0.41
1990;6;6;157;10;8.3;6.7;8.5;7.6;6.1;0.3;0;0.12;4.4;1.8;0;246;58;32;15;87126;1.53;19.03;0.4;0.41
1990;6;7;158;13.8;9.4;4.6;9.6;7.1;4.4;0.1;0.3;0.12;4.4;1.8;0;428;130;48;29;87106;2.12;10.52;0.4;0.41
1990;6;8;159;13;7.5;4.3;9.1;6.1;2.6;0.7;0.4;0.12;4.4;1.8;0;404;110;73;40;86675;2.23;14.9;0.41;0.41
1990;6;9;160;9.4;5.9;2.2;5.1;3.3;1.2;0.7;0.3;0.12;4.4;1.8;0;502;177;79;54;86903;2.76;4.72;0.41;0.41
1990;6;10;161;8.9;5.4;1.6;5.4;3.1;0.3;1.7;0.2;0.12;4.4;1.8;0;561;200;70;41;87114;3.47;11.51;0.41;0.41
1990;6;11;162;11.6;7.6;3.8;6.6;5.2;2.6;0.2;0;0.12;4.4;1.8;0;360;105;79;28;87419;2.15;3.31;0.41;0.41
1990;6;12;163;11.7;8.4;5.1;9.5;7.3;4.8;-0.1;-0.4;0.12;4.4;1.8;0;313;93;52;27;87163;1.39;20.34;0.41;0.41
1990;6;13;164;8.5;7.3;5.9;8;7;5.8;0.9;0.2;0.12;4.4;1.8;0;181;51;23;9;87415;1.46;25.36;0.43;0.42
1990;6;14;165;12.8;8.4;4.5;9.3;6.6;4.5;0.1;-0.1;0.12;4.4;1.8;0;589;179;77;43;87481;2.81;5.62;0.42;0.42
1990;6;15;166;12.9;8.2;3.2;9.5;6.5;3;0.5;0;0.12;4.5;1.8;0;519;184;82;42;87468;2.95;8.04;0.42;0.42
1990;6;16;167;13.2;9.1;4.4;10.1;7.5;4.3;0.3;-0.1;0.12;4.5;1.8;0;570;184;72;45;87540;3.03;6.5;0.42;0.42
1990;6;17;168;16.8;10.9;2.9;8.6;5.7;2.7;0.2;0;0.12;4.5;1.8;0;703;262;113;76;87402;4.17;0.03;0.42;0.42
1990;6;18;169;15.9;10.2;4.7;11.2;8.1;3.9;0.3;0.6;0.12;4.5;1.8;0;572;159;76;49;87397;2.45;11.33;0.41;0.42
1990;6;19;170;20;12.9;3.3;11.7;7.9;2.9;-0.3;0.3;0.12;4.5;1.8;0;783;270;114;74;87561;4.58;0.04;0.41;0.42
1990;6;20;171;20.4;13.7;7.4;13.9;10.7;6.5;0.1;-0.2;0.12;4.5;1.8;0;742;235;100;54;87363;4.18;24.47;0.41;0.42
1990;6;21;172;15.7;11.3;6.8;8.2;6.3;4.3;0.1;0;0.12;4.5;1.8;0;686;213;103;57;87261;3.99;5.27;0.42;0.42
1990;6;22;173;17.5;11;7.4;11;8.9;6.3;0.5;0.1;0.12;4.5;1.8;0;586;145;75;33;87110;2.72;12.87;0.41;0.42
1990;6;23;174;10.8;8.9;6.5;8.4;6.8;5.3;0.3;0.3;0.12;4.5;1.8;0;328;84;83;28;87670;2.16;8.42;0.42;0.42
1990;6;24;175;14.5;10.5;4.8;10.4;7.7;4.2;0.5;0.2;0.12;4.5;1.8;0;500;144;71;44;88099;2.1;0.66;0.42;0.42
1990;6;25;176;19.5;13.8;5.7;12.3;8.9;4.8;0.1;-0.1;0.12;4.5;1.8;0;743;268;109;75;88284;4.23;0;0.41;0.42
1990;6;26;177;22.7;16.2;7.1;14.9;11.2;6;-0.6;0.1;0.12;4.5;1.8;0;797;282;118;84;88004;4.61;0;0.4;0.42
1990;6;27;178;22.1;16.2;9;16.3;12.9;8.2;0.2;0.7;0.12;4.5;1.8;0;687;209;92;60;87614;3.47;2.8;0.39;0.42
1990;6;28;179;16.2;13.9;10.5;14.9;13;10.5;0.1;0.6;0.12;4.5;1.8;0;372;112;74;38;87716;2.2;8.39;0.4;0.42
1990;6;29;180;22.1;15.5;7.4;15.7;11.8;7.2;-0.2;0.6;0.12;4.5;1.8;0;693;238;98;58;87819;4.26;1.68;0.39;0.42
1990;6;30;181;23.3;17.1;9.4;15.7;11.9;8.6;-0.3;0.6;0.12;4.5;1.9;0;705;257;100;73;87630;4.84;0.24;0.39;0.42
1990;7;1;182;13.2;11.9;9.6;12.1;9.4;6.4;1.1;-0.2;0.12;4.6;1.9;0;376;97;53;29;87484;2.51;23.81;0.39;0.42
1990;7;2;183;12.5;10.5;8.4;6.8;5.8;4.8;0.2;0;0.12;4.6;1.9;0;419;127;76;44;87378;2.37;1.08;0.39;0.42
1990;7;3;184;15;9.9;6.7;10.4;7.1;5.7;0.2;0.3;0.12;4.6;1.9;0;550;125;77;31;87030;2.88;26.42;0.39;0.42
1990;7;4;185;12.6;8.9;6.2;8.3;6.3;4.3;0.6;-0.1;0.12;4.6;1.9;0;577;146;87;36;87399;2.79;13.09;0.41;0.42
1990;7;5;186;18.7;11.4;7;12;8;4.8;0.5;0.4;0.12;4.6;1.9;0;468;111;57;23;86977;2.81;10.81;0.41;0.42
1990;7;6;187;11.2;8;4.8;7.4;4.9;3.7;2;0.2;0.12;4.6;1.9;0;614;193;77;43;87575;3.74;7.5;0.41;0.42
1990;7;7;188;12.4;7.8;3.6;7.7;4.5;2;1.1;0.1;0.11;4.6;1.9;0;549;155;65;38;87996;3.13;8.25;0.41;0.42
1990;7;8;189;13.4;10.2;7.5;11.8;9.4;5.6;1.1;0.9;0.11;4.6;1.9;0;85;31;48;13;87891;0.78;14.33;0.42;0.42
1990;7;9;190;20.9;14.6;6.7;14.9;11.6;5.8;0.7;0.2;0.11;4.6;1.9;0;703;237;95;48;87678;3.87;7.91;0.42;0.42
1990;7;10;191;13.1;9.4;6;12.2;7.9;4.7;1.2;-0.7;0.11;4.6;1.9;0;360;84;73;23;87839;2.46;13.96;0.42;0.42
1990;7;11;192;13.1;9;5.1;6.1;4.9;3.8;-0.6;-0.5;0.11;4.6;1.9;0;608;208;105;62;88418;3.52;0.78;0.42;0.42
1990;7;12;193;18.8;13.1;6;11.1;8.3;5;-1.1;-0.3;0.11;4.6;1.9;0;809;298;127;100;88166;4.23;0;0.41;0.42
1990;7;13;194;20.7;15.1;6.4;12.8;10.2;5.3;-0.4;-0.2;0.11;4.6;1.9;0;790;291;118;91;87788;4.53;0;0.41;0.42
1990;7;14;195;17.6;13.7;9.1;11.5;10.1;7.9;-0.4;-0.6;0.11;4.6;1.9;0;655;239;90;71;87652;3.55;0.8;0.4;0.42
1990;7;15;196;19.8;14.1;6.1;11.3;9.2;6.1;0.1;-0.2;0.11;4.6;1.9;0;794;286;124;91;87831;4.52;0;0.39;0.42
1990;7;16;197;20.5;14.6;5.8;12.2;8.9;4.6;1;0.6;0.11;4.6;1.9;0;730;239;108;80;88145;4.25;0;0.38;0.42
1990;7;17;198;18.6;13.3;8;13.1;10.4;6.5;1;0.1;0.11;4.6;1.9;0;546;192;81;51;88023;3.45;20.68;0.38;0.42
1990;7;18;199;14.1;11.1;8.9;9.8;7.3;5.8;0.2;-1;0.11;4.6;1.9;0;574;172;71;43;88040;3.46;1.18;0.39;0.42
1990;7;19;200;16.2;12.2;6.6;9.8;7.4;6.4;0.3;-0.6;0.11;4.6;1.9;0;688;251;108;83;87924;3.74;0;0.38;0.42
1990;7;20;201;18.7;13.6;6.2;10.9;8.5;5.3;0.2;-0.2;0.11;4.6;1.9;0;786;286;121;92;88077;4.32;0;0.38;0.42
1990;7;21;202;22;15.9;7;13.6;10.2;5.9;-0.1;0;0.11;4.6;1.9;0;790;286;122;92;88173;4.81;0;0.37;0.42
1990;7;22;203;21.4;16.3;8.6;13.1;10.9;7.3;-0.1;-0.3;0.11;4.6;1.9;0;770;268;114;83;88070;4.48;0.06;0.36;0.42
1990;7;23;204;18.5;15.1;11.7;12.6;10.9;8.3;0.5;-0.5;0.11;4.6;1.9;0;633;198;83;58;87898;3.17;1.48;0.36;0.42
1990;7;24;205;16.7;13.3;8.2;9.4;8.2;6.6;-0.1;-0.8;0.11;4.6;1.9;0;603;212;88;63;87824;3.28;0.16;0.35;0.42
1990;7;25;206;17.5;13.7;8.5;8.8;7;5.7;-0.2;-0.4;0.11;4.6;1.9;0;708;261;118;84;87696;4.08;0.16;0.35;0.41
1990;7;26;207;18.7;13.6;6.9;11;7.9;5.6;-0.5;0.1;0.11;4.6;1.9;0;673;236;108;83;87484;3.71;0.7;0.34;0.41
1990;7;27;208;20.6;14.8;6.4;10.4;8.3;5.6;0;0;0.11;4.6;1.9;0;777;274;124;89;87663;4.39;0;0.34;0.41
1990;7;28;209;23.8;16.9;7.7;13.3;9.7;6.5;-0.4;0.3;0.11;4.6;1.9;0;787;279;129;93;87834;4.7;0;0.33;0.41
1990;7;29;210;22.8;17.3;10.4;16.2;12.5;9;0.4;0.4;0.11;4.6;1.9;0;691;220;100;63;88000;3.62;1.3;0.32;0.41
1990;7;30;211;19.3;15.9;13.3;16.3;14.4;12.6;0.1;-0.2;0.11;4.6;1.9;0;466;148;54;34;88124;2.95;17.4;0.33;0.41
1990;7;31;212;19.3;14.9;11.6;15.3;13.5;11.5;0.3;0;0.11;4.5;1.9;0;516;153;66;37;88191;2.8;10.31;0.34;0.41
1990;8;1;213;19.6;15.3;11.1;15.1;13.2;10.9;-0.7;0;0.11;4.5;1.9;0;579;187;75;50;88320;3.07;1.36;0.34;0.41
1990;8;2;214;22.3;16.4;9;13.6;11.7;8.9;-0.9;0;0.11;4.5;1.9;0;746;250;105;74;88292;4.48;0.01;0.34;0.41
1990;8;3;215;22.2;16.8;9.9;13.7;11.2;8.8;-0.8;-0.2;0.11;4.5;1.9;0;767;271;121;94;88299;4.51;0;0.33;0.41
1990;8;4;216;22.1;16.5;9.2;12.8;10.5;8;-0.3;0;0.11;4.5;1.8;0;763;269;120;93;88220;4.46;0;0.33;0.41
1990;8;5;217;23.8;17;8.9;15;10.6;7.7;0.7;0.6;0.11;4.5;1.8;0;761;265;119;88;87904;4.7;0;0.32;0.41
1990;8;6;218;17.7;13.4;10.3;13.2;11.3;8.9;0.8;0.3;0.11;4.5;1.8;0;449;126;75;39;87498;2.61;14.19;0.32;0.41
1990;8;7;219;11.8;9.8;8;9.8;8.6;6.9;0.1;-0.6;0.11;4.5;1.8;0;352;112;46;33;87742;2.43;6.19;0.33;0.41
1990;8;8;220;12.9;10;7.3;7.1;5.7;4.2;-0.3;-0.3;0.11;4.5;1.8;0;546;162;77;54;88084;2.92;0.59;0.33;0.41
1990;8;9;221;15.9;11.2;4.5;7.3;4.7;3;-0.1;0.1;0.11;4.5;1.8;0;723;253;114;89;88206;3.88;0;0.32;0.41
1990;8;10;222;18.9;13;5.3;10;6.8;4;0.5;0.4;0.11;4.5;1.8;0;749;256;120;86;88199;4.11;0;0.32;0.4
1990;8;11;223;20;14.3;7.7;12.2;8.5;5.9;0.1;0.2;0.11;4.5;1.8;0;712;244;113;82;88065;3.89;0.21;0.32;0.4
1990;8;12;224;22.2;15;6.7;12.3;9;5.7;0.2;0.9;0.11;4.5;1.8;0;718;229;116;81;87890;3.98;0.81;0.31;0.4
1990;8;13;225;22.7;15.9;8.1;12.7;9.6;7.2;0.2;0.8;0.11;4.5;1.8;0;644;220;102;72;87818;3.92;0.3;0.31;0.4
1990;8;14;226;19.9;14.4;10.2;14.9;11.7;9.1;0.4;0.5;0.11;4.5;1.8;0;638;165;91;47;87656;2.84;13.15;0.31;0.4
1990;8;15;227;16.9;13.6;10.4;12.1;11.1;9.6;0.5;0.3;0.11;4.5;1.8;0;501;163;82;54;87638;2.85;1.85;0.31;0.4
1990;8;16;228;20;14.5;7.3;12.2;9.8;7.2;0.3;0.2;0.11;4.5;1.8;0;599;196;89;58;87607;3.48;3.59;0.31;0.4
1990;8;17;229;12.9;9.8;7.4;11.9;7.9;4.6;0.6;-0.1;0.11;4.4;1.8;0;281;65;79;34;87900;2.21;27.93;0.33;0.4
1990;8;18;230;14.9;9.9;3.9;6.9;5;3.7;0.6;0.3;0.11;4.4;1.8;0;670;214;104;71;87990;3.23;0;0.33;0.4
1990;8;19;231;17.4;12.4;7.9;10.3;7.5;5.1;0.8;0.3;0.11;4.4;1.8;0;575;190;99;65;87899;3.02;0.02;0.33;0.4
1990;8;20;232;21.2;14.2;6.2;10.5;8.5;4.7;1.5;0.5;0.11;4.4;1.8;0;648;212;108;67;87607;3.83;2.08;0.33;0.4
1990;8;21;233;11.4;9.8;8.2;10.6;8;5.8;1.8;-0.3;0.11;4.4;1.8;0;284;73;71;23;87745;2.54;9.79;0.33;0.4
1990;8;22;234;11.3;9.3;7;6.5;5.6;5.2;0.6;-0.5;0.11;4.4;1.8;0;302;96;54;27;88169;2.04;1.27;0.33;0.4
1990;8;23;235;18.4;13.2;8;10.8;8.2;5.7;-0.5;-0.3;0.11;4.4;1.8;0;719;238;121;88;88322;3.37;0;0.33;0.4
1990;8;24;236;22.4;14.9;5.9;15.9;10.4;4.7;0;0.5;0.11;4.4;1.8;0;722;240;126;93;88110;3.67;0;0.33;0.4
1990;8;25;237;21.3;14.6;8.1;13.9;11;7;0.5;0.6;0.11;4.4;1.8;0;651;193;108;60;87796;3.29;6.78;0.32;0.4
1990;8;26;238;17.1;13.8;10.5;13.7;12.2;10.5;-0.2;-0.1;0.11;4.4;1.8;0;415;108;56;30;87668;2.17;3.84;0.33;0.4
1990;8;27;239;19.8;13.7;7.7;13.8;10.9;7.6;0;0.4;0.11;4.4;1.8;0;579;180;91;60;87691;3.03;0.94;0.33;0.4
1990;8;28;240;20.5;13.8;7.5;13.7;10.4;6.3;0.1;0.7;0.11;4.4;1.8;0;658;193;102;68;87871;3.2;2.71;0.32;0.39
1990;8;29;241;21.1;14;7.8;14.2;10.3;6.4;0.1;0.8;0.11;4.3;1.8;0;638;190;103;71;87854;3.28;1.44;0.32;0.39
1990;8;30;242;20.8;14.8;8.2;13.6;10.1;6.2;0.2;0.6;0.1;4.3;1.8;0;619;193;99;67;87648;3.25;1.05;0.32;0.39
1990;8;31;243;16.3;11.7;8.3;11.8;9.2;7;0.8;0.3;0.1;4.3;1.8;0;346;92;58;35;87363;2.03;3.95;0.32;0.39
1990;9;1;244;10;9.1;8.3;7.1;6.4;6;0.4;-0.6;0.1;4.3;1.8;0;169;39;20;13;87645;1.12;0.76;0.32;0.39
1990;9;2;245;12.7;10;7.5;7.1;5.3;4.4;0.5;-0.4;0.1;4.3;1.7;0;402;127;63;40;87901;2.07;0.35;0.32;0.39
1990;9;3;246;9.5;8.7;6.8;9.3;7.8;5.3;0.9;0.5;0.1;4.3;1.7;0;83;23;48;14;87698;0.77;12.67;0.32;0.39
1990;9;4;247;14.9;11.1;8.6;11.6;9.7;8.3;0.7;0.3;0.1;4.3;1.7;0;427;115;79;32;87243;2.18;16.91;0.33;0.39
1990;9;5;248;10.3;8.3;6.8;8.6;6.4;3.9;0.9;-0.5;0.1;4.3;1.7;0;450;122;76;38;87181;2.62;12.54;0.35;0.39
1990;9;6;249;13.8;9.2;2.8;6.4;5;2.4;0.8;0.2;0.1;4.3;1.7;0;544;161;87;57;87296;2.51;0.04;0.35;0.39
1990;9;7;250;8.9;6.8;4.7;7.5;5.1;1.9;1;0.3;0.1;4.3;1.7;0;286;58;59;30;87115;1.81;10.87;0.35;0.39
1990;9;8;251;10.3;6.6;3.7;6.9;4.6;2.2;1.3;0.3;0.1;4.3;1.7;0;435;110;74;39;87701;2.23;4.96;0.36;0.39
1990;9;9;252;13.4;8;1.7;6.1;4.5;1.4;0.4;-0.4;0.1;4.3;1.7;0;570;169;96;56;88171;2.36;0.13;0.36;0.39
1990;9;10;253;11.9;8.3;5.9;5.7;4.3;3.2;1.2;-0.6;0.1;4.2;1.7;0;462;130;74;36;87858;2.22;7.04;0.35;0.39
1990;9;11;254;9.2;6.6;4.8;6.6;5.1;4.5;0.6;-0.5;0.1;4.2;1.7;0;375;110;61;27;87814;2.09;8.77;0.36;0.39
1990;9;12;255;10.7;7.4;4.9;7.2;4.9;3.3;0;-0.3;0.1;4.2;1.7;0;475;130;94;51;88116;1.9;1.38;0.36;0.39
1990;9;13;256;13.7;8.3;1.8;5.6;3.7;1.2;-0.4;0;0.1;4.2;1.7;0;651;197;122;86;88022;2.6;0;0.36;0.39
1990;9;14;257;15.9;9.4;1.6;8.8;5.3;0.3;0.3;0.3;0.1;4.2;1.7;0;626;186;113;80;88129;2.48;0;0.36;0.39
1990;9;15;258;12.1;8.8;5.4;10.6;7.9;4.4;0.2;0.3;0.1;4.2;1.7;0;249;61;43;23;88049;1.2;7.46;0.36;0.39
1990;9;16;259;10.9;8.3;6;7.7;6.5;5.3;-0.5;-0.8;0.1;4.2;1.7;0;400;100;84;35;87942;1.66;0.51;0.36;0.39
1990;9;17;260;15.6;9.1;1.8;7.7;5.4;1.5;0.9;0.4;0.1;4.2;1.7;0;630;181;117;68;87602;2.56;4.47;0.36;0.39
1990;9;18;261;8.6;6.4;3.8;7;5.6;3.2;1.4;0;0.1;4.1;1.7;0;322;66;64;30;87817;1.99;7.71;0.37;0.39
1990;9;19;262;17.3;10.1;2.9;8.8;5.8;1.3;0.9;0.7;0.1;4.1;1.7;0;548;158;102;63;87405;2.43;0;0.37;0.39
1990;9;20;263;12.9;9.9;7.1;7.2;6.1;4.8;1.5;0.1;0.1;4.1;1.7;0;352;119;70;46;87062;1.72;2.18;0.36;0.39
1990;9;21;264;11.1;8.1;4.1;6.7;5.1;2.9;2.1;0.8;0.1;4.1;1.6;0;207;64;55;33;86502;1.94;3.57;0.36;0.39
1990;9;22;265;14.3;10.2;7.2;9.9;7.1;2.9;1.3;1.1;0.1;4.1;1.6;0;296;71;52;31;86630;1.82;3.91;0.36;0.39
1990;9;23;266;13.1;10.5;8.3;12.1;9.5;6.1;0.1;0.2;0.1;4;1.6;0;348;69;46;20;86724;1.47;23.62;0.37;0.39
1990;9;24;267;9.3;7.3;4.5;9.1;3.7;0.3;1.2;0.1;0.09;4;1.6;0;428;111;107;49;86840;2.4;16.08;0.39;0.39
1990;9;25;268;11.2;6.6;1.3;2.7;1.3;-0.1;1;0.3;0.09;4;1.6;0;453;140;107;73;87314;1.92;0;0.39;0.39
1990;9;26;269;10.7;7;3.9;5.2;3.8;2.1;0;-0.4;0.09;4;1.6;0;401;99;69;42;87758;1.11;0.32;0.39;0.39
1990;9;27;270;8.2;5.8;3.5;7.1;4.7;3.1;0.4;-0.4;0.09;4;1.6;0;351;95;64;34;88175;1.57;4.96;0.39;0.39
1990;9;28;271;11.8;6.7;3.1;5.6;3.5;1.8;0.2;0;0.09;4;1.6;0;520;145;108;63;88283;2.06;0.36;0.39;0.39
1990;9;29;272;17.5;9.3;0.9;10.9;5.4;0.2;0.1;0.8;0.09;3.9;1.6;0;564;161;113;76;87903;2.16;0;0.39;0.39
1990;9;30;273;18.6;11.9;5.7;13.2;8.5;4.1;0;0.9;0.09;3.9;1.6;0;432;131;86;56;87387;1.86;0.52;0.38;0.39
1990;10;1;274;17.2;11.9;8;11.4;9.5;6.6;0.7;0.6;0.09;3.9;1.6;0;493;115;88;39;87439;2.02;16.84;0.38;0.39
1990;10;2;275;14.4;10.9;7.1;10.4;9.5;6.8;-0.4;-0.4;0.09;3.9;1.6;0;323;80;68;32;87841;1.39;3.94;0.4;0.39
1990;10;3;276;17.7;10.7;4.5;11.5;7.7;3.7;-0.1;0.5;0.09;3.9;1.6;0;534;140;101;66;87472;1.83;0.05;0.39;0.39
1990;10;4;277;12.8;7.8;5.1;10.8;6.8;4.8;0.5;0.2;0.09;3.8;1.5;0;271;44;52;24;87542;1.2;22.12;0.4;0.39
1990;10;5;278;10;6.5;2.7;4.8;3.9;1.4;0;-0.3;0.09;3.8;1.5;0;356;93;115;52;88103;1.52;0.58;0.41;0.39
1990;10;6;279;16.6;8.6;0.9;8.6;3.8;-0.5;0.1;0.7;0.09;3.8;1.5;0;483;139;100;72;87553;1.94;0;0.4;0.39
1990;10;7;280;13.9;8.2;1.8;8;5.4;1.1;0.3;0.1;0.09;3.8;1.5;0;453;109;86;46;86877;1.49;8.1;0.4;0.39
1990;10;8;281;7.2;4.1;2;7.2;2.6;-0.6;0.3;-1.1;0.09;3.8;1.5;0.01;228;55;47;18;87591;1.77;13.53;0.41;0.39
1990;10;9;282;12.1;6.2;1.1;4.8;2.4;-0.6;-0.4;0;0.09;3.7;1.5;0.06;537;150;125;84;88112;1.63;0;0.41;0.39
1990;10;10;283;15.4;7.6;-0.1;8.2;3.8;-1.3;0.1;0.5;0.09;3.7;1.5;0.05;527;146;123;85;88149;1.67;0;0.41;0.39
1990;10;11;284;17.5;8.5;0.1;10.4;4.6;-0.6;0;0.9;0.09;3.7;1.5;0.01;526;145;126;84;88084;1.81;0;0.4;0.39
1990;10;12;285;19.8;10.5;2.4;11.5;6.4;1.4;-0.4;1.4;0.09;3.7;1.5;0;500;138;109;71;88018;1.86;0.01;0.4;0.39
1990;10;13;286;19.4;11.5;5.8;13;7.8;4.4;-0.1;1.2;0.09;3.7;1.5;0;500;128;108;70;88030;1.69;0;0.39;0.39
1990;10;14;287;18.3;10.6;4.5;11.3;7.1;3.4;-0.3;0.8;0.09;3.6;1.5;0;489;133;108;72;88147;1.74;0;0.39;0.39
1990;10;15;288;19.6;10.9;3.8;11.7;6.5;2.1;-0.2;1.6;0.09;3.6;1.5;0;493;134;112;79;87580;1.85;0;0.39;0.39
1990;10;16;289;16.5;11;6.2;10.9;7.9;4.5;-0.2;0.9;0.09;3.6;1.5;0;360;90;71;47;87584;1.15;0;0.38;0.39
1990;10;17;290;14.1;9.9;6;10.5;7.7;4.4;-0.2;1.2;0.09;3.6;1.4;0;235;57;85;44;87144;0.71;0.72;0.38;0.39
1990;10;18;291;12.1;8.1;4.4;8.1;6.1;3.7;0;0.7;0.08;3.6;1.4;0;300;78;72;48;87098;0.93;1.33;0.38;0.39
1990;10;19;292;14.2;7.8;2.7;7.6;5.2;1.9;-0.4;0.5;0.08;3.6;1.4;0;463;118;107;67;86959;1.43;0.03;0.38;0.39
1990;10;20;293;9.8;7.1;5;7;5.9;4.4;-0.4;-0.5;0.08;3.6;1.4;0;210;48;36;20;86978;0.65;2.54;0.38;0.39
1990;10;21;294;9.1;6.5;2.5;6.9;5.3;1.7;-1.5;-0.7;0.08;3.6;1.4;0;209;54;79;28;87379;0.96;1.32;0.38;0.39
1990;10;22;295;9.8;4.3;0.7;2.4;1.3;-0.3;-1.2;0;0.08;3.6;1.4;0;491;124;130;83;87645;1.17;0;0.38;0.39
1990;10;23;296;13.5;4.9;-1.5;7;1.7;-3.1;-0.1;1;0.08;3.5;1.4;0;485;127;139;98;87325;1.16;0;0.38;0.39
1990;10;24;297;10.5;4.3;-1;4.2;0.7;-2.9;0;0.6;0.08;3.5;1.4;0;419;108;105;75;87265;1.05;0;0.37;0.39
1990;10;25;298;11.8;5.3;-1.8;5.3;2.2;-2.5;0;0.3;0.08;3.5;1.4;0;409;106;101;62;86945;1.02;1.12;0.37;0.39
1990;10;26;299;11.2;6.5;3.7;5.3;4.2;3.5;0;0;0.08;3.5;1.4;0;425;99;99;47;86595;1.31;5.92;0.37;0.39
1990;10;27;300;3.7;1.8;-1.9;3.3;1;-3.2;0.2;0.8;0.16;3.5;1.4;2.2;91;19;61;27;86695;0.92;10.73;0.38;0.39
1990;10;28;301;8.8;1.7;-5.7;1.4;-2.3;-6.7;-0.4;1.6;0.19;3.5;1.4;2.97;392;95;103;63;85834;1.18;0.17;0.38;0.39
1990;10;29;302;5.3;3.3;2;4.5;2.1;-1.7;0.2;0.8;0.17;3.5;1.4;2.58;156;34;60;22;84935;0.69;10.97;0.38;0.39
1990;10;30;303;4.8;2.4;-1.6;2.2;0.1;-3.6;1.6;0.9;0.15;3.5;1.4;2.26;313;69;91;50;85607;1.6;4.66;0.39;0.39
1990;10;31;304;7.2;3.1;-1.3;4.1;1;-3.6;0.3;0.7;0.14;3.5;1.4;1.86;228;45;45;18;86198;0.74;11.15;0.39;0.39
1990;11;1;305;5.6;2.7;-0.1;2.1;-0.2;-3;1.3;0.6;0.13;3.5;1.4;1.58;328;72;99;50;86437;1.15;1.99;0.4;0.39
1990;11;2;306;2.9;0;-3.1;1.1;-2.1;-4.3;0.2;0.9;0.13;3.5;1.4;1.58;189;41;78;50;86265;0.66;2.28;0.4;0.39
1990;11;3;307;0;-1.1;-3.2;-0.3;-2.3;-4.7;0.6;0.2;0.18;3.4;1.4;3.44;91;21;66;24;86148;0.43;8.15;0.4;0.39
1990;11;4;308;0;-2.4;-5.1;-2;-4.6;-8.5;1.3;0.5;0.33;3.4;1.4;8.86;174;49;75;45;86542;0.79;4.76;0.4;0.39
1990;11;5;309;-1.7;-4.1;-6.1;-2.9;-6;-8.8;0.8;0.4;0.48;3.4;1.4;17.38;66;17;57;23;87128;0.21;11.05;0.4;0.39
1990;11;6;310;-1.8;-6;-11.5;-5.5;-8.1;-13;0;0.3;0.51;3.4;1.4;22.13;172;41;82;42;87878;0.28;0.49;0.39;0.39
1990;11;7;311;-0.1;-6.7;-14.5;-4.9;-9.1;-15.4;-0.3;0.6;0.51;3.4;1.4;21.97;219;53;98;56;88136;0.33;0.01;0.39;0.39
1990;11;8;312;2.9;-6.3;-14.8;-2.6;-9.4;-16.4;-0.2;0.9;0.5;3.4;1.4;21.26;223;54;100;61;87909;0.28;0;0.39;0.39
1990;11;9;313;4.7;-5.7;-14.7;-1.1;-9.1;-16.2;0;1.1;0.49;3.4;1.4;20.37;222;53;102;62;87812;0.25;0;0.39;0.39
1990;11;10;314;6.1;-4.4;-13.2;1.5;-7.7;-15.6;0.2;1.3;0.47;3.4;1.4;18.97;221;51;98;60;87789;0.09;0;0.39;0.39
1990;11;11;315;5.3;-0.6;-6.8;2.2;-3.2;-11.2;0.4;1.2;0.43;3.4;1.4;17.39;149;26;46;10;87854;0.17;11.87;0.39;0.39
1990;11;12;316;5.1;1.8;-2.1;2.9;0.9;-2.9;0.1;0.4;0.37;3.4;1.4;14.54;194;38;73;30;88082;0.15;0.89;0.4;0.39
1990;11;13;317;6.4;0.7;-3;1;-2.8;-6.2;0.1;0.7;0.34;3.3;1.4;12.71;250;58;99;54;87967;0.35;0;0.4;0.39
1990;11;14;318;4;1.4;-1.7;2.7;-0.6;-5.1;0.2;1.3;0.31;3.3;1.3;11.66;67;12;10;-2;87476;0.19;10.57;0.4;0.4
1990;11;15;319;2.5;0.6;-2.4;2.2;0.1;-2.9;0.9;0.7;0.3;3.3;1.3;11.46;48;14;51;17;87535;0.12;8.68;0.42;0.4
1990;11;16;320;5.6;0.3;-3.2;1.5;-2;-5.7;0.4;1;0.3;3.3;1.3;11.43;269;58;102;51;88181;0.47;0.01;0.41;0.4
1990;11;17;321;8.4;3.8;-1.1;4.2;-0.5;-6;1.7;0.9;0.28;3.3;1.3;9.86;243;54;85;42;87584;0.35;0.24;0.41;0.4
1990;11;18;322;6.5;4.3;1.5;2.6;1.3;0.2;2.9;0.6;0.24;3.3;1.3;7.21;182;36;70;21;87076;1.21;4.34;0.41;0.4
1990;11;19;323;2.3;0.8;-0.2;0.9;-0.1;-0.9;2;0.5;0.25;3.3;1.3;7.12;128;27;32;19;86646;1.25;8.26;0.41;0.4
1990;11;20;324;7.6;2.4;-1.1;4.1;0.1;-3.5;0.2;1.2;0.25;3.3;1.3;7.36;253;43;87;33;85840;0.4;0.91;0.41;0.4
1990;11;21;325;1.5;0.5;-1.3;0.6;-0.3;-1.9;0.1;0;0.27;3.3;1.3;8.55;54;12;26;14;86238;0.37;7.6;0.41;0.4
1990;11;22;326;1.5;-0.2;-1.4;-0.3;-1.1;-1.9;-0.4;-0.9;0.3;3.3;1.3;10.87;111;25;35;19;86353;0.36;3.17;0.41;0.4
1990;11;23;327;1.7;-0.8;-2.2;-1.6;-2.8;-3.9;0.7;-0.4;0.35;3.3;1.3;14.12;178;35;58;38;86168;0.42;3.76;0.41;0.4
1990;11;24;328;2.9;-1.7;-4.9;-3;-5.3;-8.9;-0.4;0.9;0.37;3.3;1.3;15.79;221;49;103;64;85835;0.28;0.02;0.41;0.4
1990;11;25;329;2.7;-1.3;-5.1;2;-3.8;-9.1;-0.1;1;0.37;3.3;1.3;16.35;138;26;54;33;85166;0.07;7.79;0.41;0.4
1990;11;26;330;2.3;-1.7;-6.7;-1.5;-3.5;-9.1;-0.3;0.5;0.45;3.3;1.3;23.38;182;39;99;53;85870;0.21;6;0.41;0.4
1990;11;27;331;-0.7;-3.2;-7;-2;-5.2;-9.9;0.2;0;0.47;3.3;1.3;25.89;79;16;35;16;86126;0.11;7.45;0.4;0.4
1990;11;28;332;-0.9;-2.6;-4.9;-2.8;-3.6;-5.5;-0.2;-0.2;0.51;3.3;1.3;32.18;112;21;43;21;86628;0.12;1.03;0.4;0.4
1990;11;29;333;-1;-4.2;-7.5;-3.7;-5.6;-8.7;0.2;0.2;0.5;3.3;1.3;32.34;139;30;69;36;86936;0.11;0.63;0.4;0.4
1990;11;30;334;-2.9;-6.2;-10;-5;-7.9;-11.9;0.5;-0.6;0.51;3.3;1.3;36.35;112;17;73;24;86965;0.15;8.64;0.4;0.4
1990;12;1;335;-7.7;-9.8;-12.5;-11.1;-12;-13.7;0.4;-0.2;0.52;3.3;1.3;42.71;117;24;61;32;87751;0.13;2.07;0.4;0.41
1990;12;2;336;-4.2;-10;-19.5;-6.4;-13.3;-21.5;0.5;0.8;0.52;3.3;1.3;43.44;141;28;44;21;88088;0.12;1.14;0.39;0.41
1990;12;3;337;-2.6;-4.8;-9.7;-4.9;-6.5;-11.4;-0.3;-0.1;0.52;3.3;1.3;44.87;148;33;77;44;87822;0.11;0.54;0.39;0.4
1990;12;4;338;-2.2;-6.6;-12.5;-4.9;-9.6;-16;0.9;0.8;0.51;3.3;1.3;45.27;112;21;42;21;87608;0.07;1.28;0.39;0.4
1990;12;5;339;-4.5;-6;-7.8;-5.9;-7.5;-9;1.3;-0.8;0.53;3.3;1.3;57.52;47;11;35;15;87597;0.15;19.72;0.39;0.4
1990;12;6;340;-6.9;-8.8;-16.1;-8;-10.7;-17.7;-0.4;-0.1;0.53;3.3;1.3;66.34;136;29;75;48;87940;0.09;0.75;0.39;0.4
1990;12;7;341;-5.6;-15.5;-22.5;-11.1;-19;-25.3;0;1.4;0.53;3.3;1.4;66.51;159;34;90;55;86922;0.03;0;0.38;0.4
1990;12;8;342;-3.2;-15;-24;-8.9;-19.2;-26.8;0;1.7;0.53;3.3;1.4;66.54;158;34;81;45;86016;0;0;0.38;0.4
1990;12;9;343;-3.7;-8.7;-16.1;-6.6;-11.8;-19.7;-0.4;1.8;0.52;3.3;1.4;66.77;83;16;37;20;85385;0;1.29;0.38;0.4
1990;12;10;344;-3;-4.8;-6;-4.8;-6.3;-8;0.4;0;0.52;3.3;1.4;70.21;78;15;32;12;84742;0.03;4.53;0.38;0.4
1990;12;11;345;-2.8;-7.3;-14.3;-6.2;-9.4;-16.5;0.2;0.5;0.53;3.3;1.4;72.46;157;33;86;55;85872;0.06;0.09;0.38;0.4
1990;12;12;346;-4.9;-9.6;-16.7;-6.7;-11.8;-19.4;0.8;1;0.53;3.3;1.4;75.37;61;12;49;10;85860;0;10.29;0.38;0.4
1990;12;13;347;-4.7;-7.6;-12.4;-7.9;-10.1;-15;-0.1;0.3;0.53;3.3;1.4;83.15;97;20;56;28;86274;0.06;0.89;0.37;0.4
1990;12;14;348;-5.2;-6.7;-8.1;-7;-8;-9;0.2;-0.2;0.53;3.3;1.4;84.69;91;18;33;10;87229;0.05;3.17;0.37;0.4
1990;12;15;349;-5.7;-7.6;-9.9;-7.6;-9;-10.8;-0.2;-0.5;0.53;3.3;1.4;89.52;110;21;70;23;87193;0.1;3.58;0.37;0.4
1990;12;16;350;-6.9;-9;-11.9;-9.1;-10.7;-13.7;-0.6;0.1;0.53;3.3;1.3;90.52;128;26;64;36;87663;0.03;0.17;0.37;0.4
1990;12;17;351;-7;-10.9;-15.8;-9.4;-12.9;-17.8;-0.4;0.5;0.53;3.3;1.3;90.72;120;26;59;40;87450;-0.02;0.14;0.37;0.4
1990;12;18;352;-6;-14.5;-20.1;-11.3;-18.1;-22.5;0.1;1.4;0.53;3.3;1.3;90.82;138;29;67;43;87142;0.03;0;0.37;0.4
1990;12;19;353;-3.7;-11.2;-19.5;-8.9;-14.6;-22.1;0.3;1.2;0.52;3.3;1.3;91.04;134;26;49;19;87236;0.03;1.66;0.37;0.4
1990;12;20;354;-5.9;-9.1;-13.9;-9.5;-12.1;-16.8;0.8;0.7;0.52;3.3;1.3;93.64;150;29;87;38;87612;0.11;1.35;0.36;0.4
1990;12;21;355;-2.9;-6.3;-13.2;-4.5;-9;-16.2;1;1.2;0.52;3.2;1.3;96.71;59;11;15;1;87297;0;7.83;0.36;0.4
1990;12;22;356;0.5;-1.3;-3.9;-1.3;-3.1;-5.3;0.5;1;0.53;3.2;1.3;102.58;44;10;12;2;87815;0.04;2.61;0.36;0.4
1990;12;23;357;3.4;-0.2;-4.5;0.3;-2.3;-7.3;-0.2;0.8;0.51;3.2;1.3;103.63;144;30;76;42;87780;0.08;0.03;0.36;0.4
1990;12;24;358;2.3;-4.5;-9.7;-1.9;-7.6;-12.4;0.3;1.2;0.5;3.2;1.3;103.19;146;30;72;50;87311;0.19;0;0.36;0.4
1990;12;25;359;0.1;-8.4;-14.7;-4.9;-11.9;-17;0;1.5;0.5;3.2;1.3;103.17;154;32;75;48;86974;0.09;0;0.36;0.4
1990;12;26;360;-1.2;-6.7;-11.1;-3.8;-9.3;-13.8;0.1;1.5;0.5;3.2;1.3;104.05;76;16;70;21;86555;0;2.05;0.36;0.4
1990;12;27;361;-0.1;-2.3;-3.8;-2.9;-5.4;-7.5;1.2;1.1;0.5;3.2;1.3;107.08;135;24;69;31;86403;0.26;5.46;0.36;0.4
1990;12;28;362;-3.5;-8.1;-13.4;-5.6;-11.4;-17;0.5;1.3;0.51;3.2;1.3;110.68;157;33;90;67;87297;0.21;0.23;0.35;0.4
1990;12;29;363;1.3;-3.4;-11.5;-2.2;-7.1;-15.4;0.1;2;0.5;3.2;1.3;110.83;67;15;49;8;87219;0.2;0.41;0.35;0.4
1990;12;30;364;3.4;-1.5;-4.4;-0.9;-4.4;-7.4;0.3;1.4;0.5;3.2;1.3;110.88;116;24;55;33;87694;0.17;0.18;0.35;0.4
1990;12;31;365;2.8;-0.9;-4.2;-0.6;-2.9;-5.9;0.1;1;0.49;3.2;1.3;112.4;104;17;37;12;87548;0.14;4.43;0.35;0.4
1991;1;1;1;0.3;-1.6;-5.2;-1;-3.4;-7.4;1.4;0.4;0.49;3.1;1.3;116.69;104;21;69;34;87428;0.36;7.19;0.35;0.4
1991;1;2;2;1.9;-3.1;-8.7;-0.1;-5.9;-11.5;0.6;1.7;0.5;3.1;1.3;121.19;47;9;68;12;87166;0.23;8.16;0.35;0.4
1991;1;3;3;5.5;1;-5.3;1.9;-1.1;-7;0.6;1.4;0.48;3.1;1.3;122.98;125;26;71;38;87182;0.1;1.12;0.36;0.4
1991;1;4;4;2.9;-2.4;-7.1;-0.8;-4.5;-9.4;0.7;0.8;0.47;3.1;1.3;122.18;154;32;74;40;87020;0.23;4.34;0.36;0.4
1991;1;5;5;-1;-4;-7.6;-3.6;-8;-12.9;0.7;1;0.48;3.1;1.3;125.3;160;34;102;59;87273;0.4;0.39;0.36;0.4
1991;1;6;6;0.1;-4.5;-8.1;-3.9;-8.2;-11.9;0.8;1.3;0.48;3.1;1.3;125.82;128;25;76;36;86706;0.15;0.93;0.35;0.4
1991;1;7;7;0.5;-2;-7.2;-1.9;-4.5;-9.7;0.4;1.3;0.48;3.1;1.3;129.45;46;9;59;9;86550;0.16;7.73;0.35;0.4
1991;1;8;8;2.7;-3.1;-7.8;-0.6;-5.3;-10.7;0.2;1.3;0.48;3.1;1.3;132.01;172;36;91;59;87071;0.22;0.03;0.35;0.4
1991;1;9;9;0.3;-5.6;-10.2;-3.5;-8.9;-12.9;0.2;1.9;0.48;3.1;1.3;131.87;130;26;66;51;87110;0.13;0;0.35;0.4
1991;1;10;10;2.4;-3;-8.9;-2.3;-6.9;-11.5;0;2.2;0.47;3.1;1.2;131.82;156;33;57;43;87281;0.24;0;0.35;0.4
1991;1;11;11;5.2;0.1;-4.6;1.9;-2.8;-7.2;0.4;1.1;0.47;3.1;1.2;131.64;131;29;46;33;87503;0.11;0.49;0.35;0.4
1991;1;12;12;0.5;-0.7;-2.4;-0.6;-1.4;-3;0.3;-0.2;0.48;3;1.2;134.47;39;8;16;7;87673;0.03;8.62;0.35;0.4
1991;1;13;13;-2.2;-3;-3.6;-3.2;-3.7;-4.1;-0.6;-1.1;0.52;3;1.2;146.31;69;13;19;9;87754;0.2;13.09;0.35;0.4
1991;1;14;14;-2.2;-4;-8.6;-3;-5.2;-10.1;-1.3;-0.3;0.53;3;1.2;153.68;86;19;71;38;87703;0.04;1.51;0.35;0.4
1991;1;15;15;-1.4;-7.6;-12.3;-5.6;-10.4;-14.9;-0.5;0.8;0.53;3;1.2;154.11;171;37;84;65;87722;0.05;0;0.35;0.4
1991;1;16;16;-1.5;-11.5;-18.7;-6.9;-15;-21.2;-0.1;1.2;0.52;3;1.2;154.13;176;39;87;65;87790;0.08;0;0.35;0.4
1991;1;17;17;-1.3;-12.4;-19.6;-7.2;-16.7;-23;0.1;1.5;0.52;3;1.2;154.13;179;40;87;61;88119;0.04;0;0.35;0.4
1991;1;18;18;-1;-13.5;-22.3;-6.9;-17.9;-25.3;0.1;1.4;0.52;3;1.2;154.11;184;41;87;58;88254;0.07;0;0.35;0.4
1991;1;19;19;-0.4;-12.8;-22;-6.2;-17.5;-25.2;0.2;1.6;0.51;3;1.2;154.07;184;41;83;50;88250;0.02;0;0.34;0.4
1991;1;20;20;-1.4;-9.7;-15.6;-8.6;-14.8;-19.2;0;1;0.51;3;1.2;154.06;165;38;82;49;88562;0;0;0.34;0.4
1991;1;21;21;-1.5;-8.8;-17.5;-7.4;-13.5;-21.1;0.3;1;0.51;3;1.2;154.2;150;32;55;23;88333;0.03;1.15;0.34;0.4
1991;1;22;22;-1.8;-6.2;-14.1;-5.8;-8.9;-16.5;-0.4;0.4;0.51;3;1.2;155.62;177;38;88;51;88316;0.01;0.42;0.34;0.39
1991;1;23;23;-2.8;-10.9;-18.9;-7.2;-14.3;-21.8;-0.1;0.9;0.5;3;1.2;155.63;187;41;88;64;88420;0.02;0;0.34;0.39
1991;1;24;24;-2.7;-10.2;-18.5;-7.7;-14.9;-22.9;-0.3;0.9;0.5;3;1.2;155.68;182;41;74;55;88324;-0.02;0;0.34;0.39
1991;1;25;25;-0.1;-8.7;-16.8;-6;-13.4;-20.6;-0.2;1;0.5;3;1.2;155.7;198;45;84;54;88276;-0.03;0;0.34;0.39
1991;1;26;26;2.1;-7.2;-15.2;-5.8;-12.5;-18.9;0;0.9;0.49;3;1.2;155.72;203;46;87;56;88120;0.04;0;0.34;0.39
1991;1;27;27;-1.6;-7.6;-12.8;-6.6;-11.5;-17.4;-0.4;0.4;0.49;3;1.2;155.73;200;45;82;55;88052;-0.06;0;0.34;0.39
1991;1;28;28;-2;-9.4;-14.9;-6.9;-13.4;-18.8;-0.5;0.8;0.49;3;1.2;155.76;217;49;102;69;87929;-0.03;0;0.34;0.39
1991;1;29;29;0.8;-10.3;-20.1;-9;-16.4;-23.8;0.2;1.1;0.49;3;1.2;155.71;223;51;103;69;87740;0.08;0;0.34;0.39
1991;1;30;30;-2;-10.7;-18.1;-8;-15.7;-23.1;-0.2;0.9;0.48;3;1.2;155.69;224;53;99;68;87524;-0.05;0;0.34;0.39
1991;1;31;31;-3;-11.3;-18.2;-8.9;-15.8;-22.8;-0.1;0.8;0.48;3;1.2;155.7;226;53;97;68;87583;-0.02;0;0.34;0.39
1991;2;1;32;-3.4;-12.2;-20.6;-9.5;-16.6;-23.7;-0.1;0.9;0.48;3;1.2;155.71;232;55;98;68;87588;0.06;0;0.34;0.39
1991;2;2;33;-0.8;-11.9;-21.7;-11;-17.9;-24.9;0.1;1.1;0.47;3;1.2;155.63;236;56;99;65;87775;0.08;0;0.33;0.39
1991;2;3;34;-1.2;-11.3;-21.1;-9.1;-16.7;-24.3;0.2;1;0.47;3;1.2;155.54;239;57;98;60;87795;0.09;0;0.33;0.39
1991;2;4;35;-3.5;-9.3;-14.8;-7.5;-12.4;-18;0;-0.1;0.47;3;1.2;156.04;200;44;79;31;87856;0.09;0.97;0.33;0.39
1991;2;5;36;-9.3;-11.7;-13.8;-13.3;-14.2;-15.3;-0.5;-1;0.47;3;1.2;157.21;158;37;40;27;87454;0.26;2.34;0.33;0.39
1991;2;6;37;-11.8;-14.8;-17;-15.7;-17.9;-19.5;-0.9;-0.8;0.49;3;1.2;159;212;48;73;47;86822;0.19;0.66;0.33;0.39
1991;2;7;38;-8.3;-14.8;-23.6;-15.7;-19.7;-26.8;-0.4;0.8;0.48;3;1.2;159.1;256;56;103;55;86346;0.04;0.06;0.33;0.39
1991;2;8;39;-0.4;-8.1;-12.2;-8.5;-12.1;-16;0.3;0.5;0.48;3;1.2;159.39;246;57;98;35;86062;0.09;1.29;0.33;0.39
1991;2;9;40;-1.2;-7.6;-12.8;-8.5;-12.4;-16;-0.4;1.5;0.49;3;1.2;160.38;227;51;84;53;86126;0.19;0.19;0.33;0.39
1991;2;10;41;0;-4.9;-8.6;-3.9;-8;-11.6;0.4;0.3;0.5;3;1.2;164.13;175;41;72;27;86271;0.16;7.53;0.33;0.39
1991;2;11;42;-6.1;-10.6;-17.7;-12;-16.4;-21.1;0.8;0.6;0.51;3;1.2;168.09;240;57;98;67;86781;0.36;0.62;0.33;0.39
1991;2;12;43;-7.2;-13.8;-21.8;-13.6;-18.2;-24.7;0.5;0.5;0.51;3;1.2;168.36;206;44;66;37;86540;0.11;1.77;0.33;0.39
1991;2;13;44;-8;-11.7;-16.3;-13;-15.2;-18.6;1.2;0.3;0.52;3;1.2;170.88;182;45;59;30;86706;0.1;2.68;0.33;0.39
1991;2;14;45;-7.3;-11.6;-17;-13.2;-15.8;-20.5;1.4;0.5;0.52;3;1.2;172.66;208;50;58;42;86911;0.15;2.77;0.33;0.39
1991;2;15;46;-6;-9.5;-13.6;-11;-14.2;-16.8;1;0.9;0.52;3;1.2;175.68;199;46;58;28;86376;0.17;3.37;0.33;0.39
1991;2;16;47;-3.4;-5.4;-7.5;-5.3;-7.5;-10.3;1.6;0.1;0.53;3;1.2;183.87;110;25;45;19;85458;0.03;9.78;0.33;0.39
1991;2;17;48;-1.3;-7.1;-14.2;-8.7;-11.9;-17;-0.3;0.7;0.53;3;1.2;187.75;255;65;103;75;86163;0.07;0.02;0.33;0.39
1991;2;18;49;2.4;-8.1;-19.4;-7.6;-14.1;-22.1;0;0.9;0.53;3;1.2;187.64;221;56;68;51;86595;0.08;0;0.33;0.39
1991;2;19;50;5.2;-4.2;-13.6;-3;-9.2;-15.9;0;0.9;0.53;3;1.2;187.64;251;65;84;56;87083;0;0;0.33;0.39
1991;2;20;51;4.9;-3.5;-12.8;-3.2;-8.4;-14.8;0;0.8;0.52;3;1.2;187.62;262;68;93;64;86911;0.05;0;0.32;0.39
1991;2;21;52;4.6;-3.6;-12.2;-3.1;-8;-14.2;0;0.8;0.52;3;1.2;187.59;258;67;84;58;86740;0.04;0;0.32;0.39
1991;2;22;53;1.1;-3.5;-8.9;-2.6;-6.2;-10.9;0.5;0.6;0.51;3;1.2;188.07;135;41;65;42;87425;0.02;0.89;0.32;0.39
1991;2;23;54;2.2;-3.2;-9.6;-2.6;-6.2;-11.3;0.2;1.4;0.51;3;1.2;188.51;129;28;56;21;88264;0.07;0.25;0.32;0.39
1991;2;24;55;10.9;1.1;-6.4;2.4;-2.7;-7.4;0;1.1;0.5;3.1;1.2;187.94;279;74;90;61;88402;-0.04;0;0.32;0.39
1991;2;25;56;10.2;1.2;-7.9;0.6;-3.7;-9.4;0.2;0.9;0.49;3.1;1.3;185.84;283;75;90;63;88086;0.15;0;0.32;0.39
1991;2;26;57;8.5;-0.4;-7.6;0.6;-4.5;-9.9;0;0.9;0.48;3.1;1.3;184.11;299;80;98;73;87756;0.17;0;0.33;0.39
1991;2;27;58;7.5;-2;-10;-0.1;-5.7;-11.6;-0.1;0.8;0.48;3.1;1.3;182.97;306;83;100;70;87197;0.27;0;0.33;0.39
1991;2;28;59;4;-2.4;-9.1;0;-4.8;-10.9;-0.2;0.4;0.47;3.1;1.3;182.58;245;68;73;54;86613;0.15;0.12;0.33;0.39
1991;3;1;60;5.7;-1.4;-8.4;0.2;-4.7;-10.2;-0.1;0.6;0.46;3.1;1.3;182.17;304;83;97;65;86585;0.17;0;0.33;0.39
1991;3;2;61;6.3;-0.9;-7.7;0.3;-5;-10;0.2;0.9;0.46;3.1;1.3;181.23;284;77;86;63;87126;0.29;0;0.33;0.39
1991;3;3;62;4.3;-0.4;-5.6;1.8;-2.2;-7.3;0.1;0.6;0.45;3.1;1.3;180.99;227;55;55;33;87971;0.02;2.27;0.33;0.38
1991;3;4;63;7.6;1;-5.3;1.4;-2.1;-6.6;-0.3;0.8;0.44;3.1;1.3;178.57;331;89;97;64;88012;0.01;0;0.33;0.38
1991;3;5;64;10.4;2.8;-2.5;1.8;-1.4;-4.2;-0.3;1;0.43;3.1;1.3;173.58;297;82;82;52;87192;0;0;0.33;0.38
1991;3;6;65;9.2;3;-1.5;0.9;-1.4;-3.3;-0.3;1.5;0.42;3.1;1.3;167.11;332;91;94;57;86352;0.04;0;0.34;0.38
1991;3;7;66;9.4;3.1;-1;2;-0.6;-3.1;-0.5;1.9;0.42;3.2;1.3;159.2;338;82;89;55;85945;-0.07;0;0.35;0.38
1991;3;8;67;9.4;4.1;-0.6;3.1;0.8;-2.4;-0.6;1.6;0.41;3.2;1.3;149.67;287;72;70;43;85720;-0.16;0;0.36;0.38
1991;3;9;68;11.7;3.5;-1.5;4;1.1;-2.5;0.3;0.4;0.41;3.2;1.3;139.66;361;78;87;30;85935;-0.31;6.52;0.36;0.38
1991;3;10;69;5.9;2.8;1;2;1.2;0.2;0.1;0.1;0.41;3.2;1.3;129.63;217;47;36;14;86994;-0.06;1.92;0.38;0.38
1991;3;11;70;6.4;2.4;-1.9;1.1;-1.1;-2.5;0.1;0.4;0.4;3.2;1.3;123.34;234;65;70;40;87265;0.1;0.15;0.38;0.38
1991;3;12;71;7;1.9;-4.5;1;-1.4;-5.1;-0.5;0.3;0.4;3.2;1.3;117.62;391;109;100;71;87041;0.13;0;0.39;0.39
1991;3;13;72;7.4;1.7;-5.6;1.8;-1.9;-7.5;-0.3;0.3;0.39;3.2;1.3;110.44;402;115;117;77;87056;0.13;0;0.39;0.39
1991;3;14;73;8.2;2;-6;1.5;-2.5;-8.2;0.4;0.5;0.37;3.2;1.3;103.15;420;121;113;75;87320;0.35;0;0.4;0.39
1991;3;15;74;7.7;1.9;-5.2;1;-2.6;-7;0.3;0.6;0.36;3.2;1.3;96.57;353;100;90;58;87224;0.42;0;0.4;0.39
1991;3;16;75;9.2;2.1;-5.7;0.3;-2.9;-7.6;-0.5;0.7;0.34;3.2;1.3;90.18;446;130;109;77;86765;0.51;0;0.4;0.39
1991;3;17;76;10.6;3;-5.1;2.1;-1.8;-7.5;0.3;0.4;0.34;3.3;1.3;83.24;440;127;105;61;86358;0.49;4.48;0.4;0.39
1991;3;18;77;4.7;2.1;-0.1;4.2;1.5;-0.4;0.8;0.5;0.34;3.3;1.3;78.15;234;58;50;17;87353;0.26;10.85;0.42;0.39
1991;3;19;78;8;3.5;-3.5;1.7;-0.1;-4.3;0.7;0.7;0.33;3.3;1.3;72.77;338;94;88;35;87754;0.54;3.63;0.42;0.39
1991;3;20;79;8.4;4.6;1.4;5.1;2.8;0;1.2;0.8;0.33;3.3;1.3;64.93;328;79;79;20;87588;0.35;8.04;0.42;0.4
1991;3;21;80;12.1;5.4;-1.3;4.6;0.9;-3;-0.3;1.2;0.31;3.3;1.3;57.15;321;93;87;49;86739;0.51;0;0.42;0.4
1991;3;22;81;7.9;2.8;-0.2;4.7;0.9;-1.4;0.3;-0.2;0.3;3.3;1.3;51.68;325;80;64;27;86216;0.4;11.19;0.42;0.4
1991;3;23;82;4.8;1.8;-0.6;2;0.7;-0.9;-0.7;-0.3;0.34;3.3;1.3;50.83;251;52;50;22;86579;0.44;3.25;0.42;0.4
1991;3;24;83;13.4;5.9;-3.4;5.8;2;-4.7;-0.4;0.1;0.31;3.4;1.4;46.46;462;129;88;59;86734;0.85;0;0.42;0.41
1991;3;25;84;9.7;5.2;1.3;5.1;3.5;0.8;-1.3;-0.8;0.28;3.4;1.4;40.92;351;96;53;40;86732;0.53;1.05;0.42;0.41
1991;3;26;85;4.6;2.2;-0.4;4.4;2;-0.5;-0.4;-0.5;0.27;3.4;1.4;38.01;144;39;24;12;86872;0.39;13.4;0.42;0.41
1991;3;27;86;1.4;-0.6;-3.7;0.3;-1.2;-4.3;-0.6;-0.9;0.37;3.4;1.4;42.23;119;35;56;16;87093;0.57;6.85;0.42;0.41
1991;3;28;87;-0.5;-3.6;-6.2;-4.4;-6.3;-7.9;-0.2;-1.1;0.44;3.4;1.4;46.48;331;98;64;39;87472;0.81;5.39;0.42;0.41
1991;3;29;88;-2.2;-5;-7.1;-7.5;-8.7;-10.1;-1;-0.8;0.49;3.4;1.4;50.95;271;77;57;36;87840;0.56;2.03;0.41;0.41
1991;3;30;89;1.8;-2.7;-7.8;-2.5;-6.1;-10.5;-0.5;-0.4;0.49;3.4;1.4;51.18;337;90;75;43;87798;0.29;0.06;0.41;0.41
1991;3;31;90;3.9;0.4;-3.2;-1.5;-3.2;-4.9;-0.1;-0.5;0.46;3.5;1.4;49.71;332;107;93;55;87731;0.37;0;0.41;0.41
1991;4;1;91;6.6;2.3;-2.2;-0.4;-2.9;-5.2;0.1;0.1;0.43;3.5;1.4;47.04;439;136;101;70;87328;0.64;0;0.4;0.41
1991;4;2;92;10.4;3.9;-4.4;2.8;-1.4;-6.5;0.1;0.5;0.36;3.5;1.4;43.38;415;119;75;48;86853;0.8;0;0.4;0.41
1991;4;3;93;11.1;4.4;-1.8;5.9;1.6;-2.9;0.3;0.6;0.31;3.5;1.4;38.92;469;112;73;32;86585;0.92;12.29;0.4;0.41
1991;4;4;94;7.9;4.2;1.4;4.1;2.6;1.1;-0.5;-0.2;0.28;3.5;1.4;35.09;419;96;63;28;86257;0.87;3.75;0.42;0.41
1991;4;5;95;4.8;1.9;-0.1;2.1;1;-0.5;0.4;-0.5;0.29;3.5;1.4;34.11;331;72;38;13;86054;1.05;17.76;0.42;0.41
1991;4;6;96;4.4;1.4;-3;0.3;-0.7;-4.1;0.3;-0.1;0.38;3.5;1.4;39.86;259;70;66;21;87248;0.98;8.29;0.42;0.42
1991;4;7;97;6.9;1.7;-4.6;0.3;-2.4;-6.3;1.3;0.4;0.35;3.6;1.4;38.13;420;122;81;48;87557;1.17;1.3;0.42;0.42
1991;4;8;98;5.3;2.1;-2.2;1.6;-1;-3.2;1.7;0.4;0.32;3.6;1.4;37.07;357;119;79;44;87957;1.35;3.34;0.42;0.42
1991;4;9;99;7.2;3.3;-1;2.5;0.6;-2;0.7;0.1;0.29;3.6;1.4;34.59;400;126;67;40;88233;1.35;1.98;0.42;0.42
1991;4;10;100;10.6;4.4;-3.4;2.9;-0.2;-3.9;-0.5;-0.2;0.27;3.6;1.4;31;591;186;113;75;88258;1.54;0;0.42;0.42
1991;4;11;101;9.5;4.1;-1.9;-0.2;-2.6;-4.2;-1.2;0;0.25;3.6;1.4;27.58;618;202;124;94;88078;1.84;0;0.41;0.42
1991;4;12;102;10.6;4.5;-3.9;1.5;-1.8;-6.1;-0.5;0;0.25;3.6;1.4;24.3;594;192;113;85;87485;1.73;0.18;0.41;0.42
1991;4;13;103;9.8;3.3;-3.1;4.2;0.1;-4.7;0.2;0.6;0.24;3.6;1.4;20.44;567;158;98;63;87370;1.43;2.77;0.41;0.42
1991;4;14;104;9.6;3.2;-3.4;3.9;0.7;-4.8;-0.1;0.5;0.23;3.7;1.5;16.55;527;162;97;61;87712;1.47;3.04;0.41;0.42
1991;4;15;105;10.7;4.5;-3.7;3.2;0;-5.1;-0.8;0.1;0.22;3.7;1.5;12.51;641;205;107;80;87988;1.96;0.36;0.4;0.42
1991;4;16;106;11.1;4.9;-2.1;2.3;-0.4;-3.8;0.9;-0.3;0.2;3.7;1.5;8.54;616;199;109;68;87228;2.07;3.2;0.4;0.42
1991;4;17;107;-1.6;-4;-5.9;-2.7;-7.4;-9.3;-0.4;-0.9;0.37;3.7;1.5;14.55;239;80;42;30;86536;1.05;8.29;0.4;0.42
1991;4;18;108;-1.5;-4.8;-8.6;-3.2;-7.5;-11.3;0.3;-0.6;0.45;3.7;1.5;19.37;221;74;63;30;86089;0.5;10.08;0.39;0.42
1991;4;19;109;-0.9;-4.9;-9.3;-5.3;-8.1;-10.8;0.8;0.1;0.52;3.7;1.5;28.37;320;97;69;41;86085;0.64;3.82;0.39;0.42
1991;4;20;110;-0.1;-5.4;-15;-4.7;-9.1;-16.6;-0.3;-0.3;0.52;3.8;1.5;30.37;370;111;82;47;86382;0.66;2.46;0.38;0.42
1991;4;21;111;-0.4;-4.4;-10.6;-5.2;-7.3;-11.6;0.4;-0.1;0.51;3.8;1.5;32.25;353;102;80;46;87023;0.74;2.9;0.38;0.42
1991;4;22;112;2.5;-3.8;-13.6;-5.3;-10;-15;0.7;0.4;0.51;3.8;1.5;32.82;387;126;98;54;87120;1.09;0.08;0.38;0.42
1991;4;23;113;0;-2.3;-5.3;-2.4;-5;-7.6;0.8;0;0.51;3.8;1.5;35.51;194;68;61;31;87204;0.47;7.62;0.37;0.42
1991;4;24;114;1.8;-2.2;-5.9;-2.7;-5.7;-7.8;-0.1;-0.1;0.51;3.8;1.5;39.22;359;108;75;47;87236;0.77;2.33;0.37;0.42
1991;4;25;115;3.9;-1.1;-8.5;-1.7;-5.9;-10.7;-0.4;0.2;0.5;3.8;1.5;37.89;387;131;106;68;86660;0.9;0.28;0.37;0.42
1991;4;26;116;6.5;1.3;-7.3;-0.8;-4.7;-10.8;-0.4;0.1;0.48;3.9;1.5;33.48;437;136;104;64;86561;1.04;0.06;0.37;0.42
1991;4;27;117;7.4;2.3;-3.1;1.4;-2.2;-7.1;-0.1;0.2;0.44;3.9;1.5;27.17;435;146;91;62;86724;0.93;1.02;0.37;0.42
1991;4;28;118;7.8;2.5;-3.7;4.3;0.4;-5.5;0;0.2;0.37;3.9;1.5;20.92;417;130;89;48;86988;0.8;7.13;0.38;0.42
1991;4;29;119;6.3;2.5;-1.6;5.3;1.9;-2;0.5;0.3;0.32;3.9;1.6;16.33;341;108;71;31;87449;1;7.47;0.39;0.42
1991;4;30;120;7;2.8;-2.1;4.6;1.2;-2.5;0.2;0.5;0.27;3.9;1.6;12.65;252;81;51;27;86996;0.92;2.74;0.39;0.42
1991;5;1;121;9.1;3.9;-2.6;5.4;2.3;-3.2;0.4;0.2;0.24;3.9;1.6;9.41;474;138;84;35;86456;1.39;12.57;0.39;0.42
1991;5;2;122;3.5;2.1;0.4;2.5;1.7;0.3;-0.1;-1;0.26;4;1.6;8.54;196;54;12;7;86841;1.1;12.8;0.4;0.42
1991;5;3;123;3.5;1;-1.1;1.2;-0.1;-1.2;0;-1.1;0.29;4;1.6;9.87;310;82;27;12;86700;1.45;13.06;0.41;0.41
1991;5;4;124;1.8;-0.4;-2.5;-1.5;-2.6;-3.9;0.2;-0.9;0.43;4;1.6;17.86;319;92;42;22;86384;1.24;6.46;0.41;0.41
1991;5;5;125;3.8;0.8;-1.8;0.4;-1.6;-2.7;0;-0.5;0.45;4;1.6;20.5;321;96;64;30;86486;1.01;3.77;0.41;0.41
1991;5;6;126;1.9;0.3;-1.4;1.3;-0.4;-1.8;0.3;-0.4;0.44;4;1.6;23.6;180;52;28;15;86542;0.37;14.28;0.41;0.41
1991;5;7;127;4.8;1.6;-1.2;3.2;0.6;-1.4;0.2;-0.2;0.44;4;1.6;26.05;330;85;51;27;86506;0.61;7.22;0.41;0.41
1991;5;8;128;7.5;2.9;-3.3;1.9;-0.5;-4.2;-0.7;0.1;0.39;4.1;1.6;21.73;459;146;92;54;86675;1.35;1.46;0.42;0.41
1991;5;9;129;9.1;3.6;-4.5;3.5;0.4;-5.7;-0.7;0;0.33;4.1;1.6;16.16;531;182;99;59;86853;1.79;3.09;0.42;0.42
1991;5;10;130;10.8;5.4;-1.6;6.9;2.6;-2.8;-0.1;0.1;0.28;4.1;1.6;10.57;562;162;77;45;86560;1.76;4.28;0.42;0.42
1991;5;11;131;7.3;4.4;2.4;6.9;4.1;2.2;1.2;0.3;0.24;4.1;1.6;6.83;252;59;24;4;86635;1.09;26.57;0.42;0.42
1991;5;12;132;4.5;3;1.3;3.9;2.6;1.1;1.3;0.4;0.34;4.1;1.6;11.98;133;38;16;5;87387;0.65;37.41;0.43;0.42
1991;5;13;133;8.2;4.8;1.7;5;3;1.2;0.2;-0.2;0.32;4.1;1.7;9.98;487;137;58;31;87885;1.48;2.78;0.43;0.43
1991;5;14;134;9.9;5.2;-1.2;5.5;2.3;-1.8;0.9;0;0.26;4.2;1.7;5.86;494;140;89;34;87765;1.68;10.62;0.42;0.43
1991;5;15;135;4.6;2.3;-1.2;3.9;1.2;-2.4;0.5;-0.6;0.21;4.2;1.7;3.66;405;117;81;32;87494;1.91;9.24;0.43;0.43
1991;5;16;136;2.3;-0.3;-2.7;1.2;-1.7;-4.8;0.7;-0.1;0.26;4.2;1.7;5.58;361;119;77;40;87075;1.7;11.9;0.43;0.43
1991;5;17;137;3.1;-0.5;-3.6;0.5;-2.4;-5.8;0.8;-0.4;0.41;4.2;1.7;12.06;459;129;64;34;87260;1.37;18.1;0.42;0.43
1991;5;18;138;3.6;0.1;-3.6;2;-0.9;-4.3;0.9;-0.3;0.51;4.2;1.7;23.85;343;105;61;33;87503;0.28;14.49;0.42;0.43
1991;5;19;139;5.2;1.8;-2.5;0.3;-1.7;-3.6;0.3;-0.1;0.48;4.2;1.7;22.06;374;122;61;38;87762;1.17;2.51;0.42;0.43
1991;5;20;140;7.6;3.8;0.2;3;0.8;-1.8;0.7;0.3;0.42;4.2;1.7;17.69;409;106;66;30;88087;1.02;4.3;0.42;0.43
1991;5;21;141;12.4;7.2;-2.4;7.4;2.8;-3.6;0.8;0.1;0.33;4.2;1.7;10.07;482;172;77;50;88656;1.73;0;0.42;0.43
1991;5;22;142;15.5;9.6;1.8;8.3;5.4;0.7;1.3;0.1;0.21;4.2;1.7;3.58;493;191;83;50;88635;2.55;4.38;0.42;0.43
1991;5;23;143;9.6;6.3;2;6.5;3.3;-1.2;1;-1.2;0.14;4.3;1.7;1.08;496;144;85;34;88094;2.39;5.63;0.42;0.43
1991;5;24;144;4.9;1.9;-0.7;2.4;-0.7;-3.7;0.5;-0.7;0.16;4.3;1.7;1.87;495;155;76;43;87970;2.43;6.57;0.41;0.43
1991;5;25;145;6.7;3.1;-2.4;2.3;-1.5;-4.4;1.1;-0.2;0.16;4.3;1.7;1.8;420;163;76;44;88033;2.1;3.83;0.41;0.43
1991;5;26;146;6.9;3.7;1.6;5.6;3.2;0.8;1.1;-0.4;0.17;4.3;1.7;1.95;303;83;39;14;88021;1.8;24.53;0.41;0.43
1991;5;27;147;9.1;4.6;-0.3;1.3;-1.1;-3.2;-0.3;-0.2;0.16;4.3;1.7;1.7;691;231;104;67;88101;3.08;0.33;0.42;0.43
1991;5;28;148;12.2;6.4;-2;3.3;-0.2;-4.4;-0.8;-0.1;0.13;4.3;1.7;0.7;775;257;113;82;87761;3.26;0;0.41;0.43
1991;5;29;149;12.2;7.2;-0.5;4.1;1.9;-2;-0.6;-0.4;0.12;4.3;1.7;0.2;689;242;113;76;87498;3.06;0.26;0.4;0.43
1991;5;30;150;14.2;8.7;0.7;4.9;2.7;-0.8;-0.9;-0.3;0.12;4.3;1.7;0.03;731;264;114;84;87553;3.59;0.01;0.39;0.43
1991;5;31;151;15;9.5;0.8;6;3.3;-0.7;-0.1;-0.1;0.12;4.3;1.7;0;743;247;116;78;87525;3.55;0;0.38;0.43
1991;6;1;152;16.1;10.4;1.1;7.5;4.3;0.1;0.6;-0.1;0.12;4.3;1.7;0;702;252;112;77;87316;3.83;0.58;0.38;0.43
1991;6;2;153;15.2;10.4;5.7;9.7;6.6;3.9;0;0;0.12;4.3;1.7;0;685;229;99;68;87179;3.4;3;0.37;0.42
1991;6;3;154;12.2;8.1;4.1;9.2;5.9;3.1;1;0.6;0.12;4.4;1.8;0;401;131;71;42;86897;2.83;9.09;0.37;0.42
1991;6;4;155;7.1;4.7;0.7;5.7;3.6;0.5;0.3;-0.4;0.12;4.4;1.8;0;285;94;75;24;87012;2.27;8.6;0.37;0.42
1991;6;5;156;9.4;5.3;-0.5;5.6;3.1;-1.1;-0.2;-0.2;0.12;4.4;1.8;0;513;203;80;56;87204;2.89;3.37;0.37;0.42
1991;6;6;157;13.6;7.5;3.2;8.5;5.2;1.3;0.2;0.6;0.12;4.4;1.8;0;501;155;70;36;86883;2.83;14.41;0.37;0.42
1991;6;7;158;12.6;8.2;2.1;7.3;4.5;1.7;-0.3;0;0.12;4.4;1.8;0;528;168;64;42;86354;2.73;1.09;0.37;0.42
1991;6;8;159;9.4;7.6;5.1;9;6.9;4.9;1.1;0.1;0.12;4.4;1.8;0;262;97;69;23;86651;2.34;18.64;0.38;0.42
1991;6;9;160;14.2;9.8;3.5;9.7;6.6;3;0.4;0.2;0.12;4.4;1.8;0;426;143;65;36;87277;2.3;1.95;0.38;0.42
1991;6;10;161;12.2;10;7.8;9.7;8.7;7.5;0.8;-0.2;0.12;4.4;1.8;0;368;100;29;14;87463;2.35;9.95;0.38;0.42
1991;6;11;162;12.5;9.8;6.2;6.6;5.6;3.9;1;-0.2;0.12;4.4;1.8;0;522;191;77;51;87887;3.15;1.11;0.38;0.42
1991;6;12;163;19.9;13.4;3.4;11.1;6.8;2;0.1;0.1;0.12;4.4;1.8;0;797;292;123;83;87687;4.6;0.04;0.38;0.42
1991;6;13;164;16.7;12.3;8.7;12;10.1;7.1;0.6;-0.3;0.12;4.4;1.8;0;551;161;64;31;87320;3.01;16.63;0.37;0.42
1991;6;14;165;14.2;10.7;7.8;9.1;7.4;6;0.9;0;0.12;4.4;1.8;0;542;143;67;30;87455;2.83;2.78;0.38;0.42
1991;6;15;166;19.4;14.1;9;14;9.8;6.8;-0.1;0.3;0.12;4.5;1.8;0;653;234;94;65;87334;3.58;0.45;0.38;0.42
1991;6;16;167;16.3;11.7;8;13.2;10.4;6.8;0;-0.3;0.12;4.5;1.8;0;399;102;63;27;86982;1.84;26.87;0.38;0.42
1991;6;17;168;9.7;6.6;1.7;9.5;6.4;1.6;0.7;-0.5;0.13;4.5;1.8;0.3;100;23;14;7;86948;1.16;42.44;0.41;0.42
1991;6;18;169;9.8;5.2;1.1;5.7;3.2;0.9;1.1;0.3;0.18;4.5;1.8;1.95;500;146;90;34;87222;2.8;12.84;0.43;0.42
1991;6;19;170;10.8;7.1;2.2;4.3;2.1;0.7;0.5;0.1;0.16;4.5;1.8;1.17;539;187;87;58;87386;2.94;1.12;0.42;0.42
1991;6;20;171;13.8;8.4;2.7;8.9;4.9;1.5;-0.1;-0.1;0.13;4.5;1.8;0.52;581;178;89;47;86992;2.5;6.53;0.42;0.42
1991;6;21;172;15.4;10.5;6;10.1;7.2;5;0.6;0.2;0.12;4.5;1.8;0.13;531;185;104;53;87549;3.07;1.5;0.42;0.42
1991;6;22;173;21.2;14.2;3.7;12.6;8.2;2.5;-0.1;0.4;0.12;4.5;1.8;0.02;735;263;106;75;87970;4.54;0;0.41;0.42
1991;6;23;174;19.3;14.3;9;14.4;11.4;7.5;0.2;0.4;0.12;4.5;1.8;0;613;213;79;55;88208;3.72;5.56;0.4;0.42
1991;6;24;175;19.5;14.4;8.9;12.5;10.5;8.3;1.2;0.3;0.12;4.5;1.8;0;646;225;87;52;87993;3.98;2.19;0.4;0.42
1991;6;25;176;20.3;15.7;10.8;13.8;11.7;9;0.7;0.2;0.12;4.5;1.8;0;637;218;82;49;87922;3.69;0.39;0.39;0.42
1991;6;26;177;21.4;15;10;14.9;12.6;9.2;0.4;0.4;0.12;4.5;1.8;0;644;193;72;48;87647;3.31;10.04;0.39;0.42
1991;6;27;178;14.3;9.1;5.3;12.6;7.9;2.4;1.2;0.3;0.12;4.5;1.8;0;261;78;55;27;87093;2.87;18.52;0.4;0.42
1991;6;28;179;10.8;7.2;4.6;5;3.1;1.5;2.5;0.3;0.12;4.5;1.8;0;672;220;93;55;87206;3.74;4.86;0.4;0.42
1991;6;29;180;10.6;7;4.1;6.4;3.8;2.2;1.7;0.2;0.12;4.5;1.8;0;639;205;95;48;87839;3.47;4.81;0.4;0.42
1991;6;30;181;14.9;9.8;2.9;7;3.5;0.8;0.6;0;0.12;4.5;1.9;0;696;264;108;81;88328;4.04;0;0.4;0.42
1991;7;1;182;19;12.5;3.2;10.4;6.2;2.3;-0.4;0.2;0.12;4.6;1.9;0;796;294;120;91;88196;4.79;0;0.39;0.42
1991;7;2;183;20.9;14.3;5;11.3;8.3;4.2;-0.8;0;0.12;4.6;1.9;0;802;298;124;95;87785;4.95;0;0.38;0.42
1991;7;3;184;20.5;14.3;6.3;14.8;10.8;5.5;-0.6;-0.2;0.12;4.6;1.9;0;767;252;105;71;87738;3.87;2.22;0.37;0.42
1991;7;4;185;20.3;15.5;9.3;14.6;12.3;9.3;-1.3;-0.3;0.12;4.6;1.9;0;652;229;84;58;87868;3.9;0.69;0.37;0.42
1991;7;5;186;21.4;16.3;9.9;15.9;13.5;9.7;-1;-0.1;0.12;4.6;1.9;0;667;226;77;54;87793;3.64;1.04;0.36;0.42
1991;7;6;187;21.8;16.8;9.8;15;13.1;9.6;-0.6;-0.1;0.12;4.6;1.9;0;605;240;98;70;87857;4.13;0.69;0.36;0.41
1991;7;7;188;23.5;17.7;8.8;16.4;13.5;8.3;-0.4;0;0.12;4.6;1.9;0;687;254;106;76;87797;4.2;0.06;0.35;0.41
1991;7;8;189;21;16.3;12.4;16.3;14;11.5;0.6;0.3;0.11;4.6;1.9;0;587;191;82;49;87978;3.25;6.74;0.35;0.41
1991;7;9;190;18.5;14.2;10.4;16.3;13.4;10.3;0.2;0.4;0.11;4.6;1.9;0;405;119;55;29;88118;2.43;11.79;0.36;0.41
1991;7;10;191;21.5;15.4;8.1;16.7;12.7;7.9;-0.6;0.3;0.11;4.6;1.9;0;714;236;90;55;88136;4.14;1.43;0.36;0.41
1991;7;11;192;23.1;17.7;10;18.9;13.6;9.3;0.3;0.5;0.11;4.6;1.9;0;617;231;92;66;88098;4.15;0.07;0.35;0.41
1991;7;12;193;24.5;18.1;11;17.2;14.1;10.1;0.6;0.4;0.11;4.6;1.9;0;718;229;91;60;88153;4.3;12.92;0.35;0.41
1991;7;13;194;20.2;16.3;12.6;16.1;14.4;12.4;0.5;0.2;0.11;4.6;1.9;0;520;173;66;45;87893;3.23;6.49;0.36;0.41
1991;7;14;195;12.7;11.6;10.3;12.1;11.2;10.2;1.2;0.2;0.11;4.6;1.9;0;203;40;42;16;87406;1.64;42.54;0.37;0.41
1991;7;15;196;18;13.5;9.4;11.4;9.6;7.9;0.9;-0.3;0.11;4.6;1.9;0;639;214;98;56;87689;4.01;2.95;0.39;0.41
1991;7;16;197;19.7;15;8.4;13.8;10.8;7.3;0.6;-0.2;0.11;4.6;1.9;0;689;246;101;71;87634;4.06;0.47;0.38;0.41
1991;7;17;198;16.6;12.3;8.6;12.9;11;7.8;0.3;0.2;0.11;4.6;1.9;0;416;99;79;49;87578;1.63;22.78;0.39;0.41
1991;7;18;199;16.9;12.6;6.5;10.5;9.2;5.9;0.7;0;0.11;4.6;1.9;0;549;202;90;51;87595;3.39;3.06;0.39;0.41
1991;7;19;200;19.5;15.4;11.9;14.2;12.6;10.2;0.7;0.2;0.11;4.6;1.9;0;541;131;66;28;87471;2.52;1.81;0.39;0.41
1991;7;20;201;18.6;15.6;13.5;13.6;13;11.6;0.7;-0.5;0.11;4.6;1.9;0;612;190;80;35;87630;3.54;4.93;0.39;0.41
1991;7;21;202;16.2;13.4;10.1;12.9;11.6;10;0;-0.4;0.11;4.6;1.9;0;400;141;63;33;87773;2.74;3.09;0.39;0.41
1991;7;22;203;17;13.8;10.3;11.2;10.5;9.7;-0.6;-0.4;0.11;4.6;1.9;0;543;193;93;53;87840;3.23;0.77;0.39;0.41
1991;7;23;204;22.6;16.4;7.4;17.1;11.8;6.6;0.1;0.4;0.11;4.6;1.9;0;758;264;112;82;87613;4.4;0;0.38;0.41
1991;7;24;205;20.1;14.9;11.6;14.5;12.6;10.3;0.5;0.4;0.11;4.6;1.9;0;555;166;76;38;87277;3.24;15.59;0.38;0.41
1991;7;25;206;12.7;10.6;7.7;11.3;9.5;6.4;0.2;0.1;0.11;4.6;1.9;0;240;78;49;25;87161;2.37;16.56;0.39;0.41
1991;7;26;207;10.7;8.5;6.4;8.6;7.1;5;1;0.3;0.11;4.6;1.9;0;379;100;55;31;87232;2.91;15.75;0.4;0.41
1991;7;27;208;11.9;9.1;7.1;10.3;8.5;6.9;0.8;0;0.11;4.6;1.9;0;274;85;64;20;87610;2.31;14.84;0.41;0.41
1991;7;28;209;14.3;10.7;5.2;9.6;7.7;5.2;-0.8;0.2;0.11;4.6;1.9;0;494;144;56;37;87517;2.61;0.55;0.41;0.41
1991;7;29;210;19.7;14;7.2;12.3;9.6;6.2;-1;-0.1;0.11;4.6;1.9;0;752;251;105;77;87221;3.97;0.1;0.41;0.41
1991;7;30;211;21.8;15.5;7;14.6;11;6.1;-0.4;0.3;0.11;4.6;1.9;0;669;233;94;73;87098;4.03;0.02;0.4;0.41
1991;7;31;212;16.9;13.2;10.7;13;11.6;9.2;0.4;-0.3;0.11;4.5;1.9;0;398;114;58;32;87017;2.36;40.7;0.4;0.41
1991;8;1;213;10.9;9.9;9;10.7;9.6;8.9;1.7;0.3;0.11;4.5;1.9;0;149;43;21;9;87296;2;35.76;0.43;0.41
1991;8;2;214;12.7;10.8;9.4;10.7;9.7;8.4;1.2;0.8;0.11;4.5;1.9;0;138;36;30;11;87839;1.22;6.5;0.43;0.42
1991;8;3;215;14.5;12.2;9.9;12.8;11;8.7;0.8;0.6;0.11;4.5;1.9;0;243;55;34;12;88092;1.3;7.3;0.43;0.42
1991;8;4;216;17.6;14;10.9;12.2;10.9;9.5;0;0;0.11;4.5;1.8;0;509;164;78;45;88116;2.74;1.15;0.42;0.42
1991;8;5;217;19.2;14.4;8.5;12.3;10.1;7.8;-0.3;0.2;0.11;4.5;1.8;0;652;220;96;69;88051;3.66;0.25;0.41;0.42
1991;8;6;218;22.5;15.7;7.3;15.1;10.3;6.3;-0.3;0.4;0.11;4.5;1.8;0;727;258;112;86;87795;4.59;0;0.4;0.42
1991;8;7;219;25.6;17.8;8.1;18;12;7.2;0;0.7;0.11;4.5;1.8;0;757;265;120;89;87643;4.79;0;0.39;0.42
1991;8;8;220;22.4;16.4;11.2;16.5;13.5;9.5;0.6;0.3;0.11;4.5;1.8;0;612;194;94;50;87496;3.65;23.9;0.39;0.42
1991;8;9;221;18.9;15.6;13;15.6;14.2;12.5;-0.2;-0.5;0.11;4.5;1.8;0;406;107;50;17;88042;2.3;4.65;0.4;0.42
1991;8;10;222;19.1;16.2;13.1;16.8;15.1;13;0;-0.3;0.11;4.5;1.8;0;396;124;81;28;88317;2.31;3.08;0.4;0.42
1991;8;11;223;22.1;17;10.8;16;13.3;10.7;0.2;0.2;0.11;4.5;1.8;0;729;231;106;62;88091;4.05;0.19;0.4;0.42
1991;8;12;224;19.9;15.7;12;15.7;13.6;11;0.6;0.4;0.11;4.5;1.8;0;572;178;76;53;87766;3.24;11.2;0.39;0.42
1991;8;13;225;19.4;14.9;10.2;15.5;13.1;10;0.4;0.2;0.11;4.5;1.8;0;521;180;76;53;87771;3.12;4.45;0.39;0.42
1991;8;14;226;19.3;13.8;8.9;13.7;11.7;8.5;0.2;0.5;0.11;4.5;1.8;0;610;184;84;60;87773;3.23;5.1;0.39;0.42
1991;8;15;227;18.1;12.9;7;13.4;10.4;6.3;0.4;0.4;0.11;4.5;1.8;0;659;193;91;70;87800;3.15;1.65;0.39;0.42
1991;8;16;228;20.1;14.4;7.3;12.3;9.3;6.5;0.6;0.5;0.11;4.5;1.8;0;603;215;101;72;87820;3.91;0.02;0.39;0.42
1991;8;17;229;19.4;14.8;10.3;11.5;9.8;8.3;1;0.3;0.11;4.4;1.8;0;662;204;98;70;87728;3.49;0.26;0.38;0.42
1991;8;18;230;13.2;11.9;10.4;11.2;9.5;7.3;0.8;-0.3;0.11;4.4;1.8;0;294;76;45;25;87642;1.89;5.41;0.38;0.42
1991;8;19;231;13.9;10.8;7.1;7.7;6.5;5.3;0.6;-0.5;0.11;4.4;1.8;0;531;170;86;58;87852;2.98;0.63;0.37;0.42
1991;8;20;232;17.1;12.5;7;10.3;7.2;5.5;0.2;-0.1;0.11;4.4;1.8;0;651;222;105;77;87993;3.4;0;0.37;0.42
1991;8;21;233;19.3;13.5;6.3;11.1;8.4;5.2;-0.4;0.2;0.11;4.4;1.8;0;715;240;116;87;87793;3.89;0;0.36;0.42
1991;8;22;234;23.1;15.6;6.8;15.1;10.5;5.9;-0.3;0.5;0.11;4.4;1.8;0;717;239;118;85;87574;4.09;0;0.36;0.42
1991;8;23;235;17.8;14;9.9;15.5;12.1;8.3;0.2;0.5;0.11;4.4;1.8;0;297;93;64;41;87987;1.51;2.16;0.35;0.41
1991;8;24;236;20.2;14.5;7.7;14.3;11.8;7.5;0.3;0.3;0.11;4.4;1.8;0;572;175;73;49;88192;2.96;0.52;0.35;0.41
1991;8;25;237;18.5;14.7;10.9;14;12.8;10.8;0.1;0;0.11;4.4;1.8;0;496;151;75;51;88074;2.22;2.05;0.35;0.41
1991;8;26;238;19.1;14.1;8.7;13.8;11.3;8.4;0.2;0;0.11;4.4;1.8;0;555;178;83;55;87915;2.92;2.04;0.35;0.41
1991;8;27;239;17.1;13.7;10.4;11.4;9.6;7.9;-0.4;-0.6;0.11;4.4;1.8;0;563;188;98;66;88124;2.99;0.55;0.34;0.41
1991;8;28;240;16.9;12.6;8.9;9.7;8;7;0;-0.2;0.11;4.4;1.8;0;614;185;95;69;88108;2.78;0.03;0.34;0.41
1991;8;29;241;14.2;9.7;5.8;8.7;6.9;5.3;-0.4;-0.2;0.11;4.3;1.8;0;506;168;92;64;87933;2.69;6.6;0.34;0.41
1991;8;30;242;16.2;10.1;3.3;8.1;6.1;3.2;-1;0;0.1;4.3;1.8;0;713;225;127;83;88054;3.34;0;0.34;0.41
1991;8;31;243;18.9;12.5;5.5;10.5;7.9;4.3;-0.5;0;0.1;4.3;1.8;0;701;228;126;94;88052;3.22;0;0.33;0.41
1991;9;1;244;20;13.6;5.7;12;9;4.6;-0.2;0.1;0.1;4.3;1.8;0;672;209;115;80;87939;3.12;0;0.33;0.41
1991;9;2;245;18.4;13.6;8.9;12;10.1;7.7;0.3;0.1;0.1;4.3;1.7;0;556;163;97;60;88230;2.39;0.79;0.32;0.41
1991;9;3;246;19.4;13.7;7.5;12.2;9.5;6.6;-0.3;0.1;0.1;4.3;1.7;0;670;200;112;76;88460;2.87;0;0.32;0.41
1991;9;4;247;19.8;13.9;6.9;11.9;9.2;5.7;0;0.1;0.1;4.3;1.7;0;658;203;112;81;88352;2.88;0;0.32;0.41
1991;9;5;248;19.1;13.4;7.3;11.1;8.2;6.1;0.6;0.4;0.1;4.3;1.7;0;623;200;111;79;88142;2.92;0.01;0.31;0.41
1991;9;6;249;16.5;12.6;9.6;9.7;8.5;7.1;0.9;-0.5;0.1;4.3;1.7;0;448;143;81;53;88101;2.05;0.89;0.31;0.41
1991;9;7;250;13.8;10.4;7.8;8.8;6.6;3.7;0.4;-1.2;0.1;4.3;1.7;0;460;130;89;34;88035;2.19;1.31;0.31;0.41
1991;9;8;251;14.7;10.3;5.9;6.1;4.5;3.4;-0.5;-0.6;0.1;4.3;1.7;0;654;192;119;77;87931;2.46;0;0.31;0.4
1991;9;9;252;17.7;11.6;4.3;7.7;5.8;3.2;0;0.2;0.1;4.3;1.7;0;674;211;127;94;87907;2.68;0;0.3;0.4
1991;9;10;253;20.2;12.5;3.3;9.3;6.1;2.3;0.5;0.8;0.1;4.2;1.7;0;659;211;122;85;87922;2.94;0;0.3;0.4
1991;9;11;254;19.3;13.3;8;12.9;9.5;6;0.7;0.6;0.1;4.2;1.7;0;484;145;82;48;87652;2.12;5.52;0.3;0.4
1991;9;12;255;16.6;12.5;10.5;12.8;11.3;9.7;0;-0.1;0.1;4.2;1.7;0;437;91;79;28;87598;1.51;6.61;0.3;0.4
1991;9;13;256;15.5;11.8;8.4;11.6;10.5;8.4;-0.6;-0.5;0.1;4.2;1.7;0;385;102;48;30;87748;1.73;2.26;0.3;0.4
1991;9;14;257;16.9;12.5;8.5;12.1;10.6;8.4;-0.2;-0.1;0.1;4.2;1.7;0;477;132;82;39;87955;1.99;1.29;0.3;0.4
1991;9;15;258;15.5;12.3;9.5;12.8;11;8.9;0.3;0.1;0.1;4.2;1.7;0;347;98;58;35;87943;1.56;5.84;0.3;0.4
1991;9;16;259;16.7;12.1;7;10.7;8.8;6.9;0.4;0.4;0.1;4.2;1.7;0;503;143;84;57;88037;2.32;0.49;0.31;0.4
1991;9;17;260;15.1;12;8.6;11.6;9.8;7.3;1.2;0.6;0.1;4.2;1.7;0;288;78;56;27;87943;1.67;4.01;0.31;0.4
1991;9;18;261;16.8;12.6;8.5;10.2;9;7.2;0.8;-0.5;0.1;4.1;1.7;0;531;157;105;59;87977;2.64;1.36;0.31;0.4
1991;9;19;262;19.9;13.4;6.2;12.1;9;4.7;0;0.3;0.1;4.1;1.7;0;599;180;112;79;87659;2.5;0;0.3;0.4
1991;9;20;263;17;11.6;7.2;12.1;9.7;6.2;0.4;0.4;0.1;4.1;1.7;0;482;130;86;56;87517;1.77;4.7;0.3;0.4
1991;9;21;264;17.9;11.2;4.8;12.1;8.6;4.6;0;0.9;0.1;4.1;1.6;0;438;127;98;56;87611;1.89;0.15;0.3;0.4
1991;9;22;265;20.8;13.3;6.7;12.8;9.2;4.9;0.4;0.8;0.1;4.1;1.6;0;529;155;91;59;87339;2.51;9.66;0.3;0.4
1991;9;23;266;11.2;9.5;6.7;11;7.3;4.2;1.2;-0.4;0.1;4;1.6;0;294;65;67;30;87481;1.82;21.9;0.33;0.4
1991;9;24;267;18.1;11.5;5.4;11.7;7.1;3.5;0.2;0.5;0.09;4;1.6;0;598;167;116;75;87595;2.29;0;0.33;0.4
1991;9;25;268;20.1;12.7;5.7;12.6;8.5;4.6;-0.3;0.7;0.09;4;1.6;0;583;170;111;76;87009;2.51;0;0.32;0.4
1991;9;26;269;18.5;12.2;8.4;12.2;9.4;6.8;0.3;0.6;0.09;4;1.6;0;411;101;79;41;86367;2.07;15.55;0.32;0.39
1991;9;27;270;8.9;6.7;4.6;8.1;4.9;3.3;0.9;0.9;0.09;4;1.6;0;288;60;64;30;86742;2.23;12.89;0.34;0.39
1991;9;28;271;13.3;7;-0.4;5.6;3.1;-0.6;-0.6;0.8;0.09;4;1.6;0;554;123;107;63;86512;1.91;0;0.34;0.39
1991;9;29;272;14.5;9.7;5.1;10.4;6.6;2.8;-0.4;0.9;0.09;3.9;1.6;0;346;96;84;52;86142;1.37;1.72;0.34;0.39
1991;9;30;273;10.8;8.3;5.9;10.2;7.7;4.8;0.3;0.4;0.09;3.9;1.6;0;140;37;51;22;86531;0.86;14.19;0.34;0.39
1991;10;1;274;13.6;8.7;4.2;6.9;5.5;3.2;0.7;0.3;0.09;3.9;1.6;0;500;127;101;51;87185;1.84;0.32;0.35;0.39
1991;10;2;275;9;6.5;4.1;6;3.2;0.6;2.4;-0.2;0.09;3.9;1.6;0;424;96;70;41;87961;2.24;4.7;0.35;0.39
1991;10;3;276;13.3;7.9;3.7;6.1;3.5;1.6;-0.1;0;0.09;3.9;1.6;0;557;159;119;84;88520;1.89;0.01;0.35;0.39
1991;10;4;277;16.2;9;2.1;8.8;4.6;0.1;-0.2;0.5;0.09;3.8;1.5;0;549;156;119;83;88308;2.03;0;0.35;0.39
1991;10;5;278;17.5;10.1;2.6;10.7;6.9;2;0.1;0.5;0.09;3.8;1.5;0;542;150;117;75;87596;1.83;0;0.35;0.39
1991;10;6;279;11.2;7.7;4;8.5;6.9;3.7;0.3;0;0.09;3.8;1.5;0;276;60;52;24;87275;0.8;7.88;0.35;0.39
1991;10;7;280;13.8;9.8;6.1;8.7;7.7;5.9;0;-0.3;0.09;3.8;1.5;0;389;106;74;45;87156;1.49;0.58;0.35;0.39
1991;10;8;281;12.8;9.1;6.1;8.3;7.2;5.7;0.2;-0.2;0.09;3.8;1.5;0;428;104;83;51;86906;1.21;1.05;0.35;0.39
1991;10;9;282;14.1;8.7;4.1;8.1;5.7;3.1;0.1;0.4;0.09;3.7;1.5;0;502;135;102;72;87371;1.63;0.01;0.35;0.39
1991;10;10;283;16.7;9;2.3;9;5.4;1.1;-0.4;0.6;0.09;3.7;1.5;0;522;145;119;83;87746;1.82;0;0.35;0.39
1991;10;11;284;18.6;10;1.7;11.5;6.5;1.2;-0.5;0.9;0.09;3.7;1.5;0;519;138;114;76;86980;1.73;0.03;0.34;0.39
1991;10;12;285;13;9.9;7.3;11.6;8.9;6;0;0;0.09;3.7;1.5;0;284;66;59;27;86444;0.91;7.75;0.34;0.39
1991;10;13;286;12;7.9;3.5;7.9;6.4;3.4;0.2;-0.1;0.09;3.7;1.5;0;382;94;92;50;86575;1.39;4.04;0.35;0.39
1991;10;14;287;13.3;6.8;0.6;6;3.5;0;-0.3;0.7;0.09;3.6;1.5;0;495;119;107;69;86772;1.68;0.04;0.35;0.39
1991;10;15;288;11.5;6.5;2.7;7.9;4.7;1.2;0.2;0.5;0.09;3.6;1.5;0;415;102;87;56;87069;0.96;3.83;0.35;0.39
1991;10;16;289;11.3;6;1.9;6.3;3.9;1.3;0.4;0.7;0.09;3.6;1.5;0;369;102;93;60;87359;1.45;1.44;0.35;0.39
1991;10;17;290;10.9;6.4;1.2;6.6;3.7;0.2;0.5;0.7;0.09;3.6;1.4;0;148;41;64;29;86787;0.65;1.84;0.35;0.39
1991;10;18;291;4.3;2.7;-0.4;4;0.7;-3.4;1.8;0.2;0.08;3.6;1.4;0.03;222;51;96;38;86653;1.7;4.92;0.35;0.39
1991;10;19;292;2.3;-0.1;-1.6;0.7;-2;-4.3;0.9;0;0.11;3.6;1.4;0.92;189;47;72;41;86795;0.77;7.25;0.35;0.39
1991;10;20;293;0.8;-1.2;-2.4;-0.8;-2.8;-4;1.3;-0.2;0.27;3.6;1.4;6.32;290;71;75;43;87180;1.06;5.97;0.35;0.39
1991;10;21;294;0.3;-2;-3.9;-2.8;-4.2;-6;0.4;-0.6;0.34;3.6;1.4;8.99;224;56;56;35;87411;0.84;3.62;0.35;0.39
1991;10;22;295;-0.4;-2.5;-4.1;-5.5;-6.3;-7.1;0.1;-0.9;0.4;3.6;1.4;10.99;194;54;82;42;87803;0.66;0.61;0.35;0.39
1991;10;23;296;1.4;-0.6;-2.2;-2.1;-4.2;-6.5;0.7;0.1;0.39;3.5;1.4;10.8;178;43;50;32;88101;0.35;0.25;0.35;0.39
1991;10;24;297;3.3;1.5;0.1;0.5;-0.7;-2.6;0;-0.2;0.36;3.5;1.4;9.81;274;70;78;47;88018;0.44;0;0.35;0.39
1991;10;25;298;4.7;2.3;0.9;1.7;0.9;0.3;-0.7;-0.2;0.3;3.5;1.4;8.07;246;60;75;43;87823;0.27;0.01;0.35;0.39
1991;10;26;299;6.4;2.7;0.1;2.7;0.9;-0.8;-0.6;-0.1;0.25;3.5;1.4;6.19;357;89;101;65;87439;0.46;0.02;0.36;0.39
1991;10;27;300;8.4;2.9;-0.2;3;0.5;-1.8;-0.2;0.3;0.2;3.5;1.4;4.6;379;95;106;69;87258;0.56;0;0.36;0.39
1991;10;28;301;8.2;2.9;-0.9;3;0.4;-2.8;0;0.2;0.17;3.5;1.4;3.4;388;97;105;68;87460;0.61;0;0.36;0.39
1991;10;29;302;6.1;1.9;-2.5;2;0.4;-2.8;-0.2;0;0.15;3.5;1.4;2.58;396;98;113;74;87705;0.43;0;0.36;0.39
1991;10;30;303;6.9;1.3;-3.2;1.2;-1.3;-3.8;0;0.4;0.13;3.5;1.4;2.05;395;98;116;75;87418;0.42;0;0.35;0.39
1991;10;31;304;6.4;1.8;-1.1;1.1;-0.4;-2.8;-0.3;0.2;0.12;3.5;1.4;1.63;343;70;110;55;87562;0.46;0.03;0.35;0.39
1991;11;1;305;9.7;2.1;-3.4;4.1;-1.4;-5;-0.1;1;0.11;3.5;1.4;1.23;408;102;121;80;87798;0.6;0;0.35;0.39
1991;11;2;306;8.1;2.1;-2.4;4.4;-0.8;-5.1;0.2;1.2;0.1;3.5;1.4;0.93;242;56;66;44;87578;0.25;0.37;0.35;0.39
1991;11;3;307;12;3.7;-1.5;5.6;0.1;-2.8;-0.2;1.5;0.1;3.4;1.4;0.68;390;83;107;58;86759;0.84;0;0.35;0.39
1991;11;4;308;4.5;1.5;-1.8;4.2;0.7;-2.3;0.2;1.1;0.1;3.4;1.4;0.74;79;16;58;22;85827;0.1;14;0.36;0.39
1991;11;5;309;2.9;-0.4;-3.6;-2.2;-4.3;-6;1.6;0.7;0.11;3.4;1.4;1.23;324;74;92;60;86317;0.95;0.17;0.36;0.39
1991;11;6;310;-0.2;-1.8;-3.8;-1;-3.4;-5.9;0.9;-0.2;0.2;3.4;1.4;4.73;180;35;79;37;87480;0.37;8.48;0.36;0.39
1991;11;7;311;2.1;-0.6;-4.2;0.8;-3.2;-8.5;1.3;1;0.33;3.4;1.4;9.08;83;17;65;17;87884;0.44;6.53;0.36;0.39
1991;11;8;312;6.9;2.6;-0.6;2.8;0.7;-2.2;1.3;0.4;0.3;3.4;1.4;8.2;276;63;93;50;87638;0.48;0.09;0.37;0.39
1991;11;9;313;3.5;-0.4;-3.9;2;-2;-4.9;1.2;0.2;0.3;3.4;1.4;8.48;126;23;61;26;87044;0.34;10.59;0.37;0.39
1991;11;10;314;-0.8;-4.1;-8.9;-4;-5.8;-10.2;0.9;0.4;0.44;3.4;1.4;13.98;175;36;92;43;87707;0.42;1.82;0.37;0.39
1991;11;11;315;4.1;-4.3;-11.7;-1.2;-8.4;-15.2;0.1;1.2;0.44;3.4;1.4;14.16;207;45;84;50;87534;0.25;0;0.37;0.38
1991;11;12;316;3.9;-1.4;-5.8;0.9;-4.6;-10.2;0;1.3;0.42;3.4;1.4;13.57;114;23;81;27;87321;0.19;0.69;0.37;0.38
1991;11;13;317;6;1.1;-4.6;1.8;-2.4;-7.2;-0.1;1.4;0.38;3.3;1.4;12.24;175;39;65;34;86332;0.25;0.67;0.37;0.38
1991;11;14;318;1.3;-2.2;-10.3;-0.1;-3.6;-12.7;0.2;0.8;0.48;3.3;1.3;22.55;58;13;73;30;86220;0.17;19.06;0.38;0.38
1991;11;15;319;0.8;-4.9;-13.6;-2.7;-8;-14.9;0.1;1.2;0.5;3.3;1.3;25.75;131;29;42;26;86097;0.19;0.16;0.38;0.38
1991;11;16;320;0.2;-1.8;-4.3;-1.3;-3.3;-6.2;-0.1;-0.4;0.5;3.3;1.3;28.53;129;25;51;19;86003;0.14;17.18;0.37;0.38
1991;11;17;321;-2.1;-3.6;-9.1;-2.3;-4.9;-10.3;1.3;-0.1;0.53;3.3;1.3;49.43;91;19;72;26;86584;0.26;9.69;0.37;0.38
1991;11;18;322;0.1;-6.4;-14.4;-3.3;-8.9;-16.5;0;1.5;0.53;3.3;1.3;51.95;63;16;49;20;86586;0.06;0.8;0.37;0.38
1991;11;19;323;3.1;-2.4;-6;-1.9;-5.1;-7.7;-0.2;1.3;0.52;3.3;1.3;53.52;182;41;85;47;86273;0.3;1.58;0.37;0.38
1991;11;20;324;0.7;-2.8;-7.1;-1.1;-4.1;-8.8;0.1;0.2;0.51;3.3;1.3;54.55;91;19;41;16;86267;0.05;3.29;0.37;0.38
1991;11;21;325;-1.2;-2;-2.8;-1.7;-2.5;-3.1;-0.4;-0.9;0.51;3.3;1.3;58.92;51;10;13;8;87031;0.12;3.99;0.37;0.38
1991;11;22;326;-0.3;-2.1;-3.3;-2;-3.1;-4.2;-0.4;-0.6;0.51;3.3;1.3;61.78;123;26;62;24;87284;0.14;1.46;0.37;0.38
1991;11;23;327;0.1;-2.2;-6.3;-1.7;-3.2;-6.8;-0.5;-0.2;0.51;3.3;1.3;62.29;150;32;69;36;87408;0.11;0.06;0.37;0.38
1991;11;24;328;0.3;-4;-9.4;-2.4;-5.5;-10.3;-0.2;0.3;0.5;3.3;1.3;62.44;140;28;55;38;86887;0.07;0.32;0.37;0.38
1991;11;25;329;4;-2.8;-7.9;1.1;-4.7;-9.5;0.1;0.9;0.49;3.3;1.3;62.58;171;37;80;48;86997;0.04;0;0.37;0.38
1991;11;26;330;5.2;-4.5;-11.7;2.1;-6.9;-13.4;0.2;1.3;0.49;3.3;1.3;62.23;176;39;88;56;87697;-0.01;0;0.37;0.38
1991;11;27;331;5.9;-3;-9.2;3;-5.7;-12;0.1;1.3;0.48;3.3;1.3;61.39;169;38;80;48;88143;-0.02;0;0.37;0.38
1991;11;28;332;6;-2.3;-8.3;2.5;-5;-11;0.1;1.2;0.48;3.3;1.3;60.44;170;38;84;51;88114;0;0;0.37;0.38
1991;11;29;333;5.5;-3.6;-9;1.5;-6.2;-11.5;-0.2;1.2;0.47;3.3;1.3;59.57;177;39;91;57;87900;0.02;0;0.37;0.38
1991;11;30;334;5.2;-3.9;-10.4;1;-7;-13.3;0.1;1.3;0.47;3.3;1.3;58.79;177;38;96;60;87560;0.01;0;0.37;0.38
1991;12;1;335;3.6;-2.7;-7.8;-0.3;-5.8;-11.2;-0.1;0.6;0.47;3.3;1.3;58.27;168;36;87;51;87630;0.1;0;0.37;0.38
1991;12;2;336;2.9;-3.3;-8;-0.8;-6;-10.6;0;0.7;0.46;3.3;1.3;58.03;156;34;85;51;87790;0.1;0;0.37;0.38
1991;12;3;337;3.1;-4;-9.8;-2.3;-7.9;-13.4;0.1;0.8;0.46;3.3;1.3;57.71;168;36;93;55;88053;0.09;0;0.37;0.38
1991;12;4;338;1.7;-4.1;-8.9;-2.9;-7.8;-12.5;0;0.5;0.45;3.3;1.3;57.4;156;33;76;47;87852;0.14;0;0.37;0.38
1991;12;5;339;-2.1;-5;-7.1;-4.2;-7;-10.1;0.4;-0.2;0.46;3.3;1.3;58.08;117;25;55;31;87766;0.06;3.22;0.37;0.38
1991;12;6;340;-6.5;-8.1;-10.7;-7.2;-9.8;-11.8;0.4;-0.6;0.48;3.3;1.3;61.69;111;23;63;33;88269;0.14;2.48;0.37;0.38
1991;12;7;341;-3.6;-6.6;-11.4;-6.2;-8.7;-12.8;0.7;0.1;0.49;3.3;1.4;64.3;108;21;44;13;88494;0.1;2.51;0.37;0.38
1991;12;8;342;-3.4;-5.5;-8.5;-5.7;-6.9;-9.7;0;-0.1;0.49;3.3;1.4;65.62;111;24;48;28;88113;0.06;1.35;0.36;0.38
1991;12;9;343;-5.3;-8.3;-17;-5.9;-10;-18.7;-1;-0.4;0.5;3.3;1.4;67.16;152;31;97;53;88110;0.14;0.64;0.36;0.38
1991;12;10;344;-8.7;-14.8;-19.9;-14;-18.4;-22.1;-0.5;0.6;0.5;3.3;1.4;67.28;160;34;86;60;88235;0.03;0.02;0.36;0.38
1991;12;11;345;-3.3;-14.9;-24.3;-12.5;-20.4;-28;0;1.3;0.49;3.3;1.4;67.28;164;35;86;54;88486;0.02;0;0.36;0.38
1991;12;12;346;-0.9;-13.4;-22.1;-8.1;-17.9;-25.3;0.1;1.4;0.49;3.3;1.4;67.28;162;34;86;51;88752;0.01;0;0.36;0.38
1991;12;13;347;0;-12.6;-21.4;-6.5;-17;-24.4;0.2;1.5;0.49;3.3;1.4;67.29;162;34;87;52;88802;0;0;0.36;0.38
1991;12;14;348;-0.2;-12.3;-20.5;-6.5;-16.6;-23.7;0.2;1.6;0.49;3.3;1.4;67.31;162;34;85;52;88620;0;0;0.36;0.38
1991;12;15;349;-0.5;-12.3;-20.6;-6.5;-16.7;-23.7;0.2;1.6;0.48;3.3;1.4;67.29;162;34;86;54;88174;0;0;0.36;0.38
1991;12;16;350;-1.8;-13.1;-20.9;-7.8;-17.4;-24.1;0.1;1.7;0.48;3.3;1.3;67.23;158;33;80;51;87911;0.05;0;0.36;0.38
1991;12;17;351;-0.2;-7.4;-18.2;-1.7;-9.7;-20.9;0.4;1.3;0.49;3.3;1.3;70.47;56;11;40;2;87827;0.04;11.28;0.36;0.38
1991;12;18;352;0.5;-1.9;-4.3;-1.2;-3.8;-5.8;1.9;0.4;0.51;3.3;1.3;81.57;74;15;57;25;87110;0.44;15.23;0.36;0.38
1991;12;19;353;2.3;-1.1;-4.3;-1.5;-3.8;-6;1.6;1.3;0.53;3.3;1.3;93.79;38;6;53;16;86922;0.18;8.48;0.36;0.38
1991;12;20;354;-1.1;-3.5;-5.8;-3;-6.1;-8.4;2.1;0.4;0.53;3.3;1.3;103.16;58;13;67;30;86094;0.47;14.29;0.36;0.38
1991;12;21;355;-0.3;-3.7;-6.2;-1.5;-5.9;-8.6;1.8;1;0.53;3.2;1.3;114.58;47;8;38;12;86340;0.11;19.16;0.36;0.38
1991;12;22;356;3.8;2.6;0.4;2.5;1.7;-1.1;2.5;0.7;0.53;3.2;1.3;129.56;7;2;-1;-2;86727;-0.43;44.41;0.38;0.38
1991;12;23;357;3.7;1.3;-1.4;2.2;-1.6;-6.5;1.6;0.8;0.5;3.2;1.3;124.03;124;25;91;47;87683;-0.05;0.65;0.4;0.38
1991;12;24;358;1.3;-2.4;-5.4;-1;-4.2;-7.4;2;-0.2;0.5;3.2;1.3;128.25;73;14;80;34;88225;0.35;10.65;0.4;0.38
1991;12;25;359;-4;-5.5;-7.6;-5.7;-7.3;-9.6;1.2;0;0.52;3.2;1.3;135.87;56;11;54;22;88896;0.04;6.29;0.4;0.39
1991;12;26;360;-1.5;-4.6;-10;-4.4;-8.1;-12.3;1.4;1;0.52;3.2;1.3;139.29;54;11;57;15;88170;0.19;1.28;0.39;0.39
1991;12;27;361;-1.8;-2.8;-4.2;-3.6;-4.2;-5.5;2.8;-0.5;0.53;3.2;1.3;152.28;22;4;40;11;87492;0.16;22.84;0.39;0.39
1991;12;28;362;-4.3;-6;-12.8;-5.1;-7.6;-14.2;0.3;-0.2;0.54;3.2;1.3;163.8;119;24;77;46;88307;0.11;1.13;0.39;0.39
1991;12;29;363;-1.7;-9.9;-17.1;-6.6;-13.9;-19.7;0.1;1.2;0.53;3.2;1.3;163.89;142;30;66;47;88670;0.07;0;0.39;0.39
1991;12;30;364;-0.7;-8.2;-14.6;-6;-12.2;-17.6;0;1;0.53;3.2;1.3;163.88;128;27;61;38;88929;0;0;0.39;0.39
1991;12;31;365;-1.6;-10.5;-17.1;-6.2;-14.2;-20.3;0;1.4;0.53;3.2;1.3;163.9;139;29;77;50;88642;0.03;0;0.38;0.39
1992;1;1;1;-0.1;-12.3;-18.8;-6.7;-16;-21.6;0.3;1.7;0.52;3.1;1.3;163.9;149;31;66;44;88657;0.04;0;0.38;0.39
1992;1;2;2;2;-8.5;-14;-1.3;-11.5;-16.5;0.3;1.7;0.52;3.1;1.3;163.91;144;30;68;42;88808;-0.03;0;0.38;0.39
1992;1;3;3;1.8;-7.8;-13.7;-3.1;-12.7;-17.7;0.3;1.6;0.52;3.1;1.3;163.93;154;32;81;54;88520;-0.02;0;0.38;0.39
1992;1;4;4;0.1;-8;-14.1;-7.4;-14.3;-19.7;0.6;1.5;0.51;3.1;1.3;163.93;152;31;68;43;88197;0;0;0.38;0.39
1992;1;5;5;0.1;-4.8;-9.2;-3.5;-7.9;-13.3;0.8;1.4;0.51;3.1;1.3;164.71;84;16;50;13;88402;0;1.11;0.38;0.39
1992;1;6;6;1.1;-5.8;-10.8;-3.8;-8.6;-12.7;0.4;1.6;0.51;3.1;1.3;165.06;132;28;57;42;88417;0.1;0;0.38;0.39
1992;1;7;7;2.1;-8.1;-13.5;-1;-10.6;-15.9;0.2;1.6;0.5;3.1;1.3;164.94;157;33;83;56;87850;0.01;0;0.38;0.39
1992;1;8;8;2.8;-6.5;-11.8;-2.9;-10.3;-14.5;0.1;1.7;0.5;3.1;1.3;164.99;153;32;73;40;87389;-0.03;0;0.38;0.39
1992;1;9;9;1.1;-2.5;-5.9;-2.8;-6.4;-11.2;0;2;0.5;3.1;1.3;165.09;124;23;64;21;86698;0.08;0.23;0.37;0.39
1992;1;10;10;0.3;-2.2;-4.1;-1.5;-4;-6.9;0.1;0.6;0.49;3.1;1.2;166.2;89;18;46;25;86975;0;2.39;0.37;0.39
1992;1;11;11;1.2;-4.2;-9.2;-2;-6.2;-11.7;0;0.9;0.49;3.1;1.2;167.59;143;29;78;55;87831;0.02;0;0.37;0.39
1992;1;12;12;0.9;-6;-12.3;-4;-9.9;-15.9;0.2;0.9;0.49;3;1.2;167.63;170;36;92;59;88189;-0.02;0;0.37;0.39
1992;1;13;13;-0.5;-3.5;-5.9;-4;-6.4;-10;-0.1;0.1;0.49;3;1.2;167.74;137;27;63;28;88347;-0.02;0.3;0.37;0.39
1992;1;14;14;-0.4;-2.8;-5;-4.3;-5.2;-6.2;0.3;0;0.49;3;1.2;168.23;156;31;74;24;88359;0;0.41;0.37;0.39
1992;1;15;15;1.9;-0.9;-3.2;-1.5;-3.3;-5;0.3;0.1;0.48;3;1.2;168.53;119;26;62;29;88452;0.03;0.01;0.37;0.39
1992;1;16;16;1.8;-2.2;-4.8;-2.4;-4.6;-7.1;0.4;0.3;0.48;3;1.2;168.61;157;34;85;54;88115;-0.04;0.07;0.37;0.39
1992;1;17;17;-1.5;-3.3;-4.7;-4.9;-5.7;-6.2;0.3;-0.1;0.48;3;1.2;168.85;154;33;75;50;88228;0;0.22;0.37;0.39
1992;1;18;18;-1.2;-4.2;-6;-5.7;-6.8;-8.4;0;0.1;0.48;3;1.2;168.97;152;33;69;51;88133;-0.03;0.02;0.37;0.39
1992;1;19;19;-1.1;-5.3;-10.3;-6.4;-9.4;-15.6;0.5;0.6;0.47;3;1.2;169.67;157;33;65;30;87521;0;4.15;0.37;0.39
1992;1;20;20;-2.3;-4.7;-9.8;-4.1;-6.2;-11;-0.2;-0.3;0.5;3;1.2;175.87;100;20;41;10;87092;0.08;5.06;0.36;0.39
1992;1;21;21;-10.1;-12.1;-15.3;-11.5;-14.6;-17.7;-1.4;-0.5;0.51;3;1.2;178.22;175;36;89;58;87499;0.21;0.2;0.36;0.39
1992;1;22;22;-3.1;-11;-17.2;-10.1;-15.5;-20.7;-0.1;0.9;0.51;3;1.2;178.22;160;36;77;47;87648;0;0.05;0.36;0.39
1992;1;23;23;1;-8.9;-16.2;-5.4;-12.7;-18.9;-0.1;1.7;0.5;3;1.2;178.28;187;41;83;51;88006;-0.05;0;0.36;0.39
1992;1;24;24;2.1;-6.9;-12.6;-4.8;-10.8;-15.1;0.1;1.4;0.5;3;1.2;178.38;188;43;84;53;88282;-0.04;0;0.36;0.39
1992;1;25;25;1.8;-6;-13;-4.2;-9.3;-15.1;0.2;0.8;0.5;3;1.2;178.34;172;39;70;43;88467;-0.01;0;0.36;0.39
1992;1;26;26;-1;-5.7;-9.5;-4.5;-8.3;-12.6;0.1;0.1;0.49;3;1.2;178.44;141;31;46;24;88520;-0.06;0.24;0.36;0.39
1992;1;27;27;-3.4;-6.1;-8.6;-6.7;-7.7;-10.6;-1;-0.4;0.49;3;1.2;178.97;166;33;74;37;88435;0.04;0.4;0.36;0.39
1992;1;28;28;-2.3;-7.6;-11.5;-6.4;-10.8;-14.6;-0.7;0.4;0.49;3;1.2;179.08;175;41;83;56;88543;-0.09;0.02;0.36;0.39
1992;1;29;29;3.9;-6.1;-13.8;-3.6;-11;-17;-0.3;1.2;0.49;3;1.2;179.09;199;46;82;55;88571;0.05;0;0.36;0.39
1992;1;30;30;4.6;-4.8;-12.5;-3;-9.1;-16;0;1;0.48;3;1.2;179.04;209;49;95;56;88561;0.02;0;0.36;0.39
1992;1;31;31;2.4;-4.6;-10.1;-2.6;-8.2;-13.1;-0.3;0.9;0.48;3;1.2;179.1;208;48;92;59;88383;-0.03;0;0.36;0.39
1992;2;1;32;2.9;-5.6;-11.8;-2.5;-9;-15.1;0;1;0.48;3;1.2;179.1;210;50;95;64;88203;0.03;0;0.35;0.39
1992;2;2;33;2.8;-5.9;-12.5;-5.2;-11.2;-16.1;0.5;1.2;0.47;3;1.2;179.1;205;49;87;61;88050;0.01;0;0.35;0.39
1992;2;3;34;2.3;-4.9;-11.7;-3.7;-9.3;-15.4;1.7;0.9;0.47;3;1.2;179.97;191;40;69;39;87495;0.14;5.34;0.35;0.39
1992;2;4;35;-1.7;-2.9;-4.4;-2.5;-4.5;-6.3;2.1;0;0.51;3;1.2;191.52;74;15;25;13;86966;0.1;21.15;0.35;0.39
1992;2;5;36;0.5;-1;-2.8;-0.4;-1.9;-3.3;1.6;0.3;0.54;3;1.2;215.9;17;4;14;3;87353;0;21.87;0.35;0.39
1992;2;6;37;1.1;-0.8;-4.2;-0.4;-2.3;-5.2;0.8;-0.2;0.52;3;1.2;226.72;162;36;78;33;88104;0.19;3.12;0.35;0.39
1992;2;7;38;3.3;-3.3;-9.1;-2.5;-6.8;-10.8;0;0.8;0.5;3;1.2;226.75;213;53;89;70;88350;0.26;0;0.35;0.39
1992;2;8;39;7;-4;-12.3;-1.4;-8.7;-14.8;0;1.2;0.5;3;1.2;226.58;232;56;97;65;88226;0.16;0;0.35;0.39
1992;2;9;40;7.5;-3.5;-13.3;0.9;-6.8;-15.4;0.1;1.1;0.49;3;1.2;226.51;231;56;100;66;87617;-0.01;0;0.35;0.39
1992;2;10;41;0;-4.7;-9.8;-4.8;-8.4;-13.2;1.1;1;0.5;3;1.2;227.46;170;40;84;47;87486;0.09;1.35;0.35;0.39
1992;2;11;42;-0.8;-5.7;-12.8;-3;-8.8;-15.5;0.2;1.4;0.5;3;1.2;228.84;91;21;65;17;87349;0.11;5.7;0.35;0.39
1992;2;12;43;5.4;0.7;-3.3;1.6;-1.3;-4.2;0.2;1.2;0.49;3;1.2;234.77;130;33;52;19;87207;-0.03;4.22;0.35;0.39
1992;2;13;44;6;-0.8;-5.5;1.2;-2.1;-6.8;0.4;0.5;0.48;3;1.2;236.08;203;43;65;32;86766;0.14;10.75;0.35;0.39
1992;2;14;45;1.1;-2.1;-7.6;-1.7;-4;-9.2;0.9;0.3;0.5;3;1.2;244.03;187;45;94;50;87555;0.41;2.19;0.35;0.39
1992;2;15;46;3.2;-2.2;-8.5;-1.6;-5.2;-10.3;0.7;1.2;0.49;3;1.2;244.47;110;30;78;33;87533;0.19;3.42;0.35;0.39
1992;2;16;47;0.4;-1.8;-5.4;-0.8;-4.2;-8.1;2;0.1;0.49;3;1.2;251.95;181;41;66;32;87163;0.67;9.79;0.36;0.39
1992;2;17;48;-5.4;-7;-9.7;-7.9;-9.3;-11.7;1.9;-0.3;0.52;3;1.2;261.1;121;26;60;24;87002;0.51;15.49;0.35;0.39
1992;2;18;49;-8.2;-10.6;-12.9;-11.4;-14.1;-15.8;0.5;-0.7;0.53;3;1.2;271.93;214;50;89;51;87785;0.25;3.18;0.35;0.39
1992;2;19;50;-7.5;-11.8;-18.3;-12.9;-15.6;-20.3;-0.3;0.2;0.53;3;1.2;272.6;259;66;103;76;88111;0;0.01;0.35;0.39
1992;2;20;51;-6.3;-12;-19.3;-11.4;-16.4;-23;-0.1;0.5;0.53;3;1.2;272.62;244;61;88;58;87876;0.01;0.03;0.35;0.38
1992;2;21;52;-5.2;-11.1;-20.5;-8.8;-14.7;-23.1;0.5;0.7;0.53;3;1.2;272.83;210;53;60;33;88106;0;0.94;0.35;0.38
1992;2;22;53;-0.4;-6.3;-12.7;-6.2;-9.9;-14.9;0.2;0.7;0.52;3;1.2;273.87;240;51;81;36;88360;-0.04;0.32;0.35;0.38
1992;2;23;54;1.8;-2.9;-9.6;-4.4;-7.9;-11.9;0.9;1.2;0.52;3;1.2;273.99;157;37;73;17;88406;0.08;0.1;0.35;0.38
1992;2;24;55;5.3;-2;-9;-2.6;-6.8;-10.8;-0.3;1.1;0.52;3.1;1.2;273.98;278;71;110;68;88248;0.16;0;0.35;0.38
1992;2;25;56;8;-1.6;-11.3;-1.3;-7.1;-13.4;0;0.9;0.51;3.1;1.3;273.71;254;66;80;49;87789;0.17;0;0.35;0.38
1992;2;26;57;4.8;-0.6;-5.7;0.2;-4;-8.1;0.1;0.7;0.5;3.1;1.3;273.62;261;66;82;50;88089;0.06;0;0.35;0.38
1992;2;27;58;6.5;-1.9;-9.5;1.4;-5.7;-11;-0.1;1;0.5;3.1;1.3;273.46;286;77;96;70;88376;0.19;0;0.35;0.38
1992;2;28;59;6.4;-1.4;-8.9;-1.4;-5.6;-10.9;0.3;0.9;0.49;3.1;1.3;273.14;288;77;95;70;88623;0.18;0;0.35;0.38
1992;2;29;60;7.6;-1;-8.4;-1.2;-6.2;-11.1;-0.1;0.9;0.49;3.1;1.3;272.89;300;81;100;73;88502;0.11;0;0.35;0.38
1992;3;1;61;8.1;-0.8;-8.4;-2.8;-6.8;-11.3;-0.1;0.9;0.48;3.1;1.3;272.57;307;83;106;77;88132;0.22;0;0.35;0.38
1992;3;2;62;4.5;-1.7;-8.1;-1.5;-5.6;-11.2;1;0.5;0.48;3.1;1.3;273.38;289;73;93;58;88135;0.19;5.39;0.35;0.38
1992;3;3;63;5.2;-0.8;-7.7;-3.9;-6.1;-9.3;1;1;0.49;3.1;1.3;276.69;290;78;90;62;88571;0.37;0;0.35;0.38
1992;3;4;64;9.2;2.8;-3.5;-0.8;-3.3;-5.9;0;0.6;0.48;3.1;1.3;275.32;301;79;90;50;88562;0.21;0;0.35;0.38
1992;3;5;65;10.8;2.2;-5.6;2.8;-2.2;-7.2;-0.1;0.9;0.47;3.1;1.3;272.86;317;87;92;65;88120;0.03;0;0.35;0.38
1992;3;6;66;4.1;1.5;-2.3;2.7;0.1;-3.9;0.9;0.3;0.46;3.2;1.3;270.96;89;29;46;16;88285;-0.18;4.77;0.35;0.38
1992;3;7;67;4.7;1.1;-3.4;-0.1;-1.9;-5.8;-0.6;0;0.45;3.2;1.3;269.06;321;84;102;60;88291;0.24;0.54;0.36;0.38
1992;3;8;68;5.7;0.9;-5.8;-1.4;-3.8;-7.5;0.4;0.4;0.44;3.2;1.3;266.67;352;96;108;73;88186;0.31;0;0.36;0.38
1992;3;9;69;5.4;1.3;-3.9;-0.2;-2.4;-5.7;0;0.2;0.43;3.2;1.3;265.04;331;93;98;66;88635;0.19;0.18;0.36;0.38
1992;3;10;70;7.8;1.1;-5.9;-0.2;-3.7;-7.2;0.3;0.5;0.42;3.2;1.3;263;370;105;111;80;88390;0.26;0;0.36;0.38
1992;3;11;71;1.6;-1.4;-5;-0.5;-4.6;-6.8;1.2;0.2;0.43;3.2;1.3;263.63;274;62;78;47;87879;0.6;3.3;0.36;0.38
1992;3;12;72;4.1;-0.2;-5.2;-3.9;-5.9;-7.9;1.4;0.8;0.43;3.2;1.3;264.05;365;96;96;59;87358;0.86;0.18;0.36;0.38
1992;3;13;73;5.2;2.7;0.1;-0.2;-2.2;-4.4;2.5;1.4;0.42;3.2;1.3;262.88;187;50;32;20;86229;0.69;3.58;0.36;0.38
1992;3;14;74;2.6;0.3;-1;0.6;-1.1;-2.4;2.4;0.1;0.47;3.2;1.3;267.95;80;20;19;10;86463;0.31;25.6;0.37;0.38
1992;3;15;75;0.5;-0.5;-2.3;-0.5;-1.1;-2.5;1.4;0;0.52;3.2;1.3;293.54;37;10;17;5;86807;0.22;40.06;0.37;0.38
1992;3;16;76;-0.9;-2.6;-3.8;-3;-4.7;-5.6;1.1;-0.9;0.52;3.2;1.3;314.64;169;51;47;28;87822;0.81;3.48;0.37;0.38
1992;3;17;77;2.3;-2.1;-7.2;-2.3;-4.9;-8.2;-0.1;0.2;0.5;3.3;1.3;315.35;289;82;87;58;88248;0.5;0.02;0.37;0.38
1992;3;18;78;4.2;-1.7;-10.3;-1.2;-5.3;-11.7;-0.3;0.4;0.5;3.3;1.3;315.13;350;95;97;60;87850;0.42;0;0.37;0.38
1992;3;19;79;5.2;0;-6.1;-0.2;-3.5;-7.9;1;0.4;0.49;3.3;1.3;315.06;304;84;83;41;87720;0.33;4.22;0.37;0.38
1992;3;20;80;2.8;1.6;0.3;1.5;0.3;-3.6;0.9;0.9;0.48;3.3;1.3;318.08;85;22;63;14;87793;-0.03;8.24;0.37;0.38
1992;3;21;81;7.3;2.8;-1.2;2.4;-0.1;-3.9;1.9;0.4;0.46;3.3;1.3;313.47;246;64;64;22;87575;0.24;10.81;0.38;0.39
1992;3;22;82;2.1;0;-3.3;-0.1;-2.6;-6.1;1.9;1.1;0.47;3.3;1.3;312.44;169;36;77;31;86854;0.6;15.79;0.39;0.39
1992;3;23;83;3.4;0.5;-1.2;1.1;-0.8;-2.4;0.2;-0.1;0.51;3.3;1.3;328.81;258;58;43;18;85531;0.29;39.87;0.39;0.39
1992;3;24;84;0.3;-1.6;-3.1;-1.6;-2.8;-4;0.3;-0.8;0.53;3.4;1.4;354.49;226;44;38;18;85171;0.59;15.24;0.39;0.39
1992;3;25;85;0.5;-2.7;-8.1;-3.4;-5.1;-9.5;1.2;0.1;0.51;3.4;1.4;359.75;233;70;78;51;85912;0.73;2.52;0.39;0.39
1992;3;26;86;3;-3.7;-11.9;-4.2;-7.3;-13.5;-0.6;-0.1;0.5;3.4;1.4;360.57;367;103;97;60;85108;0.77;0.67;0.38;0.39
1992;3;27;87;1.1;-2;-4.2;-3.9;-5.1;-6.3;0.9;-0.2;0.5;3.4;1.4;362.02;327;90;78;38;85123;0.63;2.3;0.38;0.39
1992;3;28;88;-2.5;-4.4;-6.2;-5;-6.9;-8.9;1.4;0.2;0.51;3.4;1.4;367.76;215;56;80;38;85730;0.47;10.52;0.38;0.39
1992;3;29;89;0;-3.7;-9.2;-4.1;-6.4;-10.9;1.5;-0.2;0.53;3.4;1.4;377.65;251;67;70;37;85942;0.47;6.39;0.38;0.39
1992;3;30;90;3.6;-3.8;-13.3;-2.9;-8.2;-15.4;-0.5;1;0.53;3.4;1.4;379.1;328;95;73;58;85545;0.64;0.06;0.38;0.39
1992;3;31;91;7.1;-0.6;-8;-1.2;-5.1;-10.5;-0.5;1.6;0.52;3.5;1.4;379.06;353;93;88;62;84727;0.49;1.07;0.37;0.39
1992;4;1;92;2.5;-0.8;-2.8;-1.4;-2.5;-3.8;0.8;-0.1;0.52;3.5;1.4;387.75;323;62;70;25;84904;0.33;14;0.37;0.39
1992;4;2;93;4.9;-0.7;-6;-2.8;-6;-8.3;-0.1;0.6;0.52;3.5;1.4;393.52;364;107;97;68;85596;0.85;0.64;0.37;0.39
1992;4;3;94;5;0.7;-4.8;0.7;-2.2;-7;-0.3;0;0.51;3.5;1.4;394.87;234;65;49;33;86097;0.28;4.91;0.37;0.39
1992;4;4;95;5;2.2;0.2;2.4;1.1;-1.1;-0.2;-0.4;0.49;3.5;1.4;394.76;255;69;46;19;86264;-0.04;5.37;0.37;0.39
1992;4;5;96;2.6;0.6;-1.6;1.8;0.2;-1.8;0.1;-0.7;0.48;3.5;1.4;393.13;127;38;28;11;86278;0;15.85;0.38;0.39
1992;4;6;97;2.6;-0.9;-3.8;-2;-3.6;-4.4;-0.7;-0.6;0.5;3.5;1.4;399.82;280;91;70;39;86388;0.93;0.85;0.38;0.39
1992;4;7;98;5.1;0.7;-3.8;-0.4;-2.3;-5.6;-0.6;-0.1;0.48;3.6;1.4;399.19;368;106;85;59;85948;0.56;0;0.38;0.39
1992;4;8;99;6;1.3;-2;-0.7;-2.6;-4.9;-1.2;-0.5;0.46;3.6;1.4;397.54;426;129;98;68;86254;0.94;0;0.38;0.39
1992;4;9;100;5.3;0.9;-3.4;-1.6;-3.6;-5.5;-1.6;-0.5;0.44;3.6;1.4;395.21;391;127;99;70;87310;1.13;0;0.38;0.39
1992;4;10;101;5.7;2;-1.7;-1.3;-3.8;-5.7;-1.2;-0.2;0.43;3.6;1.4;393.13;445;145;107;86;87444;1.13;0;0.38;0.39
1992;4;11;102;5.7;1.9;-2.5;-1.7;-4.3;-5.8;-0.8;-0.1;0.42;3.6;1.4;390.99;472;152;108;85;87174;1.29;0;0.38;0.39
1992;4;12;103;7.3;2.2;-5.4;0.7;-2.5;-6.7;0.4;0.4;0.42;3.6;1.4;386.86;476;154;111;79;87124;1.04;0.04;0.38;0.39
1992;4;13;104;5.2;1.8;-1.4;2.7;-1.3;-4.8;1.5;0.3;0.41;3.6;1.4;380.61;317;96;69;41;87337;0.44;5.65;0.38;0.39
1992;4;14;105;7.5;1.8;-4.9;-1.1;-4.2;-6.8;1.2;0.7;0.41;3.7;1.5;374.42;451;142;100;73;87328;1.51;0.01;0.39;0.39
1992;4;15;106;6.2;0.4;-4.7;1.2;-2.1;-7;0.6;1;0.42;3.7;1.5;371.51;338;75;72;42;86198;0.4;6.51;0.39;0.39
1992;4;16;107;0.4;-1.8;-4.2;-3.3;-4.5;-6.3;1.5;-0.1;0.46;3.7;1.5;375.96;332;92;68;39;86851;1.14;6.87;0.39;0.39
1992;4;17;108;-0.1;-2.5;-4.2;-4.3;-6.4;-8.9;1.2;-0.8;0.47;3.7;1.5;380.2;319;98;57;37;87714;1.5;4.46;0.39;0.39
1992;4;18;109;2.5;-0.3;-3.5;-0.1;-2.7;-4.9;1.1;0.6;0.48;3.7;1.5;383.51;184;47;29;12;87717;0.41;6.71;0.39;0.39
1992;4;19;110;4.5;2.6;1.1;3.9;1.8;0;1.2;0.6;0.47;3.7;1.5;385.97;95;26;18;-2;87761;-0.26;11.54;0.39;0.39
1992;4;20;111;4.5;1.9;-0.2;1.4;-2.3;-5.2;0.9;-0.9;0.46;3.8;1.5;380;392;119;93;50;87831;1.17;3.69;0.41;0.39
1992;4;21;112;10.1;3.2;-3.2;1.6;-2.6;-5.6;-0.5;0.4;0.44;3.8;1.5;375;485;160;120;85;87603;1.2;0;0.41;0.39
1992;4;22;113;9.9;4.1;-2.6;3.4;0.2;-4.4;1.3;1;0.43;3.8;1.5;366;410;114;70;37;87054;0.74;3.23;0.41;0.39
1992;4;23;114;5.9;3;1.1;3.7;1.5;-0.5;1;0.8;0.43;3.8;1.5;354.6;301;62;44;18;86793;0;17.72;0.42;0.4
1992;4;24;115;12.9;5.6;-1.9;5.2;1.2;-2.8;0.4;0.6;0.42;3.8;1.5;341.3;440;151;83;56;87062;0.83;0.02;0.42;0.4
1992;4;25;116;18.1;8.9;-1.3;5.7;0.9;-3.5;0.3;0.8;0.42;3.8;1.5;323.37;498;167;107;60;87541;1.11;0.02;0.43;0.41
1992;4;26;117;14.4;8.4;0.7;7.6;3;-1.2;0.5;0.7;0.4;3.9;1.5;303.16;489;158;82;52;87885;0.87;0.03;0.43;0.41
1992;4;27;118;12.2;6;-0.1;6.3;3.4;-1.9;0.9;0.7;0.39;3.9;1.5;284.36;459;121;77;28;87586;0.27;5.52;0.43;0.41
1992;4;28;119;13.2;6.1;-0.9;6.8;3.6;-1.6;0.3;0.3;0.39;3.9;1.5;265.42;366;116;60;27;86976;0.23;19.93;0.43;0.42
1992;4;29;120;3.9;1.7;0.2;1.4;0.1;-1.1;0.9;-0.1;0.41;3.9;1.6;253.13;276;75;53;26;87217;0.4;7.61;0.43;0.42
1992;4;30;121;4;1.9;-0.2;2.5;0.4;-0.9;-0.3;-0.5;0.42;3.9;1.6;248.92;232;80;51;27;87648;0.32;3.86;0.42;0.42
1992;5;1;122;14.1;6.6;-2.2;7.2;2.5;-3.5;0.2;0.1;0.41;3.9;1.6;238.92;503;162;88;53;87134;0.78;4.63;0.42;0.42
1992;5;2;123;11.6;6.9;2.6;5.3;3.9;1.3;0;-0.4;0.38;4;1.6;222.63;362;118;58;26;86936;0.71;3.21;0.43;0.43
1992;5;3;124;6.1;4.3;2.8;4.4;3.6;2.7;-0.4;-1;0.35;4;1.6;210.25;176;56;12;2;87730;0.35;3.97;0.43;0.43
1992;5;4;125;8.1;5.3;2.8;4.9;4;2.7;-1.2;-0.7;0.34;4;1.6;198.81;332;94;32;6;87868;0.61;2.19;0.42;0.43
1992;5;5;126;8.5;6.4;3.2;7.1;5.2;2.9;-0.5;-0.4;0.33;4;1.6;186.06;369;115;48;18;87826;0.64;5.2;0.42;0.43
1992;5;6;127;9.6;6.6;3.4;5.4;3.9;1.3;0.1;0.1;0.32;4;1.6;174.09;307;94;53;19;88151;0.81;1.79;0.42;0.43
1992;5;7;128;11.7;6.9;-0.7;4.1;1.6;-1.3;0.5;0.3;0.32;4;1.6;163.36;583;194;97;64;87839;1.66;0;0.42;0.43
1992;5;8;129;12;7.1;0.1;4.9;2.6;-1.6;1.3;0.5;0.31;4.1;1.6;151.25;490;165;79;49;87160;1.43;0.82;0.41;0.43
1992;5;9;130;11.3;7.6;3.1;6;4.1;1;1.2;0.3;0.31;4.1;1.6;137.84;449;143;75;36;86910;1.28;0.71;0.41;0.43
1992;5;10;131;10.5;7.6;2.8;6.1;4.2;0.7;1.2;0.1;0.31;4.1;1.6;125.3;369;134;57;32;87103;1.08;1.02;0.41;0.43
1992;5;11;132;10.3;5.3;1.3;7;2.7;-0.1;1.5;0.4;0.3;4.1;1.6;114.59;296;105;79;39;87399;1.19;10.29;0.41;0.43
1992;5;12;133;11.6;7.5;1.8;4.6;2;-0.5;0.2;0;0.3;4.1;1.6;104.6;618;206;103;70;88259;1.75;0;0.41;0.43
1992;5;13;134;16.2;10.6;1;9.1;4.5;-1.1;-0.5;0.2;0.3;4.1;1.7;91.09;612;217;95;69;88479;2.09;0;0.4;0.43
1992;5;14;135;17.5;11.6;0.4;9.6;5.6;-0.4;-0.7;0.2;0.28;4.2;1.7;75.74;639;228;104;76;88333;2.36;0;0.4;0.43
1992;5;15;136;17.5;12.2;1.8;9.8;6.4;1;-0.1;0;0.27;4.2;1.7;60.86;638;222;100;70;88455;2.21;0.02;0.4;0.43
1992;5;16;137;17;12;2.7;8.8;5.8;1.1;0;0.1;0.25;4.2;1.7;48.15;650;222;99;67;88527;2.36;0.1;0.39;0.43
1992;5;17;138;14.4;11.4;7.6;9.2;6.7;4.1;0;-0.7;0.24;4.2;1.7;37.63;533;185;70;51;88301;1.73;1.07;0.39;0.43
1992;5;18;139;13;8.6;3.5;4.9;3.5;1.3;-1.2;-0.6;0.23;4.2;1.7;28.41;616;215;102;66;87880;2.2;0;0.38;0.43
1992;5;19;140;12.7;7.7;2.6;2.7;1.5;-0.2;-2;-0.6;0.23;4.2;1.7;20.63;628;236;108;86;87776;2.46;0;0.38;0.43
1992;5;20;141;13.8;8.3;1.5;3.1;0.3;-1.6;-1.5;0.6;0.21;4.2;1.7;13.54;695;246;112;88;87611;3.09;0.13;0.37;0.43
1992;5;21;142;13.3;8.1;0.5;5.2;0.9;-2.3;-0.4;0.4;0.18;4.2;1.7;8.02;724;237;115;78;87527;3;0.23;0.37;0.43
1992;5;22;143;16.1;9.8;1.4;3.8;1.8;-0.2;-0.7;0.1;0.15;4.2;1.7;4.36;718;259;110;83;87395;3.5;0.01;0.36;0.43
1992;5;23;144;17.3;10.5;2.7;8.8;3.9;1.2;-0.5;0.5;0.13;4.3;1.7;2.15;729;225;109;68;87185;3.25;0.87;0.35;0.42
1992;5;24;145;16.6;10;3.2;9.9;6;1.6;-0.1;0.7;0.12;4.3;1.7;1.02;695;216;102;64;87288;3.1;2.92;0.35;0.42
1992;5;25;146;15.7;10.7;3.2;10.6;6.9;2.8;0.2;0.4;0.12;4.3;1.7;0.47;548;202;81;61;87611;2.91;2.36;0.35;0.42
1992;5;26;147;18.1;11.9;4;8.2;5.4;3.4;-0.6;0.1;0.12;4.3;1.7;0.2;741;260;113;74;87340;3.96;0.96;0.34;0.42
1992;5;27;148;16;10.5;5.5;10.7;7.2;4.4;-0.1;0.4;0.12;4.3;1.7;0.08;612;192;79;57;87209;2.98;8.58;0.34;0.42
1992;5;28;149;16.4;10.6;3;8;4.8;2.7;-0.9;-0.1;0.12;4.3;1.7;0.03;723;259;114;78;87245;3.96;0.37;0.34;0.42
1992;5;29;150;15.9;11.5;5.2;7.1;5.5;3.5;-0.3;0;0.12;4.3;1.7;0;624;191;98;63;87127;2.91;1.4;0.33;0.42
1992;5;30;151;17.3;12.1;6;7.7;6.2;5;-0.6;-0.1;0.12;4.3;1.7;0;623;214;101;61;87292;3.28;0.21;0.33;0.42
1992;5;31;152;18.4;12;6.5;12.7;8.7;5.5;-0.2;0.3;0.12;4.3;1.7;0;669;182;100;51;87145;2.82;9.16;0.33;0.42
1992;6;1;153;16.6;12.1;6.3;11.3;9.1;6;-0.4;0.7;0.12;4.3;1.7;0;488;168;70;49;86993;2.91;2.51;0.33;0.42
1992;6;2;154;21.3;14.8;9.5;11.4;9.3;6.9;0;1;0.12;4.3;1.7;0;660;229;98;64;86825;3.9;2.15;0.33;0.41
1992;6;3;155;14.2;11.2;8.5;12.5;10.3;8.1;0.4;0;0.12;4.4;1.8;0;376;102;59;23;87030;2.45;23.64;0.33;0.41
1992;6;4;156;15.4;11.4;6.4;8.1;6.9;5.8;0.1;-0.5;0.12;4.4;1.8;0;598;195;83;50;87108;3.39;0.4;0.34;0.41
1992;6;5;157;16;10.5;5.3;10.2;7.7;4.8;0.2;0.2;0.12;4.4;1.8;0;631;199;89;60;86916;3.28;18.6;0.34;0.41
1992;6;6;158;11.7;7.7;3.9;8.1;5.7;3.5;0.5;0.1;0.12;4.4;1.8;0;507;184;81;53;87126;3.1;11.17;0.35;0.41
1992;6;7;159;14.7;9;1.9;9.1;5.7;1.8;-0.4;0.1;0.12;4.4;1.8;0;641;220;83;60;86938;3.42;2.6;0.35;0.41
1992;6;8;160;10.8;8.5;4.8;8.6;6.3;3.1;0.7;0.4;0.12;4.4;1.8;0;397;153;66;48;86504;2.81;10.48;0.36;0.41
1992;6;9;161;12.8;8.9;6.4;8.7;7;4.7;0.7;0.3;0.12;4.4;1.8;0;482;125;84;36;86832;2.32;10.86;0.36;0.41
1992;6;10;162;14.5;9.4;3.5;10;7.1;3.3;-0.1;0;0.12;4.4;1.8;0;586;203;91;58;86845;3.04;7.98;0.36;0.41
1992;6;11;163;12.1;8.6;5;10.4;7.7;4.5;0.1;-0.1;0.12;4.4;1.8;0;557;158;60;42;86849;2.96;9.83;0.37;0.41
1992;6;12;164;11.8;8.8;5.6;10.3;7.9;5.4;-0.3;-0.2;0.12;4.4;1.8;0;380;122;40;25;87043;2.41;9.39;0.37;0.41
1992;6;13;165;13.8;10.1;7.5;11.2;9.3;7.4;0;-0.3;0.12;4.4;1.8;0;340;113;59;24;87419;2.01;13.38;0.38;0.41
1992;6;14;166;15.7;11.3;5.8;11;8.9;5.7;-0.1;0;0.12;4.4;1.8;0;434;171;73;52;88017;2.61;1.44;0.38;0.41
1992;6;15;167;19.1;13.1;4.9;9.6;7.1;4.8;-1;0;0.12;4.5;1.8;0;796;291;123;89;87920;4.75;0;0.38;0.41
1992;6;16;168;18.7;13.5;6.7;10.6;8.5;5.1;-1;-0.4;0.12;4.5;1.8;0;730;246;107;73;87537;3.98;0.49;0.37;0.41
1992;6;17;169;15.7;12;8.5;12;10.5;8.4;-0.8;-0.7;0.12;4.5;1.8;0;543;171;73;36;87608;3.72;15.78;0.37;0.41
1992;6;18;170;14.4;11.8;9;9.6;7.6;4.8;-0.9;-0.8;0.12;4.5;1.8;0;517;179;77;41;87230;3.26;1.02;0.38;0.41
1992;6;19;171;10.1;8;6.6;7.7;6.8;5.5;0;-0.4;0.12;4.5;1.8;0;163;57;46;17;86944;1.83;11.14;0.38;0.41
1992;6;20;172;18.5;12.1;6.3;13;9.4;6.2;-0.4;-0.3;0.12;4.5;1.8;0;640;205;91;50;87129;3.36;3.73;0.38;0.41
1992;6;21;173;13.2;11.1;8.9;10.5;9.3;8.8;0.1;-0.8;0.12;4.5;1.8;0;401;121;37;24;87520;2.23;4.89;0.38;0.41
1992;6;22;174;19.8;14.8;10.2;13.8;10.8;8.6;-1;-0.1;0.12;4.5;1.8;0;506;191;98;60;87252;2.96;0;0.38;0.41
1992;6;23;175;20;13.7;8.5;12.9;10.3;6.9;0.4;1;0.12;4.5;1.8;0;565;197;81;59;86817;3.48;7.59;0.38;0.41
1992;6;24;176;17.6;12.4;6.8;11.5;9.6;6.1;0;0;0.12;4.5;1.8;0;644;219;91;57;87039;3.55;9.52;0.38;0.4
1992;6;25;177;12.6;10.9;9.6;11.8;10.3;8.9;0.7;0.2;0.12;4.5;1.8;0;321;81;33;19;87281;2.26;24.55;0.39;0.4
1992;6;26;178;15.9;12.3;8.5;11;8.8;7.5;-0.9;-0.5;0.12;4.5;1.8;0;584;205;90;56;87598;3.49;1.18;0.4;0.4
1992;6;27;179;15.1;11.6;5.6;8;6.2;5;-0.6;-0.1;0.12;4.5;1.8;0;649;222;100;76;87785;3.54;0.41;0.39;0.4
1992;6;28;180;17;11.9;4.7;7.6;5.7;3.5;-1;-0.2;0.12;4.5;1.8;0;807;300;126;99;87839;4.56;0;0.39;0.4
1992;6;29;181;18.6;13.2;5;11.3;7.8;3.9;0;0.2;0.12;4.5;1.8;0;649;251;105;82;87762;4.15;0.06;0.38;0.4
1992;6;30;182;20.3;14.9;6.7;11.5;8.8;5.4;-0.2;0.2;0.12;4.5;1.9;0;622;243;102;73;87516;4.35;0.09;0.38;0.4
1992;7;1;183;15.6;13.2;10.7;12.7;11.2;8.8;0.4;-0.3;0.12;4.6;1.9;0;428;145;52;31;87314;2.5;7;0.37;0.4
1992;7;2;184;14.3;12;8.6;12.9;11.4;8.5;0.3;-0.3;0.12;4.6;1.9;0;257;89;67;22;87481;2.1;23.08;0.39;0.4
1992;7;3;185;19.2;13.7;6.6;14.2;10.5;6.5;-0.1;0.3;0.12;4.6;1.9;0;714;243;101;58;87616;4.13;1.45;0.39;0.4
1992;7;4;186;16.7;11.5;8.9;12.2;10.2;8.4;0.4;0.4;0.12;4.6;1.9;0;373;102;63;33;87125;2.37;21.26;0.39;0.4
1992;7;5;187;11.2;9.4;7.8;8.9;7.6;6.7;0.3;0.1;0.12;4.6;1.9;0;318;71;63;22;86781;1.76;7.19;0.41;0.4
1992;7;6;188;14.4;10.4;6.5;10.7;8.7;6.1;0.3;0.2;0.12;4.6;1.9;0;548;182;79;49;87023;3.02;10.02;0.41;0.4
1992;7;7;189;14.4;10.2;5.6;11.2;8.9;5.4;0.2;-0.2;0.12;4.6;1.9;0;492;168;57;39;87450;2.98;8.84;0.41;0.4
1992;7;8;190;17.2;12.6;8;11.7;9.5;7.9;-0.9;-0.2;0.11;4.6;1.9;0;659;214;91;50;87645;3.72;2.07;0.41;0.4
1992;7;9;191;18.2;12.7;6.7;13.2;10.2;6;0.1;0.3;0.11;4.6;1.9;0;611;212;92;60;87411;3.37;8.22;0.41;0.4
1992;7;10;192;16.5;12.4;8.2;10.9;9.7;7.9;0.5;0.5;0.11;4.6;1.9;0;472;155;77;47;87068;2.92;6.22;0.41;0.4
1992;7;11;193;10.8;9.3;6.9;9.5;8.5;5.9;0.7;0.5;0.11;4.6;1.9;0;131;40;50;22;87125;1.36;16.67;0.42;0.4
1992;7;12;194;14.3;9.8;4.2;9.1;6.9;3.3;1;0.6;0.11;4.6;1.9;0;551;167;93;52;87210;3.02;4.16;0.42;0.41
1992;7;13;195;15.9;11.2;6;8.3;7.2;5.5;0.8;0;0.11;4.6;1.9;0;522;199;97;60;87837;3.46;0.82;0.41;0.41
1992;7;14;196;18.4;13.2;5.4;10.8;8.4;4.4;1;0.1;0.11;4.6;1.9;0;602;237;91;69;87881;3.83;0.01;0.41;0.41
1992;7;15;197;17.1;13.5;11;13.3;11.4;9.3;0.5;-0.2;0.11;4.6;1.9;0;545;147;65;34;87902;2.36;5.85;0.4;0.41
1992;7;16;198;18.6;13.6;9;14.5;12;8.9;0.3;0.2;0.11;4.6;1.9;0;560;193;86;50;87880;3.33;6.75;0.4;0.41
1992;7;17;199;21.2;15.1;5.9;14;9.8;5.5;0.4;0.3;0.11;4.6;1.9;0;779;270;117;75;88033;4.86;0.02;0.4;0.41
1992;7;18;200;18.9;15.4;12.2;13.9;12.6;11;0.7;-0.4;0.11;4.6;1.9;0;525;173;91;40;88182;3.02;3.39;0.4;0.41
1992;7;19;201;21.9;16.7;11;14.5;12.6;10.9;-0.5;-0.1;0.11;4.6;1.9;0;769;269;110;72;88061;4.61;0.02;0.39;0.41
1992;7;20;202;24.8;18.4;9.7;17.3;13.6;8.7;-0.2;0.2;0.11;4.6;1.9;0;773;266;111;78;87699;4.67;0.06;0.39;0.41
1992;7;21;203;24.4;18.3;11.9;18.3;14.6;10.8;0.5;0.3;0.11;4.6;1.9;0;741;245;100;66;87553;4.27;10.62;0.38;0.41
1992;7;22;204;17.2;15;12.9;15.6;14.1;12.8;0.4;-0.6;0.11;4.6;1.9;0;470;137;51;25;88016;3.22;31.6;0.39;0.41
1992;7;23;205;19.5;15.5;12.2;13.6;12.4;11.6;-0.8;-0.5;0.11;4.6;1.9;0;584;176;78;41;88175;3.6;3.3;0.41;0.41
1992;7;24;206;21.2;16.3;9.5;16.6;13;8.9;0.3;0.2;0.11;4.6;1.9;0;606;219;92;66;87891;3.63;0.89;0.4;0.41
1992;7;25;207;18.4;15.2;12.1;15.2;13.4;10.8;0.4;0.1;0.11;4.6;1.9;0;490;175;58;44;87910;2.93;5.15;0.4;0.41
1992;7;26;208;20.5;15.9;9.6;15.4;12.7;9.5;0.1;0;0.11;4.6;1.9;0;598;190;74;50;88096;3.29;0.42;0.4;0.41
1992;7;27;209;22.8;17.5;10.6;15;12.5;9.7;1;0;0.11;4.6;1.9;0;703;253;97;73;88120;4.58;0.5;0.39;0.41
1992;7;28;210;17.5;13.8;11.6;11.9;10.2;7.8;-0.5;-1;0.11;4.6;1.9;0;497;156;109;48;88468;3.26;2.85;0.39;0.41
1992;7;29;211;22.6;17;9.8;17.4;12.7;7.8;-0.4;0.1;0.11;4.6;1.9;0;683;235;98;74;88145;3.79;0.08;0.39;0.41
1992;7;30;212;24.4;18.4;11.8;17.3;12.8;10;0.5;0.6;0.11;4.6;1.9;0;761;260;118;80;88184;4.91;0;0.38;0.41
1992;7;31;213;22.9;17.7;10.7;18.2;13.4;9.8;0.2;0.5;0.11;4.5;1.9;0;692;222;104;69;88048;3.93;0.68;0.37;0.41
1992;8;1;214;23.1;17.2;12.3;15.1;13.3;10.7;0.2;0.8;0.11;4.5;1.9;0;679;198;104;67;87801;3.67;1.75;0.37;0.41
1992;8;2;215;22.4;16.9;10.8;16.3;12.5;9.3;0.5;0.8;0.11;4.5;1.9;0;645;213;90;68;87726;3.83;0.09;0.37;0.41
1992;8;3;216;24.5;17.8;10.9;16.5;13.2;9.7;0.1;0.8;0.11;4.5;1.9;0;678;208;102;63;87633;3.85;1.49;0.36;0.41
1992;8;4;217;16.5;14.8;12.1;15.1;13.8;12;0.3;0;0.11;4.5;1.8;0;299;89;69;34;88019;1.99;21.13;0.37;0.4
1992;8;5;218;22.4;16.8;10.2;16;13.4;10;-0.4;0.2;0.11;4.5;1.8;0;722;244;106;69;88359;4.05;0;0.37;0.4
1992;8;6;219;22.6;18;11.5;18.8;15.2;10.5;0.2;0.4;0.11;4.5;1.8;0;559;184;79;56;88385;3.07;0.79;0.37;0.4
1992;8;7;220;23.5;18.9;13.7;19.7;16.3;12.8;-0.1;0.6;0.11;4.5;1.8;0;611;198;86;58;88207;3.47;1.46;0.36;0.4
1992;8;8;221;25.6;20.1;13.3;18.8;15.3;12.5;-0.1;0.4;0.11;4.5;1.8;0;655;229;95;70;87944;4.42;0;0.36;0.4
1992;8;9;222;26.5;20.1;13.1;17.2;13.9;10.9;-0.3;0.6;0.11;4.5;1.8;0;738;251;111;83;87565;4.88;0;0.35;0.4
1992;8;10;223;18.7;13.5;9.2;14.4;11.6;8.3;0.8;0.4;0.11;4.5;1.8;0;467;119;85;46;87450;2.6;21.06;0.36;0.4
1992;8;11;224;17;12.6;6.8;10.8;8.5;6.4;0.3;0.2;0.11;4.5;1.8;0;612;208;98;70;87832;3.64;1.1;0.37;0.4
1992;8;12;225;17.5;13.6;10.4;10.9;9.3;8.5;0.4;0.2;0.11;4.5;1.8;0;561;183;79;60;87972;3.19;0.81;0.36;0.4
1992;8;13;226;17.3;13.6;9.3;10.3;8.5;7;1;0.1;0.11;4.5;1.8;0;635;203;93;63;87730;3.52;0.34;0.36;0.4
1992;8;14;227;15.9;12.5;10;10.4;9.5;7.3;0.8;-0.1;0.11;4.5;1.8;0;434;119;64;31;87307;2.73;12.58;0.36;0.4
1992;8;15;228;14.6;11.5;8.7;9.7;8;6.9;-0.3;-0.8;0.11;4.5;1.8;0;474;154;90;43;87551;3.06;3.44;0.36;0.4
1992;8;16;229;19.1;13.9;7;13.1;9.6;6.4;0.1;0.1;0.11;4.5;1.8;0;689;226;107;81;87808;3.45;0;0.36;0.4
1992;8;17;230;21.7;15.7;8.8;14.3;11.3;7.8;0.5;0.4;0.11;4.4;1.8;0;711;236;107;79;87926;3.99;0.01;0.36;0.4
1992;8;18;231;23.6;16.9;8.8;17.7;12;8.1;0.2;0.7;0.11;4.4;1.8;0;722;241;115;84;87914;4.23;0;0.35;0.4
1992;8;19;232;24.2;17.6;10.8;16.4;12.9;9;0.4;0.9;0.11;4.4;1.8;0;683;214;108;73;87776;3.89;0.46;0.35;0.4
1992;8;20;233;25.4;18.4;11.2;17.4;13.7;10.3;0.2;0.5;0.11;4.4;1.8;0;678;213;103;68;87466;4.15;7.36;0.34;0.4
1992;8;21;234;20.7;16.5;13;16.1;13.9;11.4;0.2;0.5;0.11;4.4;1.8;0;613;165;85;51;87515;3.05;10.85;0.35;0.4
1992;8;22;235;19.3;15.3;12.1;14.3;12.5;10.7;0.5;0.3;0.11;4.4;1.8;0;573;178;87;54;87399;3.39;3.55;0.35;0.4
1992;8;23;236;18.3;13.9;10.6;12.1;10.7;9.2;1;0.3;0.11;4.4;1.8;0;621;163;80;47;87611;3.15;4.75;0.35;0.4
1992;8;24;237;19.2;14.9;11.7;12.8;11.4;9.9;0.7;0.3;0.11;4.4;1.8;0;510;138;72;44;88014;2.56;0.22;0.35;0.4
1992;8;25;238;23.2;16.3;9;14.9;10.8;8;0.4;0.8;0.11;4.4;1.8;0;695;230;120;87;88035;4.17;0;0.35;0.4
1992;8;26;239;25.5;17.2;9.1;19.4;12.4;7.4;0.2;1.1;0.11;4.4;1.8;0;688;202;111;74;87732;3.59;0.47;0.34;0.4
1992;8;27;240;22.9;17.9;14;17.7;13.9;11.6;-0.1;0.2;0.11;4.4;1.8;0;648;206;98;69;87655;3.46;0.05;0.34;0.4
1992;8;28;241;24.5;17.8;11.5;16.4;13.4;10.3;-0.3;1.1;0.11;4.4;1.8;0;637;190;96;70;87308;3.44;0.37;0.34;0.4
1992;8;29;242;24.8;16.9;12.4;16.3;12.3;10.3;-0.1;0.9;0.11;4.3;1.8;0;651;184;105;63;86947;3.72;4.28;0.33;0.4
1992;8;30;243;18.4;14.3;11.7;13.1;12;11.4;0;-0.4;0.1;4.3;1.8;0;478;141;80;49;86860;2.66;4.3;0.33;0.4
1992;8;31;244;21.7;14.6;5.8;13.9;10.5;5.6;0.3;0.1;0.1;4.3;1.8;0;665;202;109;62;86451;4.12;16.14;0.33;0.4
1992;9;1;245;9.7;6.2;3.5;5.1;2.7;0.2;2.1;0.7;0.11;4.3;1.8;0.17;544;145;99;48;87427;3.52;11.35;0.35;0.39
1992;9;2;246;16.6;10.5;4.1;8.2;4.3;0.8;0.1;0.2;0.11;4.3;1.7;0.08;675;214;113;85;87989;3.24;0;0.35;0.39
1992;9;3;247;17;11.9;7.6;10;8.5;6.4;1;0.3;0.1;4.3;1.7;0.03;462;138;81;36;87722;2.8;6.3;0.35;0.39
1992;9;4;248;9.2;6.2;2.1;8.4;4.5;1.1;2.2;0;0.1;4.3;1.7;0.02;301;88;70;31;87381;3.36;12.14;0.36;0.39
1992;9;5;249;7.1;3.8;1.2;3.9;1.6;0.2;2.1;0.2;0.12;4.3;1.7;0.67;467;120;81;43;87783;2.8;6.55;0.36;0.39
1992;9;6;250;10.2;5.5;1;2;0.2;-1.2;1;0;0.12;4.3;1.7;0.45;603;189;125;83;87877;2.75;0.75;0.36;0.39
1992;9;7;251;16.6;8.6;-0.7;6.9;1.5;-3.8;0.6;0.7;0.11;4.3;1.7;0.19;610;193;112;78;87549;3.04;0;0.36;0.39
1992;9;8;252;13.9;9.6;5.5;9.4;7;3.5;0.1;-0.3;0.1;4.3;1.7;0.04;425;118;71;27;87744;1.57;1.92;0.35;0.39
1992;9;9;253;14.6;10.9;7.9;10.1;9.1;7.5;-0.8;-0.4;0.1;4.3;1.7;0;376;98;55;24;88048;1.96;5.81;0.36;0.39
1992;9;10;254;17.6;11.4;6.4;13.2;9.9;6;-0.2;0.5;0.1;4.2;1.7;0;501;137;73;49;87960;1.98;3.16;0.36;0.39
1992;9;11;255;17.5;11.8;6.3;11;8.1;5.9;0.2;0.8;0.1;4.2;1.7;0;512;162;93;64;88078;2.85;0.16;0.36;0.39
1992;9;12;256;15.7;11.4;6.2;10.8;8.8;5.1;-0.4;-0.1;0.1;4.2;1.7;0;518;141;84;51;88271;1.9;0.24;0.35;0.39
1992;9;13;257;16.9;11.7;6.2;12.2;9.2;6;0.2;0.8;0.1;4.2;1.7;0;494;154;94;63;87795;2.28;1.65;0.35;0.39
1992;9;14;258;12.6;9.2;6.7;11;8.1;5.7;0.9;0.4;0.1;4.2;1.7;0;185;52;55;26;87634;1.55;13.69;0.35;0.39
1992;9;15;259;14.6;10.7;7;9.3;8.2;6;0.8;0;0.1;4.2;1.7;0;428;124;86;45;88142;2.29;3.52;0.36;0.39
1992;9;16;260;18.6;11.8;4.4;11.6;7.8;3.5;0.4;0.4;0.1;4.2;1.7;0;622;188;118;83;88224;2.66;0;0.36;0.39
1992;9;17;261;18.9;11.8;4.3;11.5;8;3.7;-0.1;0.5;0.1;4.2;1.7;0;619;187;119;85;87989;2.69;0;0.36;0.39
1992;9;18;262;19.1;12.4;4.4;11.6;8.3;3.6;0.1;0.3;0.1;4.1;1.7;0;614;184;119;84;87905;2.69;0;0.35;0.39
1992;9;19;263;16.9;11.4;7;11.9;9.5;5.8;0.3;0.4;0.1;4.1;1.7;0;476;126;80;48;87855;1.87;3.81;0.35;0.39
1992;9;20;264;15.5;11.1;6.5;11.2;9.4;6.2;-0.2;0.1;0.1;4.1;1.7;0;514;134;88;50;87841;1.81;1.01;0.35;0.39
1992;9;21;265;17.9;11.3;5.9;11.2;8.3;5.4;-0.3;0.7;0.1;4.1;1.6;0;576;147;104;64;87621;2.25;0.18;0.35;0.39
1992;9;22;266;20.4;12.8;6.5;11.9;8;5.2;-0.3;1.3;0.1;4.1;1.6;0;595;175;118;77;87355;2.8;0;0.35;0.39
1992;9;23;267;14.1;10.3;6.9;11.3;8.7;5.5;0.2;-0.1;0.1;4;1.6;0;331;83;56;31;87635;1.38;10.78;0.35;0.39
1992;9;24;268;11.3;9.6;8.6;9.1;8.7;8.4;-0.6;-0.6;0.09;4;1.6;0;217;45;50;15;87781;1.1;3.39;0.36;0.39
1992;9;25;269;16.8;10.9;5.2;10.7;8;5;-0.4;0.4;0.09;4;1.6;0;554;148;99;64;87813;2.02;0.05;0.35;0.39
1992;9;26;270;18.4;11.8;6.7;10.9;7.1;4.4;-0.3;0.8;0.09;4;1.6;0;577;170;119;78;87856;2.54;0;0.35;0.39
1992;9;27;271;20.9;12.3;4.9;13;7.9;3.7;-0.4;1.1;0.09;4;1.6;0;584;170;125;86;87518;2.51;0;0.35;0.39
1992;9;28;272;17.5;11.6;8.3;12.5;9.4;6.3;0.2;0.5;0.09;4;1.6;0;422;94;75;41;87362;1.52;5.95;0.35;0.39
1992;9;29;273;9.6;8.2;6.5;9.4;8;6.2;1;0.1;0.09;3.9;1.6;0;105;28;27;13;87497;1.23;22.39;0.36;0.39
1992;9;30;274;10;8;6.1;8;6.9;5.4;0.7;0.3;0.09;3.9;1.6;0;189;35;50;19;87734;1.03;2.84;0.37;0.39
1992;10;1;275;11.6;7.4;3.2;8.4;6;3;0.3;0.4;0.09;3.9;1.6;0;363;95;61;42;87682;1.38;3.07;0.37;0.39
1992;10;2;276;12.1;7.1;1.9;7.6;5.2;1.6;0;0.2;0.09;3.9;1.6;0;403;103;72;47;87202;1.52;1.84;0.37;0.39
1992;10;3;277;11.8;8.1;5.9;7.5;6.2;5.2;-0.7;0;0.09;3.9;1.6;0;346;86;65;40;86155;1.51;2.5;0.37;0.39
1992;10;4;278;10.1;7.2;5;8.4;6;3.4;-1.4;0.1;0.09;3.8;1.5;0;228;61;71;41;85702;0.96;2.34;0.37;0.39
1992;10;5;279;12.6;7.5;3.9;9.9;5.6;1.6;-0.7;0.9;0.09;3.8;1.5;0;323;79;62;47;85966;1.12;4.2;0.37;0.39
1992;10;6;280;12.8;7.8;2.7;8.1;5.7;2.2;0.1;0.4;0.09;3.8;1.5;0;416;106;82;50;86230;1.53;8.13;0.37;0.39
1992;10;7;281;8;7.1;6.6;6.7;6.5;6.1;0;-0.7;0.09;3.8;1.5;0;158;31;23;6;87157;0.91;11.56;0.39;0.39
1992;10;8;282;13.8;8.9;6.1;7.5;6.6;5.7;-0.6;-0.2;0.09;3.8;1.5;0;441;116;92;57;87906;1.58;0.04;0.39;0.39
1992;10;9;283;14.3;8.3;2.4;8.2;5.2;1.8;0.1;-0.1;0.09;3.7;1.5;0;516;140;116;69;87320;1.64;0.12;0.39;0.39
1992;10;10;284;8.3;6.4;5.3;6.5;5.8;5.1;-1.1;-0.9;0.09;3.7;1.5;0;185;44;30;15;86917;1.1;2.92;0.38;0.39
1992;10;11;285;7.5;6;5.3;6.1;5.4;4.6;-0.6;-0.7;0.09;3.7;1.5;0;153;30;13;5;86875;0.55;1.27;0.38;0.39
1992;10;12;286;7.4;5.1;3.2;4.7;3.5;1.8;-1.2;-0.9;0.09;3.7;1.5;0;201;48;51;18;87148;1.22;1.26;0.38;0.39
1992;10;13;287;10.2;5;0.9;4.3;2.6;0.2;-0.6;-0.3;0.09;3.7;1.5;0;509;135;116;85;87566;1.15;0;0.38;0.39
1992;10;14;288;11.4;5.5;0.8;4.4;2.1;-0.5;0.6;0.5;0.09;3.6;1.5;0;487;129;111;78;87283;1.36;0;0.38;0.39
1992;10;15;289;8.8;4.9;1.4;4.3;2.6;0.3;0.6;-0.2;0.09;3.6;1.5;0;301;86;65;38;86214;0.99;2.83;0.38;0.39
1992;10;16;290;3.1;2;0.6;2.4;1;-0.4;-0.1;-0.4;0.13;3.6;1.5;1.26;151;35;51;19;85880;1.23;6.42;0.38;0.39
1992;10;17;291;1.4;0.2;-0.8;1.3;-0.2;-1.1;0;-0.7;0.25;3.6;1.4;5.64;84;19;67;18;85705;0.44;11.77;0.38;0.39
1992;10;18;292;-0.5;-3.1;-11.3;-1.2;-4.1;-12.2;0.6;-0.1;0.49;3.6;1.4;15.72;128;31;95;37;86562;0.32;6.27;0.38;0.39
1992;10;19;293;6.2;-3.6;-14.6;-1.7;-7.9;-15.8;-0.2;1.2;0.49;3.6;1.4;16.84;271;70;103;56;87021;0.56;0.02;0.38;0.39
1992;10;20;294;6.8;1.9;-3.8;3.1;-0.9;-6.5;0;0.5;0.45;3.6;1.4;14.49;210;55;68;30;86961;0.43;4.01;0.38;0.39
1992;10;21;295;4.6;0.4;-1.6;4;0;-2.5;0.5;0.7;0.41;3.6;1.4;14.02;67;12;34;19;86628;0.14;16.21;0.39;0.39
1992;10;22;296;1.9;-1.6;-7.8;-2.1;-4.4;-9.6;1.2;0.6;0.46;3.6;1.4;19.31;198;47;87;47;86526;0.7;3.49;0.4;0.39
1992;10;23;297;3.9;-2.6;-10.6;-1.9;-6.1;-12.9;0.5;0.8;0.45;3.5;1.4;19.51;269;61;91;42;86218;0.64;3.43;0.4;0.39
1992;10;24;298;0.6;-2;-5;-1.5;-4.6;-9;1.6;1;0.46;3.5;1.4;22.86;204;47;83;44;86534;0.78;7.05;0.4;0.39
1992;10;25;299;4;0.2;-4.3;1.4;-2.2;-7.7;0.8;1.6;0.48;3.5;1.4;28.49;69;16;60;16;86285;0.21;12.34;0.4;0.39
1992;10;26;300;2;0.6;-1.2;0.8;-1.1;-3;2.2;0.6;0.45;3.5;1.4;28.71;160;39;72;39;86456;0.58;5.07;0.41;0.39
1992;10;27;301;5;-0.3;-7.9;2;-2.2;-8.8;-0.1;1;0.42;3.5;1.4;27.72;146;32;61;25;86375;0.23;2.15;0.41;0.39
1992;10;28;302;10.2;3.1;-1.7;5.4;0.9;-3.4;0.2;0.7;0.39;3.5;1.4;24.98;240;50;76;31;85945;0.33;5.82;0.41;0.39
1992;10;29;303;5.1;1;-5.7;0.2;-2.7;-8.2;1;0.6;0.39;3.5;1.4;25.38;255;53;112;54;86124;0.77;7.31;0.41;0.39
1992;10;30;304;3.7;-0.5;-6.2;0.1;-3.3;-8.4;-0.5;0.2;0.38;3.5;1.4;24.8;153;36;57;30;86471;0.3;0.26;0.41;0.39
1992;10;31;305;1.7;0.5;-0.5;1;0;-0.9;-0.1;-0.4;0.38;3.5;1.4;25.75;76;20;30;14;87117;0.14;3.48;0.41;0.39
1992;11;1;306;7.5;2.4;-3.2;5.4;1.3;-4.1;-0.2;0.4;0.36;3.5;1.4;24.55;182;45;70;36;87481;0.2;0.72;0.41;0.39
1992;11;2;307;9.8;3.2;-1.8;6.1;1.5;-2.7;0.2;0.9;0.32;3.5;1.4;21.39;279;66;89;54;87384;0.33;0;0.41;0.4
1992;11;3;308;4.8;1.8;-1.6;4.6;1.2;-2.5;0.7;0.6;0.29;3.4;1.4;18.99;68;14;43;10;87237;0.14;11.16;0.41;0.4
1992;11;4;309;5.5;3.4;-0.5;4.7;2.8;-0.6;0.6;0.7;0.28;3.4;1.4;17.7;43;9;35;0;87590;0.08;7.83;0.42;0.4
1992;11;5;310;8.5;4.9;1.2;7.7;4.3;0.1;0.5;0.4;0.25;3.4;1.4;14.63;80;20;43;17;88593;0.09;0.24;0.42;0.4
1992;11;6;311;13;4.8;-1.4;8.3;2.4;-3.4;0.2;0.8;0.24;3.4;1.4;12.42;324;76;111;70;88851;0.47;0;0.42;0.4
1992;11;7;312;14;4.3;-3.1;5.4;-0.4;-5.7;0.6;1.1;0.22;3.4;1.4;10.31;327;79;113;72;88251;0.57;0;0.41;0.4
1992;11;8;313;6.4;3.3;-0.1;3.5;0.4;-4.2;0;0.1;0.21;3.4;1.4;8.77;194;46;56;37;88072;0.25;0.19;0.41;0.4
1992;11;9;314;10.7;3.3;-1.7;6.3;1.1;-3.3;-0.1;0.9;0.2;3.4;1.4;7.36;306;74;101;65;87833;0.45;0;0.41;0.4
1992;11;10;315;8.7;2;-2.7;4.7;-0.2;-4.9;0.4;1;0.18;3.4;1.4;6.02;209;43;62;41;87326;0.34;5.52;0.41;0.4
1992;11;11;316;3.9;1.8;-1.4;3.2;0.6;-2.6;0.5;1.3;0.17;3.4;1.4;5.31;63;15;51;14;86630;0.57;7.16;0.41;0.4
1992;11;12;317;1.3;-1.2;-3.5;0.7;-4.1;-7.9;2.1;0.7;0.21;3.4;1.4;6.83;229;51;82;54;86681;1.19;5.28;0.41;0.41
1992;11;13;318;-0.8;-3.1;-5.4;-3.4;-5.5;-8;1;0.4;0.38;3.3;1.4;14.97;114;25;56;28;86521;0.34;14.17;0.41;0.41
1992;11;14;319;-0.4;-4.7;-8.3;-6.1;-8.5;-11.5;0.6;0.7;0.51;3.3;1.3;23.03;179;41;89;44;86934;0.35;0.96;0.41;0.41
1992;11;15;320;3;-0.3;-5.9;0.9;-2.4;-8.7;0;1.5;0.5;3.3;1.3;23.48;93;16;50;13;86434;0.23;5.59;0.41;0.41
1992;11;16;321;0.8;-0.4;-3.2;0.2;-1.1;-3.9;0.2;0.9;0.49;3.3;1.3;25.25;36;8;65;14;85960;0;14.46;0.41;0.41
1992;11;17;322;-1.7;-3.7;-6.8;-3.2;-5.7;-8.8;1.1;0.7;0.5;3.3;1.3;31.92;75;17;63;30;85583;0.31;7.22;0.41;0.41
1992;11;18;323;-2.4;-7.1;-12.2;-7.7;-10.4;-15.1;1.3;1;0.51;3.3;1.3;34.97;140;34;93;41;86688;0.38;1.15;0.41;0.41
1992;11;19;324;4.1;-0.6;-9.2;1.4;-2.9;-12.3;1.5;1;0.5;3.3;1.3;36.57;110;20;78;21;86921;0.24;11.73;0.41;0.41
1992;11;20;325;-0.5;-2.3;-5;-1.4;-4.1;-6.8;1.4;0.5;0.49;3.3;1.3;38.29;92;22;53;33;87368;0.25;4.14;0.41;0.41
1992;11;21;326;3.2;-1.6;-8.5;1.8;-3.5;-10.8;0.5;1.3;0.49;3.3;1.3;39.62;53;10;53;5;87216;0.06;15.54;0.41;0.41
1992;11;22;327;4.6;4.3;3.9;3.7;3.2;2.5;2.3;1.1;0.43;3.3;1.3;32.09;28;5;6;-2;87432;-0.15;26.7;0.43;0.41
1992;11;23;328;9.8;4;-3.3;7.6;2.5;-4.9;0.6;1;0.35;3.3;1.3;24.48;207;44;80;47;87987;0.13;0.17;0.43;0.42
1992;11;24;329;10.1;0.1;-5;6.8;-2.4;-8.2;0.1;1.4;0.32;3.3;1.3;22.58;237;53;108;68;87969;0.16;0;0.42;0.42
1992;11;25;330;5.7;-0.2;-4.5;1.1;-3.8;-8.1;0.4;1.4;0.29;3.3;1.3;21.79;165;25;53;36;87703;0.2;0.01;0.41;0.42
1992;11;26;331;4.5;1.7;-1.1;3.7;-0.5;-5.7;1.2;1;0.28;3.3;1.3;21.1;73;13;44;14;87574;0.32;13.15;0.41;0.42
1992;11;27;332;2.9;-0.1;-4.6;1;-2.3;-7.6;0.9;0.4;0.26;3.3;1.3;20.67;211;46;96;59;88136;0.6;1.04;0.42;0.42
1992;11;28;333;4;0.5;-5.3;1.9;-2.6;-10;1;1.3;0.26;3.3;1.3;20.61;97;18;64;15;87778;0.23;7.99;0.41;0.42
1992;11;29;334;3.6;2.2;0.1;2.7;1.5;-0.7;0.5;1;0.25;3.3;1.3;19.76;30;6;51;4;87741;0.03;21.84;0.43;0.42
1992;11;30;335;6.3;-0.3;-4.3;3.3;-2.4;-6.5;-0.1;1.6;0.24;3.3;1.3;18.97;238;51;92;65;87685;0.31;0;0.42;0.42
1992;12;1;336;6;0.4;-4;2.9;-2.5;-7.1;0;1.1;0.23;3.3;1.3;18.67;222;46;84;50;87706;0.19;0;0.42;0.43
1992;12;2;337;6;0.8;-3.8;0.7;-2.6;-6.6;-0.1;1.9;0.23;3.3;1.3;18.38;243;51;96;52;86809;0.35;0.28;0.41;0.43
1992;12;3;338;1.9;0.7;0;1.6;-0.6;-2.8;0;1.2;0.25;3.3;1.3;20.47;31;7;58;20;85954;0.11;23.83;0.41;0.43
1992;12;4;339;1.3;-0.8;-5.1;-0.6;-3.3;-7.1;0.3;1.5;0.36;3.3;1.3;27.38;92;21;85;37;85392;0.56;3.09;0.41;0.43
1992;12;5;340;0.2;-1.7;-3.8;-1.2;-2.5;-4.7;0.2;-0.7;0.47;3.3;1.3;40.19;40;7;19;9;85524;0.18;24.86;0.41;0.43
1992;12;6;341;-2.8;-6.1;-15.2;-4.5;-7.8;-16.4;0.6;0.4;0.53;3.3;1.3;55.03;110;22;82;40;86608;0.2;3.47;0.41;0.42
1992;12;7;342;-2.3;-7.2;-16.6;-5.1;-10;-19.1;-0.1;1.6;0.52;3.3;1.4;56.69;61;11;57;8;85815;0.14;2.58;0.4;0.42
1992;12;8;343;-1.5;-2.5;-3.6;-3.2;-4.2;-6;-0.2;-0.3;0.52;3.3;1.4;59.12;72;15;33;13;86133;0.1;1.72;0.4;0.42
1992;12;9;344;-1.6;-2.9;-3.7;-3.1;-3.6;-4.1;-0.4;-0.6;0.52;3.3;1.4;60.86;64;12;26;10;86791;0.12;1.87;0.39;0.42
1992;12;10;345;-1.8;-3.4;-4.8;-3.5;-4.2;-5.3;-0.6;-0.5;0.52;3.3;1.4;62.03;94;18;51;20;87440;0.12;0.6;0.39;0.42
1992;12;11;346;-1.5;-5.9;-10.3;-5.5;-7.9;-12.8;0;0.5;0.51;3.3;1.4;62.35;137;27;83;45;87583;0.09;0.09;0.38;0.42
1992;12;12;347;-0.1;-2.3;-9.9;-1.1;-4.3;-12.4;1.6;0.5;0.51;3.3;1.4;68.39;18;4;31;1;86992;0.17;15.16;0.38;0.42
1992;12;13;348;-2.3;-4.5;-7.8;-3.1;-6.8;-10.5;1.5;0.2;0.52;3.3;1.4;75.85;124;24;72;46;87478;0.3;1.09;0.38;0.42
1992;12;14;349;1.3;-6.1;-11.1;-2.8;-9.4;-13.4;0.3;1.5;0.51;3.3;1.4;76.07;150;31;80;48;87575;0.09;0;0.37;0.42
1992;12;15;350;2.4;-6.5;-12.2;-1.7;-9.8;-14.2;0.2;1.6;0.51;3.3;1.4;76.06;153;32;85;54;87314;0.05;0;0.37;0.42
1992;12;16;351;1.3;-7.1;-12.8;-2.5;-10.1;-15.3;0.1;1.6;0.51;3.3;1.3;76.09;136;27;67;42;87175;0.02;0;0.37;0.42
1992;12;17;352;1.3;-7.8;-13.8;-2.1;-10.3;-15.7;0;1.5;0.5;3.3;1.3;76.1;150;31;76;49;87678;0.04;0;0.37;0.42
1992;12;18;353;0.7;-7.8;-13.7;-3.1;-11.4;-16.1;0.1;1.8;0.5;3.3;1.3;76.02;154;32;84;56;87556;0.16;0;0.36;0.42
1992;12;19;354;0.7;-7.3;-13.6;-3.2;-10.4;-15.9;0.1;1.7;0.5;3.3;1.3;75.91;144;30;68;44;87685;0.19;0.01;0.36;0.42
1992;12;20;355;2.3;-3.7;-8.5;-1.2;-6.4;-10.9;0.2;1.4;0.49;3.3;1.3;75.71;138;27;65;27;87742;0.16;0;0.36;0.42
1992;12;21;356;1.3;-4.5;-8.5;-1.2;-6.8;-10.8;0.2;1.4;0.49;3.2;1.3;75.37;105;21;56;37;87612;0.17;0;0.36;0.42
1992;12;22;357;2.1;-5.6;-10.2;-1.6;-8.5;-12.6;0.2;1.3;0.48;3.2;1.3;74.9;148;31;77;48;87894;0.13;0;0.35;0.42
1992;12;23;358;1.4;-6.1;-12.6;-2.6;-9.4;-15.6;0.1;1;0.48;3.2;1.3;74.65;153;31;74;44;87964;0.06;0;0.35;0.42
1992;12;24;359;1.8;-5.3;-9.7;-2.2;-8.5;-12.6;0;1;0.48;3.2;1.3;74.52;139;29;82;43;88171;0.09;0;0.35;0.42
1992;12;25;360;0;-6.7;-11.4;-3.8;-10.5;-16.3;-0.3;0.8;0.47;3.2;1.3;74.4;155;32;88;55;88103;0.09;0;0.35;0.41
1992;12;26;361;-1.1;-9.3;-16.9;-6;-13.1;-20.1;0;0.9;0.47;3.2;1.3;74.32;164;34;88;53;88169;0.08;0;0.35;0.41
1992;12;27;362;-1.8;-9;-14.1;-7.1;-13.5;-19.4;-0.4;0.5;0.47;3.2;1.3;74.25;166;35;93;56;88420;0.08;0;0.34;0.41
1992;12;28;363;-7.3;-11.6;-15.6;-11.8;-14.4;-18.2;-1.2;0.3;0.46;3.2;1.3;74.26;168;35;92;59;88453;0.04;0.01;0.34;0.41
1992;12;29;364;-2.7;-11.8;-18.9;-8.4;-16.3;-22.8;-0.3;1;0.46;3.2;1.3;74.23;170;36;88;53;87990;0.07;0;0.34;0.41
1992;12;30;365;-1;-11.6;-19.7;-5.7;-15.6;-22.6;0.1;1.3;0.46;3.2;1.3;74.16;171;36;90;53;87612;0.04;0;0.34;0.41
1992;12;31;366;-0.9;-10.2;-17.9;-6.8;-14.9;-21.9;-0.1;1;0.45;3.2;1.3;74.07;171;36;89;54;87580;0.07;0;0.34;0.41
1993;1;1;1;-5.7;-11.2;-15.8;-10.3;-15.8;-20.2;-0.5;0.6;0.45;3.1;1.3;74;175;36;101;63;88111;0.03;0;0.34;0.41
1993;1;2;2;-10.8;-15.6;-19.2;-16;-19.4;-23.9;-0.8;0.2;0.45;3.1;1.3;74;175;36;95;56;88025;0.04;0.06;0.34;0.41
1993;1;3;3;-8.8;-15.5;-22.2;-14.4;-19.3;-25.6;-0.5;0.4;0.45;3.1;1.3;73.99;169;36;84;56;87646;0.06;0;0.33;0.41
1993;1;4;4;-4.9;-13.9;-21.6;-10.3;-17.9;-24.2;0.2;1.1;0.44;3.1;1.3;73.95;177;38;90;55;87815;0.03;0;0.33;0.41
1993;1;5;5;-2.5;-14;-22.2;-8.2;-18.2;-25.5;0.1;1.7;0.44;3.1;1.3;73.89;185;39;96;59;88606;0.12;0;0.33;0.41
1993;1;6;6;0.8;-6.9;-15.9;-3.7;-10.1;-18.4;0.3;1.6;0.44;3.1;1.3;73.79;77;16;35;11;88659;0.14;0.24;0.33;0.41
1993;1;7;7;3.1;0.1;-4.8;1.2;-1.4;-6.3;0.9;1.1;0.43;3.1;1.3;74.09;50;10;35;2;88214;-0.07;12.15;0.33;0.41
1993;1;8;8;2.7;1.8;1.3;1.2;0.3;-0.2;1.2;0.6;0.42;3.1;1.3;72.1;52;11;18;6;88194;-0.04;6.04;0.34;0.41
1993;1;9;9;3.5;-0.7;-6.2;1.1;-2.2;-8.4;0.2;0.8;0.42;3.1;1.3;70.04;172;35;89;49;88226;-0.02;0.17;0.35;0.41
1993;1;10;10;3.1;-3.5;-9.2;-0.2;-6.6;-11.9;0.2;1.6;0.41;3.1;1.2;68.78;188;40;88;55;87732;0.13;0;0.35;0.41
1993;1;11;11;2.5;-0.7;-4.2;-2.2;-5.1;-8.9;0.1;2;0.41;3.1;1.2;67.81;106;20;52;25;86962;0.35;0.03;0.35;0.41
1993;1;12;12;6.4;1;-2.8;2.7;-1.4;-5.5;0.7;1.1;0.39;3;1.2;66.37;196;37;81;38;87081;0;7.48;0.35;0.4
1993;1;13;13;4.5;0.2;-2.8;2.3;-1.4;-4.7;-0.1;1.4;0.37;3;1.2;64.42;169;36;75;47;87858;0.12;0.05;0.36;0.4
1993;1;14;14;2.6;0.1;-2.3;1.7;-1.7;-5.2;0.7;1.2;0.36;3;1.2;63.82;44;10;59;23;88321;0.07;5.34;0.36;0.4
1993;1;15;15;4.4;-1.3;-6.8;1.1;-4;-8.1;0;1.7;0.35;3;1.2;63.17;181;41;83;60;88476;0.18;0;0.36;0.4
1993;1;16;16;6.9;-1.4;-6.2;2.6;-4.4;-9;0.3;1.4;0.34;3;1.2;61.77;216;46;93;61;88703;0.01;0;0.36;0.4
1993;1;17;17;7.8;-1.7;-7.1;2.9;-5.3;-11.1;0.3;1.4;0.34;3;1.2;60.33;228;50;100;63;88398;-0.03;0;0.36;0.4
1993;1;18;18;5.2;-1.1;-6;-0.4;-5.2;-10.8;0.3;0.7;0.33;3;1.2;59.1;228;50;101;54;88381;0.05;0;0.36;0.4
1993;1;19;19;3.5;-1.1;-4.5;-1.3;-4;-6.7;0.7;0.8;0.32;3;1.2;58.45;161;28;69;35;88162;0.07;0.08;0.36;0.4
1993;1;20;20;4.8;-1.5;-6.4;-1;-5.7;-9.1;0.7;1;0.32;3;1.2;57.85;218;45;91;55;88208;0.09;0;0.36;0.4
1993;1;21;21;4.9;-1.6;-5.6;-1.1;-6.3;-10;0.7;1.1;0.32;3;1.2;57.06;173;42;83;53;88432;0.05;0;0.36;0.4
1993;1;22;22;6.3;-0.3;-6.8;-1.1;-6.2;-11.2;1.3;1.3;0.32;3;1.2;56.15;159;39;70;43;88097;0.2;1.78;0.36;0.4
1993;1;23;23;3.7;2.6;1.3;2.1;0.6;-1.2;1.8;0.9;0.31;3;1.2;55.55;94;18;28;7;88058;0.42;4.32;0.36;0.4
1993;1;24;24;8.3;3.7;-1.5;0.9;-1.2;-3.8;2.6;1.1;0.29;3;1.2;53.22;257;54;89;43;87433;0.98;1.02;0.36;0.4
1993;1;25;25;4.2;-1.1;-5.3;1.6;-3.6;-8.2;3;-0.1;0.34;3;1.2;54.53;160;33;77;33;86881;1.11;17.21;0.37;0.4
1993;1;26;26;-4.5;-6.3;-8.1;-8.5;-11.2;-12.8;2.1;0.2;0.47;3;1.2;62.09;189;44;92;48;87497;0.46;3.19;0.37;0.4
1993;1;27;27;-1.6;-3.3;-5.8;-3.5;-5.7;-10.9;2.2;0.4;0.51;3;1.2;70.85;100;18;33;15;87037;0.21;15.66;0.37;0.4
1993;1;28;28;1;-1.3;-3.1;-1.6;-2.8;-3.9;0.8;0.6;0.53;3;1.2;83.29;73;14;32;9;87131;0;8.15;0.37;0.4
1993;1;29;29;1.9;-0.5;-2.2;-0.8;-1.9;-3.7;0.9;0.3;0.52;3;1.2;86.52;114;24;44;14;87256;0.03;6.87;0.37;0.4
1993;1;30;30;0.9;-3;-11.4;-1.2;-4.4;-13.1;-0.6;0;0.5;3;1.2;89.56;164;39;105;50;87798;0.22;1.29;0.37;0.4
1993;1;31;31;3;-6.8;-13.3;-3.1;-10.7;-15.6;0;1.2;0.49;3;1.2;89.51;218;51;101;69;88280;0.08;0;0.37;0.4
1993;2;1;32;3.8;-8.4;-17.6;-1.3;-12.3;-20.3;0;1.5;0.49;3;1.2;89.25;223;52;111;72;88762;0.02;0;0.37;0.4
1993;2;2;33;4.2;-7.6;-17.7;-2.3;-12.5;-21.4;0.1;1.2;0.49;3;1.2;88.8;220;52;100;67;88938;0.04;0;0.37;0.4
1993;2;3;34;5.1;-6;-14.8;-2.4;-11.1;-19.3;-0.2;1.3;0.48;3;1.2;88.21;229;55;98;62;88904;0.18;0;0.37;0.4
1993;2;4;35;7.8;-4;-12.6;-0.4;-8.7;-15.3;0.2;1.4;0.48;3;1.2;87.02;234;56;102;66;88712;0.05;0;0.37;0.4
1993;2;5;36;6.4;-4;-13.1;-3.2;-9.4;-16.1;0.3;1.2;0.47;3;1.2;85.57;235;57;104;67;88634;0.14;0;0.37;0.4
1993;2;6;37;5.2;-1.6;-9.8;-3;-7.7;-15.9;0.5;0.9;0.47;3;1.2;84.34;244;59;108;50;88503;0.15;0.09;0.37;0.4
1993;2;7;38;4.1;1.3;-3.8;-0.4;-2.2;-5.5;-0.4;0.3;0.45;3;1.2;83.21;139;29;80;26;88546;0.06;0.28;0.37;0.4
1993;2;8;39;6.9;-0.3;-6.1;0.7;-3.8;-8.4;-0.1;0.5;0.44;3;1.2;81.27;221;55;92;59;88546;0.1;0;0.37;0.4
1993;2;9;40;6.7;-1.1;-6.6;-0.2;-5;-9.8;-0.1;0.6;0.42;3;1.2;79.33;272;66;105;69;88332;0.13;0;0.37;0.4
1993;2;10;41;4.2;-1.2;-5.6;-1.2;-5.9;-11.6;-0.2;0.5;0.41;3;1.2;78.03;271;66;103;67;88267;0.1;0;0.37;0.4
1993;2;11;42;5.5;-2;-8.5;-1.9;-7.2;-13.4;0;0.7;0.39;3;1.2;77.05;289;71;107;70;88412;0.1;0;0.37;0.4
1993;2;12;43;6.1;-2.1;-9.3;-1.9;-7.5;-14.1;0.1;0.8;0.39;3;1.2;76.01;300;75;111;71;88632;0.1;0;0.37;0.4
1993;2;13;44;6.3;-2.9;-11;-2.6;-8.4;-14.8;0.1;0.8;0.37;3;1.2;74.87;312;78;114;75;88685;0.12;0;0.37;0.4
1993;2;14;45;4.9;-2.9;-10;-3.6;-8.6;-15.3;0;0.6;0.37;3;1.2;73.84;320;80;118;78;88525;0.13;0;0.37;0.4
1993;2;15;46;1.9;-3.8;-9.2;-4.5;-8.6;-15;0.1;0.3;0.36;3;1.2;73.17;305;78;112;75;88367;0.12;0;0.37;0.4
1993;2;16;47;-0.9;-5.1;-10.4;-4.3;-7.9;-13.7;0.4;0;0.37;3;1.2;73.62;195;46;58;34;88063;0.09;2.51;0.37;0.4
1993;2;17;48;-1.5;-3.7;-7.6;-3.5;-5.4;-9.4;1.2;0.5;0.43;3;1.2;78.02;63;15;44;13;87584;0.08;7.48;0.37;0.4
1993;2;18;49;1;-2.4;-9.1;-2.9;-4.8;-11.4;0.4;0;0.5;3;1.2;83.93;201;48;94;39;87766;0.15;1.74;0.36;0.4
1993;2;19;50;-0.3;-4.9;-10.6;-3.5;-7.6;-13.3;2.2;0.2;0.51;3;1.2;86.8;110;30;48;29;86929;0.2;11.19;0.36;0.4
1993;2;20;51;-2.8;-4.7;-6.6;-5.5;-7;-10.2;2.1;0;0.53;3;1.2;100.61;121;33;82;32;87281;0.23;9.12;0.36;0.4
1993;2;21;52;-3.6;-5.4;-8.4;-5.7;-8.1;-10.4;2.7;-0.2;0.54;3;1.2;113.85;144;31;57;23;86010;0.32;19.72;0.36;0.4
1993;2;22;53;-8.5;-10.7;-14.1;-10.7;-13.5;-16.8;1.1;-0.8;0.54;3;1.2;127.55;161;40;64;39;86473;0.21;7.55;0.36;0.4
1993;2;23;54;-10;-14.1;-18.7;-13.4;-17;-20.8;0.4;-0.1;0.54;3;1.2;131.94;188;46;69;41;86978;0.02;3.32;0.36;0.4
1993;2;24;55;-9.1;-13.1;-18.4;-12.9;-16;-20.6;0.7;0.3;0.54;3.1;1.2;134.35;171;41;46;20;87576;0.04;1.76;0.36;0.4
1993;2;25;56;-6;-10.3;-15.1;-11.7;-13.9;-17.5;0.4;0.2;0.53;3.1;1.3;135.5;246;64;75;50;87346;0.05;0.2;0.36;0.4
1993;2;26;57;-3.8;-10.4;-18.9;-9.9;-14.8;-21.3;0.3;0.7;0.53;3.1;1.3;135.57;274;70;95;60;86640;0.03;0.05;0.36;0.4
1993;2;27;58;-0.9;-9.6;-20.6;-9;-15.1;-23.2;0.1;0.8;0.53;3.1;1.3;135.57;273;73;82;60;86453;0.05;0;0.36;0.4
1993;2;28;59;-2.2;-8.6;-17.4;-6.7;-12;-19.5;-0.3;0.4;0.52;3.1;1.3;135.56;204;56;62;43;86457;0.02;0.06;0.35;0.4
1993;3;1;60;2.9;-5.4;-14.9;-3.2;-9.4;-17.4;-0.7;1;0.52;3.1;1.3;135.61;235;61;77;54;86088;0.05;0;0.35;0.4
1993;3;2;61;3.9;-3.4;-12.3;-2.7;-7.5;-14.7;-0.4;0.6;0.52;3.1;1.3;135.58;290;79;94;61;85822;0.05;0.13;0.35;0.39
1993;3;3;62;-1.1;-3.4;-5.7;-4;-4.9;-6.3;0.2;-0.6;0.51;3.1;1.3;137.57;179;43;42;15;86299;0.11;4.73;0.35;0.39
1993;3;4;63;-6.1;-8.2;-11.4;-6.7;-10.2;-12.9;0.1;-1.1;0.52;3.1;1.3;142.29;170;48;51;27;86959;0.28;4.12;0.35;0.39
1993;3;5;64;-7;-10.6;-15.3;-12.4;-14.2;-17;0.6;0.1;0.52;3.1;1.3;144.16;243;68;71;54;87201;0.09;0.44;0.35;0.39
1993;3;6;65;-3.1;-6.2;-11.6;-5.4;-8.6;-14.5;1.2;0.7;0.53;3.1;1.3;147.58;97;21;11;2;86995;0;7.35;0.35;0.39
1993;3;7;66;-0.9;-3.4;-5.5;-2.6;-4.6;-7.1;0.6;-0.5;0.54;3.2;1.3;161.48;147;32;75;19;87031;0.04;15.28;0.35;0.39
1993;3;8;67;-2.6;-6.5;-10.2;-7.8;-10;-12;-1.6;-0.5;0.53;3.2;1.3;166.93;293;82;96;73;87257;0.25;0.06;0.35;0.39
1993;3;9;68;1.1;-6.4;-16.8;-6.7;-12;-18.8;0;0.6;0.53;3.2;1.3;166.78;314;89;103;76;87546;0.05;0;0.35;0.39
1993;3;10;69;3.6;-5.6;-16.7;-6.2;-11.7;-18.9;0.2;0.9;0.53;3.2;1.3;166.7;320;91;105;75;87870;0.08;0;0.35;0.39
1993;3;11;70;3.2;-4.1;-13.2;-4.5;-8.9;-15.1;0.3;0.8;0.52;3.2;1.3;166.66;266;76;74;54;88011;0.06;0;0.35;0.39
1993;3;12;71;5.4;-2.7;-12.2;-2.9;-7.7;-13.6;0.1;0.8;0.52;3.2;1.3;166.46;322;92;96;68;87921;0.06;0;0.34;0.39
1993;3;13;72;5.6;-1.7;-10.9;-1.6;-6.5;-12.4;-0.1;0.7;0.51;3.2;1.3;165.82;329;96;98;71;87726;0.13;0;0.34;0.39
1993;3;14;73;5.7;-1.7;-10.4;-1.6;-5.9;-11.9;0;0.8;0.5;3.2;1.3;164.67;324;93;91;68;87908;0.12;0;0.34;0.39
1993;3;15;74;6.3;-1.3;-10;-1.6;-5.8;-11.7;0.2;0.8;0.5;3.2;1.3;163.12;334;95;94;66;88221;0.23;0;0.34;0.39
1993;3;16;75;5.8;-0.6;-8.8;-1;-4.9;-10.3;0.8;1.1;0.49;3.2;1.3;161.03;289;88;74;53;88345;0.28;0.03;0.35;0.39
1993;3;17;76;4.5;2.7;-0.1;1.4;-0.1;-3.9;1.4;1.2;0.48;3.3;1.3;159.08;90;25;39;3;88296;-0.08;7.87;0.35;0.39
1993;3;18;77;10.4;3.9;-1.9;3.6;0.6;-3.3;0.7;1;0.46;3.3;1.3;150.32;375;108;88;58;88154;-0.23;0;0.36;0.39
1993;3;19;78;6.7;2.8;-3.1;2.6;0.2;-4.6;0.6;0.2;0.44;3.3;1.3;140.54;328;91;100;50;88200;-0.11;0.38;0.37;0.39
1993;3;20;79;11.7;1.6;-8.7;3.7;-3.7;-10.7;-0.1;1;0.43;3.3;1.3;133.39;411;122;127;85;87890;0.02;0;0.38;0.39
1993;3;21;80;11.6;3.4;-3.2;4.7;-1.1;-5.9;0.2;1;0.41;3.3;1.3;125.44;325;98;64;51;87439;0.08;0.01;0.38;0.39
1993;3;22;81;7.6;2.2;-3.3;4;-0.1;-5;0.5;0.8;0.38;3.3;1.3;117.23;276;85;55;40;87421;0.16;0.71;0.39;0.39
1993;3;23;82;4.2;0.9;-2.9;3.2;0.2;-4.2;0.5;0.5;0.36;3.3;1.3;112.41;109;34;55;15;87737;0.03;7.89;0.39;0.39
1993;3;24;83;0.6;-1;-3;0;-1.5;-4.1;-0.3;-1.1;0.44;3.4;1.4;118.18;117;31;18;11;87684;0.45;18.59;0.39;0.39
1993;3;25;84;-1.4;-3.9;-7.6;-3.8;-5.7;-9.6;0.8;-0.9;0.52;3.4;1.4;133.83;221;60;66;31;87604;0.55;12.08;0.39;0.4
1993;3;26;85;-3;-6.8;-10.2;-6.1;-9.3;-12.4;0.7;-0.5;0.53;3.4;1.4;144.75;258;70;63;38;87444;0.29;10.11;0.39;0.4
1993;3;27;86;-4.6;-8.7;-14.3;-10;-12.5;-16.6;0.6;-0.3;0.53;3.4;1.4;151.88;321;95;82;57;87255;0.27;4.41;0.39;0.4
1993;3;28;87;-5.2;-9.4;-15.3;-12.2;-14.1;-16.9;0.5;-0.2;0.53;3.4;1.4;154.56;306;92;70;49;86978;0.3;1.93;0.38;0.4
1993;3;29;88;-3.6;-10.1;-18.2;-11.3;-15.5;-20.6;0.7;0.5;0.53;3.4;1.4;155.6;316;99;88;62;87234;0.23;0.33;0.38;0.4
1993;3;30;89;0.3;-8.4;-20.4;-7.8;-14.6;-23.1;1.1;0.6;0.53;3.4;1.4;155.47;373;113;95;70;87469;0.31;0;0.38;0.4
1993;3;31;90;7.4;-3.1;-13.6;2.3;-7.1;-16.2;0.4;1.2;0.52;3.5;1.4;154.46;354;95;91;51;87607;0.04;0;0.38;0.4
1993;4;1;91;10.6;1;-10;-0.5;-5.6;-12;-0.2;0.9;0.51;3.5;1.4;150.98;380;118;100;70;86945;0.13;0;0.38;0.4
1993;4;2;92;2.1;0.1;-3.4;1.2;-0.8;-5.6;0.6;-0.4;0.5;3.5;1.4;148.83;122;30;49;3;86690;-0.11;5.65;0.38;0.4
1993;4;3;93;2.8;0.3;-1.3;-0.3;-1.2;-1.9;0.3;-0.4;0.5;3.5;1.4;151.31;273;70;71;24;86700;0.19;3.81;0.39;0.4
1993;4;4;94;4.7;-0.8;-5.9;-0.3;-3.2;-6.4;0.8;0.3;0.48;3.5;1.4;150.6;373;92;99;42;86636;0.34;4.17;0.39;0.4
1993;4;5;95;4.4;0.6;-3.6;-3.1;-4.3;-5.3;0.5;0.2;0.47;3.5;1.4;150.31;334;112;100;50;86978;0.56;0.87;0.39;0.4
1993;4;6;96;4.3;1.6;-0.7;2.5;-0.1;-3.1;1.4;0.7;0.46;3.5;1.4;150.46;171;46;72;20;86560;0.05;11.04;0.39;0.4
1993;4;7;97;4.5;1.4;-0.5;1;-0.4;-1.3;2;0.1;0.46;3.6;1.4;149.53;287;93;66;34;86728;0.42;9.75;0.4;0.4
1993;4;8;98;2.9;0.1;-3.2;1.6;-0.6;-3.6;0.2;-0.3;0.46;3.6;1.4;151.19;286;73;75;33;87150;0.3;8.94;0.4;0.4
1993;4;9;99;7;1.6;-5.5;-1.3;-3.3;-7;-0.5;0.4;0.43;3.6;1.4;149.35;477;151;120;79;87222;0.86;0.02;0.4;0.4
1993;4;10;100;7.6;3.6;-0.2;5.4;2;-2.8;0.1;0.5;0.39;3.6;1.4;144.68;338;92;51;19;86783;0.39;11.17;0.4;0.4
1993;4;11;101;3.4;1.7;0.1;2.7;1.1;-0.5;0.6;0.3;0.38;3.6;1.4;140.31;154;49;24;13;86249;0.31;10.56;0.41;0.41
1993;4;12;102;4.6;1.1;-3;2.3;-0.1;-3.9;0.2;0.2;0.38;3.6;1.4;138.61;284;87;60;36;86016;0.58;4.6;0.41;0.41
1993;4;13;103;7.3;0.5;-6.2;1;-2.4;-7.4;0.1;0.5;0.37;3.6;1.4;136.1;484;132;95;60;85952;0.89;4.7;0.41;0.41
1993;4;14;104;7.5;1.8;-6.4;2.4;-1.5;-7.4;0.1;0.3;0.36;3.7;1.5;133.74;520;156;102;72;86699;0.92;1.99;0.41;0.41
1993;4;15;105;6.3;1.7;-2.5;2.4;-0.7;-4.6;0.1;0;0.35;3.7;1.5;130.13;368;117;72;47;86778;0.73;7.22;0.41;0.41
1993;4;16;106;5.3;0.9;-2.3;2.5;-0.5;-3.6;0.6;0.2;0.35;3.7;1.5;128.31;370;104;69;38;87420;0.82;14.65;0.41;0.41
1993;4;17;107;5.8;1.3;-4.6;2.3;-0.8;-5.8;1;0.4;0.35;3.7;1.5;126.29;417;131;88;49;87613;0.89;5.32;0.42;0.41
1993;4;18;108;6.8;3.5;0.9;2.2;1.2;-0.1;1.5;0.7;0.35;3.7;1.5;122.85;251;70;36;17;87605;0.74;5.38;0.42;0.41
1993;4;19;109;8.8;5.8;2.8;2.6;1.5;0.1;2.1;0.3;0.33;3.7;1.5;116.09;370;123;66;36;87654;1.09;1.02;0.42;0.41
1993;4;20;110;13.5;6.8;-2.2;4.5;0.5;-3.8;-0.1;0.5;0.31;3.8;1.5;108.11;572;190;101;75;87589;1.46;0.07;0.42;0.41
1993;4;21;111;15.6;7.3;-1.5;6.8;1.4;-3.3;0.2;1;0.29;3.8;1.5;99.9;565;185;106;65;87214;1.56;0.13;0.41;0.41
1993;4;22;112;15.2;7.6;-0.2;8.1;1.6;-2.1;-0.1;1;0.28;3.8;1.5;91.47;595;198;99;69;87134;1.8;0.34;0.41;0.42
1993;4;23;113;15.3;7.9;-0.1;5.9;2.4;-2.1;-0.6;0.5;0.25;3.8;1.5;83.73;617;206;102;76;87082;1.89;0.02;0.41;0.42
1993;4;24;114;14.6;7.3;-1.1;3.2;0.2;-3;-0.4;1.6;0.24;3.8;1.5;76.89;656;218;114;86;86601;2.29;0;0.4;0.42
1993;4;25;115;13.2;6.9;0.1;3.3;0.8;-3;-0.4;1.6;0.24;3.8;1.5;71.37;550;161;89;62;86536;1.75;0.11;0.4;0.42
1993;4;26;116;16.4;9.1;2.2;5.4;2.6;-0.1;-0.3;1.5;0.23;3.9;1.5;65.4;605;201;100;66;87001;2.18;0;0.39;0.42
1993;4;27;117;18.7;10.3;1.4;7.4;3.5;-0.3;-0.4;0.8;0.23;3.9;1.5;58.09;661;217;107;72;87195;2.37;0.01;0.39;0.42
1993;4;28;118;15.8;8.7;0.2;6.2;2.3;-1.9;-0.6;1.3;0.23;3.9;1.5;50.84;670;221;110;80;86927;2.4;0.19;0.38;0.42
1993;4;29;119;15.2;9.5;2.3;4.1;2;-0.2;-0.6;0.4;0.23;3.9;1.6;43.91;587;210;106;74;87005;2.33;0.08;0.38;0.42
1993;4;30;120;15.9;8.2;-0.1;7.2;2.3;-2.5;0.1;0.9;0.23;3.9;1.6;37.51;657;198;107;70;86899;2.14;2.07;0.37;0.42
1993;5;1;121;12.2;7.2;1.8;7.2;3.7;0.1;0.2;0.3;0.23;3.9;1.6;31.47;567;182;92;59;86869;1.88;8.53;0.37;0.42
1993;5;2;122;10.9;6.3;0.9;6.8;4.4;-0.1;0.6;0.4;0.23;4;1.6;26.11;511;151;74;46;86924;1.68;6.5;0.37;0.42
1993;5;3;123;10.4;6.7;2;7.7;5.1;1.1;0.4;0.1;0.22;4;1.6;20.95;510;151;65;38;87573;1.94;9.09;0.38;0.42
1993;5;4;124;9.6;7.1;5.1;7.5;6;4.8;-0.6;-0.7;0.21;4;1.6;15.74;437;106;46;15;87992;1.53;4.13;0.38;0.42
1993;5;5;125;10.6;7.6;5.3;6;5.1;4.6;-1.2;-0.8;0.19;4;1.6;10.35;442;142;66;23;87578;1.79;2.11;0.38;0.42
1993;5;6;126;10.5;7.3;5;7.9;5.8;4.5;-0.5;-0.8;0.16;4;1.6;5.98;418;124;46;19;87290;1.87;7.19;0.38;0.42
1993;5;7;127;14.2;7.8;2.3;7.9;5.4;2.1;-0.3;0.1;0.14;4;1.6;3.37;649;192;89;59;87322;2.49;4.36;0.37;0.42
1993;5;8;128;15;8.1;0;8.4;4.7;-1.2;-0.1;0.4;0.13;4.1;1.6;1.87;710;221;105;75;87375;2.77;2.18;0.37;0.42
1993;5;9;129;15.3;8.5;1;9.6;4.9;-0.4;0;0.5;0.12;4.1;1.6;0.97;716;221;110;73;87386;2.98;3.39;0.37;0.42
1993;5;10;130;16.4;9.7;2;10.1;5.3;0.6;-0.4;0.4;0.12;4.1;1.6;0.47;701;232;108;74;87465;3.2;1.19;0.36;0.42
1993;5;11;131;17.5;11.2;2.4;8.5;4.6;1.2;0;0.6;0.12;4.1;1.6;0.22;709;245;116;77;87191;3.77;0.26;0.36;0.42
1993;5;12;132;14.2;9.2;4.2;9.5;6.9;3.9;0.4;0.3;0.12;4.1;1.6;0.09;561;174;84;50;86723;2.68;10.01;0.35;0.42
1993;5;13;133;14.1;8.2;1.4;8.4;5.4;0.6;0;0.3;0.12;4.1;1.7;0.05;642;209;100;68;86028;2.98;5.37;0.36;0.42
1993;5;14;134;12.7;7.6;1.8;8.5;5.8;1.4;0.3;0.3;0.12;4.2;1.7;0.01;561;184;101;55;86164;2.83;9.88;0.36;0.42
1993;5;15;135;11.7;8.1;3;8.6;6;2.5;0.6;0;0.12;4.2;1.7;0;492;181;93;52;86784;2.93;10.4;0.36;0.42
1993;5;16;136;11.7;7.7;5.3;5.7;4.9;3.6;-0.6;-0.6;0.12;4.2;1.7;0;391;107;82;28;87627;1.99;0.89;0.36;0.42
1993;5;17;137;18.4;10.9;1;8.6;5.1;0.1;-0.6;0.2;0.12;4.2;1.7;0;775;276;122;89;87454;4.04;0.01;0.36;0.42
1993;5;18;138;18.4;11.6;3.3;11.8;6.1;1.8;-0.1;0.4;0.12;4.2;1.7;0;752;251;112;79;87094;3.81;0.66;0.35;0.41
1993;5;19;139;16.7;11.1;3.8;11.1;7.8;2.9;-0.2;0.4;0.12;4.2;1.7;0;731;236;113;71;87226;3.48;5.81;0.35;0.41
1993;5;20;140;19.7;12.9;5.1;10.4;7;3.5;0;0.3;0.12;4.2;1.7;0;738;266;115;79;87238;4.27;0.6;0.35;0.41
1993;5;21;141;9.3;6.6;3.8;8.8;6;2.2;0.8;-0.2;0.12;4.2;1.7;0.02;224;65;39;21;87475;1.9;13.71;0.35;0.41
1993;5;22;142;13.4;7.6;0.4;4.6;2.6;-0.5;-0.1;-0.3;0.12;4.2;1.7;0.03;717;257;120;85;87561;3.54;0.05;0.35;0.41
1993;5;23;143;16.4;10.4;2.1;6.4;4.1;0.6;-0.2;-0.2;0.12;4.3;1.7;0;797;283;129;96;87659;3.89;0;0.35;0.41
1993;5;24;144;19.1;12.1;1.9;9.4;5.7;0.8;0;0.2;0.12;4.3;1.7;0;769;255;123;82;87614;3.98;0.45;0.34;0.41
1993;5;25;145;19.9;14.1;6.9;12.2;8.4;5;0.4;0.5;0.12;4.3;1.7;0;672;247;104;72;87501;4.08;0.36;0.34;0.41
1993;5;26;146;22.7;15.6;6.2;13.1;8.4;4.6;0.1;0.4;0.12;4.3;1.7;0;745;262;114;77;87119;4.63;0.05;0.33;0.41
1993;5;27;147;17.2;13.3;9.1;12.8;10.2;7.7;0.5;0;0.12;4.3;1.7;0;560;190;79;58;86754;2.95;10.34;0.33;0.41
1993;5;28;148;13.2;9.2;6.9;9.2;6.2;4.3;1.1;0.5;0.12;4.3;1.7;0;650;153;84;42;87120;3.47;11.52;0.34;0.41
1993;5;29;149;16.3;10.7;5.7;7.2;4.6;2.8;0.1;-0.2;0.12;4.3;1.7;0;694;255;108;76;87467;3.98;0.13;0.34;0.41
1993;5;30;150;19;11.8;5.1;10.7;7.6;3.7;0.2;0.4;0.12;4.3;1.7;0;710;223;108;59;87244;3.74;10.07;0.34;0.41
1993;5;31;151;13.4;10.6;7.2;8.3;6.7;4.8;1.2;-0.3;0.12;4.3;1.7;0;530;199;85;54;87629;3.33;1.95;0.34;0.41
1993;6;1;152;18.4;13.1;7.5;10.9;7.9;4.9;-0.5;-0.4;0.12;4.3;1.7;0;753;266;116;82;87595;3.81;0.06;0.34;0.41
1993;6;2;153;17;10.8;6.9;12;8.5;6;0.7;0.5;0.12;4.3;1.7;0;573;183;87;47;87250;3.56;23.98;0.34;0.4
1993;6;3;154;9.3;7.7;6.2;8.8;7.2;5.5;1.1;0.2;0.12;4.4;1.8;0;258;72;26;15;87306;2.17;14.08;0.36;0.4
1993;6;4;155;13;9.8;7.5;10.6;8.6;6.6;0.2;0;0.12;4.4;1.8;0;276;78;66;20;87512;1.47;2.38;0.36;0.4
1993;6;5;156;18.6;13.4;5.7;12.3;9.5;5.5;-0.6;0;0.12;4.4;1.8;0;768;247;104;68;87753;3.7;0.22;0.36;0.4
1993;6;6;157;19.6;13.7;6.9;13.2;10.3;6.5;0.3;0.5;0.12;4.4;1.8;0;632;231;92;65;87836;3.7;1.74;0.35;0.4
1993;6;7;158;19.9;13.8;6.9;14.2;10.5;6.3;0.4;0.5;0.12;4.4;1.8;0;627;225;89;62;87748;3.7;2.43;0.35;0.4
1993;6;8;159;20.5;15;7.5;12.9;10.7;7.2;-0.5;-0.1;0.12;4.4;1.8;0;741;256;107;72;87632;4.32;0.08;0.35;0.4
1993;6;9;160;23.3;16.3;8;16.9;12.6;7.1;-0.3;0.4;0.12;4.4;1.8;0;711;252;104;75;87415;4.2;3.74;0.35;0.4
1993;6;10;161;20.7;15.7;11.2;15;11.5;9;-0.1;0.9;0.12;4.4;1.8;0;668;218;98;64;87226;3.99;2.39;0.34;0.4
1993;6;11;162;19.9;12.7;6.7;11.2;8.8;5.8;0.7;0.3;0.12;4.4;1.8;0;615;203;102;46;87213;4.34;10.55;0.34;0.4
1993;6;12;163;10.6;7.8;5.8;5.5;4.2;2.3;1.5;0.2;0.12;4.4;1.8;0;557;162;81;45;87160;3.22;3.06;0.35;0.4
1993;6;13;164;10.8;7.9;3.8;4.7;3.4;2.2;1.1;0.1;0.12;4.4;1.8;0;478;169;80;53;87113;2.69;1.59;0.35;0.4
1993;6;14;165;12.6;9.3;6.1;6.8;5.4;4.3;1.2;0;0.12;4.4;1.8;0;509;177;62;43;87508;2.99;2.01;0.34;0.4
1993;6;15;166;10.5;9.1;7.7;8.4;7.5;6.3;1;0;0.12;4.5;1.8;0;184;66;32;18;87718;1.5;9.49;0.34;0.4
1993;6;16;167;16.7;11.8;6.9;9.9;7.3;6.3;1;0;0.12;4.5;1.8;0;629;230;97;57;87966;4.06;0.93;0.35;0.4
1993;6;17;168;10.2;8.9;5.3;9.9;7.7;4.4;1.3;0.2;0.12;4.5;1.8;0;253;62;60;28;87726;1.9;24.18;0.36;0.4
1993;6;18;169;17.5;11.2;2.4;10.1;6.4;1.9;0.4;0.2;0.12;4.5;1.8;0;706;275;115;82;87941;4.34;0;0.36;0.4
1993;6;19;170;21.9;15.1;5;15.8;10.2;4.1;0.4;0.6;0.12;4.5;1.8;0;776;269;113;79;87786;4.38;0.27;0.36;0.4
1993;6;20;171;17.4;13;8.5;12.8;11.1;8.4;0.6;0.6;0.12;4.5;1.8;0;431;145;67;47;87665;2.79;8.08;0.36;0.4
1993;6;21;172;17.6;12.1;6.4;12.3;10.1;6.1;0.2;0.4;0.12;4.5;1.8;0;502;188;74;48;87452;3.37;8.29;0.36;0.4
1993;6;22;173;18.9;13.4;7.8;13.9;11.4;7.7;-0.2;0.1;0.12;4.5;1.8;0;626;192;80;44;87193;3.17;10.22;0.36;0.4
1993;6;23;174;14.5;12.2;9.3;12.7;11.3;9.1;0.7;0.1;0.12;4.5;1.8;0;315;107;57;27;86981;2.55;20.31;0.38;0.4
1993;6;24;175;11.6;9.2;7.8;9.2;7.3;2.9;0.7;-0.8;0.12;4.5;1.8;0;511;133;57;28;87701;3.12;13.61;0.39;0.4
1993;6;25;176;13.1;9.7;6;6.2;3.9;2;0.6;-0.8;0.12;4.5;1.8;0;550;218;87;59;88063;3.59;0.18;0.39;0.4
1993;6;26;177;10.7;9.2;5.8;7.5;5.5;3.5;1.3;-0.1;0.12;4.5;1.8;0;250;100;57;33;87895;1.86;3.63;0.39;0.4
1993;6;27;178;13;10.8;8.8;11.2;9.5;6.6;1.5;0.5;0.12;4.5;1.8;0;241;71;41;14;87643;2.14;11.64;0.39;0.4
1993;6;28;179;12;9.6;6.7;9.4;7;4.2;0.4;-0.9;0.12;4.5;1.8;0;499;181;75;46;87566;3.28;6.44;0.4;0.4
1993;6;29;180;18.6;12.1;4.2;10.1;7.3;4.1;-1;-0.3;0.12;4.5;1.8;0;828;302;132;91;87412;4.51;0;0.39;0.4
1993;6;30;181;18.3;13.6;7;10;8.6;6.1;-0.1;-0.5;0.12;4.5;1.9;0;648;238;105;72;87379;3.77;0.07;0.39;0.4
1993;7;1;182;19.3;14.1;6.8;10;8.1;5.8;-0.7;-0.2;0.12;4.6;1.9;0;815;291;123;89;87531;4.73;0;0.38;0.4
1993;7;2;183;17.8;13.2;7.5;12.2;9.8;6.3;0.3;0.4;0.12;4.6;1.9;0;599;194;101;62;87612;3.35;2.57;0.38;0.4
1993;7;3;184;19;13.8;7.8;14.6;11.3;7.6;0.3;0.3;0.12;4.6;1.9;0;668;225;88;54;88040;3.67;3.17;0.38;0.4
1993;7;4;185;20.9;15.8;8.3;15.2;11.7;8.2;0.1;0.3;0.12;4.6;1.9;0;637;244;98;62;88340;4.31;0.94;0.37;0.4
1993;7;5;186;25.2;17;10.2;17.5;13;8.6;0;0.7;0.12;4.6;1.9;0;762;241;104;65;87742;4.52;22.74;0.37;0.39
1993;7;6;187;13;9.1;6.2;12.6;7.5;3.5;0.5;-1.2;0.12;4.6;1.9;0;271;67;43;16;87891;2.38;32.28;0.4;0.39
1993;7;7;188;13;9;4.9;5.3;3.7;2.9;1.4;-0.1;0.12;4.6;1.9;0;558;202;94;60;88058;3.45;0.24;0.4;0.4
1993;7;8;189;16.1;11.7;6.8;9.1;5.8;3.3;0.3;-0.3;0.11;4.6;1.9;0;674;259;111;80;87789;3.94;0.01;0.4;0.4
1993;7;9;190;19.6;13.8;5.8;14;9;4.8;0;0.4;0.11;4.6;1.9;0;712;244;105;73;87369;3.98;0.88;0.39;0.4
1993;7;10;191;16.4;11.9;7.6;13.3;10.4;7.5;0.2;-0.2;0.11;4.6;1.9;0;383;105;55;31;86867;2.43;30.74;0.39;0.4
1993;7;11;192;6.9;4.9;3.1;5.9;4.1;1.7;1.1;0.5;0.16;4.6;1.9;1.46;174;48;72;22;87011;1.8;28.24;0.42;0.4
1993;7;12;193;7.9;5.2;2.3;5.6;3;0.9;1.5;0.5;0.16;4.6;1.9;1.5;456;141;68;43;87539;2.9;6.73;0.42;0.4
1993;7;13;194;10.2;6.3;3.2;5.8;3.3;1.5;1.3;0.1;0.14;4.6;1.9;0.8;609;203;81;52;87980;3.34;4.3;0.42;0.4
1993;7;14;195;11.2;7.3;1.8;8.2;4.5;0.3;0.4;1.1;0.13;4.6;1.9;0.37;254;101;56;31;87540;1.94;8.54;0.42;0.4
1993;7;15;196;15.4;10.9;7.6;11.2;9.2;6;1.1;0.9;0.12;4.6;1.9;0.1;398;108;56;22;87418;2.47;12.3;0.42;0.4
1993;7;16;197;20.1;14.1;6.8;13.8;10.5;6.2;0.9;0.9;0.11;4.6;1.9;0.02;605;201;86;52;87676;3.74;3.37;0.42;0.41
1993;7;17;198;20.8;15.5;9.9;14.2;11.7;7.7;0.8;0.3;0.11;4.6;1.9;0;723;224;90;53;87891;4.08;6.88;0.42;0.41
1993;7;18;199;17.9;14.3;10.6;14.1;12.7;10.2;0.7;0.3;0.11;4.6;1.9;0;543;180;86;43;87698;3.34;16.49;0.42;0.41
1993;7;19;200;15.9;12.9;10.5;13.5;11.8;10.2;0;0;0.11;4.6;1.9;0;406;112;62;26;87238;2.58;17.07;0.42;0.41
1993;7;20;201;11.4;9.7;7.9;9.9;8.3;5.3;0.7;0.4;0.11;4.6;1.9;0;275;87;74;33;87049;2.34;12.64;0.43;0.41
1993;7;21;202;12.6;8.7;5.4;8.3;6.6;4.6;0.9;0;0.11;4.6;1.9;0;564;153;66;42;87525;3.17;14.72;0.42;0.42
1993;7;22;203;11.8;7.7;4.5;8.7;6.3;4.1;0.9;0.2;0.11;4.6;1.9;0;505;169;69;45;87946;3.28;12.37;0.43;0.42
1993;7;23;204;14.2;9.4;3.6;6.9;5.2;3.2;1.3;0.1;0.11;4.6;1.9;0;536;206;85;60;88155;3.56;0.63;0.42;0.42
1993;7;24;205;19.4;13.4;6.1;12.8;8.3;4.4;0.3;0.3;0.11;4.6;1.9;0;756;271;114;82;87764;4.26;0.02;0.41;0.42
1993;7;25;206;19.1;12.5;8.4;12;9.4;6.9;1;0.5;0.11;4.6;1.9;0;610;161;84;43;87156;3.21;10.73;0.41;0.42
1993;7;26;207;12.6;10;8;6.7;5.3;4.6;1.6;-0.1;0.11;4.6;1.9;0;568;179;75;52;87602;3.21;0.95;0.41;0.42
1993;7;27;208;16.7;12.5;8.5;9.9;6.9;4.3;1;-0.2;0.11;4.6;1.9;0;632;208;89;44;87857;3.47;2.27;0.4;0.42
1993;7;28;209;15.5;12.5;10.7;14;11.9;9;1.2;0.4;0.11;4.6;1.9;0;218;42;46;14;87964;1.12;18.05;0.41;0.42
1993;7;29;210;22;16.1;9.7;15.3;12.2;9.4;0.4;0.3;0.11;4.6;1.9;0;745;252;108;69;88040;4.35;0.23;0.41;0.42
1993;7;30;211;25.5;17.8;8.7;18.3;13.8;8.1;0.1;0.6;0.11;4.6;1.9;0;758;251;109;72;87663;4.39;5.46;0.4;0.42
1993;7;31;212;13.9;12;9.5;13.7;9.8;7.2;1;0.2;0.11;4.5;1.9;0;329;89;68;40;87872;2.56;13.68;0.41;0.42
1993;8;1;213;17.9;12.8;8.1;9.8;8.5;7.7;-1;-0.3;0.11;4.5;1.9;0;669;230;106;65;88065;3.73;0.07;0.4;0.42
1993;8;2;214;19.9;14.7;8.1;14.7;11.5;7;0.1;0.6;0.11;4.5;1.9;0;560;189;83;60;87941;3.24;2.41;0.4;0.42
1993;8;3;215;22.9;15.7;8.4;15.3;12;7.7;-0.1;0.6;0.11;4.5;1.9;0;717;216;100;67;87998;3.85;2.23;0.39;0.42
1993;8;4;216;23.1;16.2;9.1;16.9;12.8;8.4;0;0.6;0.11;4.5;1.8;0;701;225;107;69;87982;3.87;1.88;0.39;0.42
1993;8;5;217;22.9;16.4;10.1;15.9;12.7;9.5;0.4;0.5;0.11;4.5;1.8;0;710;217;99;65;87860;3.91;2.49;0.38;0.42
1993;8;6;218;14.8;13;11;13;10.8;8.3;0.8;-0.5;0.11;4.5;1.8;0;403;108;82;33;88019;2.65;9.43;0.39;0.42
1993;8;7;219;18.4;14;10.3;10.9;9.1;7.2;-0.4;-0.6;0.11;4.5;1.8;0;610;207;101;65;87920;3.42;0.04;0.38;0.42
1993;8;8;220;18.1;13;8.7;12.6;10.5;7.8;0.4;0.4;0.11;4.5;1.8;0;570;166;86;60;87670;2.73;7.08;0.38;0.42
1993;8;9;221;14.4;11;7.1;10.6;8.7;7;0.8;0.5;0.11;4.5;1.8;0;453;130;79;41;87588;2.81;13.97;0.39;0.42
1993;8;10;222;14.8;10.7;7.8;11.4;8.4;6.7;1.1;0.5;0.11;4.5;1.8;0;308;70;54;33;87275;1.79;15.85;0.39;0.42
1993;8;11;223;16.7;11.6;6.9;9.2;7.6;6.5;0.9;0;0.11;4.5;1.8;0;644;197;107;64;87616;3.46;1.46;0.4;0.42
1993;8;12;224;21.5;14.6;6;15.8;10.5;5;0;0.5;0.11;4.5;1.8;0;729;237;112;77;87649;3.79;1.95;0.39;0.42
1993;8;13;225;17.2;13.9;10.7;15.3;12.6;9.7;-0.2;-0.1;0.11;4.5;1.8;0;468;122;60;32;88024;2.17;3.34;0.39;0.41
1993;8;14;226;23.4;16.2;8.4;17.3;12.3;8;-0.2;0.7;0.11;4.5;1.8;0;708;228;107;71;87839;3.96;0.53;0.38;0.41
1993;8;15;227;21.1;15.3;9.8;15.4;12.2;8.3;0.1;0.5;0.11;4.5;1.8;0;587;207;97;66;87931;3.47;8.99;0.38;0.41
1993;8;16;228;21.6;16.5;10.2;15.4;12.8;9.5;0.1;0.2;0.11;4.5;1.8;0;659;217;99;69;88085;3.79;0.27;0.38;0.41
1993;8;17;229;19.9;15.5;12.6;15.4;13.5;11.3;0.1;-0.1;0.11;4.4;1.8;0;567;171;80;54;88286;2.74;7.91;0.38;0.41
1993;8;18;230;17;13.9;10.7;15.5;13.1;10.6;-0.2;-0.1;0.11;4.4;1.8;0;368;137;72;39;88240;2.28;3.14;0.38;0.41
1993;8;19;231;18.8;13.3;7.9;14.3;11.5;7.8;0.5;0.4;0.11;4.4;1.8;0;539;176;79;46;88207;2.96;5.17;0.38;0.41
1993;8;20;232;19.7;14.5;8.1;12.8;10.2;7.8;0.8;0.3;0.11;4.4;1.8;0;636;214;103;71;88242;3.8;0.34;0.38;0.41
1993;8;21;233;21.6;15.8;8.3;15.9;11.6;7.3;0.3;0.3;0.11;4.4;1.8;0;714;235;110;81;87996;3.82;0.02;0.37;0.41
1993;8;22;234;25.1;17.4;9.9;17.7;13.1;8.8;0.4;0.8;0.11;4.4;1.8;0;681;207;101;62;87363;4.02;14.64;0.37;0.41
1993;8;23;235;17.4;14.4;11.8;13.9;13.4;11.8;0.4;-0.3;0.11;4.4;1.8;0;416;122;65;26;87177;2.8;40.08;0.39;0.41
1993;8;24;236;11.4;9.8;8.2;11.4;9.7;7.9;-0.4;-0.8;0.11;4.4;1.8;0;96;19;9;4;87354;1.21;29.06;0.41;0.41
1993;8;25;237;11.5;9.6;8;9.2;8.4;7.4;-0.5;-0.9;0.11;4.4;1.8;0;257;62;16;8;87399;1.59;2.7;0.42;0.41
1993;8;26;238;11.6;9.6;8.3;8.6;8.2;7.7;-0.5;-0.6;0.11;4.4;1.8;0;197;57;41;18;87487;1.47;2.1;0.42;0.41
1993;8;27;239;14;10.5;6.5;12.3;9.5;6.4;-0.4;-0.4;0.11;4.4;1.8;0;266;84;59;32;87029;1.48;19.01;0.41;0.41
1993;8;28;240;8.5;6.5;4.1;8.5;6.2;3.9;0.2;-1;0.11;4.4;1.8;0;171;37;41;13;87436;1.6;20.66;0.43;0.41
1993;8;29;241;10.2;6.7;3.8;4.2;2.8;0.9;-0.2;-0.4;0.11;4.3;1.8;0;458;155;95;56;88149;2.67;1.02;0.42;0.42
1993;8;30;242;13.5;8.4;1.5;4.5;2.9;0.2;1.1;0.1;0.1;4.3;1.8;0;681;218;117;82;88020;3.02;0.41;0.42;0.42
1993;8;31;243;9.1;6.9;5.1;6.8;4.9;3.1;1.3;-0.5;0.1;4.3;1.8;0;313;93;64;29;87900;2.28;12.82;0.42;0.42
1993;9;1;244;9.8;6.9;4.7;8.5;5.3;3.2;0.2;-0.3;0.1;4.3;1.8;0;423;119;88;36;88111;2.17;4.51;0.42;0.42
1993;9;2;245;12.9;7.5;1.4;5.9;3.5;1.1;0.4;0.1;0.1;4.3;1.7;0;651;203;111;72;87819;2.67;0;0.41;0.42
1993;9;3;246;9.8;6.7;3.8;8.1;5.3;2.7;0.7;0.7;0.1;4.3;1.7;0;259;75;57;33;87117;1.7;12.14;0.41;0.42
1993;9;4;247;7.5;5.3;3.2;6.4;4.6;3;1.1;0.1;0.1;4.3;1.7;0;283;81;38;24;86914;1.95;16.36;0.42;0.42
1993;9;5;248;5.9;3.8;1.6;4.9;3.2;1.5;1.1;0.3;0.1;4.3;1.7;0;256;76;68;32;87363;1.82;11.07;0.42;0.42
1993;9;6;249;13.4;6.2;-2.1;5.8;2.2;-2.4;-0.5;0.3;0.1;4.3;1.7;0;694;218;127;85;87472;2.95;0;0.42;0.42
1993;9;7;250;16.7;9.8;2.1;9.5;5.3;0.6;-0.2;0.7;0.1;4.3;1.7;0;630;182;104;64;87215;2.69;0.1;0.41;0.42
1993;9;8;251;17.6;11.5;7.2;13;9;5.5;0.1;1;0.1;4.3;1.7;0;516;122;70;41;86959;1.94;5.27;0.41;0.42
1993;9;9;252;20.7;12.7;5.9;15.2;10.1;5.4;-0.1;0.7;0.1;4.3;1.7;0;620;179;103;58;86968;3.06;4.75;0.41;0.42
1993;9;10;253;12.5;10;6.5;10;8.3;5.1;0.6;0.4;0.1;4.2;1.7;0;364;82;62;35;87019;1.86;11.09;0.41;0.42
1993;9;11;254;13.2;8.4;4;8.1;5.9;3.5;0;0.4;0.1;4.2;1.7;0;459;126;78;52;87001;1.99;1.81;0.41;0.42
1993;9;12;255;13;8.7;4.8;6.7;5.5;3.7;0.4;0.3;0.1;4.2;1.7;0;526;161;100;62;86703;2.38;0.88;0.4;0.42
1993;9;13;256;19.2;10.9;4.3;9.6;6.2;3.1;-0.2;0.7;0.1;4.2;1.7;0;578;174;103;62;86023;3;1.14;0.4;0.42
1993;9;14;257;14.2;8.5;5.8;8.3;5.8;4;-0.1;0.5;0.1;4.2;1.7;0;542;134;93;44;86178;2.59;8.93;0.39;0.42
1993;9;15;258;13.5;7.7;2;7.8;4.9;1.7;0.2;0.4;0.1;4.2;1.7;0;591;161;109;67;86542;2.59;2.79;0.39;0.42
1993;9;16;259;11.8;7.8;3.8;7.4;5.1;2.9;1.1;0.3;0.1;4.2;1.7;0;445;124;75;47;86956;2.11;2.43;0.39;0.42
1993;9;17;260;12.1;8.7;6.7;6.8;5.6;4.4;0.4;0.1;0.1;4.2;1.7;0;416;100;54;32;87426;1.66;1.56;0.39;0.42
1993;9;18;261;13.7;10;7;8;6.8;5.5;-0.3;-0.2;0.1;4.1;1.7;0;526;135;96;53;87681;1.89;0.18;0.39;0.42
1993;9;19;262;16.8;10.6;4.8;12.2;8.3;4.1;-0.2;0.5;0.1;4.1;1.7;0;552;150;93;61;87980;1.98;0.89;0.38;0.42
1993;9;20;263;19.7;12.2;4.3;13.5;8.6;3.7;-0.1;0.8;0.1;4.1;1.7;0;589;170;109;68;88192;2.57;0;0.38;0.42
1993;9;21;264;21.7;14;7.4;15.7;10.9;6.3;-0.1;0.9;0.1;4.1;1.6;0;577;154;100;64;88054;2.31;1.69;0.37;0.42
1993;9;22;265;21.8;14.3;7.9;12.6;9.4;6.6;-0.4;1.6;0.1;4.1;1.6;0;579;161;103;71;87580;2.87;0.05;0.37;0.42
1993;9;23;266;19.8;13.9;9.6;12.8;10.1;7.5;-0.5;0.5;0.1;4;1.6;0;544;136;92;55;87168;2.13;0;0.36;0.42
1993;9;24;267;17.6;13;8.9;12.7;9.8;7.2;-0.5;1;0.09;4;1.6;0;303;85;63;47;86722;1.28;0.47;0.36;0.42
1993;9;25;268;12.4;9.3;5.2;10;8.1;5;1.1;0.2;0.09;4;1.6;0;337;64;36;18;86489;2.24;25;0.36;0.42
1993;9;26;269;6.2;4.5;1.9;4.7;3.2;0.6;1.3;0.5;0.09;4;1.6;0;209;53;77;28;87059;1.84;8.84;0.38;0.42
1993;9;27;270;10.8;5.4;-1.1;3.6;1.5;-1.9;-0.2;0.2;0.09;4;1.6;0;525;145;99;73;87307;1.85;0.09;0.38;0.41
1993;9;28;271;10.2;5.6;2.4;5.7;3.7;1.5;0.6;0;0.09;4;1.6;0.01;447;111;97;42;87132;1.67;9.06;0.38;0.41
1993;9;29;272;6.9;3.9;0.6;4.3;2.9;0.2;0.4;0.1;0.1;3.9;1.6;0.2;252;56;88;31;87218;1.5;3.08;0.38;0.41
1993;9;30;273;12.6;5.9;-1;4.4;1.5;-2.6;-0.3;0.6;0.1;3.9;1.6;0.11;549;155;114;73;87112;1.98;0;0.38;0.41
1993;10;1;274;14.8;8.5;3.4;6;3.8;1.4;-0.6;1.5;0.09;3.9;1.6;0.06;507;119;95;63;86287;1.68;0.16;0.37;0.41
1993;10;2;275;10.6;6.9;3.8;8.9;5.7;3.4;0.4;0.2;0.09;3.9;1.6;0.03;234;53;53;25;85446;1.12;23.62;0.38;0.41
1993;10;3;276;8.8;5.3;2.9;4;2.5;0.8;1.2;0.4;0.09;3.9;1.6;0;460;116;81;52;86107;2.07;3.2;0.39;0.41
1993;10;4;277;11.7;5.9;-0.9;4;1.2;-1.7;0.3;0.8;0.09;3.8;1.5;0;502;140;108;66;86961;1.77;1.26;0.39;0.41
1993;10;5;278;16.4;9.3;2.2;8.3;4.5;0.7;-0.4;1.3;0.09;3.8;1.5;0;522;142;105;64;86858;2.16;0.07;0.38;0.41
1993;10;6;279;15.3;9.9;5.8;8.7;6.3;3.5;-0.1;0.4;0.09;3.8;1.5;0;455;118;103;55;86467;1.5;0.33;0.38;0.41
1993;10;7;280;13.5;8.6;4.7;6.6;5.4;3.1;-0.5;0.3;0.09;3.8;1.5;0;448;122;101;64;86889;1.75;1.11;0.38;0.41
1993;10;8;281;13;8.4;4.7;10.4;6.7;2.9;0.1;0.3;0.09;3.8;1.5;0;316;79;71;38;86591;1.07;10.21;0.38;0.41
1993;10;9;282;9.5;6.4;3.5;7;3.5;2.1;0.7;-0.1;0.09;3.7;1.5;0;353;85;100;41;87123;1.91;11.29;0.39;0.41
1993;10;10;283;14.5;7.8;1.4;7.9;3.6;0.3;-0.3;1.1;0.09;3.7;1.5;0;489;127;100;68;87155;1.55;0.03;0.39;0.41
1993;10;11;284;16.9;9.5;3.7;9.6;5.3;1.7;-0.2;1.2;0.09;3.7;1.5;0;483;129;104;70;86879;1.7;0;0.38;0.41
1993;10;12;285;17.1;10.9;5.7;10.3;7.2;4;-0.1;1.1;0.09;3.7;1.5;0;333;102;97;51;86394;1.58;2.57;0.38;0.41
1993;10;13;286;15.2;9.9;6.8;8.2;6.6;3.5;-0.8;0.7;0.09;3.7;1.5;0;447;115;104;54;86619;1.94;4.79;0.38;0.41
1993;10;14;287;11.6;8.1;4.6;7.8;5.9;3.5;0.3;0.6;0.09;3.6;1.5;0;331;65;60;32;86250;1.35;5.98;0.38;0.41
1993;10;15;288;8.6;6.2;3.4;6.2;4.4;2.4;0.2;0.3;0.09;3.6;1.5;0;316;70;76;35;86939;1.4;8.57;0.39;0.41
1993;10;16;289;11.3;6.2;2.9;4.3;3.1;1.9;-0.5;-0.2;0.09;3.6;1.5;0;430;111;103;59;87462;1.5;0;0.39;0.41
1993;10;17;290;9.8;5.9;3.9;5.3;4.1;2.4;-0.3;-0.4;0.09;3.6;1.4;0;343;63;60;24;87526;0.76;1.51;0.38;0.41
1993;10;18;291;6.6;4.7;3.9;4.9;4;3;-1;-0.6;0.08;3.6;1.4;0;227;47;29;11;88327;0.7;0.46;0.38;0.41
1993;10;19;292;10.7;5.8;1.3;5.8;4.1;1.1;-0.3;-0.2;0.08;3.6;1.4;0;410;101;86;53;88385;0.89;0.66;0.38;0.41
1993;10;20;293;8.7;5.8;4.3;5;4.4;3.8;-0.2;-0.5;0.08;3.6;1.4;0;220;54;39;21;87862;1.03;3.64;0.38;0.41
1993;10;21;294;4.3;1.6;-1.2;3.8;1.4;-1.5;0.1;-0.9;0.16;3.6;1.4;2.72;114;23;20;10;87033;1.05;18.49;0.38;0.41
1993;10;22;295;0.1;-1.2;-3.2;-1.2;-1.9;-3.4;-0.9;-1;0.5;3.6;1.4;20.66;108;25;31;16;86728;0.29;14.63;0.38;0.41
1993;10;23;296;2.8;0.4;-3.3;1.5;-0.4;-3.7;0.3;-0.3;0.51;3.5;1.4;23.11;203;50;69;26;86728;0.06;5.68;0.38;0.41
1993;10;24;297;1.2;0.4;-0.5;0.6;0.1;-0.6;0.5;0.1;0.51;3.5;1.4;28.42;70;16;19;8;87074;0.05;15.51;0.39;0.41
1993;10;25;298;2.8;1;-1;1.6;0.4;-1.2;-0.5;-0.4;0.49;3.5;1.4;29.02;169;36;49;19;87868;0.03;0.58;0.39;0.41
1993;10;26;299;3.8;1.5;0.3;1.4;0.8;0.2;-1;-0.4;0.45;3.5;1.4;24.79;193;48;74;29;88028;0.21;0.03;0.4;0.41
1993;10;27;300;5;1;-3.9;1.4;-0.4;-4.3;-0.6;0.1;0.41;3.5;1.4;21.58;263;68;94;63;87986;0.31;0.01;0.4;0.41
1993;10;28;301;9.4;0.7;-6.2;3.3;-2;-7.3;-0.2;0.7;0.37;3.5;1.4;18.2;283;71;103;62;87895;0.46;0;0.4;0.41
1993;10;29;302;9.1;0.7;-5.6;5;-1.6;-7;-0.1;0.6;0.33;3.5;1.4;14.75;314;76;102;61;87894;0.45;0;0.4;0.41
1993;10;30;303;8.8;1.3;-4.5;4.6;-1.3;-6.1;-0.2;0.7;0.29;3.5;1.4;11.91;299;76;101;66;87912;0.46;0;0.4;0.41
1993;10;31;304;10.2;2.2;-4.9;4.2;-1.3;-7.4;-0.1;0.9;0.27;3.5;1.4;9.44;347;86;115;66;87704;0.58;0;0.4;0.41
1993;11;1;305;11.6;5.1;1.2;5.4;1.6;-1.1;-0.1;0.8;0.23;3.5;1.4;6.99;325;81;92;50;87402;0.7;0.12;0.4;0.41
1993;11;2;306;11.8;5.4;1.1;6;2.3;-0.7;0;1;0.18;3.5;1.4;4.69;321;77;88;49;87005;0.71;0.01;0.4;0.41
1993;11;3;307;11.7;5;0.1;5.8;2;-0.8;0;0.7;0.15;3.4;1.4;3.1;365;88;102;62;86944;0.8;0.04;0.4;0.41
1993;11;4;308;11.1;4;-0.9;5.5;1.6;-1.7;-0.2;0.6;0.12;3.4;1.4;2.05;347;86;99;63;86908;0.72;0;0.4;0.41
1993;11;5;309;10.4;4.2;-0.9;5.3;1.9;-2;-0.3;0.4;0.11;3.4;1.4;1.39;316;75;81;49;86488;0.63;0.01;0.39;0.41
1993;11;6;310;5.7;4.3;3.1;5.5;4;2.7;0.2;0;0.1;3.4;1.4;0.99;106;18;30;9;85954;0.35;9.83;0.4;0.41
1993;11;7;311;7.9;4.4;2.1;5.5;3.5;1.5;0.1;0.4;0.09;3.4;1.4;0.72;223;51;68;30;86305;0.67;4.86;0.4;0.41
1993;11;8;312;5.5;3.1;1;4.2;2.4;0.7;0.4;0;0.09;3.4;1.4;0.54;198;44;53;21;86974;0.81;2.7;0.4;0.41
1993;11;9;313;4.7;2.9;1.9;2.4;1.6;0.9;0.4;-0.5;0.09;3.4;1.4;0.39;202;46;46;19;87448;0.9;1.27;0.4;0.41
1993;11;10;314;6.1;2.9;0.9;1.3;0.8;0.3;-0.3;0;0.08;3.4;1.4;0.31;274;62;78;39;87541;0.73;0.24;0.4;0.41
1993;11;11;315;7.5;3.3;0.9;3.3;1.4;0;0.4;0;0.09;3.4;1.4;0.48;254;46;67;22;87476;0.59;8.62;0.4;0.41
1993;11;12;316;2.7;0.6;-1;0.6;-1;-2;-0.1;-0.6;0.14;3.4;1.4;2.51;256;49;78;35;87872;0.74;2.96;0.4;0.41
1993;11;13;317;2.4;-0.8;-2.5;-1.8;-3.8;-6.8;0;0.4;0.18;3.3;1.4;3.79;298;67;114;56;87870;0.74;0.46;0.4;0.41
1993;11;14;318;7.3;1.4;-2.4;2;-2.1;-7.2;1;1.1;0.21;3.3;1.3;4.69;219;40;66;23;87141;1.15;5.77;0.4;0.41
1993;11;15;319;-1;-2.1;-3.5;-3.3;-4.9;-7.1;2.4;0.2;0.32;3.3;1.3;9.56;94;22;81;26;87344;0.59;15.46;0.4;0.41
1993;11;16;320;-3.4;-4.1;-5.3;-4.1;-4.8;-5.8;0.4;-0.9;0.52;3.3;1.3;27.65;62;14;21;10;88143;0.11;10.73;0.4;0.41
1993;11;17;321;-3.7;-6;-8.9;-5.7;-7.6;-9.5;-1.2;-0.3;0.52;3.3;1.3;31.25;145;33;76;44;88257;0.19;0.08;0.39;0.41
1993;11;18;322;-5.2;-8.8;-13.6;-8.1;-10.5;-14.9;-0.8;0.1;0.52;3.3;1.3;31.27;165;38;85;54;88048;0.09;0.1;0.39;0.41
1993;11;19;323;-6.6;-10.8;-15.4;-8.6;-12.5;-16.9;-0.4;0.3;0.52;3.3;1.3;31.4;181;41;88;51;87522;0.1;0.1;0.39;0.41
1993;11;20;324;-8.4;-13.4;-18.9;-10.9;-15.4;-20.5;-0.2;0.4;0.52;3.3;1.3;31.57;158;36;73;44;86787;0.09;0.29;0.39;0.41
1993;11;21;325;-4.8;-13.1;-22.4;-10.1;-16.2;-24.3;0;0.9;0.51;3.3;1.3;31.73;190;43;93;59;86664;0.15;0;0.39;0.41
1993;11;22;326;-6;-13.2;-21.5;-8.9;-15.7;-24.2;0.3;0.8;0.51;3.3;1.3;31.96;108;22;71;33;87206;0.13;0.58;0.39;0.41
1993;11;23;327;-2.2;-12.7;-22.9;-7.6;-16.1;-25.3;-0.1;1.2;0.51;3.3;1.3;32.17;183;41;89;50;87284;0.18;0;0.38;0.41
1993;11;24;328;3;-6.8;-15.1;-1.8;-9.8;-17.4;0.1;1.2;0.5;3.3;1.3;32.07;175;38;87;47;87515;0.13;0;0.38;0.41
1993;11;25;329;3.7;-7.2;-15.7;-2.3;-10.3;-17.7;-0.1;1.1;0.5;3.3;1.3;31.84;178;40;90;53;87964;0.13;0;0.38;0.41
1993;11;26;330;0.3;-6.9;-15.7;-3.3;-9.5;-18.1;-0.1;0.6;0.49;3.3;1.3;31.65;156;34;67;39;87792;0.15;0;0.38;0.41
1993;11;27;331;0.7;-4.9;-9.7;-2.8;-7.2;-12;0;0.5;0.49;3.3;1.3;31.57;152;32;68;40;87618;0.16;0;0.38;0.4
1993;11;28;332;-3.2;-8.1;-14.1;-6.4;-10;-16.1;0.1;0;0.48;3.3;1.3;31.63;149;32;74;36;87558;0.08;0.49;0.37;0.4
1993;11;29;333;-6.2;-10.5;-18.2;-9.6;-12.5;-19.9;-0.3;0.2;0.49;3.3;1.3;32.7;127;26;68;35;87484;0.15;1.27;0.37;0.4
1993;11;30;334;0.2;-12;-22.3;-5.4;-15.5;-24.9;0;1.1;0.48;3.3;1.3;33.09;178;39;88;51;86752;0.15;0;0.37;0.4
1993;12;1;335;-0.2;-8.8;-18.2;-4.3;-11.8;-20.6;0.3;0.8;0.48;3.3;1.3;32.95;116;25;46;32;86465;0.09;0.01;0.37;0.4
1993;12;2;336;1.3;-4;-11.3;-2;-6.6;-13.2;0.6;1.1;0.48;3.3;1.3;32.92;134;24;52;19;87560;0.12;0.39;0.37;0.4
1993;12;3;337;5.5;-1.1;-7.4;3.6;-2.5;-9.1;0.2;1.1;0.47;3.3;1.3;32.12;138;31;76;44;88004;-0.07;0;0.37;0.4
1993;12;4;338;5.5;-4.2;-11.2;3.1;-6.6;-13.2;0.3;1.6;0.46;3.3;1.3;30.18;176;38;95;55;87685;-0.05;0;0.37;0.4
1993;12;5;339;2;-0.4;-5.2;1;-2;-9.3;0.4;0.3;0.45;3.3;1.3;29.22;50;10;25;1;88032;-0.01;3.08;0.37;0.4
1993;12;6;340;2.2;-1.8;-5.8;0.1;-2.9;-7.7;-0.2;0.6;0.44;3.3;1.3;28.33;158;32;80;43;87834;0.12;0;0.37;0.4
1993;12;7;341;0.6;-3.1;-7.1;-1.1;-5.2;-10;0.5;0.9;0.43;3.3;1.4;28;86;19;84;24;86995;0.09;3.05;0.37;0.4
1993;12;8;342;2.7;-0.5;-2.7;-0.2;-2.5;-4.1;1.2;1.1;0.49;3.3;1.4;38.24;57;9;70;16;86563;0.21;14.31;0.37;0.4
1993;12;9;343;4.4;1.7;-0.5;-0.2;-2.1;-3.4;2.8;0.9;0.49;3.3;1.4;40.64;127;24;72;44;86638;0.57;0.4;0.37;0.4
1993;12;10;344;3.6;-2;-6.9;-1;-4.8;-8.8;0.5;1.1;0.47;3.3;1.4;39.04;94;19;62;35;86983;0.14;0.91;0.37;0.4
1993;12;11;345;-0.4;-2.9;-5.5;-2.2;-5.6;-8.9;2.2;0.6;0.48;3.3;1.4;42.48;110;23;79;41;86562;0.52;8.52;0.37;0.4
1993;12;12;346;-3.3;-5.6;-8.8;-6.6;-8.7;-12.1;1.4;1;0.51;3.3;1.4;51.08;87;17;56;27;87171;0.28;6.79;0.37;0.4
1993;12;13;347;2;-3.8;-7.7;-3.1;-7.3;-10.8;0.2;1.7;0.52;3.3;1.4;53.69;145;29;87;38;86291;0.25;0.62;0.37;0.4
1993;12;14;348;-0.7;-4.3;-7.7;-2.6;-6.7;-10.9;0.2;1.2;0.51;3.3;1.4;54.63;51;11;51;19;86171;0.03;1.93;0.37;0.4
1993;12;15;349;-0.5;-4.5;-7.9;-4.3;-7.7;-10.7;0;1.3;0.51;3.3;1.4;55.95;125;28;91;38;85625;0.13;0.96;0.37;0.4
1993;12;16;350;-2.2;-4.8;-7.4;-5.6;-8;-10.4;1.4;1.2;0.52;3.3;1.3;59.06;107;19;82;36;85713;0.22;5.2;0.36;0.4
1993;12;17;351;1;-1.9;-4.3;-1.4;-4.3;-6.9;2;1.1;0.53;3.3;1.3;67.56;36;7;35;10;87021;0.21;13.98;0.36;0.4
1993;12;18;352;3.2;-1.5;-8.5;0.3;-3.6;-10;0.5;1;0.51;3.3;1.3;73.17;148;30;83;52;87940;0.16;0.25;0.36;0.4
1993;12;19;353;2.7;-3.7;-9.6;1.2;-5.5;-11.3;0.4;1.9;0.51;3.3;1.3;73.25;72;13;53;18;87442;-0.04;3.39;0.36;0.4
1993;12;20;354;8.8;5.7;2.9;3.5;1.1;-1.6;2.3;1.5;0.49;3.3;1.3;66.9;125;21;74;30;86761;0.11;4.95;0.38;0.4
1993;12;21;355;3.5;0.9;-3.7;0.8;-2.3;-6.8;2.3;0.8;0.46;3.2;1.3;60.51;88;14;75;42;86149;0.43;9.28;0.39;0.4
1993;12;22;356;-2.2;-4.9;-7;-6.7;-10.3;-12.8;1.7;1.3;0.49;3.2;1.3;64.09;146;28;88;53;86702;0.66;2.85;0.38;0.4
1993;12;23;357;-1.7;-5.2;-11.1;-5.5;-9.1;-14.4;1;1.3;0.49;3.2;1.3;65.58;144;27;71;44;86435;0.18;1.3;0.38;0.4
1993;12;24;358;-3.7;-6.7;-11.1;-6.3;-9.8;-14.2;0.8;1.1;0.5;3.2;1.3;69.13;58;9;36;20;85216;0.09;6.63;0.38;0.4
1993;12;25;359;-3.9;-6.4;-8.9;-6;-8.8;-10.8;1;0.6;0.52;3.2;1.3;76.94;83;14;60;21;85152;0.07;8.26;0.38;0.4
1993;12;26;360;-6.9;-8.8;-10.8;-9.2;-10.8;-13.5;0.9;0;0.53;3.2;1.3;81.4;82;16;56;26;85804;0.1;1.15;0.38;0.4
1993;12;27;361;-5.5;-9;-11.5;-9;-12;-14.9;0.7;1;0.53;3.2;1.3;82.4;92;18;47;21;86492;0.08;1.41;0.38;0.4
1993;12;28;362;-4.9;-12.4;-17.1;-10.1;-16;-20;0.2;1.3;0.52;3.2;1.3;83.18;153;32;83;50;86750;0.06;0.04;0.37;0.4
1993;12;29;363;-0.7;-8.6;-16.5;-6.2;-12.2;-18.9;0.1;1.5;0.52;3.2;1.3;83.29;123;23;78;22;87128;0.09;0.2;0.37;0.4
1993;12;30;364;1.7;-2.5;-6.2;-2.2;-5.9;-10.1;0.7;1.5;0.52;3.2;1.3;85.01;125;27;91;27;87375;0.29;2.63;0.37;0.4
1993;12;31;365;2.3;-1.5;-4.1;-1.4;-4.8;-7.7;0.2;1.7;0.51;3.2;1.3;85.64;123;24;68;28;86792;0.25;1.62;0.37;0.4
1994;1;1;1;-1.8;-3.8;-9.8;-2.4;-5.1;-11.6;1.2;0.2;0.53;3.1;1.3;100.98;58;11;65;25;86700;0.2;21.16;0.37;0.4
1994;1;2;2;-2.2;-7;-13.9;-4.5;-10;-16.6;0.6;1.6;0.53;3.1;1.3;110.13;47;9;61;21;86394;0.21;11.78;0.37;0.4
1994;1;3;3;0.7;-2;-4.4;-2.7;-4.6;-6.8;0.4;1.3;0.53;3.1;1.3;118.78;131;23;64;30;86431;0.22;1.65;0.37;0.4
1994;1;4;4;0;-2.2;-4.6;-1.7;-4.1;-6.6;0.1;1.1;0.52;3.1;1.3;122.21;65;14;60;28;86120;0.17;7.66;0.37;0.4
1994;1;5;5;-0.7;-5;-8.4;-4.5;-8.3;-10.8;0.1;1.7;0.52;3.1;1.3;126.14;150;32;81;59;85888;0.32;0.12;0.37;0.4
1994;1;6;6;1.1;-3.2;-5.4;-2.4;-6.4;-9.6;-0.4;1.7;0.52;3.1;1.3;126.11;89;19;60;35;85064;0.08;0.21;0.36;0.4
1994;1;7;7;4.2;-2.3;-6.3;-0.1;-5.4;-9.2;-0.2;1.3;0.51;3.1;1.3;126.39;142;29;78;43;85444;0;0.2;0.36;0.4
1994;1;8;8;1.3;-0.9;-3.3;-0.3;-2.1;-4.9;-0.2;0;0.51;3.1;1.3;128.02;96;20;53;23;86669;-0.04;1.92;0.36;0.4
1994;1;9;9;2.2;-2.6;-6.4;-0.3;-4.1;-8.2;-0.1;0.7;0.51;3.1;1.3;128.54;142;28;65;42;86682;0;0.03;0.36;0.4
1994;1;10;10;2.5;-3.7;-7.1;-1.3;-6.5;-9.3;-0.1;1.6;0.5;3.1;1.2;128.55;170;34;91;49;85910;0.06;0;0.36;0.4
1994;1;11;11;-0.1;-2.7;-6.2;-1.6;-5.2;-9.4;0.6;0.7;0.5;3.1;1.2;129.31;78;17;40;15;86147;-0.02;1.69;0.36;0.4
1994;1;12;12;3.7;-2.4;-6.9;-0.1;-4.7;-8.6;0.2;1.3;0.5;3;1.2;130.3;154;34;82;43;87198;0.02;0;0.36;0.4
1994;1;13;13;2.5;-1;-5.7;-1.3;-4.6;-10;0.5;1.2;0.49;3;1.2;130.28;114;18;43;16;87469;0.02;0.9;0.36;0.4
1994;1;14;14;1.3;-0.3;-5.4;0.1;-1.7;-6.8;0.7;0.5;0.49;3;1.2;133.47;34;8;81;18;87358;0;10.4;0.36;0.4
1994;1;15;15;0.2;-4.1;-6.6;-4;-6.5;-9.8;0.2;0.8;0.49;3;1.2;136.43;142;28;83;52;86761;0.19;2.29;0.36;0.4
1994;1;16;16;-0.4;-4.3;-7.6;-5.2;-8.9;-13.7;0.1;0.5;0.49;3;1.2;137.09;137;27;62;37;85947;0.09;0.43;0.36;0.4
1994;1;17;17;-3.7;-5.5;-7.7;-5.8;-7.1;-8.7;-0.1;-0.8;0.5;3;1.2;140.61;86;19;41;20;86721;0.06;6.46;0.36;0.4
1994;1;18;18;-3.2;-8.1;-13.7;-8.9;-12.1;-19.7;-0.1;0.5;0.51;3;1.2;143.99;187;41;110;68;88056;0.13;0.11;0.36;0.4
1994;1;19;19;-1.4;-12.2;-20.2;-11;-19;-24.9;0.1;1.2;0.51;3;1.2;143.99;190;43;107;71;87699;0.05;0;0.36;0.4
1994;1;20;20;-3;-11.9;-21.6;-10.4;-17.3;-25.9;0.3;0.8;0.51;3;1.2;143.99;185;41;81;47;87739;0.01;0.31;0.36;0.4
1994;1;21;21;-3.3;-7.4;-11;-8;-10.7;-14.3;-0.2;0.5;0.5;3;1.2;144.48;165;37;77;41;87994;0.03;0.27;0.35;0.4
1994;1;22;22;2.2;-7.9;-16.3;-6.8;-14;-21.2;0.2;1;0.5;3;1.2;144.56;192;43;87;55;88253;0.03;0;0.35;0.4
1994;1;23;23;3.4;-4.6;-13.3;-1.6;-9.3;-17.7;1.1;1.2;0.5;3;1.2;145.09;169;36;65;23;88028;0.05;4.35;0.35;0.4
1994;1;24;24;2.1;0.3;-0.6;-0.2;-1.1;-2.2;1.3;0.7;0.49;3;1.2;147.91;95;19;32;10;87514;-0.01;12.34;0.35;0.4
1994;1;25;25;4.1;2.2;0.6;1.8;0.6;-0.9;1.8;1.1;0.49;3;1.2;150.66;89;17;19;10;87189;-0.12;12.44;0.37;0.4
1994;1;26;26;2.3;-1.4;-3.9;0.4;-3.5;-6;2.9;0;0.49;3;1.2;150.93;100;20;62;29;86909;0.64;14.53;0.38;0.4
1994;1;27;27;1.1;-2.2;-4.1;-5.2;-7.1;-9.3;1.7;1;0.51;3;1.2;158.52;164;36;88;50;87541;0.67;0.89;0.37;0.4
1994;1;28;28;-0.9;-4.2;-7.7;-3.5;-7.7;-10.7;3.1;-0.3;0.52;3;1.2;164.91;83;20;54;28;87060;0.65;14.88;0.37;0.4
1994;1;29;29;-5.4;-7.4;-8.6;-10.1;-11.1;-11.8;2;0.1;0.53;3;1.2;173.86;109;28;67;33;88334;0.4;1.86;0.37;0.4
1994;1;30;30;1.9;-2.7;-6.5;-4.7;-7.4;-10.8;1.3;1.1;0.53;3;1.2;174.22;185;42;88;46;87960;0.32;0.14;0.37;0.4
1994;1;31;31;-0.7;-2.8;-8.8;-3.5;-5.2;-10.8;1.4;0.1;0.53;3;1.2;177.64;135;29;68;31;87723;0.22;4.28;0.37;0.4
1994;2;1;32;3.1;-6.6;-13.5;-4.8;-11.1;-16.3;0.2;1.4;0.52;3;1.2;178.41;207;49;92;63;87445;0.17;0;0.37;0.4
1994;2;2;33;2.7;-3.6;-10.1;-2.3;-7.3;-12.9;0.3;1.2;0.52;3;1.2;178.43;100;24;50;16;87202;0.02;0.12;0.36;0.4
1994;2;3;34;5.2;-1.3;-4.6;-0.5;-5.2;-8.4;-0.2;1.4;0.51;3;1.2;178.42;200;42;75;40;86236;0.21;0;0.36;0.4
1994;2;4;35;4.1;-2.1;-5.7;-1.5;-5.9;-8.7;-0.2;1.8;0.51;3;1.2;178.13;216;48;88;62;85861;0.22;0;0.36;0.4
1994;2;5;36;3.9;-2.5;-6.2;-3;-6.5;-9.1;-0.1;1.7;0.5;3;1.2;177.94;206;48;92;57;86236;0.21;0;0.36;0.4
1994;2;6;37;3.1;-1.4;-6.1;-1.6;-5.1;-9.2;0.2;0.3;0.5;3;1.2;178.02;208;47;84;42;86767;0.13;2.28;0.36;0.4
1994;2;7;38;1.1;-0.9;-2.1;-1;-1.9;-3;-0.3;-0.3;0.5;3;1.2;180.89;140;30;50;18;86698;0.05;2.98;0.36;0.4
1994;2;8;39;-0.9;-2.2;-3.7;-2;-3.1;-4.5;0.9;-0.6;0.52;3;1.2;188.31;105;24;30;14;87096;0.25;10.28;0.36;0.4
1994;2;9;40;-0.8;-3.5;-7;-4.5;-6.3;-9.7;0.5;0.1;0.52;3;1.2;193.19;172;40;75;47;87854;0.27;0.66;0.36;0.4
1994;2;10;41;-2.2;-5.5;-8.3;-4.7;-8.4;-12.1;1.2;0.5;0.52;3;1.2;195.64;126;31;71;34;87189;0.1;8.11;0.36;0.4
1994;2;11;42;-3.9;-6.4;-10.5;-6.5;-8.6;-11.8;0.7;0.2;0.53;3;1.2;206.17;167;36;71;35;87282;0.17;7.3;0.35;0.4
1994;2;12;43;-4.7;-9.1;-13.2;-8.7;-11.6;-15.8;-0.6;-0.1;0.53;3;1.2;209.25;187;44;54;36;87229;0.16;1.87;0.35;0.4
1994;2;13;44;-7.4;-10.5;-14.8;-10.9;-12.8;-16.5;-1.3;-0.6;0.53;3;1.2;210.64;161;39;77;43;86808;0.15;0.68;0.35;0.39
1994;2;14;45;-5.5;-12.4;-18.5;-12.1;-16.6;-21.1;-0.7;0.6;0.53;3;1.2;210.78;235;59;94;70;86796;0.1;0;0.35;0.39
1994;2;15;46;-0.8;-10.3;-18.7;-9.1;-15.5;-22.2;-0.1;0.9;0.53;3;1.2;210.75;234;59;85;64;87153;0.08;0;0.35;0.39
1994;2;16;47;-4;-11.1;-20.3;-9.8;-15;-23.1;0;0.5;0.52;3;1.2;210.78;256;66;95;64;87255;0.01;0.05;0.35;0.39
1994;2;17;48;-5.4;-8.8;-11.7;-8;-11.2;-13.5;0.5;0.2;0.52;3;1.2;212.09;173;40;53;24;87011;0.03;2.96;0.35;0.39
1994;2;18;49;-0.6;-8.4;-18;-7.9;-12.5;-20.1;0.1;0.4;0.52;3;1.2;213.84;251;64;89;63;87029;0.04;0.01;0.35;0.39
1994;2;19;50;-3.5;-9.2;-15.5;-9.1;-12.6;-18;0.1;0.6;0.52;3;1.2;214.03;253;62;96;61;87165;0.03;0.29;0.35;0.39
1994;2;20;51;0.4;-9.6;-20.9;-7.8;-15.2;-23.6;0;1.2;0.52;3;1.2;214.12;198;46;65;39;86484;0.08;0.27;0.35;0.39
1994;2;21;52;-0.5;-6.2;-12.4;-4.4;-9.3;-14.8;0.4;1;0.52;3;1.2;215.02;157;37;53;31;86718;-0.06;1.29;0.35;0.39
1994;2;22;53;3.6;-4.9;-13.5;-4;-9.6;-15.5;0.3;1.1;0.51;3;1.2;215.62;196;48;71;42;86830;0.1;0.02;0.34;0.39
1994;2;23;54;5.2;-2.8;-9.5;-3.2;-7.2;-11.6;0;1.3;0.51;3;1.2;215.55;238;59;74;38;86353;0.17;0.33;0.34;0.39
1994;2;24;55;2.1;-1.4;-4.7;-1.4;-3.7;-6.8;0.3;0.7;0.5;3.1;1.2;217.12;110;32;41;24;86181;0.07;3.65;0.34;0.39
1994;2;25;56;2.7;-0.9;-5.8;-0.7;-3.4;-7.5;0.6;0.8;0.5;3.1;1.3;220.84;228;51;69;43;87121;0.12;4.15;0.34;0.39
1994;2;26;57;10;-0.8;-8.1;1.7;-4.9;-9.8;0;1.6;0.49;3.1;1.3;220.41;255;66;80;61;87238;0.32;0;0.34;0.39
1994;2;27;58;8.2;1;-4.8;1.8;-3.1;-7.2;-0.1;2;0.48;3.1;1.3;218.18;288;76;90;66;86783;0.25;0;0.34;0.39
1994;2;28;59;6.8;1.9;-2.7;0.8;-2;-4.8;-0.2;0.8;0.47;3.1;1.3;214.96;254;68;73;47;86674;0.22;0.26;0.35;0.39
1994;3;1;60;7;1.7;-2.6;3.1;-0.8;-4.6;0.2;0.8;0.46;3.1;1.3;212.53;230;54;64;33;87020;0.07;6.39;0.35;0.39
1994;3;2;61;3.9;1;-1.4;0.5;-1.5;-5;1.3;0;0.46;3.1;1.3;213.21;258;58;65;24;87579;0.63;7.58;0.36;0.39
1994;3;3;62;6.1;2.1;-1.3;-0.1;-2.1;-4.2;1;0.3;0.46;3.1;1.3;211.57;321;81;105;49;87697;0.61;5.18;0.36;0.39
1994;3;4;63;1;-1.4;-6.1;-1.1;-3.7;-7.8;1.6;0;0.47;3.1;1.3;215.12;223;61;91;59;88146;0.52;5.88;0.37;0.39
1994;3;5;64;10.6;0.3;-7.5;1.1;-5.2;-10.5;-0.1;1.2;0.47;3.1;1.3;214.78;329;90;104;76;87833;0.56;0;0.36;0.39
1994;3;6;65;3.4;0.2;-5.2;1.7;-1.5;-7.1;1;0.5;0.45;3.1;1.3;214.71;124;28;59;22;87909;-0.04;5.89;0.37;0.39
1994;3;7;66;5.4;2;-2.4;0.4;-1.4;-3.3;1.3;0.4;0.44;3.2;1.3;214.21;201;51;53;25;87848;0.49;0.46;0.37;0.39
1994;3;8;67;7.6;3.8;1.4;1.6;0.5;-0.8;1.4;0.6;0.43;3.2;1.3;207.83;227;60;54;14;87953;0.35;2.54;0.37;0.39
1994;3;9;68;13.8;6.8;-0.2;7.2;2.9;-1.7;0.1;0.9;0.42;3.2;1.3;195.34;351;94;80;43;87990;0.23;0.04;0.38;0.39
1994;3;10;69;10.5;4.2;-2.2;5.4;1.7;-3.8;0.3;0.1;0.4;3.2;1.3;183.1;355;90;85;37;88193;0.17;1.03;0.39;0.39
1994;3;11;70;13.8;6.2;-0.4;6.2;3;-1.5;-0.2;0.4;0.39;3.2;1.3;170.02;367;101;92;49;87976;0.24;0.03;0.4;0.4
1994;3;12;71;10.4;3.5;-1.7;2.6;0.5;-2.9;0.7;0.4;0.38;3.2;1.3;159.62;313;85;73;33;87418;0.41;7.41;0.4;0.4
1994;3;13;72;7.9;3.9;0.5;1.6;0.1;-1.3;2.2;0.3;0.36;3.2;1.3;150.34;313;74;55;23;87028;0.91;1.22;0.41;0.4
1994;3;14;73;6.9;3.3;0.7;1.1;-0.3;-1.8;2.6;0.1;0.34;3.2;1.3;140.93;378;94;95;49;87668;1.12;2.46;0.41;0.4
1994;3;15;74;8.6;3.6;0;-0.1;-1.5;-2.3;2.2;0.3;0.33;3.2;1.3;135.17;385;110;100;62;87471;1.04;0.3;0.41;0.4
1994;3;16;75;3.5;1.1;-0.9;1.1;-1.1;-4.9;2.2;0.2;0.34;3.2;1.3;132.98;262;68;72;38;87192;1.04;7.78;0.41;0.4
1994;3;17;76;0.1;-1.5;-3.8;-3.4;-5.2;-7.8;2.8;0.1;0.37;3.3;1.3;134.71;296;80;84;51;87138;1.27;6.37;0.41;0.4
1994;3;18;77;3;-1.3;-5;-4;-6;-7.9;2;0.7;0.42;3.3;1.3;138.48;310;81;78;47;87255;1.09;1.89;0.41;0.41
1994;3;19;78;6.8;0.4;-6.4;-0.3;-4.5;-9.4;1.8;0.7;0.41;3.3;1.3;138.04;397;104;94;50;86742;1.03;2.69;0.4;0.41
1994;3;20;79;2.8;1.1;0.2;1.7;0;-0.6;1.6;0.3;0.4;3.3;1.3;140.21;152;37;56;17;86946;0.51;12.04;0.41;0.41
1994;3;21;80;7;2.9;-1;2.3;0.4;-2.4;0.8;0.3;0.38;3.3;1.3;139.05;372;89;73;35;87019;0.6;2.72;0.41;0.41
1994;3;22;81;7.4;3.4;0.1;2.7;0.7;-1.4;0.9;0.3;0.36;3.3;1.3;134.51;294;81;75;33;87762;0.63;1.63;0.41;0.41
1994;3;23;82;9.9;4.6;-0.2;2;0;-1.9;1;1;0.35;3.3;1.3;129.45;354;78;66;31;88072;0.75;0.39;0.41;0.41
1994;3;24;83;11.7;6.6;0.7;4.7;1.5;-2.8;2.5;1;0.34;3.4;1.4;122.34;384;111;70;46;87729;1.08;3.45;0.41;0.41
1994;3;25;84;12.1;6.8;2;4.8;2;-2.5;1.5;0.9;0.33;3.4;1.4;109.92;441;127;94;49;87122;1.43;1.39;0.41;0.41
1994;3;26;85;3.6;0.6;-3.9;2.7;-0.5;-5.2;1.2;0;0.36;3.4;1.4;107.81;185;47;79;27;86842;0.73;24.11;0.42;0.41
1994;3;27;86;3.3;-1.4;-5.5;-4.6;-6.3;-7.9;0.2;-0.2;0.4;3.4;1.4;110.85;389;119;105;70;87480;1.32;0.67;0.42;0.41
1994;3;28;87;8.6;1.5;-7.9;0.3;-4.9;-10.9;0.9;0.6;0.38;3.4;1.4;109.85;471;134;118;66;87523;0.84;1.15;0.41;0.41
1994;3;29;88;8.5;4.4;0.4;2.8;1.1;-1.5;0.7;0.7;0.36;3.4;1.4;106.91;298;81;84;33;87970;0.68;0.22;0.41;0.42
1994;3;30;89;14;5.8;-3.5;6;0.9;-4.9;-0.3;0.6;0.34;3.4;1.4;100.68;498;152;100;72;87691;1.04;0;0.41;0.42
1994;3;31;90;13.5;4.5;-2;5.4;1.2;-3.7;0.3;0.8;0.33;3.5;1.4;93.19;382;109;70;48;86998;0.75;0.94;0.41;0.42
1994;4;1;91;11.8;3.2;-1.7;5.2;0.5;-3.3;0.6;1.1;0.32;3.5;1.4;87.18;447;99;72;39;86090;0.96;14.88;0.41;0.42
1994;4;2;92;0.5;-1.9;-5.7;-1.9;-5.4;-8.3;1.7;0.1;0.4;3.5;1.4;90.59;337;105;86;53;86265;1.45;5.18;0.41;0.42
1994;4;3;93;0.3;-3.1;-6.5;-5;-6.5;-8.2;0.9;-0.1;0.43;3.5;1.4;93.18;348;113;84;55;87118;0.75;3.17;0.41;0.42
1994;4;4;94;5.5;-0.8;-9.2;-0.5;-5.4;-12.1;0.4;1.3;0.42;3.5;1.4;93.44;290;80;62;33;86694;0.59;4.43;0.4;0.42
1994;4;5;95;1;-1.9;-4.7;-2.9;-8.1;-10.5;1.2;0;0.44;3.5;1.4;96.19;362;109;76;58;86829;1.27;2.14;0.4;0.42
1994;4;6;96;1;-2.8;-6.1;-3.6;-7.2;-9.6;1;-0.1;0.44;3.5;1.4;97.08;384;116;87;57;86564;0.74;3.34;0.39;0.42
1994;4;7;97;5.1;-1;-7;-5.2;-7.8;-12.1;0;0.3;0.45;3.6;1.4;98.06;417;135;118;68;85958;0.86;0.12;0.39;0.42
1994;4;8;98;2;-1.5;-4.9;-2.7;-4.6;-7.9;1.5;0.3;0.46;3.6;1.4;99.61;318;86;90;41;86365;0.72;4.09;0.39;0.42
1994;4;9;99;2.4;-2.6;-7.3;-2.6;-6;-10.2;0.4;0.8;0.47;3.6;1.4;101.65;173;47;63;33;85788;0.35;4.76;0.38;0.42
1994;4;10;100;0.9;-2.4;-5.2;-3;-5.3;-7.9;0;-0.2;0.49;3.6;1.4;105.22;338;93;70;50;85689;0.44;5.06;0.38;0.42
1994;4;11;101;-0.7;-2.8;-5.5;-2;-4.1;-6.8;0.6;-0.4;0.51;3.6;1.4;110.86;177;52;34;19;86399;0.2;8.54;0.38;0.42
1994;4;12;102;0.4;-1.5;-3.5;-1.6;-3.3;-4.6;1.9;0.1;0.52;3.6;1.4;119.54;199;52;32;14;86362;0.43;22.89;0.38;0.42
1994;4;13;103;0.4;-0.2;-0.8;-1.6;-2;-2.5;3.1;1;0.53;3.6;1.4;163.65;63;19;11;8;86246;0.44;44.79;0.38;0.41
1994;4;14;104;3.8;0.5;-1.6;-1.2;-2.1;-3;0.3;-0.6;0.51;3.7;1.5;178.61;340;103;63;34;86753;0.59;1.68;0.38;0.41
1994;4;15;105;4.1;1;-3.1;0.4;-1.4;-3.4;-0.2;-0.6;0.49;3.7;1.5;177.63;353;111;63;46;86932;0.38;1.39;0.38;0.41
1994;4;16;106;7.5;2.7;-1.9;2.4;0;-3.2;-0.8;-0.1;0.47;3.7;1.5;172.76;393;126;74;48;86748;0.33;0.77;0.38;0.41
1994;4;17;107;7.1;2.6;-2.8;4.3;1;-4;0.4;-0.3;0.45;3.7;1.5;162.55;378;107;61;28;85984;-0.07;11.66;0.39;0.41
1994;4;18;108;3.1;0.8;-0.6;0.8;-0.6;-1.4;0;-0.9;0.46;3.7;1.5;155.08;279;62;30;10;86462;0.36;5.67;0.4;0.41
1994;4;19;109;5.3;2.3;-1.7;1.4;0.1;-2.1;-0.5;-0.4;0.45;3.7;1.5;149.42;368;108;76;38;86414;0.39;0.02;0.41;0.41
1994;4;20;110;8;3.2;-3.4;4;0.7;-4.5;-0.3;0.2;0.43;3.8;1.5;139.62;406;128;92;50;86366;0.28;1.54;0.41;0.41
1994;4;21;111;7.5;3.3;-3.5;5.6;2.1;-4.6;0.1;0.2;0.41;3.8;1.5;127.96;384;108;64;38;86624;-0.06;8.66;0.42;0.41
1994;4;22;112;9.6;4.7;-0.6;5.8;2.5;-1.4;-0.2;0.4;0.37;3.8;1.5;115.47;486;130;76;41;86901;0.49;1.72;0.43;0.42
1994;4;23;113;12.8;5.9;-3.2;6.5;1;-4.6;0;0.5;0.34;3.8;1.5;103.68;557;178;99;69;86777;1.05;1.07;0.43;0.42
1994;4;24;114;12.1;6.6;-1.6;5.4;1.9;-2.7;-0.3;0.4;0.3;3.8;1.5;93.52;548;181;94;68;86770;1.34;0.54;0.43;0.42
1994;4;25;115;10.5;5.3;-1;6.9;2.4;-2.7;0.5;0.4;0.29;3.8;1.5;85.95;376;121;65;42;86733;1.02;18.38;0.42;0.42
1994;4;26;116;6.8;4.5;2.5;3.4;2.8;1.4;0.9;0;0.29;3.9;1.5;80.07;259;72;38;13;87882;0.93;17.82;0.43;0.43
1994;4;27;117;10.5;6.2;-0.5;3.3;1.4;-1.6;0.5;0;0.28;3.9;1.5;74.26;505;154;90;48;88400;1.47;0.43;0.42;0.43
1994;4;28;118;10.7;7.9;4.2;6.6;4.6;2;0;-0.1;0.27;3.9;1.5;66.95;462;142;72;41;88704;1.23;1.37;0.42;0.43
1994;4;29;119;14.3;8.6;0.7;5.6;3.4;0.1;-0.9;0.1;0.25;3.9;1.6;59.12;627;216;103;73;88525;2.35;0;0.41;0.43
1994;4;30;120;15.5;9.5;-0.4;7.5;3.8;-1.7;0.8;0.5;0.24;3.9;1.6;51.35;655;218;104;75;88093;2.45;0.05;0.41;0.43
1994;5;1;121;9.7;6.7;4;7.8;4.6;1.4;0.6;-0.3;0.23;3.9;1.6;45.22;289;100;64;32;87869;1.61;8.36;0.4;0.43
1994;5;2;122;10.3;5.7;1.3;2.6;0.9;-0.3;-0.6;-0.6;0.23;4;1.6;39.86;608;213;110;70;87813;2.18;0;0.4;0.43
1994;5;3;123;14.1;7.8;-0.6;6.4;1.7;-2.2;-0.1;0.1;0.23;4;1.6;33.61;691;246;123;95;87508;2.35;0;0.39;0.43
1994;5;4;124;14.1;7.5;0.7;8;4.1;-1.5;1.1;0.1;0.23;4;1.6;26.85;458;163;69;38;87275;1.98;12.42;0.39;0.43
1994;5;5;125;6.5;3.6;0.4;4.2;2.5;-0.2;1.3;-0.1;0.23;4;1.6;21.01;431;128;74;28;87537;2.01;11.44;0.4;0.43
1994;5;6;126;7.8;4.1;-0.8;1.4;0;-1.8;0.5;-0.2;0.24;4;1.6;18.14;469;149;88;51;87771;1.94;1.03;0.39;0.43
1994;5;7;127;13.6;7.8;0.1;4.5;1.7;-1.7;-0.7;-0.1;0.22;4;1.6;13.34;679;238;109;83;87415;2.46;0;0.39;0.43
1994;5;8;128;13.8;8.6;0.2;8.5;4.4;-1.2;0.2;0;0.19;4.1;1.6;7.86;624;215;100;67;86963;2.48;1.79;0.38;0.43
1994;5;9;129;11.6;7.4;2.1;7.6;5.3;1.3;0.5;0.1;0.16;4.1;1.6;4.23;628;172;92;45;87014;2.32;6.75;0.38;0.43
1994;5;10;130;11.9;7.4;4;5.8;4.6;2.9;0.7;-0.3;0.14;4.1;1.6;2.25;645;195;101;43;87166;2.83;4.99;0.38;0.43
1994;5;11;131;12.2;7.5;3.4;6.3;4.3;2.1;-1.1;-0.2;0.13;4.1;1.6;1.1;612;206;89;59;86858;2.92;2.99;0.38;0.42
1994;5;12;132;12.5;7.1;0.6;7.7;4.1;-0.9;0.4;0.5;0.12;4.1;1.6;0.55;570;191;94;64;86813;2.45;5.01;0.37;0.42
1994;5;13;133;13.1;8.2;1.9;8.1;5.1;1.5;-0.5;0.2;0.12;4.1;1.7;0.28;632;203;94;63;87056;2.81;1.74;0.37;0.42
1994;5;14;134;17.8;10.4;1.7;9.2;5.6;0.9;0;1.1;0.12;4.2;1.7;0.13;562;200;109;68;86814;3.13;4.97;0.37;0.42
1994;5;15;135;14.3;9.9;4.4;10.3;7.3;4.1;0.2;0.3;0.12;4.2;1.7;0.06;630;200;106;63;87216;2.91;3.25;0.37;0.42
1994;5;16;136;19.2;11.8;2.5;11.6;6.6;1.6;-0.3;0.7;0.12;4.2;1.7;0.01;761;235;117;69;86992;3.69;0.4;0.36;0.42
1994;5;17;137;14.8;10.1;6.4;10.2;7.8;5;-0.2;0.5;0.12;4.2;1.7;0;571;154;75;48;86865;2.51;5.04;0.36;0.42
1994;5;18;138;16;11;5.7;11;8.2;4.8;-0.4;0.3;0.12;4.2;1.7;0;524;152;68;43;86086;2.51;3.82;0.36;0.42
1994;5;19;139;8.5;7.3;6.7;7;6.7;6.2;2;0.5;0.12;4.2;1.7;0;173;48;30;9;86054;2.05;12.08;0.36;0.42
1994;5;20;140;8.5;6.8;3.6;8.3;6;2.6;0.1;0;0.12;4.2;1.7;0;196;66;55;25;86474;1.6;8.94;0.36;0.42
1994;5;21;141;14.5;8.4;-0.2;8.8;4.9;-0.4;-0.2;0.3;0.12;4.2;1.7;0;449;164;66;51;86890;2.57;0.97;0.37;0.42
1994;5;22;142;14.8;10.1;5.8;10;7.2;4.5;0;0.3;0.12;4.2;1.7;0;547;166;75;45;87421;2.72;5.4;0.37;0.42
1994;5;23;143;15.9;10.8;6.1;10.9;8.3;4.9;0.4;0.5;0.12;4.3;1.7;0;529;178;90;47;87210;2.77;10.69;0.37;0.42
1994;5;24;144;18.3;11.9;5.3;13.8;9.5;5.2;0;0.2;0.12;4.3;1.7;0;695;186;105;41;86970;3.09;13.06;0.37;0.42
1994;5;25;145;14.5;11.1;8.5;9.3;7.8;6.2;1;-0.4;0.12;4.3;1.7;0;580;189;98;48;87178;3.34;8.94;0.38;0.41
1994;5;26;146;14.3;9.6;6;10.1;7.5;3.8;0.4;0.3;0.12;4.3;1.7;0;516;111;74;42;86994;2.25;11.93;0.38;0.41
1994;5;27;147;10;7;3.8;5.7;4.1;2.3;1.5;0.1;0.12;4.3;1.7;0;550;190;74;52;87270;3.46;5.84;0.39;0.41
1994;5;28;148;14.1;8.8;1.5;7.5;5;0.8;0.2;0;0.12;4.3;1.7;0;723;226;97;60;87379;3.11;1.93;0.38;0.41
1994;5;29;149;11.9;8.5;5.9;8.9;6.8;5.1;0.5;0;0.12;4.3;1.7;0;521;121;76;36;87462;2.4;14.41;0.39;0.41
1994;5;30;150;10.7;8.1;6.3;7.6;6.2;5;-0.1;-0.7;0.12;4.3;1.7;0;349;115;47;31;87815;1.95;3.05;0.39;0.41
1994;5;31;151;16.2;11.3;6.1;7.2;5.5;4.7;0.4;-0.3;0.12;4.3;1.7;0;799;290;128;85;88027;4.21;0;0.39;0.41
1994;6;1;152;20.6;13.4;3.2;12.5;6.9;2;0.5;0.4;0.12;4.3;1.7;0;806;295;127;94;87952;4.78;0;0.38;0.41
1994;6;2;153;26.4;16.5;6;16.3;10.6;3.9;0.6;0.3;0.12;4.3;1.7;0;782;262;118;75;87286;5.25;16.13;0.37;0.41
1994;6;3;154;13.8;10.6;8.6;9.8;8;6;0.6;0.2;0.12;4.4;1.8;0;451;132;96;33;87501;2.7;9.65;0.38;0.41
1994;6;4;155;10.2;7.5;5;7.4;4.3;3.3;1.2;-0.1;0.12;4.4;1.8;0;429;133;54;33;87196;3.1;7.98;0.39;0.41
1994;6;5;156;5.2;3.3;1.5;4.1;2.8;1.1;2.1;0.6;0.15;4.4;1.8;0.92;172;57;48;24;87044;2.23;20.86;0.4;0.41
1994;6;6;157;8.5;5.4;0.7;4.1;2.6;0.3;1.7;0.1;0.17;4.4;1.8;1.61;431;155;59;36;87860;2.68;3.34;0.4;0.41
1994;6;7;158;14.2;9.6;6.2;10.4;7.2;3.4;0.6;0.3;0.14;4.4;1.8;0.65;403;103;80;28;87979;1.9;4.21;0.4;0.41
1994;6;8;159;19.7;12.7;3;12.6;7.3;2.5;0.1;0.4;0.12;4.4;1.8;0.18;796;270;125;77;87642;4.23;0.57;0.4;0.41
1994;6;9;160;9.8;5.5;2.7;8.1;4.9;1.4;1.1;0;0.12;4.4;1.8;0.13;132;39;38;16;87952;1.63;28.75;0.41;0.41
1994;6;10;161;8.9;5.1;0.4;3;1.4;-0.1;0.8;0;0.12;4.4;1.8;0.12;556;206;82;58;87938;3.22;4.14;0.41;0.41
1994;6;11;162;8.2;5.2;2.2;6.8;4.4;1.7;-0.1;-0.8;0.12;4.4;1.8;0.16;416;138;48;24;87765;2.55;10.94;0.41;0.41
1994;6;12;163;7.6;6.2;4.4;6.6;5.7;4.3;-1;-1;0.12;4.4;1.8;0.07;140;41;12;7;88006;0.98;3.03;0.42;0.41
1994;6;13;164;11.9;8.6;5.1;6.3;4.4;3.5;-1;-0.3;0.12;4.4;1.8;0.02;502;171;62;37;87995;2.91;0.25;0.41;0.41
1994;6;14;165;11.5;8.8;4.1;7.5;5.5;2.8;0.5;-0.2;0.12;4.4;1.8;0;335;115;69;32;87792;1.62;0.7;0.41;0.41
1994;6;15;166;16.2;11.7;7.3;7.3;6.1;4.3;1.1;-0.2;0.12;4.5;1.8;0;731;245;104;61;87712;4.05;2.47;0.4;0.41
1994;6;16;167;15.1;11.2;6.2;8.4;5.9;4.1;1.8;0;0.12;4.5;1.8;0;641;236;95;67;87457;4.13;1.36;0.4;0.41
1994;6;17;168;14.4;10.3;6.1;8.8;6.2;4.3;1.3;0;0.12;4.5;1.8;0;594;220;90;67;87496;3.42;1.51;0.39;0.41
1994;6;18;169;20.2;13.4;3.2;11.8;6.3;2.2;0.8;0.5;0.12;4.5;1.8;0;820;299;130;92;87541;5.08;0;0.39;0.41
1994;6;19;170;19;13.8;6.9;13.6;10.4;5.5;0.5;0.7;0.12;4.5;1.8;0;624;221;111;63;87566;3.52;6.66;0.38;0.41
1994;6;20;171;15.9;12;9;12.9;10.5;7.9;0.6;0;0.12;4.5;1.8;0;567;143;58;30;87565;2.96;23.95;0.39;0.41
1994;6;21;172;16;12.2;8.9;12;10.3;7.4;0.7;0.3;0.12;4.5;1.8;0;505;160;77;41;88035;2.84;3.82;0.4;0.41
1994;6;22;173;19.9;14.2;6.1;11.3;8.6;5.3;1.2;0.2;0.12;4.5;1.8;0;784;284;110;79;88296;4.76;0.01;0.4;0.41
1994;6;23;174;18;14.8;11.3;13.3;11.4;9.4;0.3;-0.7;0.12;4.5;1.8;0;559;182;78;48;88251;2.92;0.93;0.39;0.41
1994;6;24;175;22.1;16.5;8.4;15.3;12.4;8;-0.6;0.2;0.12;4.5;1.8;0;717;265;108;79;87778;4.25;0.25;0.39;0.41
1994;6;25;176;23.3;16.8;9.1;17.1;12.7;8.2;-0.1;0.5;0.12;4.5;1.8;0;738;250;103;69;87478;4.29;1.27;0.38;0.41
1994;6;26;177;25.2;18;10.4;17.7;13.4;9;-0.1;0.6;0.12;4.5;1.8;0;741;236;99;72;87615;4.29;1.18;0.37;0.41
1994;6;27;178;22.8;18;10.9;15.9;12.6;9.1;0;0.3;0.12;4.5;1.8;0;624;245;95;73;87897;4.61;1.41;0.37;0.41
1994;6;28;179;23.3;17.6;10.9;17.4;13.4;9.5;0;0.1;0.12;4.5;1.8;0;734;243;102;71;87957;4.13;0.95;0.37;0.41
1994;6;29;180;20.3;15.9;11.6;16.2;13.6;10.3;0.8;0.4;0.12;4.5;1.8;0;523;171;71;50;88040;3.07;11.24;0.36;0.41
1994;6;30;181;20.5;16.3;11.2;14.6;12.8;11;-0.5;-0.1;0.12;4.5;1.9;0;655;219;92;59;88147;4.04;1.26;0.37;0.41
1994;7;1;182;21.7;17;10.5;16;13.5;9.6;-0.4;0;0.12;4.6;1.9;0;624;231;91;69;87884;3.81;1.13;0.36;0.41
1994;7;2;183;23.3;17.8;9.8;16.7;12.2;9;0.1;0.2;0.12;4.6;1.9;0;730;273;108;84;87739;4.97;0;0.36;0.41
1994;7;3;184;24.6;18.7;10.9;17.3;12.6;9.5;0.1;0.4;0.12;4.6;1.9;0;761;273;113;84;87820;5.03;0;0.35;0.41
1994;7;4;185;25.2;18.9;10.8;17.2;13.4;9.4;0.4;0.7;0.12;4.6;1.9;0;694;245;105;75;87802;4.56;2.83;0.35;0.41
1994;7;5;186;20.2;15.9;12.5;14.5;13.2;11.7;0.7;0.2;0.12;4.6;1.9;0;562;184;130;52;87829;3.38;9.58;0.35;0.41
1994;7;6;187;19.3;15.2;11.4;14.4;12.9;11.2;-0.1;0;0.12;4.6;1.9;0;637;200;83;46;87593;3.71;20.27;0.35;0.41
1994;7;7;188;15;12.5;10.2;12.1;10.4;8.1;1.3;-0.5;0.11;4.6;1.9;0;513;173;69;37;87650;3.87;11.88;0.37;0.41
1994;7;8;189;14.5;11.3;9.1;9.4;8.1;6.7;0.7;-0.5;0.11;4.6;1.9;0;553;139;65;39;87707;2.87;2.11;0.37;0.4
1994;7;9;190;13.5;11.1;8.7;10.9;9.5;7.7;0.7;0.1;0.11;4.6;1.9;0;385;119;73;36;87856;2.79;13.33;0.37;0.4
1994;7;10;191;16.9;12.3;6.3;9.6;8.1;6.2;-0.6;-0.3;0.11;4.6;1.9;0;662;238;97;68;88135;4.02;0.39;0.37;0.4
1994;7;11;192;19.6;14.1;7;10.7;8.6;5.7;-1.6;-0.2;0.11;4.6;1.9;0;795;295;119;95;88049;4.8;0;0.37;0.4
1994;7;12;193;19.5;15;8;13.5;10.6;6.8;-0.6;0;0.11;4.6;1.9;0;669;229;102;74;87891;3.82;0.38;0.36;0.4
1994;7;13;194;19.8;15;8.7;14.2;10.7;7.7;0.6;0.4;0.11;4.6;1.9;0;604;226;100;70;87890;4.02;3.29;0.36;0.4
1994;7;14;195;21.3;16;9.7;15.4;11.4;7.8;0.2;0.5;0.11;4.6;1.9;0;694;239;102;69;88048;4.43;1.21;0.36;0.4
1994;7;15;196;18.8;15;11.8;14.1;12.3;10.9;0.7;0.1;0.11;4.6;1.9;0;572;202;86;56;88092;3.75;8.17;0.36;0.4
1994;7;16;197;21.4;16.6;9.7;14.5;11.7;8.9;0;0;0.11;4.6;1.9;0;732;276;108;80;88049;4.7;0.07;0.35;0.4
1994;7;17;198;24;18.2;10.4;17.9;13.8;9.3;0.1;0.4;0.11;4.6;1.9;0;756;243;105;73;87927;4.29;0.66;0.35;0.4
1994;7;18;199;21.4;16.5;12.5;15.3;13.8;11.4;0.3;0.6;0.11;4.6;1.9;0;557;184;73;54;87663;3.44;10.28;0.35;0.4
1994;7;19;200;18.6;14.5;11.3;13;12.1;11.1;0.6;0.1;0.11;4.6;1.9;0;558;175;73;42;87390;3.4;5.52;0.35;0.4
1994;7;20;201;16.1;13.6;12.3;14.3;12.7;11.4;0.1;-0.4;0.11;4.6;1.9;0;368;83;39;17;87375;2.09;14.5;0.36;0.4
1994;7;21;202;18.1;14.5;11.6;15.9;13.6;11.5;-0.2;-0.1;0.11;4.6;1.9;0;479;156;64;30;87580;3.16;9.65;0.37;0.4
1994;7;22;203;21.4;16.1;9.3;13.4;11.5;9.2;-0.5;0;0.11;4.6;1.9;0;783;268;117;74;87721;4.77;0;0.37;0.4
1994;7;23;204;22.7;17.1;9.6;15.8;12;8.6;-0.3;0.2;0.11;4.6;1.9;0;711;249;104;77;87681;4.43;0.26;0.36;0.4
1994;7;24;205;21.3;16.4;10.5;15.9;12.9;9.6;0.2;0.5;0.11;4.6;1.9;0;608;205;93;68;87627;3.51;1.1;0.36;0.4
1994;7;25;206;22;16.3;10.8;16;13;9.5;0.4;0.7;0.11;4.6;1.9;0;633;202;94;62;87772;3.65;4.32;0.36;0.4
1994;7;26;207;21.8;16;11;15.8;13.7;10.8;-0.1;0.5;0.11;4.6;1.9;0;659;197;97;56;88035;3.54;7.84;0.36;0.4
1994;7;27;208;22.8;17.4;10.2;15;12.3;9.4;-0.4;0.2;0.11;4.6;1.9;0;740;245;109;74;87942;4.57;0.12;0.36;0.4
1994;7;28;209;22.6;17.1;10.9;15.9;12.2;9.6;0.1;0.5;0.11;4.6;1.9;0;688;237;103;71;87726;4.42;0.43;0.35;0.4
1994;7;29;210;22.2;17.3;11.3;16.8;13.2;9.7;0;0.4;0.11;4.6;1.9;0;645;217;95;69;87745;3.77;0.57;0.35;0.4
1994;7;30;211;22.8;17.4;11.4;16;13.2;9.7;0.1;0.4;0.11;4.6;1.9;0;618;212;93;68;87648;3.83;1.04;0.34;0.4
1994;7;31;212;24.1;17.9;11.3;16.7;12.8;10.1;0.2;0.3;0.11;4.5;1.9;0;734;248;108;77;87483;4.54;0.34;0.34;0.4
1994;8;1;213;22.1;16.5;12.1;15.8;13.5;10.9;0.6;0;0.11;4.5;1.9;0;656;204;94;54;87526;3.8;14.32;0.34;0.4
1994;8;2;214;19.4;16;12.7;15.6;14.1;12.6;-0.3;-0.3;0.11;4.5;1.9;0;561;156;81;37;87896;3.09;20.13;0.36;0.4
1994;8;3;215;22.8;17.3;9.9;18;13.8;9.8;-0.1;0.3;0.11;4.5;1.9;0;662;224;98;61;88028;3.98;0.28;0.36;0.4
1994;8;4;216;25.2;19.1;11.4;16.2;13.5;10.6;-0.5;0.2;0.11;4.5;1.8;0;770;267;118;88;88097;5.02;0;0.35;0.4
1994;8;5;217;25.5;19.1;10.8;17.7;13.7;9.9;0.2;0.4;0.11;4.5;1.8;0;749;253;117;83;88080;4.76;0.01;0.35;0.39
1994;8;6;218;23.9;18.5;13.9;15.8;14.2;12;0;0.5;0.11;4.5;1.8;0;688;206;95;65;88018;3.85;0.65;0.34;0.39
1994;8;7;219;23.9;18;12;17.3;13.8;11.1;0.3;0.5;0.11;4.5;1.8;0;666;227;96;70;87809;4.15;1.05;0.34;0.39
1994;8;8;220;21.4;16.7;12.5;14.7;13.1;11.6;0.3;0.5;0.11;4.5;1.8;0;502;161;76;54;87691;3.21;4.97;0.34;0.39
1994;8;9;221;22.1;17.4;12.5;15.5;13.7;12.1;-0.5;-0.1;0.11;4.5;1.8;0;594;213;98;68;87463;3.73;0.11;0.34;0.39
1994;8;10;222;26;19.1;12.7;17.2;13.7;10.9;0;0.7;0.11;4.5;1.8;0;652;224;102;67;86878;4.73;11.44;0.33;0.39
1994;8;11;223;18.5;14.4;10.8;12.4;10.1;8.5;0.7;0.5;0.11;4.5;1.8;0;641;185;103;55;87103;4.17;4.29;0.34;0.39
1994;8;12;224;15.9;12.3;9.1;10.4;9.1;8.2;1.7;0.2;0.11;4.5;1.8;0;624;185;95;56;87425;3.63;3.77;0.34;0.39
1994;8;13;225;15.4;11.7;9.2;10;9.1;7.5;1;-0.3;0.11;4.5;1.8;0;520;157;71;45;87579;2.88;8.99;0.34;0.39
1994;8;14;226;14.4;11.1;8.2;8.8;7.5;5.4;0.7;-0.9;0.11;4.5;1.8;0;476;151;70;39;87846;3.1;1.8;0.34;0.39
1994;8;15;227;16.6;12.2;8.6;7.8;5.9;4.3;0;-0.8;0.11;4.5;1.8;0;711;212;118;68;88076;3.58;0.17;0.34;0.39
1994;8;16;228;20;14.3;8.4;12.7;9;6.6;-0.1;0.1;0.11;4.5;1.8;0;747;254;123;91;87947;3.95;0;0.34;0.39
1994;8;17;229;17.7;13.3;8.8;13.1;10.7;7.6;0.8;0.4;0.11;4.4;1.8;0;457;135;72;44;87419;2.77;17.36;0.33;0.39
1994;8;18;230;12.5;9.9;7.3;8.8;6.5;5.6;2.4;0.2;0.11;4.4;1.8;0;545;173;82;46;87268;4.09;6.29;0.35;0.39
1994;8;19;231;16.6;12;8.7;12.8;9;6.3;1.7;0.5;0.11;4.4;1.8;0;522;110;62;26;87279;2.68;9.41;0.35;0.39
1994;8;20;232;18.6;14.4;10.9;12.6;11.5;10;1;0;0.11;4.4;1.8;0;508;157;90;44;87529;2.93;2.45;0.35;0.39
1994;8;21;233;22.1;15.8;8.4;16.3;11.9;7.3;0.3;0.5;0.11;4.4;1.8;0;661;213;97;70;87697;3.63;0.62;0.35;0.39
1994;8;22;234;20.3;15.3;9.8;15.9;12.4;8.6;0;1;0.11;4.4;1.8;0;544;161;94;59;87820;2.73;1.8;0.35;0.39
1994;8;23;235;22.8;16.7;10.4;15.9;11.9;8.6;0.4;0.5;0.11;4.4;1.8;0;671;195;101;65;87725;3.56;0.56;0.35;0.39
1994;8;24;236;16.3;13.8;11.4;13.3;12;10.7;0.5;0.3;0.11;4.4;1.8;0;394;127;66;37;87338;2.55;12.65;0.35;0.39
1994;8;25;237;11.2;9.7;7.8;11.2;9;7;1;0;0.11;4.4;1.8;0;156;41;54;19;86871;1.68;19.76;0.37;0.39
1994;8;26;238;14.9;11.4;7.5;9.7;8;6.8;1.2;0;0.11;4.4;1.8;0;493;136;71;37;87316;2.71;1.75;0.37;0.39
1994;8;27;239;18.3;13.9;10;12;10;8.7;0.5;0;0.11;4.4;1.8;0;556;175;101;55;87672;2.96;0.32;0.37;0.39
1994;8;28;240;18.7;13.6;7.6;12.9;10.8;6.7;0.6;0.1;0.11;4.4;1.8;0;532;172;86;51;87571;2.77;4.88;0.36;0.39
1994;8;29;241;14.1;12.4;10.9;12.4;11;10.3;0.1;-0.6;0.11;4.3;1.8;0;234;65;39;14;87642;1.66;5.73;0.37;0.39
1994;8;30;242;19.5;14.2;9;13.7;11.3;8.9;-0.2;0.1;0.1;4.3;1.8;0;606;169;91;54;87500;2.83;3.39;0.37;0.39
1994;8;31;243;21.2;14.7;9.7;15.9;12.3;8.5;-0.1;0.6;0.1;4.3;1.8;0;578;147;86;51;87377;2.58;4.88;0.37;0.39
1994;9;1;244;18.5;13.4;8.4;14;11.5;7.9;-0.1;0.2;0.1;4.3;1.8;0;583;151;89;54;87424;2.66;8.51;0.37;0.39
1994;9;2;245;11.6;11.1;10.2;11.4;10.9;10.1;0.6;-0.4;0.1;4.3;1.7;0;94;30;19;9;87384;1.16;20.44;0.38;0.39
1994;9;3;246;11.1;9.8;8.5;9.8;8.5;7.7;0.1;-0.4;0.1;4.3;1.7;0;182;46;45;14;87609;1.44;5.42;0.39;0.39
1994;9;4;247;15.6;11.4;6.9;8.4;7;6;0.1;-0.2;0.1;4.3;1.7;0;597;195;103;68;87755;2.84;0;0.39;0.39
1994;9;5;248;17.1;11.9;5.4;10.3;7.7;5;0.7;0.2;0.1;4.3;1.7;0;644;193;107;67;87934;2.92;0.1;0.39;0.39
1994;9;6;249;18.5;13.9;10;12.8;10.7;9.1;-0.2;0;0.1;4.3;1.7;0;542;147;86;51;87641;2.26;0.06;0.39;0.39
1994;9;7;250;19.5;14.6;10.3;14.7;12.1;8.8;-0.2;-0.1;0.1;4.3;1.7;0;527;148;74;43;87191;2.39;13.5;0.38;0.39
1994;9;8;251;19.7;13.7;7.5;12.3;11.1;7.2;0;-0.4;0.1;4.3;1.7;0;571;168;97;53;86729;3.52;10.24;0.39;0.39
1994;9;9;252;12.6;9.1;6.1;5.9;3.6;1.6;0.9;0.2;0.1;4.3;1.7;0;453;152;95;61;87256;3.13;0.62;0.39;0.39
1994;9;10;253;14.4;9.5;5.5;7.8;6;3.7;0.6;0.6;0.1;4.2;1.7;0;518;142;94;59;87358;2.38;3.19;0.39;0.39
1994;9;11;254;15.5;11;5.7;10.7;7.8;4.4;0.2;0.3;0.1;4.2;1.7;0;530;134;91;44;87446;2.1;1.35;0.39;0.39
1994;9;12;255;21.5;13.7;7.8;12.8;10.4;6.6;0;0.9;0.1;4.2;1.7;0;653;175;111;61;87395;2.85;2.47;0.39;0.39
1994;9;13;256;12.6;11.3;9.7;11.8;10.8;9.1;-0.4;0.1;0.1;4.2;1.7;0;128;28;41;11;87357;0.98;27.37;0.4;0.39
1994;9;14;257;16.4;10.8;5.6;13.2;9.2;4.1;-0.1;0.7;0.1;4.2;1.7;0;383;93;73;57;86131;1.74;5.36;0.41;0.39
1994;9;15;258;11.2;6.8;4.1;6.2;4.6;2.3;0.5;0.4;0.1;4.2;1.7;0;524;135;94;57;86242;2.45;10.73;0.41;0.39
1994;9;16;259;8.9;5.9;2;4.6;2.4;0.5;0.9;-0.3;0.1;4.2;1.7;0;372;117;77;47;86692;2.18;6.19;0.41;0.39
1994;9;17;260;6.3;3.7;1.7;5;2.3;-0.6;1.1;-0.2;0.11;4.2;1.7;0.4;388;101;85;36;87266;2.38;11.11;0.42;0.39
1994;9;18;261;6.9;3.5;0.7;2.3;-0.4;-2.8;1.2;-0.1;0.11;4.1;1.7;0.37;424;117;86;45;87677;1.74;3.13;0.42;0.39
1994;9;19;262;7.8;4.5;2.1;3.9;2.9;1.8;0.2;-0.2;0.11;4.1;1.7;0.29;441;110;70;40;87637;2.01;3.9;0.42;0.39
1994;9;20;263;12.3;6.1;-0.8;4.7;2.1;-1.4;-0.5;0.1;0.1;4.1;1.7;0.13;633;175;123;73;86688;2.18;0;0.41;0.4
1994;9;21;264;13.4;8.7;4.6;6.6;5.2;3.4;-0.5;-0.3;0.1;4.1;1.6;0.06;564;137;95;53;86830;1.77;0.09;0.41;0.4
1994;9;22;265;18;10.9;4;12;7.8;3.2;-0.5;0.4;0.1;4.1;1.6;0.02;563;162;103;73;87659;2.06;0;0.4;0.4
1994;9;23;266;21.9;13.2;5.3;14.9;9.6;4.4;-0.6;1.1;0.1;4;1.6;0;542;160;98;69;87934;2.41;0;0.4;0.4
1994;9;24;267;22.6;14.8;8.4;15.7;11.5;7.3;0;0.9;0.09;4;1.6;0;563;153;96;60;87616;2.46;0.33;0.39;0.4
1994;9;25;268;18.8;13.8;9.9;13;11.4;9.1;-0.3;-0.1;0.09;4;1.6;0;513;145;87;58;87723;2.07;0.61;0.39;0.4
1994;9;26;269;15.8;11.6;7.4;13.5;10.4;6.4;-0.1;0;0.09;4;1.6;0;235;62;55;33;87506;0.85;18.9;0.39;0.4
1994;9;27;270;14.5;11.5;9.8;11.5;10;9.1;0.6;0;0.09;4;1.6;0;389;95;66;28;87599;1.72;12.67;0.41;0.4
1994;9;28;271;11.6;10;7.1;10;9.3;7;-0.3;-0.2;0.09;4;1.6;0;164;45;53;17;87930;1.13;2.27;0.41;0.4
1994;9;29;272;16.3;10.5;4.3;10.5;8.1;4.1;-0.2;0.1;0.09;3.9;1.6;0;554;151;101;61;88034;2.03;0;0.41;0.4
1994;9;30;273;17.8;11.3;4.6;12.1;8.9;4.4;-0.1;0.3;0.09;3.9;1.6;0;544;143;103;59;87849;1.84;0;0.4;0.4
1994;10;1;274;16.5;11.6;7.3;11.7;9.7;6.7;0.1;0.2;0.09;3.9;1.6;0;424;107;80;43;87890;1.47;1.17;0.4;0.4
1994;10;2;275;15.8;11.5;7.7;11.8;9.9;7;0.3;0.4;0.09;3.9;1.6;0;433;110;81;48;87569;1.5;2.52;0.4;0.4
1994;10;3;276;14.7;9.5;6.6;9.4;7.3;5.2;1.2;0.7;0.09;3.9;1.6;0;387;97;75;39;86686;2.35;11.28;0.4;0.4
1994;10;4;277;6;3.1;0.4;5.6;2.6;-0.7;0.8;-0.7;0.09;3.8;1.5;0.14;191;46;44;17;87104;2.01;11.04;0.41;0.4
1994;10;5;278;4.6;1.5;-0.9;-0.7;-2.4;-3.9;0.7;-0.9;0.12;3.8;1.5;0.91;364;99;67;52;88023;1.66;2.8;0.41;0.4
1994;10;6;279;2.8;-0.1;-2.6;-1.5;-3.1;-4.5;-0.4;-0.8;0.19;3.8;1.5;3.39;413;111;89;61;88566;1.4;2.22;0.41;0.4
1994;10;7;280;3.3;-0.5;-3.5;-3.9;-5.6;-7.5;-1.1;-0.5;0.19;3.8;1.5;3.66;499;139;121;73;87905;1.37;2.31;0.4;0.4
1994;10;8;281;1.2;-1;-2.9;-2.3;-3.5;-4.5;0.2;-0.5;0.29;3.8;1.5;6.97;255;65;59;38;87565;0.79;2.96;0.4;0.4
1994;10;9;282;7.6;2.3;-2;1;-1.4;-4.4;0.2;0.3;0.28;3.7;1.5;6.75;361;93;102;56;87862;1.03;0;0.4;0.4
1994;10;10;283;11.3;4.5;-2.9;3.4;-0.4;-4.7;-0.3;0.5;0.23;3.7;1.5;4.88;456;126;116;78;88001;1.22;0;0.4;0.4
1994;10;11;284;14;5.7;-2.3;6.4;1.5;-3.5;0;0.7;0.18;3.7;1.5;3.04;473;130;113;77;88092;1.3;0;0.4;0.4
1994;10;12;285;15.1;7.2;-1.3;8.1;3.4;-2.1;0;0.6;0.14;3.7;1.5;1.62;452;119;98;65;88416;1.33;0;0.4;0.4
1994;10;13;286;14.8;7.4;0.9;7.3;3.8;0;-0.5;0.5;0.11;3.7;1.5;0.8;510;140;127;87;88612;1.55;0;0.39;0.4
1994;10;14;287;16.4;7.5;-1.1;10.1;3.7;-1.9;0;0.9;0.1;3.6;1.5;0.4;501;137;121;82;88398;1.55;0;0.39;0.4
1994;10;15;288;16.2;8;0.5;8.5;4.3;-0.5;-0.1;0.6;0.09;3.6;1.5;0.16;495;135;117;79;88008;1.59;0;0.39;0.4
1994;10;16;289;14.3;7.9;0.5;7.5;4.6;-0.4;-0.1;0.2;0.09;3.6;1.5;0.06;490;132;116;74;87666;1.45;0;0.38;0.4
1994;10;17;290;8.3;5.6;3.9;6.4;4.9;3.6;-0.6;-0.5;0.09;3.6;1.4;0.03;277;66;52;20;87565;0.88;1.63;0.38;0.4
1994;10;18;291;10.5;5.5;2.3;4.5;3.3;1.2;-1;-0.2;0.09;3.6;1.4;0;491;126;120;67;87383;1.21;0;0.38;0.4
1994;10;19;292;13.4;5.7;0;5.6;1.8;-1.4;-0.4;1.1;0.08;3.6;1.4;0;461;121;117;83;86854;1.34;0;0.38;0.4
1994;10;20;293;14.4;6.9;1.3;6.7;2.3;-1;-0.3;1.3;0.08;3.6;1.4;0;469;122;114;77;86490;1.43;0.02;0.38;0.4
1994;10;21;294;14.4;7.4;2.1;7.7;4.1;0.4;0.1;0.7;0.08;3.6;1.4;0;441;113;103;67;86619;1.23;0.01;0.37;0.4
1994;10;22;295;13.3;6.8;1.5;8.6;4.3;1.2;-0.1;1;0.08;3.6;1.4;0;313;87;96;62;86544;0.9;0;0.37;0.4
1994;10;23;296;8.7;5.4;1.6;7.4;4.4;1.6;0;0.8;0.08;3.5;1.4;0;145;34;66;27;86319;0.66;4.64;0.37;0.4
1994;10;24;297;6.8;3.6;-0.9;5.3;2.6;-1.1;0.4;0.7;0.08;3.5;1.4;0;227;56;72;38;86741;1.14;7.19;0.38;0.4
1994;10;25;298;9.4;3;-2.6;2.5;-0.7;-3.8;0;0.6;0.08;3.5;1.4;0;448;109;110;70;86781;1.33;0.25;0.38;0.4
1994;10;26;299;5.6;2.6;-0.6;3.5;1;-2;0.7;0.6;0.09;3.5;1.4;0.26;243;58;69;38;86742;1.09;6.62;0.38;0.4
1994;10;27;300;8;1.8;-3.7;1.8;-1.9;-5;0;0.6;0.09;3.5;1.4;0.42;440;109;110;78;87051;1.17;0;0.38;0.4
1994;10;28;301;5.9;2;-1.9;4.7;0.4;-3.5;0.2;0.4;0.09;3.5;1.4;0.47;200;42;57;32;86923;0.45;8.48;0.38;0.4
1994;10;29;302;7.4;3;-1;2;0.3;-2.7;0.2;0.3;0.13;3.5;1.4;1.7;307;79;101;53;87109;1.06;1.67;0.38;0.4
1994;10;30;303;9.9;5;-1.2;5.3;1.5;-2.8;0.8;1.3;0.12;3.5;1.4;1.25;137;36;48;19;87158;0.54;0.54;0.38;0.4
1994;10;31;304;15.5;7.6;1.6;9.9;4.3;0.5;0.2;1.2;0.1;3.5;1.4;0.72;368;95;105;61;87240;0.97;0;0.38;0.4
1994;11;1;305;8.5;5.1;1.2;6.6;3.6;0.3;0.6;0.4;0.09;3.5;1.4;0.41;122;24;54;23;87610;0.26;1.13;0.38;0.4
1994;11;2;306;10.4;6;3.2;6.7;4.6;2.7;-0.5;0.3;0.09;3.5;1.4;0.23;303;70;85;42;87685;0.71;0;0.38;0.4
1994;11;3;307;13.9;6.7;0.4;7.5;3.7;-0.6;-0.4;1.1;0.08;3.4;1.4;0.09;379;94;103;64;87448;0.92;0;0.37;0.4
1994;11;4;308;15.2;8.6;4.4;8.6;5.1;2.6;-0.3;1.6;0.08;3.4;1.4;0.06;381;92;98;59;87355;1;0;0.37;0.4
1994;11;5;309;15.8;9;5.2;7.2;5.2;3.9;-0.5;1.8;0.08;3.4;1.4;0.03;397;93;108;64;87143;1.14;0;0.37;0.4
1994;11;6;310;10.2;7.2;5.4;6.7;5;2.8;0.1;0.3;0.08;3.4;1.4;0;193;43;59;32;87063;0.35;0.79;0.37;0.4
1994;11;7;311;6.9;5.6;2.2;6.7;5.4;2.1;0.3;0.1;0.08;3.4;1.4;0;100;18;33;13;86896;0.43;8.48;0.37;0.4
1994;11;8;312;8.2;4;-0.1;4.6;2.1;-1.6;0.1;0.7;0.08;3.4;1.4;0;277;64;78;61;86995;0.77;0.07;0.37;0.4
1994;11;9;313;10.3;3.8;-1.2;4.2;1;-2.5;-0.2;0.8;0.08;3.4;1.4;0;379;89;107;69;86852;0.78;0;0.37;0.4
1994;11;10;314;4;2.3;1;3.9;1.5;-0.5;0.5;0.6;0.11;3.4;1.4;1.22;51;11;38;12;86537;0.41;21.2;0.37;0.4
1994;11;11;315;1.8;1.1;0.1;1.8;1;0.1;1;0.4;0.32;3.4;1.4;8.32;71;12;6;2;86796;0.39;20.24;0.39;0.4
1994;11;12;316;4.5;2.3;-2.3;2.9;1.6;-2.7;0;0.3;0.33;3.4;1.4;8.9;143;27;67;25;87208;0.3;4.14;0.4;0.4
1994;11;13;317;4.6;0.5;-4.9;2.7;-0.7;-6.5;0.6;1;0.3;3.3;1.4;7.54;128;21;34;13;87583;0.31;3.1;0.4;0.4
1994;11;14;318;8.1;2.7;-3.3;4.8;0.6;-4.1;0.4;1.3;0.25;3.3;1.3;6.07;156;39;53;36;87857;0.35;0.06;0.4;0.4
1994;11;15;319;10;3.9;-1.9;5.5;1;-4.9;1.4;0.9;0.21;3.3;1.3;4.5;287;51;80;30;87605;0.76;4.66;0.4;0.4
1994;11;16;320;4.8;3.3;1.3;3.8;0.7;-1.4;1.7;0.2;0.16;3.3;1.3;2.92;215;46;69;41;87562;0.91;1.72;0.41;0.4
1994;11;17;321;5.7;1.6;-1.7;-1.2;-2.4;-4.2;1.2;0.4;0.15;3.3;1.3;2.54;323;72;106;61;87210;0.71;0.29;0.41;0.4
1994;11;18;322;1.1;0.3;-0.7;0.6;-0.4;-2.4;1.4;0.6;0.19;3.3;1.3;4.02;51;12;30;12;87117;0.68;11.15;0.41;0.4
1994;11;19;323;4.3;2.7;0.8;3.8;2.2;0.4;0.6;0.9;0.25;3.3;1.3;5.71;81;14;25;5;87676;0.25;12.72;0.41;0.4
1994;11;20;324;10.4;5.7;1;8.7;4.6;-0.4;0.7;1.2;0.18;3.3;1.3;3.7;161;28;83;27;88186;0.21;3.8;0.42;0.4
1994;11;21;325;10.8;5;0;6.7;2.8;-2.2;0.3;0.7;0.15;3.3;1.3;2.57;285;65;87;55;88138;0.52;0;0.42;0.4
1994;11;22;326;10;4.7;0.3;5.8;2.8;-0.6;-0.2;0.6;0.13;3.3;1.3;1.87;237;49;79;43;88122;0.36;0.03;0.41;0.4
1994;11;23;327;10;3.5;-1;5.4;0.9;-2.3;0.2;0.8;0.11;3.3;1.3;1.39;290;65;98;61;88258;0.48;0;0.41;0.4
1994;11;24;328;9.7;3.2;-2.3;3.9;0.3;-3.9;0.5;0.4;0.1;3.3;1.3;1.06;301;68;99;62;88532;0.47;0.11;0.41;0.4
1994;11;25;329;6.2;2.9;0.1;2.8;1.6;-1.2;0.9;-0.2;0.1;3.3;1.3;0.85;221;46;61;33;88692;0.41;0.67;0.4;0.4
1994;11;26;330;4.2;2.2;0.2;2.2;1.3;-0.1;0.5;-0.2;0.09;3.3;1.3;0.75;128;27;60;28;88253;0.24;2.25;0.4;0.4
1994;11;27;331;4.5;2;0.1;2.6;1.4;-0.1;0.1;0.2;0.13;3.3;1.3;1.91;116;23;66;21;87963;0.43;6.67;0.4;0.4
1994;11;28;332;6.4;1.6;-1.9;2.5;-0.2;-3.3;-0.4;0.3;0.13;3.3;1.3;1.81;262;58;91;60;88543;0.41;0;0.4;0.4
1994;11;29;333;7;1;-2.6;2.5;-1.2;-4.3;0;0.6;0.12;3.3;1.3;1.57;240;53;83;60;88591;0.24;0;0.4;0.41
1994;11;30;334;5.9;0.7;-3;0.6;-1.9;-4.6;-0.3;0.3;0.11;3.3;1.3;1.37;290;63;111;73;88335;0.24;0;0.4;0.41
1994;12;1;335;4.4;0.3;-2.4;-0.6;-2;-4;-0.4;0.1;0.11;3.3;1.3;1.23;284;62;110;72;88196;0.14;0;0.4;0.41
1994;12;2;336;6.3;-0.4;-4;1.5;-3.6;-6.8;0;1.2;0.1;3.3;1.3;1.13;288;62;108;73;88340;0.08;0;0.4;0.41
1994;12;3;337;6.3;-1;-4.5;0.7;-4.1;-7.5;0;1.4;0.1;3.3;1.3;1.01;290;64;114;76;88358;0.08;0;0.39;0.41
1994;12;4;338;2.4;0.1;-3;0.4;-3.5;-7.7;0.2;1.7;0.1;3.3;1.3;0.97;81;16;49;16;88207;0.22;1.63;0.39;0.41
1994;12;5;339;5.5;0.8;-4;5.1;0;-4.7;0.4;1.2;0.1;3.3;1.3;0.89;115;20;76;26;87737;0.18;4.16;0.39;0.41
1994;12;6;340;2.2;-1.4;-4.3;1.2;-2.5;-4.9;0.7;0.8;0.1;3.3;1.3;0.92;125;26;67;40;88083;0.44;1.32;0.39;0.41
1994;12;7;341;5;-1.5;-5.6;2.1;-3.6;-7.9;0;1.4;0.1;3.3;1.4;0.94;288;61;109;78;87730;0.26;0;0.39;0.4
1994;12;8;342;4.7;-0.4;-3.6;-0.4;-3.9;-6.5;0.1;1;0.1;3.3;1.4;0.84;285;60;109;63;87617;0.11;0;0.39;0.4
1994;12;9;343;3;-0.1;-3;2.7;-1.4;-5.8;0.1;1.2;0.1;3.3;1.4;1.21;70;14;69;14;87334;0.16;9.26;0.39;0.4
1994;12;10;344;3.4;1.6;0.4;3.3;1.1;-0.2;0.7;0.6;0.16;3.3;1.4;3.32;60;12;23;4;87985;0.03;14.49;0.4;0.4
1994;12;11;345;8.5;3.6;-1.8;4.4;1.3;-3.4;1.4;1.1;0.16;3.3;1.4;3.13;173;32;78;35;88593;0.33;0.86;0.4;0.4
1994;12;12;346;8.4;0.8;-3.3;3.1;-2.9;-6.6;0.8;1.2;0.15;3.3;1.4;2.61;254;55;110;71;88500;0.28;0;0.4;0.4
1994;12;13;347;7.3;0.2;-3.9;0.8;-4.7;-8.9;0.8;0.9;0.14;3.3;1.4;2.3;266;56;114;76;88098;0.13;0;0.4;0.4
1994;12;14;348;-0.7;-2.1;-4.6;-0.9;-3.7;-8.2;1;-0.2;0.28;3.3;1.4;7.43;58;10;60;24;87711;0.11;10.94;0.4;0.4
1994;12;15;349;-3;-6.1;-12.2;-5.6;-8.5;-15;-0.2;0.6;0.4;3.3;1.4;11.48;189;38;110;58;87959;0.27;0.26;0.4;0.4
1994;12;16;350;-0.2;-6;-14.5;-5.4;-11.5;-18.5;0.8;0.8;0.39;3.3;1.3;11.35;187;35;99;44;88051;0.24;0.87;0.4;0.4
1994;12;17;351;1;-1.6;-3.4;-2;-4;-6.6;0.1;0.4;0.42;3.3;1.3;12.95;109;23;73;34;88155;0.05;1.26;0.4;0.4
1994;12;18;352;3.8;-3.1;-7.2;-2.1;-8.4;-13.8;0.1;1.1;0.41;3.3;1.3;12.8;180;38;97;58;87401;0.09;0;0.39;0.4
1994;12;19;353;1.9;-2.9;-7.9;-2.3;-6.7;-12.9;0;0.4;0.39;3.3;1.3;12.4;147;27;64;31;87197;0.09;0.29;0.39;0.4
1994;12;20;354;-1.2;-2.3;-3.5;-2.2;-3;-4.1;0.5;-0.2;0.46;3.3;1.3;17.77;41;8;13;7;87164;0.05;11.52;0.39;0.4
1994;12;21;355;-3.7;-5.4;-7.9;-4.2;-6.4;-9.1;0.2;-0.9;0.52;3.2;1.3;27.53;99;19;51;21;87133;0.05;6.01;0.39;0.4
1994;12;22;356;-5.4;-6.4;-7.4;-6.7;-7.6;-8.7;-1;-1.3;0.52;3.2;1.3;34.96;54;11;18;8;87190;0.07;9.19;0.39;0.4
1994;12;23;357;-5.6;-7.2;-10;-6.5;-8.4;-10.9;-1.3;-0.6;0.53;3.2;1.3;39.4;90;20;54;31;87776;0.03;0.79;0.39;0.4
1994;12;24;358;-5.5;-9.3;-13.1;-8.4;-11.3;-14.4;-0.3;0.1;0.52;3.2;1.3;39.77;112;25;57;37;87490;0.03;0.1;0.38;0.4
1994;12;25;359;-3.7;-10;-16.7;-7.5;-12.5;-18.8;0.2;0.8;0.52;3.2;1.3;39.8;149;30;76;44;87304;0.02;0;0.38;0.4
1994;12;26;360;-4.1;-10.7;-19.5;-7.4;-13.8;-21.8;0.4;1.4;0.52;3.2;1.3;39.84;107;22;46;25;87095;0.07;0.19;0.38;0.4
1994;12;27;361;1.7;-2.4;-8.1;-2.9;-6;-10.6;0.9;1.6;0.51;3.2;1.3;39.97;80;18;54;17;86719;0.27;1.18;0.38;0.4
1994;12;28;362;3.8;2.6;0.5;1.5;0.2;-2.8;1.3;1.4;0.5;3.2;1.3;38.32;36;6;25;3;87037;-0.06;14.75;0.39;0.4
1994;12;29;363;4.7;-0.5;-4.6;1.5;-2.4;-6;0.1;1.6;0.48;3.2;1.3;34.58;159;31;81;48;86962;-0.01;0;0.4;0.4
1994;12;30;364;2.4;0.2;-1.2;0.5;-1.5;-3.5;0.7;0.9;0.47;3.2;1.3;35.82;103;17;54;21;86077;0.11;18.02;0.4;0.4
1994;12;31;365;-0.9;-4.1;-7.9;-4.3;-8;-11.7;1;1.2;0.5;3.2;1.3;43.17;159;32;99;54;85721;0.25;2.71;0.4;0.4
1995;1;1;1;-3.2;-5.9;-8.2;-5.4;-8.3;-11.6;1.6;0.5;0.52;3.1;1.3;52.22;72;17;65;31;85679;0.14;11.47;0.4;0.4
1995;1;2;2;-7.2;-9.5;-12.6;-10.8;-13.2;-16.2;1.9;0.9;0.53;3.1;1.3;57.67;119;22;81;36;86376;0.23;6.29;0.4;0.4
1995;1;3;3;-8.6;-10.1;-11.4;-10.8;-12.4;-13.7;0.9;-0.4;0.53;3.1;1.3;67.23;105;21;54;24;87548;0.09;7.42;0.39;0.4
1995;1;4;4;-10.9;-12.6;-16.1;-12.2;-14.7;-17.9;-0.6;-0.4;0.53;3.1;1.3;71.02;136;27;74;42;87732;0.05;1.51;0.39;0.4
1995;1;5;5;-10.6;-16.4;-22.7;-14.9;-19.7;-25;-0.1;0.8;0.53;3.1;1.3;71.46;127;28;62;44;87419;0;0.04;0.39;0.4
1995;1;6;6;-7.4;-17.9;-25.8;-13.1;-22.1;-28.8;0.3;1.4;0.53;3.1;1.3;71.48;160;34;78;49;87016;-0.01;0;0.39;0.4
1995;1;7;7;-6.7;-14.4;-24.2;-10.7;-18.4;-28;0.2;0.7;0.53;3.1;1.3;71.69;110;24;46;16;87888;0;0.93;0.39;0.4
1995;1;8;8;-5.4;-11.4;-19.8;-10.6;-14.5;-22.7;0;0.7;0.52;3.1;1.3;72.5;160;34;84;54;88109;0;0.06;0.39;0.4
1995;1;9;9;-5.4;-11.9;-21.7;-8.3;-15.2;-24.6;0.6;1.2;0.52;3.1;1.3;72.9;83;16;44;8;87623;0;1.18;0.38;0.4
1995;1;10;10;-2.3;-3.4;-6.1;-3.7;-5.7;-9.3;2.6;0.4;0.53;3.1;1.2;80.73;48;10;32;9;86624;0.18;17.42;0.38;0.4
1995;1;11;11;-1.6;-4.5;-7.4;-2.8;-6.5;-9.5;2.5;-0.4;0.54;3.1;1.2;107.55;72;15;47;20;85902;0.3;25.39;0.38;0.4
1995;1;12;12;-6.1;-7.8;-9.2;-8.6;-10.3;-11.3;1.7;-0.4;0.54;3;1.2;121.99;79;16;42;17;86709;0.21;14.32;0.38;0.4
1995;1;13;13;-8.5;-10.2;-15.5;-10.7;-12.7;-17.1;0.9;-0.3;0.54;3;1.2;134.88;118;22;67;30;88239;0.09;6.25;0.38;0.4
1995;1;14;14;-6.7;-14.4;-21.1;-13.4;-18.5;-23.6;0.2;1.2;0.54;3;1.2;136.35;166;36;79;57;88241;0;0;0.38;0.4
1995;1;15;15;-2.2;-9;-15.1;-6.8;-12.5;-17.8;0;1.1;0.53;3;1.2;136.53;123;24;58;18;88143;-0.04;0.23;0.37;0.4
1995;1;16;16;-0.9;-11.3;-17.7;-6.7;-14.7;-19.8;0.1;1.5;0.53;3;1.2;136.66;172;38;81;56;87918;-0.07;0;0.37;0.4
1995;1;17;17;-4.3;-11.7;-17.5;-9.7;-15.6;-20.1;0;2;0.53;3;1.2;136.71;177;39;86;62;87360;0.01;0;0.37;0.4
1995;1;18;18;-3.1;-7.9;-13.2;-8.1;-12.8;-18;0.2;2.1;0.53;3;1.2;136.67;162;34;67;42;86578;0.13;0.01;0.37;0.4
1995;1;19;19;-1;-5.3;-12.3;-4.2;-7.8;-14.1;0.5;1;0.53;3;1.2;140.23;105;20;94;32;87145;0.02;5.1;0.37;0.4
1995;1;20;20;-1.4;-6.6;-12.2;-6.4;-10.8;-15;0.1;1.7;0.53;3;1.2;141.75;171;36;70;43;87300;-0.01;0;0.37;0.4
1995;1;21;21;-0.1;-6;-10.6;-4.1;-8.7;-12.6;0;1.3;0.53;3;1.2;142.9;131;26;84;37;87467;0;1.6;0.37;0.4
1995;1;22;22;1.1;-2.4;-8.8;-2.8;-5.9;-11.1;0.2;2.1;0.52;3;1.2;145.56;88;17;58;10;86601;0.23;3.61;0.36;0.4
1995;1;23;23;4.1;0.2;-2.6;0;-2.3;-5.1;0.7;0.9;0.52;3;1.2;148.24;155;30;61;22;86204;0.17;11.87;0.36;0.4
1995;1;24;24;-1.5;-3.1;-7.8;-4;-7;-11.7;2.3;0.8;0.51;3;1.2;155.24;153;33;82;59;86768;0.66;1.66;0.37;0.4
1995;1;25;25;3.5;-0.9;-8.3;0.3;-3.9;-11.7;1;1.8;0.52;3;1.2;162.14;42;9;55;7;86294;0.12;13.37;0.36;0.4
1995;1;26;26;3.2;-0.5;-4.6;-0.2;-3.1;-6.1;0.8;1.4;0.5;3;1.2;164.6;161;36;68;52;85850;0.27;3.58;0.37;0.4
1995;1;27;27;-2.4;-6.4;-11.2;-6;-9.8;-15.3;2.2;0.3;0.51;3;1.2;170.88;153;36;91;57;86782;0.72;5.66;0.37;0.4
1995;1;28;28;1.5;-3.8;-10.6;-3.9;-8;-14.3;0.8;1.7;0.51;3;1.2;172.98;175;31;80;28;86344;0.22;2.08;0.36;0.4
1995;1;29;29;1.1;-3;-6.5;-3.2;-6.3;-9.6;0.8;1.5;0.51;3;1.2;175.96;149;30;77;37;86426;0.2;3.55;0.36;0.4
1995;1;30;30;1.8;-1.8;-4.7;-1.3;-3.6;-6.6;0.8;0.5;0.51;3;1.2;182.44;134;28;36;18;86366;0.27;19.09;0.36;0.4
1995;1;31;31;-0.5;-5.8;-11.8;-5.1;-9.4;-14.3;0.1;0.5;0.53;3;1.2;195.09;209;49;111;75;87896;0.43;0.4;0.36;0.4
1995;2;1;32;3.8;-5.4;-11.7;-2.1;-9.3;-14.5;0.1;1.8;0.52;3;1.2;194.93;164;43;76;52;87740;0.09;0;0.36;0.4
1995;2;2;33;2.4;-2.4;-8.2;-1.1;-5.4;-10.5;0.4;0.5;0.52;3;1.2;195.26;131;32;51;21;87848;0.05;2.17;0.36;0.4
1995;2;3;34;2.2;-0.8;-3.1;-1.4;-2.4;-4.6;-0.2;0.1;0.51;3;1.2;197.07;167;42;71;37;88425;0.07;0.03;0.36;0.4
1995;2;4;35;1.5;-2.9;-8.3;-2.4;-5.1;-10.5;0.6;0.9;0.51;3;1.2;197.73;103;22;65;24;88184;0.16;2.44;0.36;0.4
1995;2;5;36;1.4;-0.4;-4.4;-0.3;-1.9;-6.1;1.2;0.5;0.5;3;1.2;200.6;61;14;56;18;88227;0.01;2.54;0.36;0.4
1995;2;6;37;3.1;-1.1;-7.2;-0.6;-3.9;-9.2;1.1;1;0.49;3;1.2;200.91;146;34;68;37;87853;0.23;0.12;0.36;0.4
1995;2;7;38;6.5;0.2;-4.1;-0.2;-4.3;-7.1;0.9;1.5;0.49;3;1.2;200.25;240;58;101;70;87204;0.33;0;0.36;0.4
1995;2;8;39;2.9;-0.3;-4.1;-0.8;-3.6;-7.7;1;0.9;0.48;3;1.2;199.48;145;37;86;35;86433;0.13;0.22;0.36;0.4
1995;2;9;40;1.4;-0.5;-1.6;-0.9;-1.6;-2.7;0.7;0.5;0.49;3;1.2;203.87;104;22;28;11;85901;0.17;13.04;0.36;0.4
1995;2;10;41;4.5;-0.9;-4.5;0.1;-3.1;-5.7;0;0.7;0.48;3;1.2;207.62;240;58;95;57;86405;0.24;0.07;0.36;0.4
1995;2;11;42;4.8;-1.4;-6.5;-0.9;-4.6;-8.3;0.2;1;0.47;3;1.2;207.2;201;49;91;53;86700;0.36;0.03;0.36;0.4
1995;2;12;43;3.8;-0.9;-7.1;0;-3.5;-8.5;0.4;1.1;0.47;3;1.2;207.36;153;34;91;36;87225;0.19;0.6;0.36;0.4
1995;2;13;44;6.4;-1.2;-7.5;-0.6;-4.7;-8.6;-0.1;1.5;0.46;3;1.2;207.32;262;65;96;58;87101;0.29;0.28;0.36;0.4
1995;2;14;45;1.3;-1.2;-6.9;-1.5;-3.6;-8.5;1;0.7;0.46;3;1.2;208.92;188;42;77;39;87055;0.37;3.01;0.35;0.4
1995;2;15;46;4.5;-1.6;-7.5;-1.2;-5.3;-9.6;0.1;1.7;0.46;3;1.2;209.14;132;30;76;30;87068;0.31;0.12;0.35;0.4
1995;2;16;47;1.3;-0.9;-5.2;-0.2;-3.2;-8.1;1.2;1;0.47;3;1.2;214.74;101;24;85;34;87099;0.22;12.27;0.36;0.4
1995;2;17;48;4.8;0.3;-4.7;-0.8;-3.4;-7.7;0.6;0.7;0.47;3;1.2;217.05;234;48;83;32;86759;0.56;5.1;0.36;0.4
1995;2;18;49;-0.4;-1.8;-4.1;-1.1;-2.9;-5.7;1;-0.1;0.5;3;1.2;229.58;129;28;69;25;86943;0.41;14.29;0.36;0.4
1995;2;19;50;2.5;-2.5;-8;-4.6;-6.7;-10.3;0.6;0.9;0.51;3;1.2;233.4;239;62;82;56;87635;0.58;0.17;0.36;0.4
1995;2;20;51;5.8;1;-3.5;0.2;-2.7;-6.2;0.7;1;0.5;3;1.2;233.23;148;33;48;18;87860;0.16;0.01;0.35;0.4
1995;2;21;52;10.2;1.4;-5;0.9;-2.8;-6.4;0.5;0.8;0.49;3;1.2;232.34;275;69;90;56;87517;0.39;1.86;0.35;0.4
1995;2;22;53;2;-0.9;-3.1;-0.5;-3.7;-5.2;-0.2;-0.2;0.49;3;1.2;234.48;235;56;89;41;87678;0.56;2.02;0.35;0.4
1995;2;23;54;-0.6;-2.4;-6.7;-2.2;-4.7;-9.5;0.7;0.4;0.49;3;1.2;237.71;63;17;86;32;86674;0.2;6.01;0.35;0.4
1995;2;24;55;0.2;-3.7;-9;-3.1;-6.6;-11.4;0.6;1.2;0.5;3.1;1.2;242.18;97;28;68;34;85630;0.22;5.93;0.35;0.4
1995;2;25;56;1.5;-1.2;-4.5;-1.1;-3.2;-5.9;1.1;0.9;0.52;3.1;1.3;250.12;133;35;71;36;85391;0.16;9.73;0.35;0.39
1995;2;26;57;-1.1;-3.2;-5.4;-2.9;-4.7;-6.5;0.3;-0.7;0.51;3.1;1.3;256.99;102;24;78;32;85539;0.26;9.54;0.35;0.39
1995;2;27;58;-2.4;-5.7;-11;-6.2;-8.7;-13.4;1.1;0.1;0.53;3.1;1.3;265.55;231;60;82;59;87292;0.47;3.47;0.35;0.39
1995;2;28;59;4.9;-4.7;-12.3;-2.9;-9.1;-15.6;0.4;1.3;0.53;3.1;1.3;266.5;199;42;82;43;88063;0.2;0.03;0.35;0.39
1995;3;1;60;8.5;-0.7;-10.1;0.4;-5.9;-12.6;0.2;0.9;0.52;3.1;1.3;266.59;285;77;93;66;87307;0.18;0;0.35;0.39
1995;3;2;61;2.4;-2;-6.6;-2.5;-6.1;-9.5;0.7;0.6;0.52;3.1;1.3;267.78;204;49;89;44;86871;0.33;1.69;0.35;0.39
1995;3;3;62;4.6;-3;-10.4;-1.6;-6.6;-13.6;0.3;0.1;0.52;3.1;1.3;269.14;289;72;100;52;86070;0.23;7.38;0.35;0.39
1995;3;4;63;-3.3;-4.6;-7.2;-4.1;-6.2;-8.3;0.4;-0.8;0.54;3.1;1.3;284.79;119;28;34;19;86219;0.36;14.33;0.35;0.39
1995;3;5;64;2;-5;-13.4;-7.8;-10.5;-14.9;-0.1;1.1;0.53;3.1;1.3;289.48;302;83;106;62;85907;0.45;0.29;0.35;0.39
1995;3;6;65;-1.4;-3.9;-7.9;-5.8;-7.3;-10.7;1.6;0.6;0.53;3.1;1.3;292.25;245;65;67;39;85997;0.4;4.17;0.34;0.39
1995;3;7;66;-2.8;-8.3;-15.6;-9.9;-13;-18.4;0.9;0.8;0.53;3.2;1.3;293.86;277;75;100;68;86745;0.61;0.78;0.34;0.39
1995;3;8;67;3.2;-7.5;-18.7;-7.7;-13.2;-21.5;0.1;1.4;0.53;3.2;1.3;293.89;312;76;95;52;86412;0.21;0.26;0.34;0.39
1995;3;9;68;-0.4;-4.6;-10.3;-5.5;-8.7;-12.3;0.7;0.3;0.53;3.2;1.3;294.6;280;77;79;52;87158;0.17;1.28;0.34;0.39
1995;3;10;69;2.6;-5.6;-15.5;-5.5;-10.8;-18.2;-0.6;0.8;0.52;3.2;1.3;295.19;321;92;103;79;87303;0.23;0;0.34;0.39
1995;3;11;70;7.7;-1.9;-11.8;-0.9;-8.2;-14.9;0;0.8;0.52;3.2;1.3;295.12;323;92;102;73;87319;0.15;0;0.34;0.39
1995;3;12;71;6.2;-0.1;-7.9;-1.3;-5.1;-11.5;-0.2;0.2;0.51;3.2;1.3;295.13;321;92;97;70;87611;0.1;0;0.34;0.39
1995;3;13;72;3.3;-0.9;-4.1;-2.7;-4.3;-5.5;-1.2;-0.5;0.51;3.2;1.3;295.13;298;85;91;69;87336;0.37;0.05;0.34;0.39
1995;3;14;73;0.5;-2.8;-5.4;-5;-5.8;-7;0.8;-0.5;0.5;3.2;1.3;296.14;256;67;69;44;86514;0.46;4.73;0.34;0.39
1995;3;15;74;1.6;-1.9;-5.7;-2.7;-5.3;-8.4;1;0.6;0.51;3.2;1.3;300.47;161;45;43;23;85923;0.28;5.55;0.34;0.39
1995;3;16;75;-0.5;-3.2;-7.2;-3.4;-8.2;-12.1;1.4;0.3;0.52;3.2;1.3;307.31;305;76;98;58;86345;0.74;3.36;0.34;0.39
1995;3;17;76;2.9;-2.7;-10.3;-5.1;-9.6;-15.2;0.2;1.6;0.52;3.3;1.3;307.66;274;70;89;48;86446;0.51;0.31;0.34;0.39
1995;3;18;77;3.2;0.6;-1.6;0.5;-1.6;-6;1.3;1.1;0.52;3.3;1.3;313.1;136;34;41;16;86587;0;11.44;0.34;0.39
1995;3;19;78;5.6;1.1;-1.8;2.6;-0.6;-3.1;1;0.2;0.5;3.3;1.3;316.15;183;38;43;13;86419;0.05;17.78;0.34;0.39
1995;3;20;79;-2.2;-3.7;-6;-2.9;-5.4;-7.8;2;-0.5;0.52;3.3;1.3;332.31;153;47;73;35;87085;0.87;13.85;0.35;0.39
1995;3;21;80;-2.9;-5.3;-7.4;-5.3;-7.5;-10.6;2;-0.1;0.53;3.3;1.3;341.98;155;46;61;34;87982;0.47;11.85;0.34;0.39
1995;3;22;81;-1.8;-5.6;-10.2;-7.8;-10.1;-13;0.5;0;0.54;3.3;1.3;351.81;317;86;96;53;88707;0.54;4.23;0.34;0.39
1995;3;23;82;4.8;-3.6;-12.2;-1.6;-8.6;-14.3;0.4;1;0.53;3.3;1.3;352.41;222;66;57;37;88535;0.37;0;0.34;0.39
1995;3;24;83;8.5;-0.7;-10;0.4;-5.3;-11.9;0.6;1;0.53;3.4;1.4;352.36;346;104;95;67;87936;0.41;0;0.34;0.39
1995;3;25;84;7.8;1.3;-6.3;-0.1;-3.5;-8.7;2.1;0.5;0.52;3.4;1.4;351.97;349;101;93;56;87451;0.56;1.99;0.34;0.39
1995;3;26;85;3.9;1.8;0.3;0.6;-0.9;-2.4;2.3;0.6;0.5;3.4;1.4;350.07;269;64;62;29;87277;0.41;3.24;0.35;0.39
1995;3;27;86;4.3;-0.4;-6.8;0.3;-2.9;-8.6;2.1;0.4;0.49;3.4;1.4;349.01;184;46;41;22;85939;0.66;17.69;0.35;0.39
1995;3;28;87;-4.1;-7.3;-9.6;-9.7;-12.4;-14.5;1.7;-0.1;0.51;3.4;1.4;357.49;318;96;93;50;86272;1.46;2.93;0.36;0.39
1995;3;29;88;-3.9;-6.5;-9.2;-6;-9.6;-11.8;1.9;-0.1;0.53;3.4;1.4;369.61;187;50;59;24;85714;0.52;18.46;0.35;0.39
1995;3;30;89;-4.3;-7.7;-10.5;-9.8;-11.4;-12.9;0.8;-0.7;0.54;3.4;1.4;381.09;296;79;76;40;87747;0.49;7;0.35;0.39
1995;3;31;90;-1.5;-6.9;-15.3;-6.4;-11.1;-17.4;1.2;0.5;0.54;3.5;1.4;383.26;311;92;73;43;88215;0.32;2.84;0.35;0.39
1995;4;1;91;2.2;-0.5;-3.9;0.9;-2.1;-6.5;1.7;1;0.54;3.5;1.4;398.99;44;11;5;-1;88226;-0.13;27.6;0.35;0.39
1995;4;2;92;6.2;2.2;-3.6;2.1;-0.1;-5.5;1.3;0.7;0.52;3.5;1.4;406.99;297;77;82;33;88348;0.14;2.05;0.36;0.39
1995;4;3;93;11.6;2.8;-5.8;2.7;-2.9;-7.6;0.6;1.2;0.49;3.5;1.4;401.61;407;128;101;77;87724;0.95;0;0.36;0.39
1995;4;4;94;10.7;4.8;-3.1;2.7;-0.4;-5.9;1.2;0.5;0.47;3.5;1.4;394.92;406;124;88;59;87607;0.68;0.55;0.36;0.39
1995;4;5;95;9.4;5.2;-0.8;7.2;2.1;-2.4;0.4;0.5;0.45;3.5;1.4;383.28;364;107;70;43;87850;0.1;0.96;0.38;0.39
1995;4;6;96;6.7;4;0.8;4.5;2.1;-0.8;1.1;0.5;0.44;3.5;1.4;369.92;209;75;61;25;87880;-0.16;6.77;0.39;0.39
1995;4;7;97;8.4;5;1.7;3.3;1.9;0.7;1.7;0.1;0.43;3.6;1.4;356.43;326;95;70;32;87660;0.22;3.23;0.39;0.39
1995;4;8;98;3.9;-0.7;-3.6;3.2;-3.2;-6.9;1.9;-1.3;0.45;3.6;1.4;348.36;225;62;66;26;87255;1.02;13.82;0.4;0.4
1995;4;9;99;-0.5;-3.4;-6;-6.3;-8;-9.8;1.4;-1;0.49;3.6;1.4;356.2;309;103;83;49;87477;1.33;4.71;0.4;0.4
1995;4;10;100;3.2;-1.4;-8;-0.9;-4.5;-10.6;0.8;0;0.49;3.6;1.4;357.06;230;72;71;27;87397;0.39;2.19;0.39;0.4
1995;4;11;101;3.1;0.7;-1.9;1.4;0;-2.2;0.8;-0.4;0.48;3.6;1.4;359.76;250;67;33;17;87652;0;11.16;0.39;0.4
1995;4;12;102;3.5;0.9;-1.8;0.3;-0.6;-2.1;0.9;-0.7;0.48;3.6;1.4;361.36;286;78;56;24;87761;0.37;10.5;0.4;0.4
1995;4;13;103;2.9;0;-2.8;1.6;-1.2;-3.9;-0.1;-1;0.49;3.6;1.4;362.16;339;93;78;34;87834;0.38;6.15;0.4;0.4
1995;4;14;104;0.4;-2.6;-4.9;-3.7;-4.5;-5.6;0;-1;0.49;3.7;1.5;364.07;369;99;82;42;88003;1;8.66;0.4;0.4
1995;4;15;105;1.1;-1.6;-4.3;-1.9;-3.9;-5.9;1.2;0.4;0.5;3.7;1.5;371.61;191;69;48;27;87372;0.66;7.01;0.4;0.4
1995;4;16;106;3.5;-0.9;-5.4;1;-3.1;-7.2;0.8;0.2;0.5;3.7;1.5;376.75;344;103;74;50;86689;0.52;7.76;0.39;0.4
1995;4;17;107;3.3;-0.1;-3.4;-2.5;-3.7;-5;2;0.5;0.5;3.7;1.5;384.25;288;90;58;36;86636;1.07;5.67;0.39;0.4
1995;4;18;108;6.4;3.3;-1.3;2;-0.3;-3.9;0.6;0.4;0.48;3.7;1.5;383.54;269;65;40;20;86238;0.32;0.44;0.39;0.4
1995;4;19;109;12;5;-1.5;2.8;-0.1;-3.4;0.1;0.6;0.46;3.7;1.5;376.67;453;141;106;60;86090;0.94;1.39;0.39;0.4
1995;4;20;110;2.3;0.4;-0.8;-0.4;-1.8;-3.1;-0.1;-0.8;0.46;3.8;1.5;373.57;219;60;37;18;86705;0.72;4.57;0.4;0.4
1995;4;21;111;11;4.3;-1.4;3.2;0.6;-2;-1;0.7;0.46;3.8;1.5;368.42;460;145;92;61;86885;0.86;0.07;0.4;0.4
1995;4;22;112;10.7;5.6;-0.2;3.4;1.1;-1.9;-0.6;1.3;0.44;3.8;1.5;354.2;426;123;82;49;87039;0.73;0.23;0.41;0.4
1995;4;23;113;14.9;8;1.3;4;1.3;-2.5;-0.6;0.8;0.43;3.8;1.5;338.89;372;131;73;48;87284;0.77;0.35;0.42;0.4
1995;4;24;114;12.1;6.6;-1.4;2.8;0;-3.6;-0.7;1.1;0.42;3.8;1.5;322.05;495;168;99;62;86446;1.26;0.04;0.42;0.41
1995;4;25;115;9.1;4.2;0.2;6.7;2;-1.8;0.3;0.9;0.42;3.8;1.5;307.3;247;74;37;19;85493;-0.09;24.02;0.42;0.41
1995;4;26;116;5.5;3;1.4;2.6;1.6;0.6;1.6;0.5;0.46;3.9;1.5;299.57;224;53;57;11;85705;0.03;15.34;0.43;0.41
1995;4;27;117;7.3;4.2;1.6;3.5;1.9;0.4;1;0.1;0.45;3.9;1.5;288.79;352;97;62;28;86258;0.26;2.65;0.42;0.42
1995;4;28;118;7.5;4.7;0.8;5.7;2.8;-0.7;0.2;0;0.43;3.9;1.5;276.01;390;113;69;36;86945;0.2;2.05;0.42;0.42
1995;4;29;119;12.5;6.5;-3;3.5;0.7;-4;0.1;0.3;0.42;3.9;1.6;262.06;457;153;90;58;87343;1.01;0.38;0.42;0.42
1995;4;30;120;7.7;5;1.7;4.9;2.8;-0.1;0.8;0.3;0.4;3.9;1.6;249.89;305;82;40;16;87644;0.26;6.24;0.43;0.42
1995;5;1;121;8.8;6.5;4.2;6.3;4.1;2.8;-0.2;-0.2;0.39;3.9;1.6;235.14;408;127;76;25;87887;0.56;6.4;0.43;0.42
1995;5;2;122;9.8;5.7;2.3;4.3;1.9;-0.4;-1.1;-0.2;0.38;4;1.6;218.51;456;151;104;50;88128;1.15;0.52;0.43;0.43
1995;5;3;123;11.7;6.4;-1.8;2.8;0.3;-3.7;-0.6;0.1;0.36;4;1.6;205.2;576;200;114;87;88283;1.59;0;0.42;0.43
1995;5;4;124;12.6;7.1;-3.2;3.4;0.3;-4.8;0.4;0.2;0.34;4;1.6;192.82;582;198;108;77;88246;1.71;0;0.42;0.43
1995;5;5;125;14;7.3;-1.4;6.1;1.6;-3;0.1;0.5;0.33;4;1.6;180.18;597;206;103;75;88113;1.7;0.03;0.42;0.43
1995;5;6;126;14.5;7.9;-1.7;4.8;1.1;-3.7;0.6;0.6;0.32;4;1.6;166.98;612;209;114;76;87724;2;0.01;0.41;0.43
1995;5;7;127;14.1;8.4;0.4;8.4;2.7;-2.4;0.9;0.7;0.31;4;1.6;153.16;548;196;91;64;87569;1.83;0.73;0.41;0.43
1995;5;8;128;14;8.5;1.4;5.5;2.6;-1.2;1.5;0.9;0.31;4.1;1.6;138.64;546;179;85;51;87369;1.86;0.75;0.41;0.43
1995;5;9;129;7.3;5.6;3.9;6.1;3.2;0.1;1.1;-0.2;0.31;4.1;1.6;127.15;215;78;57;24;87149;0.65;9.74;0.41;0.43
1995;5;10;130;7.9;5.7;3.4;3.4;2.2;0.2;-0.1;-0.7;0.31;4.1;1.6;118.19;360;113;59;25;87030;0.91;1.65;0.41;0.43
1995;5;11;131;9;5.9;2.8;5.2;3.7;2.1;-0.9;-0.1;0.3;4.1;1.6;108.4;372;104;58;27;86350;0.77;4.14;0.41;0.43
1995;5;12;132;10.4;7.2;3.3;7.2;4.9;1.8;-0.5;-0.4;0.3;4.1;1.6;98.29;376;120;43;25;85456;0.85;5.81;0.41;0.43
1995;5;13;133;6;3.4;-0.1;5.8;3.3;-0.3;1.5;0;0.31;4.1;1.7;90.3;104;31;5;0;85567;0.38;30.42;0.41;0.43
1995;5;14;134;2.9;0.3;-1.5;0.2;-0.9;-2;1.1;-0.4;0.43;4.2;1.7;96.72;313;85;48;23;87169;0.98;10.38;0.41;0.43
1995;5;15;135;8.8;3.7;-3.6;1.1;-1.5;-4.4;-0.3;-0.1;0.41;4.2;1.7;94.49;529;184;103;72;87288;1.76;0.02;0.4;0.43
1995;5;16;136;10.9;6.7;-0.2;4.1;1.2;-2.3;-0.1;0.2;0.37;4.2;1.7;87.31;409;145;68;44;86807;1.42;0.04;0.4;0.43
1995;5;17;137;10.3;7.3;4.1;5.2;2.8;1.4;1;0.5;0.34;4.2;1.7;77.74;475;160;80;44;86600;1.6;1.62;0.4;0.43
1995;5;18;138;13.9;7.8;3.4;8.4;4.7;2.8;0.4;-0.3;0.31;4.2;1.7;68.5;367;116;44;20;86545;1.22;13.87;0.4;0.43
1995;5;19;139;5.4;2.8;1;2.3;0.9;0.1;0.4;-0.8;0.3;4.2;1.7;62.83;286;87;38;19;87123;1.46;8.5;0.41;0.43
1995;5;20;140;5.3;2.2;0.1;4;1.5;-0.4;0.7;-0.3;0.31;4.2;1.7;61.25;369;109;53;27;87742;1.29;11.02;0.41;0.43
1995;5;21;141;6.5;3.1;-1.2;2.7;0.7;-2.3;-0.1;-0.1;0.3;4.2;1.7;58.67;446;147;71;46;88052;1.53;3.52;0.41;0.43
1995;5;22;142;10.2;5.4;-0.4;3.5;1.1;-1.8;-1;-0.1;0.28;4.2;1.7;54.07;534;180;93;62;87761;1.75;0;0.41;0.43
1995;5;23;143;15.5;8.7;-1.9;6.6;2.4;-2.9;0.1;0.1;0.26;4.3;1.7;48;671;238;109;77;87341;2.58;0;0.4;0.43
1995;5;24;144;17;11;0.7;8.1;4.4;-0.2;-0.3;0.2;0.25;4.3;1.7;40.75;528;201;92;60;87214;2.47;0.11;0.4;0.43
1995;5;25;145;18.3;12.6;3.8;9.8;6.4;2.7;-0.6;0.2;0.24;4.3;1.7;32.53;645;230;93;64;87287;2.79;0.08;0.4;0.43
1995;5;26;146;15;11.4;6.3;12.1;8.9;4.9;0.2;-0.4;0.24;4.3;1.7;24.02;461;146;56;30;87384;1.46;8.68;0.39;0.43
1995;5;27;147;12.9;10.2;5.6;9;7.8;5.2;0.9;0.2;0.23;4.3;1.7;16.3;462;165;68;42;87765;2.18;5.35;0.39;0.43
1995;5;28;148;17.6;11.6;3.3;10.1;6.6;3.2;-0.5;0.2;0.2;4.3;1.7;9.36;690;245;97;67;88032;3.25;0.03;0.39;0.43
1995;5;29;149;19.1;12.3;4;12.4;8.1;2.4;0.3;0.1;0.15;4.3;1.7;4.16;598;222;96;53;87763;3.18;7.75;0.38;0.43
1995;5;30;150;13.3;10.9;9.4;10.3;10;9.4;-0.1;-1;0.13;4.3;1.7;1.66;315;83;22;8;87361;1.79;10.74;0.39;0.42
1995;5;31;151;12.7;10.6;9.1;11.8;10.2;9;-0.1;-0.7;0.12;4.3;1.7;0.76;286;89;31;12;86900;1.72;23.54;0.39;0.42
1995;6;1;152;9.5;8.1;4.7;9.5;8;4.6;1.5;-0.1;0.12;4.3;1.7;0.37;69;21;5;1;86898;0.93;43.32;0.41;0.42
1995;6;2;153;10.4;6.6;3.2;6.6;4.6;3;0.7;0;0.12;4.3;1.7;0.46;491;150;75;34;87282;2.67;12.15;0.43;0.43
1995;6;3;154;12.8;7.7;0.7;8.7;5.1;0.6;0.1;0.1;0.12;4.4;1.8;0.19;645;215;93;59;87493;2.92;4.07;0.42;0.43
1995;6;4;155;10;7.2;2.6;8.3;6;2.4;0.4;0.4;0.12;4.4;1.8;0.05;341;117;62;35;87525;2.16;5.68;0.41;0.43
1995;6;5;156;10.2;6.2;2.8;7.4;5.3;2.6;0.5;0.4;0.12;4.4;1.8;0.01;311;98;36;22;87480;2.29;18.82;0.41;0.42
1995;6;6;157;6.7;5.4;4.1;6.5;5.1;3.1;1;0.8;0.12;4.4;1.8;0.06;132;41;15;6;87581;1.13;37.04;0.43;0.43
1995;6;7;158;12.4;8.3;5.1;8.8;6.7;4.7;0.3;0;0.12;4.4;1.8;0.03;510;147;69;33;87479;2.25;4.96;0.42;0.43
1995;6;8;159;14.7;9.8;4.2;10;7.2;3.7;0;-0.3;0.12;4.4;1.8;0;512;173;75;36;87265;2.78;9.73;0.42;0.43
1995;6;9;160;10;7.2;2.7;9.4;6.5;2.7;0;-0.5;0.12;4.4;1.8;0;279;79;85;23;87362;1.89;6.5;0.42;0.43
1995;6;10;161;11.2;7.5;1.6;8.6;5.7;1.5;-0.1;-0.3;0.12;4.4;1.8;0;460;161;64;38;87097;2.51;11.18;0.41;0.43
1995;6;11;162;7.5;6.2;5.1;7.1;5.6;4.3;0;-0.8;0.12;4.4;1.8;0.02;168;47;11;5;86696;1.39;13.78;0.42;0.43
1995;6;12;163;9.7;6.8;4.8;7.3;5.6;3.9;0;-0.8;0.12;4.4;1.8;0;498;141;42;20;86654;2.95;11.36;0.42;0.43
1995;6;13;164;9.6;6.9;4.7;7.6;5.9;4.4;0.6;-0.1;0.12;4.4;1.8;0;387;144;65;28;86990;2.85;11.73;0.42;0.43
1995;6;14;165;8.6;5.9;4.1;4.8;3.9;3;1;0;0.12;4.4;1.8;0;340;108;70;27;87297;2.43;8.21;0.42;0.43
1995;6;15;166;12.4;7.3;1.4;7.6;4.1;0.8;0.4;0.1;0.12;4.5;1.8;0;686;254;98;67;87369;3.41;6.62;0.41;0.43
1995;6;16;167;11.9;7.7;3.4;7.1;4.8;3.1;0.7;0.2;0.12;4.5;1.8;0;550;181;78;45;87461;3.02;2.9;0.41;0.43
1995;6;17;168;14;9.3;2.5;6.3;3;0.9;0.7;0.5;0.12;4.5;1.8;0;705;248;101;69;87450;4.06;0.36;0.4;0.43
1995;6;18;169;11.9;8.8;5.4;9.6;7.1;3.3;0.7;0.5;0.12;4.5;1.8;0;332;82;39;22;87494;1.81;9.48;0.4;0.43
1995;6;19;170;17.5;12.9;7.2;11.4;9.3;6.8;0.2;-0.2;0.12;4.5;1.8;0;627;215;90;48;87940;3.5;2.68;0.4;0.43
1995;6;20;171;22;15.5;5.8;15.7;11.2;5;-0.1;0.2;0.12;4.5;1.8;0;783;272;112;77;88036;4.23;0.1;0.39;0.43
1995;6;21;172;18;13.9;8.7;14.5;12.1;8;0.8;0.5;0.12;4.5;1.8;0;374;148;69;42;88070;2.72;16.04;0.39;0.43
1995;6;22;173;12.2;10.3;5.6;11.7;9;4.2;0.5;-0.9;0.12;4.5;1.8;0;394;111;61;22;87802;3;20.16;0.4;0.43
1995;6;23;174;7.9;5.2;3.1;6.4;3.9;2.4;0;-0.9;0.12;4.5;1.8;0.02;411;134;60;28;87347;3.07;11.25;0.4;0.42
1995;6;24;175;8.5;5.8;3;5.1;3.9;2.6;-0.4;-0.6;0.12;4.5;1.8;0;470;133;48;26;87301;2.75;6.04;0.4;0.42
1995;6;25;176;12.6;8.8;5.8;9.7;7;3.4;0.8;-0.1;0.12;4.5;1.8;0;434;114;48;17;87773;2.15;8.77;0.4;0.42
1995;6;26;177;15.7;11.6;7.3;11;8.7;7;0.4;-0.3;0.12;4.5;1.8;0;520;185;76;41;87906;3.34;3.64;0.4;0.42
1995;6;27;178;18.8;13.2;5.7;12.6;9.6;5.5;-1.5;-0.1;0.12;4.5;1.8;0;677;254;94;64;87703;3.9;0.03;0.4;0.42
1995;6;28;179;19.4;14.3;8.4;11.8;9.5;7.8;-1.2;-0.7;0.12;4.5;1.8;0;759;282;108;83;87501;4.41;0.01;0.39;0.42
1995;6;29;180;19.4;14.4;6.6;11;8.3;5.7;-0.7;-0.4;0.12;4.5;1.8;0;811;302;126;98;87500;4.79;0;0.38;0.42
1995;6;30;181;21.1;15.1;5.5;11.1;8.3;4.7;-0.3;0.1;0.12;4.5;1.9;0;811;303;129;96;87602;5.08;0;0.37;0.42
1995;7;1;182;21.7;15.8;7;14.4;9.4;5.8;0.5;0.4;0.12;4.6;1.9;0;718;257;118;75;87606;4.65;0.46;0.37;0.42
1995;7;2;183;21.6;16.2;11.4;15.9;12.4;9.8;0.2;0.6;0.12;4.6;1.9;0;669;206;93;54;87098;3.59;2.64;0.36;0.42
1995;7;3;184;16.3;12.9;9.9;13.8;11.5;8.4;0.5;0.5;0.12;4.6;1.9;0;478;135;67;35;86633;2.93;20.19;0.36;0.42
1995;7;4;185;15.8;12.6;9;9.2;8;7.1;1.1;-0.3;0.12;4.6;1.9;0;608;198;80;48;87288;3.66;0.54;0.37;0.42
1995;7;5;186;14.3;12.1;9.9;10.6;9.5;8.9;-0.3;-0.8;0.12;4.6;1.9;0;408;101;60;22;87793;2.15;3.03;0.37;0.42
1995;7;6;187;15.6;12.9;10.3;9.9;8.8;8;-0.6;-0.6;0.12;4.6;1.9;0;491;172;87;45;87884;2.95;0.69;0.36;0.42
1995;7;7;188;19.7;14.3;5.5;11.2;9;5.5;-0.6;-0.2;0.11;4.6;1.9;0;778;280;113;82;87823;4.55;0;0.36;0.42
1995;7;8;189;22;16.2;7.9;16.7;12;6.8;-0.2;0.1;0.11;4.6;1.9;0;742;258;111;75;87971;4.2;0.28;0.35;0.42
1995;7;9;190;22.9;17.3;9.7;16.8;13.5;8.8;0.1;0.3;0.11;4.6;1.9;0;657;235;98;68;87980;3.96;1.29;0.34;0.42
1995;7;10;191;23.6;18;10.8;17.4;14.2;9.6;0;0.3;0.11;4.6;1.9;0;708;225;102;69;87630;3.84;1.22;0.34;0.41
1995;7;11;192;23.9;17.2;10.7;15.6;12.4;9.9;0.2;0.3;0.11;4.6;1.9;0;708;237;105;67;87172;4.4;5.7;0.34;0.41
1995;7;12;193;19.9;16;12.5;15.7;13.5;11.4;0.2;0.1;0.11;4.6;1.9;0;544;191;73;52;87397;3.47;5.89;0.34;0.41
1995;7;13;194;22.3;16.3;9.8;15.6;13;9.6;0;0.4;0.11;4.6;1.9;0;691;221;87;56;87506;3.93;2.16;0.34;0.41
1995;7;14;195;21.4;16;10.6;15.2;12.6;9.7;0.6;0.4;0.11;4.6;1.9;0;662;216;90;56;87492;3.92;12.93;0.34;0.41
1995;7;15;196;17.6;14.5;11.2;14.1;12.6;10.1;0.3;0.2;0.11;4.6;1.9;0;543;175;82;50;87496;3.43;6.14;0.34;0.41
1995;7;16;197;17.8;13.5;10.1;12.7;10.8;8.7;0.8;0.2;0.11;4.6;1.9;0;547;169;73;51;87465;2.98;7.13;0.34;0.41
1995;7;17;198;16.9;13.2;7.5;11;9.2;7.4;0.4;-0.2;0.11;4.6;1.9;0;600;200;81;50;87595;3.61;1.23;0.34;0.41
1995;7;18;199;17.2;14.7;11.6;10.9;9.9;9.3;1.1;0;0.11;4.6;1.9;0;509;187;87;47;87925;3.24;0.35;0.34;0.41
1995;7;19;200;20.7;16.7;11.7;14.3;11.7;9.4;0.4;-0.3;0.11;4.6;1.9;0;608;216;94;57;88343;3.82;0.02;0.34;0.41
1995;7;20;201;24.9;18.7;10.3;16.1;13.1;9.6;-0.4;0.1;0.11;4.6;1.9;0;791;286;119;87;88160;5.04;0;0.33;0.41
1995;7;21;202;25.3;18.8;11;18.2;14;9.9;0.4;0.7;0.11;4.6;1.9;0;673;237;88;68;87901;4.46;1.06;0.33;0.41
1995;7;22;203;25.7;19.1;12.2;18.1;13.3;10.8;0.5;0.5;0.11;4.6;1.9;0;618;228;94;58;87622;4.74;18.51;0.32;0.41
1995;7;23;204;14.2;12.8;11.4;13.8;11.5;10.7;-0.2;-0.8;0.11;4.6;1.9;0;204;65;19;10;88037;2.3;4.49;0.34;0.41
1995;7;24;205;20.1;15.6;11.9;13.7;12.4;10.8;-1;-0.7;0.11;4.6;1.9;0;573;181;80;33;88050;3.11;0.25;0.34;0.41
1995;7;25;206;22.5;17.7;13.4;14.7;13.3;12.3;-0.9;-0.5;0.11;4.6;1.9;0;741;261;113;73;87815;4.4;0;0.33;0.4
1995;7;26;207;24.7;18.8;10.4;17.2;13.5;9.5;-0.2;0.2;0.11;4.6;1.9;0;704;247;107;80;87659;4.5;0;0.33;0.4
1995;7;27;208;20.8;16.1;11.8;15.8;14;10.7;0.7;0.4;0.11;4.6;1.9;0;508;155;69;42;87758;2.91;15.39;0.32;0.4
1995;7;28;209;16.9;14.2;12;13.6;12.6;11.2;0.6;-0.2;0.11;4.6;1.9;0;494;163;64;40;87887;3.81;16.04;0.34;0.4
1995;7;29;210;17.4;14;10.5;12.5;11.2;10;-0.5;-0.5;0.11;4.6;1.9;0;499;177;77;52;87750;3.12;2.89;0.34;0.4
1995;7;30;211;19.5;15.5;10.3;13;11.6;9.8;-1;-0.2;0.11;4.6;1.9;0;649;218;84;64;87502;3.62;0.94;0.34;0.4
1995;7;31;212;21.7;16.5;9.6;12.3;10.5;8.7;-0.5;-0.1;0.11;4.5;1.9;0;712;240;107;77;87403;4.38;0.08;0.34;0.4
1995;8;1;213;20.6;16.4;9.6;14.5;11.2;8;0.1;0;0.11;4.5;1.9;0;594;225;100;74;87525;3.83;0.72;0.33;0.4
1995;8;2;214;19;15.7;9.8;12.2;10.3;8.5;0.2;-0.2;0.11;4.5;1.9;0;582;210;89;72;87666;3.67;0.55;0.33;0.4
1995;8;3;215;19.3;15.4;9.3;10.6;8.8;7.7;-0.3;-0.4;0.11;4.5;1.9;0;729;254;113;88;87518;4.27;0;0.33;0.4
1995;8;4;216;20;15.2;7.9;10.4;8.2;6.8;-0.2;-0.2;0.11;4.5;1.8;0;746;255;116;89;87366;4.26;0.09;0.32;0.4
1995;8;5;217;21.2;15.9;8.4;10.8;8.6;6.8;-0.4;0;0.11;4.5;1.8;0;741;250;113;86;87680;4.28;0.01;0.32;0.4
1995;8;6;218;22.3;16.7;8.7;11.8;8.9;7.4;0.2;0.1;0.11;4.5;1.8;0;750;250;119;82;87741;4.32;0.05;0.31;0.4
1995;8;7;219;17.3;14.7;11.6;13.8;11.4;9;0.3;0.2;0.11;4.5;1.8;0;337;123;61;47;87538;2.24;4.66;0.31;0.4
1995;8;8;220;14.7;12.6;10.7;13.7;12.1;10.5;0.1;-0.3;0.11;4.5;1.8;0;302;72;37;18;87405;1.99;28.15;0.32;0.4
1995;8;9;221;12.3;11.4;10.7;12.3;11.4;10.6;-0.2;-0.8;0.11;4.5;1.8;0;101;25;14;4;87627;0.86;16.89;0.35;0.4
1995;8;10;222;18.6;14.1;9.5;11.9;10.5;9.5;-1;-0.3;0.11;4.5;1.8;0;602;195;91;54;88055;3.5;0.04;0.35;0.4
1995;8;11;223;22.7;16.4;8.2;13.9;11.1;7.3;-0.3;0;0.11;4.5;1.8;0;758;257;124;86;88171;4.31;0.02;0.34;0.4
1995;8;12;224;19;15.4;11.4;14.7;12.7;10.1;0.3;0.4;0.11;4.5;1.8;0;510;139;67;44;88110;2.64;5.34;0.34;0.4
1995;8;13;225;16.9;14.3;12.2;14.5;13.3;12.1;0.4;0.3;0.11;4.5;1.8;0;398;103;47;22;87849;2.52;23.39;0.35;0.4
1995;8;14;226;16.5;13.1;10.5;12.6;11.8;10.2;0.7;-0.4;0.11;4.5;1.8;0;493;134;65;31;87650;3.18;18.92;0.37;0.39
1995;8;15;227;15.2;12.2;10.2;12.3;10.5;8.6;-0.1;-0.8;0.11;4.5;1.8;0;439;118;64;28;87807;2.57;7.14;0.38;0.39
1995;8;16;228;12.8;10.7;8.5;10;8.5;7.6;0.5;-0.2;0.11;4.5;1.8;0;312;90;61;29;87782;2.11;15.09;0.38;0.39
1995;8;17;229;15.2;11;7.7;8.6;7.6;6.4;-1.3;-0.3;0.11;4.4;1.8;0;524;163;97;49;87581;3.12;0.34;0.39;0.39
1995;8;18;230;19.4;12.9;6.2;13;9.3;5.5;-0.6;0.1;0.11;4.4;1.8;0;714;214;105;71;87523;3.41;1.2;0.38;0.39
1995;8;19;231;17.7;12.2;6.2;13.5;10.2;6.1;0.2;0.3;0.11;4.4;1.8;0;600;169;92;52;87563;2.75;6.52;0.38;0.39
1995;8;20;232;15.9;12.3;8.8;13.8;11.3;8.6;0.3;0.2;0.11;4.4;1.8;0;358;113;43;29;87626;2.43;9.99;0.39;0.39
1995;8;21;233;16;12.6;9.9;13;11.5;9.7;-0.3;-0.2;0.11;4.4;1.8;0;513;128;59;34;87640;2.62;6.81;0.39;0.39
1995;8;22;234;19.2;13.8;8.4;14.8;11.6;8;-0.4;0.4;0.11;4.4;1.8;0;607;182;84;55;87496;2.88;2.04;0.39;0.39
1995;8;23;235;19.1;13.8;8.3;14.6;11.1;7.1;0.4;0.6;0.11;4.4;1.8;0;590;185;86;60;87463;3.08;5.56;0.39;0.39
1995;8;24;236;18.1;13.1;8.8;12.5;10.7;8.1;0.6;0.4;0.11;4.4;1.8;0;637;171;88;52;87384;3.06;5.36;0.39;0.39
1995;8;25;237;14.7;12.1;10.6;12.4;10.6;8.5;1;0.4;0.11;4.4;1.8;0;305;79;59;27;87451;1.9;6.91;0.4;0.39
1995;8;26;238;13.8;11.1;9;11;9.1;7.4;1.5;0.3;0.11;4.4;1.8;0;377;109;64;31;87429;2.56;8.47;0.4;0.39
1995;8;27;239;13.4;10.7;8;8.6;7.5;6.6;1.7;0.3;0.11;4.4;1.8;0;335;112;56;35;87268;2.49;2.32;0.4;0.39
1995;8;28;240;9.3;5.6;3.1;8.1;4.5;2.8;1.8;-0.1;0.12;4.4;1.8;0.27;395;114;40;23;86838;3.58;38.41;0.41;0.39
1995;8;29;241;4.5;3.8;2.7;4.3;3.7;2.7;1.8;0.3;0.17;4.3;1.8;2.26;102;23;11;7;87271;1.16;45.5;0.43;0.4
1995;8;30;242;5.8;3.6;1.1;3.9;2.5;0.3;0.8;0.1;0.27;4.3;1.8;5.14;280;78;60;30;87575;1.7;14.05;0.43;0.41
1995;8;31;243;7.5;4;1.1;4;2.4;0.3;1.2;0.2;0.23;4.3;1.8;3.96;396;111;55;30;87531;2.4;8.31;0.43;0.41
1995;9;1;244;6.1;4.2;2.1;4.6;3.4;1.8;1.8;0.8;0.18;4.3;1.8;2.58;160;39;35;14;87282;1.72;9.45;0.43;0.41
1995;9;2;245;11.1;7.6;4.2;4.9;3.5;2;1.4;0.2;0.14;4.3;1.7;1.29;405;126;69;41;87253;2.23;0.15;0.42;0.42
1995;9;3;246;13.5;8;3;6.2;4.2;1.6;0.9;0.5;0.12;4.3;1.7;0.51;619;175;99;58;86813;2.62;3.09;0.42;0.42
1995;9;4;247;8.4;5.5;2.8;3.9;2.3;-0.1;1.6;0.4;0.11;4.3;1.7;0.18;426;137;88;58;86692;2.72;4.29;0.41;0.42
1995;9;5;248;13.7;7.3;-1.1;5.9;1.9;-2.3;-0.1;0;0.1;4.3;1.7;0.08;665;207;120;79;86591;2.79;0;0.41;0.42
1995;9;6;249;13.3;8.6;4.1;7.7;5.4;3.1;0.1;0.5;0.1;4.3;1.7;0.02;543;156;93;57;86625;2.24;1.9;0.4;0.42
1995;9;7;250;18.7;10.3;2.1;11.1;6.2;0.8;-0.1;1.3;0.1;4.3;1.7;0;564;189;103;64;86401;3.45;12.06;0.4;0.42
1995;9;8;251;16.2;9.9;5.6;9.5;7.1;4.2;0.3;0.9;0.1;4.3;1.7;0;643;157;103;51;86490;2.87;4.92;0.41;0.42
1995;9;9;252;11.1;8.7;5.4;7;5.3;3.1;1.5;0.4;0.1;4.3;1.7;0;502;146;87;49;87331;3.11;4.83;0.4;0.42
1995;9;10;253;16.6;9.7;1.7;8.7;5;1.2;-0.3;0.4;0.1;4.2;1.7;0;569;180;95;70;87307;2.73;0;0.4;0.42
1995;9;11;254;16.1;10.4;5.4;10.8;7.6;3.8;0.2;0.7;0.1;4.2;1.7;0;452;134;82;54;87320;1.77;0.49;0.39;0.42
1995;9;12;255;16.5;11;5.7;10.9;8.5;5.5;-0.4;0.2;0.1;4.2;1.7;0;418;133;90;51;87460;1.84;0.05;0.39;0.42
1995;9;13;256;14.5;11;8.1;11.2;8.9;6.8;0.1;0;0.1;4.2;1.7;0;270;87;74;38;87043;1.22;1.78;0.39;0.42
1995;9;14;257;9.1;7.9;6.9;8;7.4;6.8;0.4;-0.4;0.1;4.2;1.7;0;201;51;25;12;87138;1.51;9.95;0.39;0.42
1995;9;15;258;11.5;8.6;6.6;7.2;6.2;5.5;0.4;-0.2;0.1;4.2;1.7;0;418;110;74;34;86959;2.02;2.02;0.39;0.42
1995;9;16;259;13.4;8.2;4.3;7.7;5.6;3.4;-0.2;0.4;0.1;4.2;1.7;0;585;143;99;60;87023;2.21;2.2;0.39;0.42
1995;9;17;260;13.3;8.2;3.6;7.7;5.7;2.6;-0.4;0.4;0.1;4.2;1.7;0;534;157;92;64;87413;2.13;0.69;0.38;0.42
1995;9;18;261;17.3;9.7;2.6;9.8;6.2;1.8;-0.3;0.5;0.1;4.1;1.7;0;624;172;117;74;87541;2.39;0;0.38;0.42
1995;9;19;262;15.4;9.8;5;10.6;7.4;4;-0.4;0.7;0.1;4.1;1.7;0;419;113;86;51;86808;1.7;2.24;0.38;0.41
1995;9;20;263;12.4;8.5;5.7;6.7;5.8;4.5;1.1;0.2;0.1;4.1;1.7;0;455;120;72;41;86650;1.93;8.81;0.37;0.41
1995;9;21;264;7;6.1;5.4;6.2;5.7;5.2;0.8;-0.2;0.1;4.1;1.6;0;147;37;21;8;87344;1.4;9.8;0.38;0.41
1995;9;22;265;9.8;7;4.7;5.5;4;2;-0.2;-0.8;0.1;4.1;1.6;0;401;108;61;34;87780;1.92;0.95;0.38;0.41
1995;9;23;266;11.2;7.4;1.3;4.6;3;1.2;-0.2;0;0.1;4;1.6;0;480;127;95;61;87914;1.66;0;0.38;0.41
1995;9;24;267;12.6;7.4;1.3;6.4;3.9;0.2;0.3;0.4;0.09;4;1.6;0;511;143;100;62;87454;1.8;2.76;0.38;0.41
1995;9;25;268;10.5;7.1;4.4;5.7;4.8;3.9;-0.2;-0.3;0.09;4;1.6;0;392;102;60;34;87465;1.71;7.24;0.38;0.41
1995;9;26;269;11.1;7.6;4;5.5;4.4;2.4;0.8;0;0.09;4;1.6;0;375;106;94;48;87960;1.66;0.48;0.38;0.41
1995;9;27;270;17.3;9.4;2.3;9;4.9;0.9;1.1;0.5;0.09;4;1.6;0;512;137;94;48;87442;2.51;10.95;0.38;0.41
1995;9;28;271;8.3;4.6;0.4;7.9;2;-1.5;1.4;-0.7;0.09;4;1.6;0.01;427;105;88;43;87528;2.2;8.23;0.39;0.41
1995;9;29;272;5;1.7;-1.1;2.5;-0.9;-3.3;1;0.1;0.14;3.9;1.6;1.5;450;117;94;56;87605;1.74;4.46;0.39;0.41
1995;9;30;273;5.8;2;-2.4;-1.1;-2.5;-3.7;1;0.2;0.14;3.9;1.6;1.52;321;103;93;64;87402;1.15;0;0.38;0.41
1995;10;1;274;6.6;4.4;0.6;6.2;2.8;-2.8;0.9;0.8;0.13;3.9;1.6;1.32;99;25;51;9;87376;0.57;7.67;0.38;0.41
1995;10;2;275;15.3;8.8;1.7;9.4;6.1;1.3;0.1;0.4;0.11;3.9;1.6;0.7;548;146;111;64;87885;1.82;0.04;0.39;0.41
1995;10;3;276;16.7;9.4;1.9;10.8;6.3;1.4;0;0.7;0.1;3.9;1.6;0.3;483;123;87;55;87967;1.59;0.01;0.38;0.41
1995;10;4;277;17.9;10.5;3.8;10.6;7;3.1;-0.3;0.7;0.09;3.8;1.5;0.11;544;143;104;62;87783;1.94;0.01;0.38;0.41
1995;10;5;278;18;11.6;6.4;10.8;8.2;5.3;0.2;0.7;0.09;3.8;1.5;0.02;521;137;97;52;87658;1.95;5.08;0.38;0.41
1995;10;6;279;15.6;11.4;8.4;12.5;10;8.1;-0.1;-0.1;0.09;3.8;1.5;0;400;90;62;34;88043;1.41;4.74;0.38;0.41
1995;10;7;280;16.3;11.3;5.6;11.4;8.9;5.2;-0.1;0.2;0.09;3.8;1.5;0;471;110;89;46;88534;1.64;0.42;0.38;0.41
1995;10;8;281;18.1;11.5;6.8;11.7;8.9;6.2;-0.4;0.5;0.09;3.8;1.5;0;522;140;109;64;88651;1.79;0;0.37;0.41
1995;10;9;282;19;11.7;4.4;12.6;8.7;3.5;-0.1;0.4;0.09;3.7;1.5;0;507;138;107;72;88326;1.74;0;0.37;0.41
1995;10;10;283;18.1;11.9;5.1;13.2;9.8;4.4;0;0.4;0.09;3.7;1.5;0;469;124;96;56;88142;1.44;0;0.37;0.41
1995;10;11;284;18.2;12.2;6.5;12.7;9.9;6.2;-0.1;0.2;0.09;3.7;1.5;0;506;134;109;63;88151;1.62;0;0.37;0.41
1995;10;12;285;17.2;11.4;5.6;11.9;9.2;5;-0.1;0.1;0.09;3.7;1.5;0;489;131;110;61;88150;1.53;0.03;0.36;0.41
1995;10;13;286;16.2;11;5.8;10.3;8.8;5.5;0;-0.1;0.09;3.7;1.5;0;449;116;92;54;88136;1.39;0.04;0.36;0.41
1995;10;14;287;15.6;10.8;6.3;10.2;8.8;6.3;-0.2;0.1;0.09;3.6;1.5;0;440;119;96;59;87980;1.37;0;0.36;0.41
1995;10;15;288;15.3;10.1;5.2;9.2;7.3;4.9;0;0.2;0.09;3.6;1.5;0;489;128;114;67;87961;1.53;0;0.35;0.41
1995;10;16;289;14.6;9.5;5.9;8.6;7.5;5.9;-0.5;0;0.09;3.6;1.5;0;480;122;114;63;88101;1.32;0;0.35;0.41
1995;10;17;290;15.2;9;3.8;9.6;6.4;2.7;0.1;0.4;0.09;3.6;1.4;0;468;124;112;78;88306;1.29;0.01;0.35;0.41
1995;10;18;291;15.2;8.6;1.7;7.7;4.8;0.8;0.3;0.6;0.08;3.6;1.4;0;459;114;116;64;88548;1.38;1.14;0.35;0.41
1995;10;19;292;14.2;9.7;5.2;9.1;7.4;4.1;0.4;0.2;0.08;3.6;1.4;0;379;100;97;54;88552;1.23;0.36;0.34;0.4
1995;10;20;293;12.7;8.6;5.4;7.6;6.6;4;0.4;-0.7;0.08;3.6;1.4;0;424;111;104;57;88156;1.31;1.14;0.34;0.4
1995;10;21;294;8.2;5.6;4.3;4;3.3;2.7;-1;-0.7;0.08;3.6;1.4;0;276;68;69;27;87964;1.05;0.64;0.34;0.4
1995;10;22;295;11.6;6.3;2.7;6.3;4.2;1.9;-0.5;-0.1;0.08;3.6;1.4;0;468;120;117;78;87891;1.06;0;0.34;0.4
1995;10;23;296;13.4;6.2;0.7;5.3;2.3;-0.2;-0.2;0.6;0.08;3.5;1.4;0;468;122;121;84;88172;1.37;0;0.34;0.4
1995;10;24;297;13.9;5.9;-1.4;7.1;2.4;-2.2;-0.1;0.7;0.08;3.5;1.4;0;455;119;126;89;87900;1.2;0;0.34;0.4
1995;10;25;298;14;6.1;-1.8;5.1;0.7;-4;0.2;0.9;0.08;3.5;1.4;0;468;119;127;78;88026;1.33;0;0.33;0.4
1995;10;26;299;14.9;7.3;0.8;6.7;3;-0.9;0;0.9;0.08;3.5;1.4;0;436;112;113;73;88059;1.26;0;0.33;0.4
1995;10;27;300;14.6;7.6;1.5;6.9;3.9;0.4;0.3;0.9;0.08;3.5;1.4;0;358;95;99;57;87842;1.09;0.12;0.33;0.4
1995;10;28;301;12.3;7.8;3;7.6;5;2.1;0.3;0.7;0.08;3.5;1.4;0;308;78;82;51;87705;0.83;0.2;0.33;0.4
1995;10;29;302;12.8;7;3.3;8.7;4.6;1.7;0.2;0.9;0.08;3.5;1.4;0;353;82;80;51;87272;0.84;0.9;0.33;0.4
1995;10;30;303;11;6;1.7;7.9;4.7;0.9;0.3;0.7;0.08;3.5;1.4;0;300;76;81;48;87577;0.89;3.66;0.33;0.4
1995;10;31;304;9.6;6.5;3.7;6.6;5.5;3.5;0.2;0;0.08;3.5;1.4;0;240;55;74;25;88076;0.86;1.08;0.33;0.4
1995;11;1;305;8.8;6.3;2.8;7.1;5;2.7;1.2;-0.2;0.08;3.5;1.4;0;322;76;83;36;87354;1.23;15.33;0.33;0.4
1995;11;2;306;2.3;-0.8;-3.3;2.3;-1.3;-4.2;1.1;-0.4;0.36;3.5;1.4;9.35;157;36;59;24;86788;0.66;17.93;0.34;0.4
1995;11;3;307;0.7;-1.3;-3.9;-0.4;-2.9;-5.9;2.3;0.2;0.49;3.4;1.4;15.97;84;18;37;12;86583;0.68;17.46;0.34;0.4
1995;11;4;308;-4.8;-7.3;-8.2;-7.3;-9.2;-10.1;1.6;-0.7;0.53;3.4;1.4;33.74;70;18;74;25;87370;0.35;14.48;0.34;0.4
1995;11;5;309;-6.2;-7.7;-8.9;-9.2;-10.4;-12.2;0.5;-0.7;0.53;3.4;1.4;44.03;152;37;73;32;88266;0.4;3.97;0.34;0.4
1995;11;6;310;-2.9;-7.4;-17.2;-5.8;-10.9;-18.5;0.6;0.7;0.53;3.4;1.4;45.15;158;33;45;23;88226;0.22;1.24;0.34;0.4
1995;11;7;311;1.5;-1.5;-4.6;-3.9;-5.7;-9.2;1;0.3;0.53;3.4;1.4;46.57;144;28;55;25;87923;0.46;1.07;0.34;0.4
1995;11;8;312;0.2;-1.8;-6.4;-1.9;-4.3;-8;0.6;0.6;0.52;3.4;1.4;47.21;122;23;42;22;87705;0.19;1.23;0.34;0.4
1995;11;9;313;4.4;-1.8;-7.4;-0.6;-4.5;-9.1;0;1;0.51;3.4;1.4;47.48;206;48;90;58;87386;0.26;0;0.34;0.4
1995;11;10;314;6.6;-2.8;-9.9;1.7;-5.6;-11.9;-0.1;1.5;0.5;3.4;1.4;46.23;202;48;87;47;87105;0.17;0;0.34;0.4
1995;11;11;315;6.4;1.3;-3.2;3;-1.3;-5.6;-0.2;2;0.49;3.4;1.4;43.14;197;45;76;48;87180;0.07;0;0.34;0.4
1995;11;12;316;10.7;3.1;-1.3;6.3;0.6;-2.7;-0.2;1.5;0.47;3.4;1.4;38.36;211;49;86;52;87167;0.06;0;0.35;0.4
1995;11;13;317;8.6;3.6;-1.1;4.5;1.3;-3;0.4;0.5;0.45;3.3;1.4;34.12;205;46;81;32;87252;0.1;0.02;0.35;0.4
1995;11;14;318;4.6;3.6;0.8;4.5;3.4;0.7;0.4;0;0.41;3.3;1.3;28.5;46;9;26;-3;87254;-0.05;2.52;0.36;0.4
1995;11;15;319;7.7;2;-2;5;0.6;-2.3;0;1.3;0.38;3.3;1.3;24.84;159;39;80;40;86651;0.14;0.57;0.36;0.4
1995;11;16;320;5.2;2.6;0.7;4.7;1.3;-1.3;0.1;1.2;0.36;3.3;1.3;22.72;48;11;20;10;86100;0;10.77;0.36;0.39
1995;11;17;321;7.2;2;-2.5;4.7;1.2;-3.6;1.2;0.1;0.33;3.3;1.3;20.58;198;37;70;25;86039;0.3;15.56;0.38;0.39
1995;11;18;322;-3.2;-6.6;-13.4;-4.7;-8.4;-14.5;1.8;-0.3;0.48;3.3;1.3;30.03;133;24;75;43;87158;0.36;9.57;0.38;0.39
1995;11;19;323;-3.9;-8.9;-17.4;-7.4;-12.2;-19.5;1.8;1.3;0.51;3.3;1.3;34.08;160;28;61;24;87450;0.49;6.42;0.38;0.39
1995;11;20;324;-3.7;-6.8;-18.4;-4.7;-9.3;-19.8;1;-0.2;0.53;3.3;1.3;47.74;180;38;95;54;87794;0.35;10.3;0.38;0.39
1995;11;21;325;0.9;-11.7;-21.6;-5.3;-15.3;-23.5;-0.1;1.5;0.53;3.3;1.3;49.31;184;42;88;55;87808;0.18;0;0.38;0.39
1995;11;22;326;4.4;-8;-18.2;0;-11.3;-20.4;0.2;1.4;0.52;3.3;1.3;49.1;178;41;86;51;87869;0.15;0;0.38;0.39
1995;11;23;327;3.2;-2.4;-10.3;2.1;-3.9;-13;0.1;0.8;0.51;3.3;1.3;48.62;93;21;52;13;88061;0.03;0;0.38;0.39
1995;11;24;328;5.1;-1.7;-6.4;2.2;-3.7;-9;0.1;1;0.5;3.3;1.3;47.67;177;40;86;56;87504;0.09;0;0.38;0.39
1995;11;25;329;5.4;-2.5;-7.4;-0.1;-6.6;-11.5;-0.1;1.3;0.5;3.3;1.3;46.53;179;41;95;60;87089;0.12;0;0.38;0.39
1995;11;26;330;4.1;-3.1;-8;-0.6;-6.7;-11.3;-0.2;1.9;0.49;3.3;1.3;45.4;177;40;88;56;86810;0.15;0;0.38;0.39
1995;11;27;331;5.1;-1.8;-6.7;0.9;-4.6;-9;0;1.5;0.48;3.3;1.3;44.05;179;40;88;52;86667;0.09;0;0.38;0.39
1995;11;28;332;0.7;-1.4;-4;0;-2.6;-5.9;0.4;0.4;0.48;3.3;1.3;45.11;75;15;41;14;87000;0.01;5.85;0.38;0.39
1995;11;29;333;1.2;-0.5;-1.9;0.2;-1;-2.4;0.2;0.1;0.48;3.3;1.3;48.68;91;15;54;24;87486;0.03;1.96;0.38;0.39
1995;11;30;334;2;-1.1;-3;-0.6;-2.6;-5.3;-0.5;0;0.47;3.3;1.3;48.28;147;32;71;46;87679;0.06;0.02;0.38;0.39
1995;12;1;335;2.3;-1.3;-3.3;-1.9;-4;-7.2;0.1;0.3;0.46;3.3;1.3;47.71;159;35;91;52;87910;0.08;0.01;0.38;0.39
1995;12;2;336;0.7;-2.2;-4.6;-2;-6.2;-11.4;0.5;0.7;0.46;3.3;1.3;48.13;115;23;49;30;87961;0.1;3.07;0.38;0.39
1995;12;3;337;-1.4;-3.4;-5.4;-2.6;-5;-6.6;0.2;-0.3;0.48;3.3;1.3;52.63;69;16;47;25;87502;0.09;6.11;0.38;0.39
1995;12;4;338;-4;-6.2;-8.4;-6.8;-7.7;-9.2;-1;-0.5;0.5;3.3;1.3;55.83;151;28;72;33;87150;0.14;0.91;0.37;0.39
1995;12;5;339;-5.7;-7.7;-9.7;-8.2;-9.4;-10.9;-1;-0.4;0.5;3.3;1.3;56.69;134;28;70;44;86742;0.14;0.55;0.37;0.39
1995;12;6;340;-5;-9;-11.9;-9.4;-11.4;-13.5;-0.4;0.3;0.49;3.3;1.3;56.88;149;30;79;47;86655;0.1;0.03;0.37;0.39
1995;12;7;341;-0.2;-8.2;-15.7;-5.7;-12.2;-18.9;0;1;0.49;3.3;1.4;56.82;163;34;87;47;86988;0.11;0;0.37;0.39
1995;12;8;342;2.6;-6.3;-12.4;-2;-9.6;-14.8;0;1.6;0.49;3.3;1.4;56.58;135;29;75;42;87774;0.05;0;0.37;0.39
1995;12;9;343;4.1;-5.5;-12.1;-0.6;-9.1;-15.9;0;1.2;0.48;3.3;1.4;56.19;164;35;85;52;88350;0.03;0;0.37;0.39
1995;12;10;344;2.5;-5.9;-11.8;-3.2;-10;-16.2;-0.2;0.9;0.48;3.3;1.4;55.75;165;35;83;51;88454;0.09;0;0.37;0.39
1995;12;11;345;1.4;-4.6;-11.7;-2.3;-8.2;-16;0.2;0.5;0.48;3.3;1.4;55.82;131;28;61;23;88156;0.09;3.31;0.37;0.39
1995;12;12;346;-1.7;-4.9;-9.1;-2.3;-6.1;-10.9;0.3;-0.8;0.5;3.3;1.4;62.84;107;18;43;16;87472;0.17;9.05;0.37;0.39
1995;12;13;347;-7.4;-9.1;-10.2;-9.8;-10.7;-11.5;-1.2;-1;0.52;3.3;1.4;70.08;77;15;30;14;87228;0.14;6.53;0.37;0.39
1995;12;14;348;-6.9;-9.9;-16.3;-9.7;-11.7;-18.7;-0.6;-0.1;0.53;3.3;1.4;75.88;101;22;66;40;86817;0.03;2.29;0.36;0.39
1995;12;15;349;-4;-11.3;-18.6;-8.5;-14.7;-21.2;-0.2;1.7;0.52;3.3;1.4;76.32;108;23;47;32;87348;0.04;0.05;0.36;0.39
1995;12;16;350;2.3;-5.5;-10.6;-2.5;-8.5;-12.8;-0.2;1.9;0.52;3.3;1.3;76.37;145;30;71;41;87424;0.04;0;0.36;0.39
1995;12;17;351;2.7;-3.3;-6.7;-2.2;-6.2;-9;0.3;1.6;0.52;3.3;1.3;76.36;142;29;71;36;87342;0.07;0.01;0.36;0.39
1995;12;18;352;-0.5;-2.6;-7.3;-1;-3.5;-8.8;0.5;0.5;0.51;3.3;1.3;80.79;27;6;24;3;87183;0.02;10.85;0.36;0.39
1995;12;19;353;0.4;-2.8;-8.4;-2.6;-4.3;-10.4;0.3;0.4;0.52;3.3;1.3;86.94;115;23;80;39;87088;0.11;1.24;0.36;0.39
1995;12;20;354;1.5;-2.9;-8.8;-0.4;-5.3;-11;1;1.1;0.51;3.3;1.3;88.17;97;16;56;9;86719;0.15;12.42;0.36;0.39
1995;12;21;355;2.1;-0.1;-1.9;-0.7;-1.3;-2.3;-0.1;0.4;0.51;3.2;1.3;96.48;72;13;27;10;87083;0.19;7.63;0.37;0.39
1995;12;22;356;2.6;0.8;-1.5;-0.6;-1.8;-3.8;0;1.9;0.48;3.2;1.3;97.32;90;19;64;26;86391;0.31;0.11;0.37;0.39
1995;12;23;357;3;1;-1;0.2;-1.4;-3.1;0.4;1.7;0.46;3.2;1.3;96.68;141;25;67;32;85459;0.21;2.72;0.37;0.39
1995;12;24;358;1.8;0.3;-1.5;0.3;-1.4;-3.8;0.6;0.9;0.45;3.2;1.3;96.59;70;15;65;24;85556;0.08;9.88;0.37;0.39
1995;12;25;359;1.6;0;-1.8;0.7;-0.8;-2.5;0.5;0.6;0.46;3.2;1.3;99.72;79;12;40;15;85409;0.1;19.72;0.38;0.39
1995;12;26;360;-0.9;-3.1;-6;-1.1;-3.8;-6.6;-0.5;-0.9;0.49;3.2;1.3;108.89;41;7;23;11;85515;0.29;13.8;0.39;0.39
1995;12;27;361;-6.1;-8.3;-11.7;-6.7;-9.6;-12.9;0.2;-0.8;0.53;3.2;1.3;119.92;91;18;49;27;86277;0.15;6.19;0.38;0.39
1995;12;28;362;-9.9;-13.6;-19.6;-13.4;-16.4;-22.3;-0.4;0.6;0.53;3.2;1.3;122.16;144;29;87;62;86473;0.04;0.03;0.38;0.39
1995;12;29;363;-8.7;-14.5;-21.6;-12.7;-18.2;-24.9;-0.3;0.8;0.52;3.2;1.3;122.2;118;23;49;18;86601;0.02;0.21;0.38;0.39
1995;12;30;364;-1.5;-7.5;-13;-6.2;-10.6;-15.1;-0.1;1.4;0.52;3.2;1.3;122.43;139;27;60;21;86007;0.03;0.17;0.38;0.4
1995;12;31;365;0.6;-4.3;-8.2;-3.9;-7.2;-11.2;0.2;1.2;0.52;3.2;1.3;122.77;104;22;52;25;85407;0.02;1.26;0.38;0.4
1996;1;1;1;0.2;-3.3;-9.6;-1.7;-4.8;-11.3;0.1;0.8;0.52;3.1;1.3;124.56;55;11;85;25;85847;0;1.02;0.37;0.4
1996;1;2;2;0.1;-6.3;-12.7;-4.4;-9.2;-14.8;0.3;0.8;0.51;3.1;1.3;124.88;138;29;65;32;86278;0.1;0.15;0.37;0.4
1996;1;3;3;-2.8;-4.7;-6.5;-4.1;-6.1;-8.4;0.4;-0.2;0.51;3.1;1.3;125.54;63;13;26;10;87335;0;1.13;0.37;0.4
1996;1;4;4;-1.4;-8.1;-16.2;-6.2;-10.9;-19.7;-0.1;0.9;0.51;3.1;1.3;126.21;157;33;96;63;87133;0.09;0.06;0.37;0.4
1996;1;5;5;-2.7;-13.5;-20.3;-7.7;-17.6;-23.7;0;1.5;0.51;3.1;1.3;126.19;149;32;82;54;86099;0.08;0;0.37;0.39
1996;1;6;6;-1.4;-8.3;-17.1;-5.9;-11.8;-20;0;1.8;0.51;3.1;1.3;126.22;130;26;50;23;85750;0.01;0.02;0.37;0.39
1996;1;7;7;2.7;-2.2;-7.8;-1.9;-5.3;-10.6;0.1;1.3;0.5;3.1;1.3;126.6;134;26;65;22;86033;0.02;2.09;0.37;0.39
1996;1;8;8;2.5;-1.7;-8.6;-0.3;-2.9;-10.4;0;0.9;0.5;3.1;1.3;132.01;73;14;72;25;86953;0.12;7.58;0.37;0.39
1996;1;9;9;0.6;-5.7;-11.4;-3.4;-8.9;-13.5;0;1.9;0.5;3.1;1.3;132.76;157;33;72;57;86654;0.16;0;0.37;0.39
1996;1;10;10;1.9;-3.2;-6.9;-2.2;-6.1;-9.4;-0.1;2;0.5;3.1;1.2;132.78;121;27;82;38;86629;0.1;0.1;0.37;0.39
1996;1;11;11;3.3;-0.9;-3.2;-0.1;-3.7;-5.9;-0.2;1.9;0.49;3.1;1.2;132.63;166;35;76;52;86544;0.16;0;0.36;0.39
1996;1;12;12;3.6;0;-2.4;0;-2.8;-4.6;-0.1;2;0.48;3;1.2;131.9;135;29;65;43;86447;0.2;0;0.36;0.39
1996;1;13;13;4.7;-1.3;-5.4;0.3;-4.1;-8;0;1.2;0.48;3;1.2;131.1;159;33;80;51;87270;0.11;0;0.36;0.39
1996;1;14;14;4.5;-3.3;-8.6;-0.7;-6.6;-11.4;0.1;1;0.47;3;1.2;130.74;165;37;88;55;87539;0.07;0;0.36;0.39
1996;1;15;15;3.6;-3.1;-8.3;-1.7;-7.5;-13.4;0.2;0.8;0.47;3;1.2;130.67;183;40;92;60;87992;0.09;0;0.36;0.39
1996;1;16;16;2.2;-4.1;-9;-1.7;-7.9;-14;-0.1;0.8;0.47;3;1.2;130.69;187;40;99;63;88186;0.02;0;0.36;0.39
1996;1;17;17;1.5;-6.8;-13.2;-5.6;-12.7;-18.2;0.1;1.1;0.46;3;1.2;130.67;192;42;108;69;88024;0.07;0;0.36;0.39
1996;1;18;18;1.7;-7.2;-15.6;-5.7;-13.1;-20.6;0.3;1.1;0.46;3;1.2;130.65;192;41;85;52;87638;0.02;0;0.36;0.39
1996;1;19;19;1.2;-4.9;-10;-6.2;-11.4;-17.3;0;0.6;0.46;3;1.2;130.65;197;44;96;60;87087;0.08;0;0.36;0.39
1996;1;20;20;-0.7;-5.5;-8.9;-6.2;-9.3;-12.3;-0.4;0.3;0.45;3;1.2;130.64;200;44;94;58;86721;0.03;0;0.36;0.39
1996;1;21;21;1.1;-7.5;-14.5;-6.6;-12.7;-18.4;-0.2;0.8;0.45;3;1.2;130.61;202;46;93;59;87038;0.06;0;0.36;0.39
1996;1;22;22;0.5;-7.5;-13.7;-6.4;-12.5;-17.9;-0.3;1;0.45;3;1.2;130.56;211;47;97;58;86947;0.06;0;0.35;0.39
1996;1;23;23;1.7;-4.8;-10.4;-3.8;-8.8;-14.1;-0.3;1.6;0.44;3;1.2;130.51;193;36;70;34;86573;0.02;0.09;0.35;0.39
1996;1;24;24;2.2;-1.9;-4.1;-2.5;-4.6;-6.6;-0.3;0.2;0.44;3;1.2;130.45;153;33;57;28;86229;0.12;0.05;0.35;0.39
1996;1;25;25;0.9;-3.4;-5.5;-4.3;-6.8;-9;-0.5;-0.1;0.44;3;1.2;130.32;219;49;91;58;86097;0.12;0.01;0.35;0.39
1996;1;26;26;1.2;-3.2;-7.1;-2.5;-5.9;-10.2;-0.1;0.5;0.44;3;1.2;130.87;158;32;61;34;86378;0;2.77;0.35;0.39
1996;1;27;27;1;-2.9;-6.4;-1.3;-4.2;-8.1;-0.2;0.4;0.46;3;1.2;133.75;129;28;50;35;86924;-0.01;2.13;0.35;0.39
1996;1;28;28;0;-4.1;-7.3;-3.2;-5.8;-9;-0.6;0.2;0.47;3;1.2;134.94;195;44;80;55;87007;0.05;0.03;0.35;0.39
1996;1;29;29;1.3;-5.1;-10.3;-4;-8.5;-13.9;-0.5;0.5;0.46;3;1.2;134.85;224;52;97;66;86944;0.04;0;0.35;0.39
1996;1;30;30;-1.9;-7.4;-11.9;-5.5;-9.7;-13.2;-0.7;0.2;0.46;3;1.2;134.86;227;52;105;68;87266;-0.02;0;0.35;0.39
1996;1;31;31;-2.3;-10.8;-17.8;-8.7;-15.1;-20.3;-0.6;0.9;0.46;3;1.2;134.85;246;57;113;80;87275;0.06;0;0.35;0.39
1996;2;1;32;3.6;-7.4;-16;-4.9;-13.1;-21.2;-0.1;1.5;0.45;3;1.2;134.72;236;56;98;63;87209;0.04;0;0.35;0.39
1996;2;2;33;4.3;-3.6;-9.4;-2.5;-7.9;-12.7;0.1;1.5;0.45;3;1.2;134.56;195;44;70;42;86642;0.05;0;0.35;0.39
1996;2;3;34;-0.5;-3.8;-7.6;-2.3;-5.4;-10.2;0.2;0;0.46;3;1.2;135.49;102;24;50;18;86502;0;3.07;0.35;0.39
1996;2;4;35;-3.1;-5.2;-8.3;-4.7;-6.7;-10.1;-0.6;-1.1;0.48;3;1.2;138.64;142;33;39;20;86454;0.23;2.87;0.34;0.39
1996;2;5;36;-6.9;-9.7;-14.9;-10.5;-12.7;-16.6;-0.6;-0.5;0.49;3;1.2;140.45;185;41;83;48;86315;0.23;0.73;0.34;0.39
1996;2;6;37;-5.1;-13;-20.8;-12.6;-17.7;-24.2;-0.3;0.6;0.48;3;1.2;140.54;239;57;110;79;85204;0.04;0;0.34;0.39
1996;2;7;38;-3.2;-12.6;-21.9;-11.1;-18;-25.6;-0.2;0.8;0.48;3;1.2;140.47;245;59;97;67;85161;0.03;0;0.34;0.39
1996;2;8;39;-5;-11.4;-20.1;-8.5;-14.8;-23.5;0.8;0.2;0.48;3;1.2;141.43;207;41;60;31;85791;0.01;4.57;0.34;0.39
1996;2;9;40;-5;-9.1;-17;-9.8;-12.3;-19.7;0.1;0.2;0.5;3;1.2;146.17;201;48;98;53;87059;0.12;1.45;0.34;0.39
1996;2;10;41;0.8;-8;-19.1;-6.9;-13.2;-22;0.2;0.9;0.5;3;1.2;146.37;149;35;63;25;86841;0.1;0.31;0.34;0.39
1996;2;11;42;0.5;-6.5;-12.9;-5.3;-10.1;-14.7;0.3;1;0.5;3;1.2;146.85;197;47;66;46;86908;0.12;0.71;0.34;0.39
1996;2;12;43;0.4;-7;-15.6;-7;-11.4;-18.1;-0.1;1.6;0.5;3;1.2;147.29;230;55;83;48;86163;0.22;1.22;0.34;0.39
1996;2;13;44;-1.5;-5.2;-8.9;-6.5;-8.7;-12.1;1.4;1;0.51;3;1.2;149.82;204;45;81;38;85486;0.29;3.7;0.34;0.39
1996;2;14;45;-4.2;-5.4;-7;-6.5;-7;-7.8;1;-0.6;0.52;3;1.2;157.19;134;31;34;17;86946;0.08;10.8;0.34;0.39
1996;2;15;46;-4.2;-7.2;-12.3;-7.9;-9.6;-13.9;0.2;-0.3;0.53;3;1.2;162.85;190;48;74;46;88033;0.07;0.82;0.34;0.39
1996;2;16;47;-0.5;-6.3;-14.3;-2.5;-8.9;-16.8;1;1.1;0.53;3;1.2;165.43;78;17;56;6;87586;-0.01;6.56;0.34;0.39
1996;2;17;48;-0.6;-2.1;-4.4;-2.4;-4.6;-6.6;2.9;0;0.53;3;1.2;173.65;154;35;52;27;87052;0.36;9.79;0.34;0.39
1996;2;18;49;3.2;-3.1;-9;-5.8;-8;-12.1;0.6;1.1;0.53;3;1.2;179.27;220;49;72;45;86309;0.17;2.22;0.33;0.39
1996;2;19;50;-2.2;-4.2;-9.3;-5.1;-6.2;-10.8;0.1;0.6;0.53;3;1.2;186.17;104;26;71;34;85272;0.06;7.57;0.33;0.39
1996;2;20;51;-3.8;-7.4;-12.1;-7.4;-10;-14.2;-0.1;-0.2;0.53;3;1.2;188.9;155;38;72;26;85930;0.05;1.19;0.33;0.39
1996;2;21;52;-6.2;-7.2;-9.4;-6.9;-8.7;-10.7;-0.5;-1.1;0.53;3;1.2;191.52;100;24;27;14;86295;0.16;3.19;0.33;0.39
1996;2;22;53;-7.7;-9.9;-12.1;-10.7;-12.9;-14.1;1.2;-0.5;0.53;3;1.2;193.7;163;44;47;27;86698;0.28;3.08;0.33;0.39
1996;2;23;54;-8.6;-12;-17.5;-13.1;-16.4;-20.4;0.3;0.1;0.53;3;1.2;195.57;256;67;93;69;86748;0.11;0.2;0.33;0.39
1996;2;24;55;-2.6;-12.8;-22.5;-13.2;-18.9;-25.6;0.2;1.1;0.53;3.1;1.2;195.55;277;74;97;68;86788;0.05;0;0.33;0.39
1996;2;25;56;3.8;-7.2;-16.6;-5.8;-12.5;-19.2;-0.2;1.6;0.53;3.1;1.3;195.54;273;73;89;57;86852;-0.03;0;0.33;0.39
1996;2;26;57;4.9;-4.9;-11.7;-5.4;-10.5;-14.6;0;1.4;0.52;3.1;1.3;195.52;279;75;99;69;87051;0.03;0;0.33;0.39
1996;2;27;58;3.9;-3.7;-12.3;-4;-9;-14.5;-0.2;0.9;0.52;3.1;1.3;195.41;287;78;96;70;87215;0.04;0;0.33;0.39
1996;2;28;59;2.1;-4;-12;-3.5;-7.9;-14.6;-0.2;0.4;0.51;3.1;1.3;195.37;294;79;101;73;87480;0.02;0;0.33;0.39
1996;2;29;60;1.2;-4.1;-12.2;-4.5;-8;-15;0;0.4;0.51;3.1;1.3;195.38;302;79;103;70;87729;-0.02;0;0.33;0.39
1996;3;1;61;-3.2;-5.8;-7.9;-5.3;-8.2;-10.3;1.5;-0.4;0.51;3.1;1.3;197.39;118;29;44;16;87383;0.17;6.4;0.33;0.38
1996;3;2;62;-6.1;-9;-11.3;-10.2;-12.7;-13.8;1.1;-0.4;0.52;3.1;1.3;202.92;239;67;74;53;87146;0.25;2.91;0.33;0.38
1996;3;3;63;-5.7;-9.4;-13.2;-10;-12.5;-16.1;0.6;-0.1;0.53;3.1;1.3;206.87;242;64;74;48;86862;0.09;4.42;0.33;0.38
1996;3;4;64;-6.6;-10.7;-16.3;-12.4;-15;-18.7;0.6;0.1;0.53;3.1;1.3;209.06;230;62;81;54;86988;0.15;0.94;0.33;0.38
1996;3;5;65;-3.3;-10.8;-20.2;-11;-16.6;-23.1;0.7;0.9;0.52;3.1;1.3;209.35;311;85;98;67;87445;0.09;0.01;0.33;0.38
1996;3;6;66;-1.8;-6.4;-12.9;-5.2;-9.5;-14.9;0.2;0.1;0.52;3.2;1.3;209.56;246;66;65;37;87378;0;0.88;0.33;0.38
1996;3;7;67;0.8;-3.9;-8.4;-6.2;-7.6;-11.4;-0.8;0;0.52;3.2;1.3;210.44;245;71;95;53;86917;0.14;0.3;0.33;0.38
1996;3;8;68;0.4;-5.6;-14.2;-6.3;-10.7;-16.6;-0.3;0.4;0.52;3.2;1.3;210.38;323;92;104;79;87369;0.09;0;0.33;0.38
1996;3;9;69;0.4;-5.9;-15.6;-5.5;-10.3;-17.9;-0.3;0.2;0.51;3.2;1.3;210.28;329;94;103;77;87474;0.05;0;0.32;0.38
1996;3;10;70;-0.6;-5.5;-11.3;-6.6;-9.3;-13.8;-0.8;0;0.51;3.2;1.3;210.22;331;95;103;80;87368;0.05;0;0.32;0.38
1996;3;11;71;-2.7;-7.6;-12.5;-7.9;-10.9;-15.6;0.3;-0.5;0.51;3.2;1.3;210.69;254;72;73;46;86707;0.07;3.63;0.32;0.38
1996;3;12;72;-7.9;-10.2;-13.1;-9.8;-14.1;-16.7;-0.2;-0.8;0.52;3.2;1.3;217.11;267;71;79;47;86256;0.3;4.54;0.32;0.38
1996;3;13;73;-4.5;-10;-17.6;-11.5;-15.1;-20.9;-0.5;0.3;0.52;3.2;1.3;218.04;310;91;94;69;86112;0.04;0;0.32;0.38
1996;3;14;74;4;-4.7;-15.2;-4.1;-10.2;-17.6;-0.4;0.8;0.52;3.2;1.3;217.99;299;90;92;60;86297;-0.01;0;0.32;0.38
1996;3;15;75;6;-1.1;-9.2;-1.4;-5.8;-11.1;-0.3;0.7;0.51;3.2;1.3;217.93;337;97;95;64;86240;-0.01;0;0.32;0.38
1996;3;16;76;4;-0.7;-7.6;-1.2;-4.4;-9.5;0.3;0.4;0.51;3.2;1.3;217.71;329;95;89;57;86264;0.11;0.51;0.32;0.38
1996;3;17;77;3.4;0.8;-1.7;-0.5;-1.4;-2.7;-0.1;-0.1;0.5;3.3;1.3;218.48;186;55;42;16;86900;0.05;1.55;0.32;0.38
1996;3;18;78;3.3;0.7;-1.5;0.2;-0.7;-1.9;-0.5;-0.3;0.48;3.3;1.3;217.34;239;54;33;17;87059;0.04;2.05;0.32;0.38
1996;3;19;79;3.4;0.1;-4.5;-1.1;-2.8;-6.5;-0.3;-0.2;0.47;3.3;1.3;216.15;319;85;74;40;86918;0.4;0.44;0.33;0.38
1996;3;20;80;4.8;-1.2;-7.3;-0.8;-5;-9.3;0.4;0.5;0.45;3.3;1.3;214.37;365;106;99;73;86695;0.36;0.01;0.33;0.38
1996;3;21;81;5.9;0.5;-5.5;-0.2;-2.6;-6.8;0.6;0.6;0.44;3.3;1.3;212.88;348;98;82;43;86906;0.28;5.35;0.33;0.38
1996;3;22;82;4.5;1.1;-2.3;-0.6;-1.9;-4.2;1.1;0.6;0.45;3.3;1.3;212.72;307;88;75;43;87254;0.36;5.29;0.33;0.38
1996;3;23;83;6.4;1.1;-3.1;4.3;0.2;-4.4;0.1;1;0.48;3.3;1.3;215.95;84;20;53;13;87500;-0.06;16.39;0.35;0.38
1996;3;24;84;8.9;3.4;-4.6;4.4;0.3;-5.8;0.5;0.4;0.47;3.4;1.4;210.83;372;101;84;53;87585;-0.08;0.94;0.35;0.38
1996;3;25;85;7;3.6;-1.8;4;1.6;-3;-0.3;0.2;0.45;3.4;1.4;202;322;88;71;37;87387;-0.29;1.52;0.36;0.38
1996;3;26;86;9.2;4;-0.7;4.4;1.2;-1.5;0.7;0.7;0.44;3.4;1.4;190.33;376;104;71;41;86752;-0.22;4.38;0.38;0.38
1996;3;27;87;2.7;-1.3;-4.2;0.6;-3.1;-6.6;-0.6;-1.1;0.45;3.4;1.4;186.81;104;31;34;14;86752;0.61;9.51;0.39;0.38
1996;3;28;88;2.2;-2.4;-6.8;-5.8;-7.4;-8.7;0.3;-0.3;0.47;3.4;1.4;188.76;417;123;116;73;86734;0.62;0.14;0.38;0.38
1996;3;29;89;0;-3.3;-6;-4.3;-6.5;-8.8;1.6;-0.1;0.47;3.4;1.4;190.02;356;100;81;50;86619;0.58;4.78;0.38;0.38
1996;3;30;90;-1.4;-4.3;-6.4;-4.7;-7.3;-8.9;1.3;-0.3;0.49;3.4;1.4;194.88;296;86;73;45;86475;0.4;6.54;0.38;0.38
1996;3;31;91;-2.1;-5.4;-10.2;-7;-8.8;-11.7;1.2;-0.3;0.52;3.5;1.4;201.04;307;92;73;52;86686;0.39;3.54;0.38;0.38
1996;4;1;92;1.4;-5;-15.3;-4.4;-8.6;-17.7;-0.3;-0.1;0.52;3.5;1.4;201.98;351;94;90;46;86213;0.23;2.2;0.38;0.38
1996;4;2;93;-1.4;-3.2;-4.5;-3.8;-4.8;-5.5;-0.6;-1.5;0.52;3.5;1.4;207.92;159;48;25;11;86400;0.22;9.83;0.38;0.38
1996;4;3;94;-3.3;-5.1;-6.8;-5.4;-7.1;-8.3;-0.8;-1.4;0.53;3.5;1.4;217.08;186;58;32;20;86978;0.32;6.18;0.38;0.38
1996;4;4;95;-2.2;-4.6;-7;-5.3;-6.7;-8;-0.4;-0.7;0.53;3.5;1.4;220.9;175;47;40;20;87348;0.14;3.81;0.37;0.38
1996;4;5;96;4.3;-0.7;-6.7;0.3;-3.5;-7.9;-0.6;-0.1;0.53;3.5;1.4;222.68;352;112;81;60;87163;-0.03;0;0.37;0.38
1996;4;6;97;6.5;1.7;-5.8;0.7;-2.5;-7.9;0;0.2;0.52;3.5;1.4;221.03;373;112;87;63;87319;-0.01;0;0.37;0.38
1996;4;7;98;7.8;3.2;-4.4;1;-1.3;-5.6;0;0.2;0.5;3.6;1.4;217.06;354;106;73;49;87530;-0.03;0.07;0.38;0.38
1996;4;8;99;6.9;2.5;-3.7;3.1;-0.8;-5.1;0.4;0.1;0.48;3.6;1.4;211.5;376;112;87;52;87845;-0.07;4.47;0.38;0.38
1996;4;9;100;5.7;2.2;-2.4;3.7;0.7;-3.9;0.2;0;0.46;3.6;1.4;204.98;323;107;70;49;87897;-0.27;6.37;0.39;0.38
1996;4;10;101;6.2;1.3;-4.1;3.2;-0.2;-5.3;0.3;0.3;0.44;3.6;1.4;196.58;385;114;74;50;87421;-0.02;5.26;0.4;0.39
1996;4;11;102;4;1.3;-1.9;3.1;0.6;-2.8;0.5;0.4;0.42;3.6;1.4;189.77;192;66;32;22;86959;-0.11;11.52;0.4;0.39
1996;4;12;103;4.5;1.2;-0.8;3;0.3;-1.6;0.5;-0.3;0.43;3.6;1.4;184;300;86;48;24;86841;0.07;10.14;0.41;0.39
1996;4;13;104;1.4;-1;-3.6;-1;-3.2;-6.2;-0.1;-0.7;0.49;3.6;1.4;191.23;227;59;92;33;87069;0.47;11.94;0.41;0.4
1996;4;14;105;2.2;-1.5;-5.8;-4.2;-5.6;-7.3;-0.4;-0.6;0.49;3.7;1.5;194.08;373;115;86;54;87481;0.74;0.31;0.4;0.4
1996;4;15;106;2.6;-0.5;-4.4;-4.3;-6.5;-8.5;0;-0.4;0.48;3.7;1.5;193.86;333;110;91;56;87878;0.72;0.81;0.4;0.4
1996;4;16;107;4.9;0;-7.3;-3.5;-7;-10.8;-0.5;0.3;0.46;3.7;1.5;192.71;469;156;124;92;87461;0.44;0;0.4;0.4
1996;4;17;108;9.3;2.2;-8.1;-1.5;-5.4;-11.5;0.2;0.4;0.45;3.7;1.5;189.98;484;161;123;87;86833;0.43;0;0.4;0.4
1996;4;18;109;8;3.2;-4.1;2;-1.2;-6.1;0.4;0.3;0.43;3.7;1.5;184.8;422;138;90;63;87524;0.17;0.57;0.4;0.4
1996;4;19;110;13.2;5.2;-5.2;2.3;-1.8;-7.1;-0.1;0.5;0.42;3.7;1.5;175.7;502;167;106;76;87728;0.3;0;0.4;0.4
1996;4;20;111;16.3;7.1;-4.3;4.3;-0.7;-6;-0.1;0.6;0.39;3.8;1.5;163.12;530;177;108;77;87494;0.91;0;0.41;0.4
1996;4;21;112;17;7.7;-2.8;7.1;0;-5.4;0.1;1;0.36;3.8;1.5;150.48;561;189;111;80;87272;1.12;0;0.42;0.4
1996;4;22;113;17.8;8.4;-2.2;8;0.4;-4.9;-0.3;1.4;0.34;3.8;1.5;138.22;566;187;101;71;87238;1.25;0;0.42;0.4
1996;4;23;114;18.7;10.5;2.3;9.3;3.1;-2;0.3;0.6;0.33;3.8;1.5;124.3;568;189;96;56;87067;1.28;1.67;0.42;0.4
1996;4;24;115;7.1;5.4;4.6;5.7;4.3;3.3;0.5;-0.4;0.32;3.8;1.5;112.88;161;41;22;3;87623;0.41;11.75;0.42;0.41
1996;4;25;116;8.1;6;4.2;4.1;3.3;2.6;-0.5;-0.4;0.32;3.8;1.5;105.14;348;97;37;14;87887;0.8;3.99;0.42;0.41
1996;4;26;117;8.3;6.4;4.2;4.3;3.7;2.9;-1;-0.6;0.31;3.9;1.5;95.56;234;80;46;14;87641;0.64;2.14;0.42;0.41
1996;4;27;118;12.8;7.4;-0.1;7.8;4.2;-0.3;-0.5;0.2;0.31;3.9;1.5;85.71;456;133;75;40;87079;0.86;1.68;0.42;0.42
1996;4;28;119;12;7;2.1;8.1;5;1.5;0.2;0.5;0.29;3.9;1.5;75.06;384;128;62;35;86645;0.92;8.85;0.42;0.42
1996;4;29;120;9.2;6.3;1.8;7.8;5.4;1.3;-0.1;0;0.28;3.9;1.6;65.45;366;111;54;26;86334;0.74;8.25;0.42;0.42
1996;4;30;121;10;6.5;2.4;7.4;5.3;1.5;0.2;0;0.27;3.9;1.6;56.89;385;109;47;23;86132;0.95;10.09;0.42;0.42
1996;5;1;122;10.6;6.5;0.5;6.8;4.9;0.5;-0.3;-0.1;0.26;3.9;1.6;48.19;439;128;66;31;85979;1.24;3.14;0.42;0.43
1996;5;2;123;11.5;6.2;0.1;6.3;3.2;-0.4;0.1;0.1;0.25;4;1.6;40.67;472;175;79;58;85786;1.59;5.89;0.41;0.43
1996;5;3;124;4.7;2.4;-1;2.4;0.8;-2.6;0.6;0.3;0.25;4;1.6;36.39;252;73;68;33;86038;1.07;5.82;0.41;0.43
1996;5;4;125;8.2;3.1;-3;3.2;0.4;-4.8;0.9;0.1;0.25;4;1.6;33.68;558;175;90;52;86852;1.74;5.43;0.41;0.43
1996;5;5;126;9;5.3;0.6;4.4;2.5;-0.4;-0.5;-0.2;0.24;4;1.6;28.81;503;156;87;47;87206;1.43;1.79;0.41;0.43
1996;5;6;127;13.3;7.2;-1.8;6.4;2.3;-2.8;-0.4;0.3;0.24;4;1.6;22.81;599;203;89;67;87034;2.06;1.09;0.4;0.43
1996;5;7;128;15.5;9.4;-1.1;6.6;3.2;-2;-0.2;0;0.23;4;1.6;15.82;618;212;104;69;86887;2.48;2.54;0.4;0.43
1996;5;8;129;12.2;8;1.9;9.8;6.5;0.9;0.1;0;0.2;4.1;1.6;9.9;451;142;68;39;86969;1.64;7.54;0.4;0.43
1996;5;9;130;6.7;5.4;2.5;6.5;5.3;2.5;0.2;-0.7;0.17;4.1;1.6;6.41;179;42;14;2;86672;0.81;16.7;0.4;0.43
1996;5;10;131;6.6;4.3;2;4.1;3.2;1.9;-0.7;-1;0.15;4.1;1.6;4.47;314;90;18;8;86551;1.14;0.45;0.4;0.43
1996;5;11;132;10.5;7;3.6;6.8;5.2;3.3;-0.8;-0.9;0.14;4.1;1.6;2.63;435;125;47;16;86713;1.38;1.39;0.39;0.43
1996;5;12;133;7.3;6.5;5.9;7.3;6.4;5.8;-0.4;-1;0.13;4.1;1.6;1.42;129;35;4;0;86827;0.67;15.28;0.39;0.43
1996;5;13;134;6;5.5;5.1;5.8;5.4;5;1;-0.1;0.12;4.1;1.7;0.95;121;33;8;3;87255;0.86;27.96;0.41;0.43
1996;5;14;135;7.8;6.6;5;7.5;6.3;4.8;0.5;0;0.12;4.2;1.7;0.65;135;30;4;0;87198;0.55;8.49;0.42;0.43
1996;5;15;136;13.5;9.6;6.2;9.7;8.1;6;-0.3;-0.5;0.12;4.2;1.7;0.36;423;117;59;15;86884;1.9;3.27;0.41;0.43
1996;5;16;137;16.7;11.7;7.3;9.7;8.3;6.6;-0.4;-0.3;0.12;4.2;1.7;0.14;698;217;96;54;86930;3.31;0.27;0.41;0.42
1996;5;17;138;14.9;10.9;5.5;11.3;8.6;4.5;-0.2;0.3;0.12;4.2;1.7;0.06;531;183;80;56;86879;2.69;4.7;0.4;0.42
1996;5;18;139;20.1;12.5;3.3;11;7.8;2.5;-0.2;0.5;0.12;4.2;1.7;0.01;728;253;115;79;86659;4;0.83;0.4;0.42
1996;5;19;140;18.1;11.7;6.9;9.7;7.9;6.1;0.1;0;0.12;4.2;1.7;0;549;180;84;48;86652;3.19;8.75;0.39;0.42
1996;5;20;141;6.4;5;2.8;6.3;4.8;1.9;0.7;-0.2;0.12;4.2;1.7;0.07;168;50;51;11;87201;1.67;18.06;0.4;0.42
1996;5;21;142;11.6;5.8;-1.4;4.5;2.2;-2.3;0.5;0.3;0.12;4.2;1.7;0.16;715;231;108;66;87752;3.58;6.99;0.4;0.42
1996;5;22;143;9.5;5.6;2;4.9;1.6;-0.2;1;-0.3;0.12;4.2;1.7;0.03;626;221;98;60;88043;3.32;2.23;0.4;0.42
1996;5;23;144;9.2;6.3;2.9;6.6;3.7;0.3;0.6;0.8;0.12;4.3;1.7;0;209;66;43;21;87891;1.16;3.39;0.4;0.42
1996;5;24;145;18.1;11.3;0.6;10;5.1;0.1;0.2;0.3;0.12;4.3;1.7;0;780;275;119;81;87611;4.42;0.04;0.39;0.42
1996;5;25;146;17.1;10.4;5;11.2;7.7;4;0.6;0.4;0.12;4.3;1.7;0;634;173;89;40;87239;3.24;17.45;0.39;0.42
1996;5;26;147;11.8;8.9;5.9;8.7;7;5.7;1.1;0.2;0.12;4.3;1.7;0;519;139;59;32;87421;3.19;10.97;0.4;0.42
1996;5;27;148;9.5;6.9;4.3;8.6;5.9;4.2;1.3;0.7;0.12;4.3;1.7;0;261;82;50;21;87061;2.62;25.52;0.41;0.42
1996;5;28;149;6.1;4.1;2.1;4;1.7;-1.9;1.3;-0.7;0.13;4.3;1.7;0.49;531;151;78;33;87706;2.63;14.42;0.42;0.42
1996;5;29;150;13.3;7.7;0.4;4.2;0.3;-2.3;-0.2;-0.2;0.12;4.3;1.7;0.3;805;289;126;91;88076;3.81;0;0.41;0.42
1996;5;30;151;19.5;12.1;1;9.6;5.3;-0.4;-0.5;0.1;0.12;4.3;1.7;0.05;801;294;125;91;87967;4.5;0;0.41;0.42
1996;5;31;152;21.7;14.9;4.2;12.9;8.6;3.3;0.3;0.2;0.12;4.3;1.7;0;794;290;119;84;88001;4.79;0;0.4;0.42
1996;6;1;153;18;13.2;7.3;13.2;11;6.5;0.4;-0.3;0.12;4.3;1.7;0;540;176;75;39;87774;2.96;25.6;0.39;0.42
1996;6;2;154;18;13.7;10.7;11.9;11.3;10.6;-0.1;-0.9;0.12;4.3;1.7;0;606;210;87;39;87286;3.39;4.39;0.41;0.42
1996;6;3;155;14.4;11.6;10;11.4;10.5;9.7;-0.1;-1.1;0.12;4.4;1.8;0;451;129;53;19;87677;2.52;5.28;0.4;0.42
1996;6;4;156;12.7;10.9;9.4;10.3;9.7;9.2;-0.8;-0.7;0.12;4.4;1.8;0;214;61;20;7;88348;1.32;1.26;0.4;0.42
1996;6;5;157;20.2;14.5;8.2;13.5;11;8.1;-1.1;-0.3;0.12;4.4;1.8;0;722;250;99;63;88347;3.85;0.23;0.4;0.42
1996;6;6;158;22.2;16;7.6;15.7;11.8;7.4;0.1;0.3;0.12;4.4;1.8;0;691;248;99;65;88226;4.05;0.8;0.39;0.42
1996;6;7;159;23.7;17.5;8.7;15.9;11.6;7.7;-0.3;0.2;0.12;4.4;1.8;0;711;267;109;78;88156;4.8;0.23;0.38;0.42
1996;6;8;160;21.9;16;9.4;15.3;11.9;8.3;0.5;0.5;0.12;4.4;1.8;0;661;245;102;73;88071;3.97;1.98;0.38;0.42
1996;6;9;161;18.7;14.7;10.9;14.8;12.9;10.1;0.2;0.3;0.12;4.4;1.8;0;489;175;73;41;88148;2.94;5.21;0.37;0.42
1996;6;10;162;21.4;14.9;8.7;15;12.5;8.5;-0.1;0.4;0.12;4.4;1.8;0;723;224;101;57;88194;3.64;5.44;0.37;0.42
1996;6;11;163;21.8;16.2;9;15.4;11.7;8;0.3;0.3;0.12;4.4;1.8;0;710;249;102;70;88393;4.34;1.1;0.37;0.42
1996;6;12;164;20.6;15.5;8.7;14.4;11.6;7.7;0.6;0.2;0.12;4.4;1.8;0;658;224;85;61;88440;4.16;7.74;0.36;0.42
1996;6;13;165;13.7;12;9.3;12.2;10;4.4;0.2;-1.1;0.12;4.4;1.8;0;323;108;58;23;88511;2.67;12.79;0.37;0.42
1996;6;14;166;15.5;11.1;6.5;6.3;5;4;-0.7;-1.1;0.12;4.4;1.8;0;814;291;129;91;88409;4.23;0;0.37;0.42
1996;6;15;167;16.4;11.9;6.5;7.6;5.8;4.9;-0.7;-0.8;0.12;4.5;1.8;0;810;302;129;101;88208;4.34;0;0.37;0.42
1996;6;16;168;15.3;11.6;7.3;8.6;6.2;5;-0.4;-0.3;0.12;4.5;1.8;0;770;262;116;83;87938;3.9;1.33;0.36;0.41
1996;6;17;169;18.1;12.4;3.9;10.8;5.6;3;-0.1;0.1;0.12;4.5;1.8;0;816;292;128;95;87799;4.78;0;0.35;0.41
1996;6;18;170;18.7;13.3;5.3;9.2;6.5;4.1;1.3;0.7;0.12;4.5;1.8;0;662;243;97;73;87441;4.35;0.4;0.35;0.41
1996;6;19;171;16.9;13.1;8.6;10.2;6.9;5.4;1.8;0.5;0.12;4.5;1.8;0;619;217;89;67;87126;3.99;1.79;0.34;0.41
1996;6;20;172;16.2;11.8;8.6;12;8.5;5.1;0.6;-0.1;0.12;4.5;1.8;0;501;166;98;56;86908;2.76;10.26;0.34;0.41
1996;6;21;173;13.1;11;8.5;12.2;10.1;7.9;0;-0.1;0.12;4.5;1.8;0;263;84;48;24;86699;1.82;16.33;0.35;0.41
1996;6;22;174;10;5.6;2.9;9.9;5.5;2.5;0.9;-0.5;0.14;4.5;1.8;0.6;100;24;14;7;86790;1.36;40.32;0.38;0.41
1996;6;23;175;7.5;4.7;2.6;5.6;3.7;2.2;0.6;-0.2;0.18;4.5;1.8;2.11;349;98;52;21;87536;2.41;15.35;0.4;0.41
1996;6;24;176;10.9;6.6;2.2;6.3;3.5;1.8;0.3;-0.3;0.16;4.5;1.8;1.23;600;206;87;54;87830;3.17;4.05;0.4;0.41
1996;6;25;177;11.5;7.2;1.9;7.5;5.2;1.9;-0.3;-0.7;0.13;4.5;1.8;0.49;624;195;78;47;87812;3.12;10.88;0.4;0.41
1996;6;26;178;11.6;7.9;5.4;8.2;6.6;5.1;0.2;-0.4;0.12;4.5;1.8;0.12;528;166;58;38;87769;3.05;9.68;0.4;0.41
1996;6;27;179;13;9.2;4.2;7.7;5.8;3.8;0.9;0.2;0.12;4.5;1.8;0.03;573;209;80;56;88067;3.25;2.97;0.41;0.41
1996;6;28;180;16.6;11.9;7;9.4;6.5;4.2;0.8;0.3;0.12;4.5;1.8;0;576;208;91;55;87929;3.54;0.25;0.4;0.41
1996;6;29;181;17.5;11.4;6.7;10.9;8.3;5.5;1.3;0.4;0.12;4.5;1.8;0;675;216;91;56;87394;3.96;17.95;0.4;0.41
1996;6;30;182;12.3;8.8;5.1;6.3;5.1;4.2;1.6;-0.3;0.12;4.5;1.9;0;447;167;92;40;87437;3.4;5.27;0.41;0.41
1996;7;1;183;12.4;9.4;5.8;9.4;7.8;5.4;0.9;0.5;0.12;4.6;1.9;0;352;100;60;29;86989;2.4;8.66;0.41;0.41
1996;7;2;184;11.2;8;5.2;8.5;6.3;4.6;0.7;0.2;0.12;4.6;1.9;0;301;89;49;22;87081;2.2;15.81;0.41;0.41
1996;7;3;185;16.3;10;1.6;7.8;4.9;1.3;0;0.1;0.12;4.6;1.9;0;742;265;106;76;87323;4.3;0.02;0.42;0.41
1996;7;4;186;19.6;13.8;5.6;13.7;8.8;4.4;0.2;0.5;0.12;4.6;1.9;0;656;216;91;60;87506;3.65;0.59;0.41;0.41
1996;7;5;187;21;14.6;10;14.6;11.8;8.8;0.2;0.1;0.12;4.6;1.9;0;683;214;93;46;87101;4.44;21.73;0.4;0.41
1996;7;6;188;13.8;10.6;8.9;10.4;8.5;7.4;0.5;-0.1;0.12;4.6;1.9;0;472;136;55;32;86878;3.17;16.5;0.42;0.41
1996;7;7;189;12.1;9.8;8.3;10;8.4;7.4;-1;-1;0.11;4.6;1.9;0;260;65;35;14;86543;1.46;4.12;0.42;0.41
1996;7;8;190;8.9;5.9;3.8;8.6;5.8;3.7;1.9;0.2;0.13;4.6;1.9;0.77;127;26;26;11;86616;1.31;41.48;0.43;0.41
1996;7;9;191;9.3;6.4;3.5;4.3;2.9;1.1;2.2;0.2;0.16;4.6;1.9;1.4;561;188;82;40;87903;3.46;8.68;0.43;0.42
1996;7;10;192;8.3;6.9;4.9;7.8;6.2;3.1;1.3;0.9;0.13;4.6;1.9;0.63;159;59;38;13;87874;1.92;20.8;0.43;0.42
1996;7;11;193;13.6;10.2;6.5;9.3;7.1;6.2;0.5;-0.4;0.12;4.6;1.9;0.2;627;183;83;38;87988;3.06;4.94;0.43;0.43
1996;7;12;194;16.6;12.4;7;11.6;8;5.6;0.3;0.1;0.12;4.6;1.9;0.03;614;211;88;57;87848;3.53;0.98;0.42;0.43
1996;7;13;195;18.5;14;6.2;13;9.3;5.2;0.3;0.2;0.11;4.6;1.9;0;671;225;98;65;88136;3.71;0.3;0.41;0.43
1996;7;14;196;20.5;15.8;7.7;13.8;10.9;6.8;0.1;-0.2;0.11;4.6;1.9;0;677;244;105;66;88460;4.11;0.08;0.4;0.43
1996;7;15;197;19.7;16;8.6;14.5;12.1;8.5;0;-0.5;0.11;4.6;1.9;0;600;225;91;57;88272;3.71;0.63;0.39;0.43
1996;7;16;198;15.9;13.2;9.9;12.9;10.9;7.1;-0.4;-1.1;0.11;4.6;1.9;0;481;151;79;37;88264;2.56;2.06;0.38;0.43
1996;7;17;199;17.2;12.9;8.3;9.2;8;6.8;-0.8;-0.9;0.11;4.6;1.9;0;752;267;117;75;88083;4.01;0.01;0.37;0.43
1996;7;18;200;16.3;12.4;8.9;7.6;6.5;5.4;0.4;-0.9;0.11;4.6;1.9;0;769;282;122;85;87997;4.1;0;0.37;0.43
1996;7;19;201;13.4;10.2;6.2;6.2;4.9;4.3;-0.7;-1;0.11;4.6;1.9;0;546;215;83;68;88097;3.11;0.08;0.36;0.42
1996;7;20;202;14;10.3;6.5;5.5;4.2;3.2;-0.9;-0.8;0.11;4.6;1.9;0;611;230;100;76;88086;3.4;0;0.35;0.42
1996;7;21;203;15.3;11;5.8;5.7;4.4;3.7;-0.5;-0.5;0.11;4.6;1.9;0;709;254;110;84;88112;3.73;0;0.35;0.42
1996;7;22;204;18.4;12.6;5;9.3;6.4;3.7;-0.5;-0.1;0.11;4.6;1.9;0;795;287;125;95;88077;4.1;0;0.34;0.42
1996;7;23;205;23.6;15.8;5.2;12.3;8.4;4.1;0.6;0.9;0.11;4.6;1.9;0;788;266;122;78;87773;4.59;0.34;0.33;0.42
1996;7;24;206;18.9;14.3;9.4;11.9;10.4;8.8;1.7;0.4;0.11;4.6;1.9;0;684;217;86;55;87430;3.93;8.99;0.33;0.42
1996;7;25;207;15.1;11.3;8.1;8.8;7.2;4.9;1.8;-0.3;0.11;4.6;1.9;0;605;204;87;55;87763;3.95;5.16;0.33;0.42
1996;7;26;208;17.9;13.2;8.9;9.4;8.2;7.5;-0.5;-0.5;0.11;4.6;1.9;0;724;244;115;75;87963;3.7;0;0.33;0.42
1996;7;27;209;22.5;15.7;7.5;16;11.3;6.2;0.3;0.7;0.11;4.6;1.9;0;722;237;105;71;87814;3.77;2.27;0.32;0.42
1996;7;28;210;20.1;14.9;11.1;14.4;12.1;10.1;0.1;0.5;0.11;4.6;1.9;0;624;174;80;51;87771;3.01;6.05;0.32;0.42
1996;7;29;211;18.9;14.9;9.9;13.4;11.4;9.4;0.3;0.1;0.11;4.6;1.9;0;561;190;82;54;87707;3.23;0.86;0.32;0.42
1996;7;30;212;15.5;12.5;9.3;12;10.6;9;0.8;0.3;0.11;4.6;1.9;0;438;141;70;41;87578;3.21;14.81;0.33;0.41
1996;7;31;213;17.8;13;6.3;10.6;8.9;6.2;0.4;0.2;0.11;4.5;1.9;0;546;199;87;60;87808;3.52;0.36;0.33;0.41
1996;8;1;214;21.6;15.9;7.6;16.5;11.3;6.6;0.1;0.4;0.11;4.5;1.9;0;688;239;108;76;87810;3.88;0.67;0.32;0.41
1996;8;2;215;18.8;14.9;10.7;14.5;12.6;9.7;0.2;0.3;0.11;4.5;1.9;0;501;167;97;48;87991;2.92;14.66;0.32;0.41
1996;8;3;216;12.4;11;9.4;12.2;10.6;9.2;0.1;-0.5;0.11;4.5;1.9;0;158;45;30;17;88068;1.57;45.63;0.35;0.41
1996;8;4;217;14.2;10.8;7.5;10.6;8.3;6.9;-1.1;-0.6;0.11;4.5;1.8;0;564;158;80;45;87935;2.84;1.66;0.36;0.41
1996;8;5;218;18;12.8;6.7;10.6;8.6;6.1;-0.8;-0.3;0.11;4.5;1.8;0;736;252;115;83;87498;3.71;0.12;0.36;0.41
1996;8;6;219;17.1;13.2;9.1;13.3;10.9;8.3;0.1;0.3;0.11;4.5;1.8;0;544;152;88;54;87518;2.32;2.01;0.36;0.41
1996;8;7;220;16;12.7;8.8;13;11.3;8.3;0.4;0.1;0.11;4.5;1.8;0;319;93;52;25;87690;1.76;9.6;0.35;0.41
1996;8;8;221;17.4;13.8;10.1;13.2;11.8;9.6;-0.1;-0.3;0.11;4.5;1.8;0;530;174;74;46;87637;2.89;2.72;0.36;0.41
1996;8;9;222;20.5;14.9;8.4;12.8;10.8;8.3;-0.4;0;0.11;4.5;1.8;0;748;244;118;67;87615;3.96;0.02;0.36;0.41
1996;8;10;223;20.5;15.8;10.8;14;12;9.6;-0.1;0.5;0.11;4.5;1.8;0;629;206;89;61;87347;3.57;1.1;0.35;0.41
1996;8;11;224;13.9;12.4;10;12.5;11.4;10;-0.1;0.4;0.11;4.5;1.8;0;316;59;46;27;87033;1.45;20.73;0.36;0.41
1996;8;12;225;10.5;9.5;6.4;10.1;8.6;5.1;0.8;0.5;0.11;4.5;1.8;0;208;56;71;28;87004;1.81;24.36;0.38;0.41
1996;8;13;226;14.1;9.1;3.5;9.9;6.8;3.2;0.2;0.4;0.11;4.5;1.8;0;581;167;80;52;87207;2.85;6.41;0.38;0.41
1996;8;14;227;15.1;11.2;7.9;9.5;8.6;7.7;1;0.4;0.11;4.5;1.8;0;516;122;71;35;87388;2.49;3.32;0.39;0.41
1996;8;15;228;14.2;10.6;8;11.1;9.2;7.3;0.5;0.1;0.11;4.5;1.8;0;476;128;68;36;87626;2.68;9.19;0.39;0.41
1996;8;16;229;14.6;10.8;5.9;11.4;9.2;5.7;0.5;0;0.11;4.5;1.8;0;501;163;66;49;87916;2.72;4.85;0.39;0.41
1996;8;17;230;16.5;12.4;7;10.3;8.9;6.8;-0.3;-0.2;0.11;4.4;1.8;0;635;190;94;61;88040;3.09;0.19;0.39;0.41
1996;8;18;231;16.4;11.7;6.2;9.9;8.3;6.1;-1.1;-0.1;0.11;4.4;1.8;0;602;203;96;68;87904;3.09;0.27;0.38;0.41
1996;8;19;232;18.9;13.4;6.3;10.7;8.7;5.5;-0.8;0;0.11;4.4;1.8;0;634;219;103;78;87691;3.54;0.12;0.38;0.41
1996;8;20;233;19.1;13.4;7.3;13.4;9.5;5.7;0.1;0.8;0.11;4.4;1.8;0;628;190;95;65;87559;3.05;0.9;0.37;0.4
1996;8;21;234;18.7;13.2;9.1;13.8;10.4;7.7;-0.1;0.5;0.11;4.4;1.8;0;656;169;91;53;87437;2.77;2.73;0.37;0.4
1996;8;22;235;17.4;12.2;6.8;13.6;10.8;6.5;0.4;0.2;0.11;4.4;1.8;0;537;154;76;42;87246;2.67;13.99;0.37;0.4
1996;8;23;236;18.8;14.6;11.4;13.2;11.1;10.3;0;-0.1;0.11;4.4;1.8;0;512;174;82;44;87361;3.22;0.36;0.38;0.4
1996;8;24;237;15.4;12;9.3;12.8;10.9;8.5;0.4;0;0.11;4.4;1.8;0;335;103;52;28;87323;2.25;21.5;0.38;0.4
1996;8;25;238;14.8;10.8;7.5;9.6;8.1;5.8;0.2;0.2;0.11;4.4;1.8;0;537;168;77;51;87424;3.01;3.85;0.39;0.4
1996;8;26;239;15.1;11.4;8.2;12.5;10.1;7.9;0;-0.1;0.11;4.4;1.8;0;491;120;77;33;87483;2.15;14.18;0.39;0.4
1996;8;27;240;15.8;12.3;9.9;12.4;10.7;9.5;-0.2;-0.2;0.11;4.4;1.8;0;512;121;70;33;87501;2.23;9.44;0.4;0.4
1996;8;28;241;10.7;9.2;7.3;10.3;7.5;5.4;1;0.2;0.11;4.4;1.8;0;294;72;74;26;87317;2.22;21.62;0.42;0.4
1996;8;29;242;13.8;9.9;6;8;6;4.8;0.1;-0.1;0.11;4.3;1.8;0;582;181;101;60;87421;2.9;2.28;0.41;0.4
1996;8;30;243;11.5;9.6;8.2;7.7;6.4;5.8;0.4;-0.1;0.1;4.3;1.8;0;286;85;47;28;87714;1.93;3.18;0.41;0.4
1996;8;31;244;11.2;8.5;6.9;8.1;6.6;5.5;0.3;-0.5;0.1;4.3;1.8;0;365;105;57;34;87951;1.76;5.29;0.41;0.41
1996;9;1;245;8.6;7.2;5.9;8.1;6.7;5.8;0.1;-0.9;0.1;4.3;1.8;0;197;56;35;8;87963;1.74;12.9;0.41;0.41
1996;9;2;246;9.6;7.5;6;7.5;6.2;5.4;-1.1;-0.9;0.1;4.3;1.7;0;361;86;39;14;87852;1.83;4.67;0.42;0.41
1996;9;3;247;12.8;9.4;6.1;9.1;7.6;5.5;-1.5;-0.7;0.1;4.3;1.7;0;410;96;46;26;87577;1.67;1.73;0.42;0.41
1996;9;4;248;14.4;10.6;7.4;9.2;8.1;7.2;-1;-0.4;0.1;4.3;1.7;0;528;157;80;46;87441;2.33;1.65;0.41;0.41
1996;9;5;249;11;8;3.8;8.5;6.8;3.5;0.6;-0.1;0.1;4.3;1.7;0;434;107;71;37;87378;2.23;16.14;0.41;0.41
1996;9;6;250;9.4;5.8;2.8;5.9;2.9;1.3;1.1;-0.6;0.1;4.3;1.7;0.04;514;148;68;46;87389;2.6;7.6;0.42;0.41
1996;9;7;251;4.5;2.7;0.8;3.3;1.8;-0.2;0.9;-0.2;0.18;4.3;1.7;2.46;240;56;41;18;87681;1.7;9.4;0.42;0.41
1996;9;8;252;6.5;4;1.4;2.8;1.4;0.1;-0.1;-0.4;0.17;4.3;1.7;2.12;378;118;72;38;87661;1.96;1.57;0.42;0.41
1996;9;9;253;9.1;4.4;-1.6;2.4;0.5;-1.8;-0.3;-0.2;0.14;4.3;1.7;1.35;553;158;103;56;87532;1.93;0.26;0.41;0.41
1996;9;10;254;10.8;6.4;2.1;3.8;1.5;0.2;0.5;0;0.12;4.2;1.7;0.75;565;171;104;66;87523;2.27;0.01;0.41;0.41
1996;9;11;255;11.8;6.7;0.5;5.8;2.6;-0.9;0.4;0.1;0.11;4.2;1.7;0.39;499;165;96;69;87241;2.09;0;0.41;0.41
1996;9;12;256;10.2;6.8;4;7;4.6;3;1.1;0.1;0.1;4.2;1.7;0.16;367;104;75;37;86485;1.77;6.19;0.4;0.41
1996;9;13;257;4.7;2.4;0.2;3.7;1.5;-0.6;2.1;0.4;0.13;4.2;1.7;1.13;375;105;59;26;86425;2.76;20.91;0.41;0.41
1996;9;14;258;5.5;2.8;0.3;4.6;2.3;-0.1;1.5;0.6;0.25;4.2;1.7;5.13;197;46;31;13;87347;1.15;18.64;0.42;0.41
1996;9;15;259;8.5;4.9;0.5;5.6;3.5;-0.2;0.6;-0.1;0.2;4.2;1.7;3.52;447;117;79;37;87755;1.58;5.9;0.42;0.41
1996;9;16;260;8.5;5.2;2.9;3.9;2.4;0.9;-0.7;-0.7;0.15;4.2;1.7;1.68;444;127;79;42;87744;2;1.67;0.42;0.41
1996;9;17;261;9.7;5.1;1.7;2.4;1.4;0.2;-0.8;-0.6;0.12;4.2;1.7;0.88;514;158;99;72;87223;1.67;0;0.42;0.42
1996;9;18;262;10.5;4.8;1.1;5.4;2.9;0.7;-1.1;-0.1;0.11;4.1;1.7;0.45;456;118;77;50;86832;1.39;2.2;0.41;0.42
1996;9;19;263;14.6;7;-0.2;7.7;3.9;-1;-0.6;0.8;0.1;4.1;1.7;0.18;533;154;94;68;86562;2.16;0.02;0.41;0.42
1996;9;20;264;10.4;6.4;2.8;7.6;4.8;0.9;0.3;0.4;0.1;4.1;1.7;0.06;318;78;60;31;86436;1.29;7.49;0.41;0.42
1996;9;21;265;12.5;7.5;3.3;7.4;5.5;3.2;-0.5;-0.1;0.1;4.1;1.6;0.02;465;122;79;44;86263;1.88;3.66;0.41;0.42
1996;9;22;266;11.9;7.3;2.3;7.1;5.4;2.1;-0.6;-0.4;0.1;4.1;1.6;0;408;111;72;36;86274;1.67;2.79;0.41;0.42
1996;9;23;267;6.9;6.3;5.5;6.9;6.2;5.4;0.8;-0.7;0.1;4;1.6;0;70;19;5;1;86363;0.86;22.99;0.41;0.42
1996;9;24;268;7.3;5.2;3.9;5.4;3.6;2;0.9;-0.2;0.09;4;1.6;0;305;70;57;22;86781;1.54;7.5;0.42;0.42
1996;9;25;269;8.7;5.3;1.6;2.6;1.6;0.7;0.4;-0.2;0.1;4;1.6;0.02;457;136;84;59;86975;1.89;0.98;0.42;0.42
1996;9;26;270;9.1;5.2;1;3.1;1.3;-0.3;0.3;0.3;0.09;4;1.6;0;446;116;86;56;87537;1.47;0.15;0.41;0.42
1996;9;27;271;12.9;6.3;-2.1;6.2;2.1;-3;0.7;0.5;0.09;4;1.6;0;522;128;99;58;87503;1.68;0.97;0.41;0.42
1996;9;28;272;9.6;6.8;4.9;7.5;5.2;3.8;1;0.2;0.09;4;1.6;0;375;89;67;32;88114;1.66;5.49;0.41;0.42
1996;9;29;273;13.7;7.8;1.7;9;4.2;0.7;0.1;0.8;0.09;3.9;1.6;0;439;106;79;52;88176;1.54;0.05;0.4;0.42
1996;9;30;274;18.9;10.3;1.8;9.8;5.3;-0.1;-0.1;0.8;0.09;3.9;1.6;0;571;165;120;78;87665;2.37;0;0.4;0.42
1996;10;1;275;18.4;11;5.1;9.2;6.5;3.9;0.3;0.9;0.09;3.9;1.6;0;562;158;120;68;86731;2.46;2.82;0.39;0.42
1996;10;2;276;6.6;3.2;1.4;6.3;2.9;1.3;0.4;-0.4;0.13;3.9;1.6;1.56;75;22;43;11;87294;1.28;19.71;0.4;0.42
1996;10;3;277;7.1;3.1;-1.2;1.6;0.3;-1.7;-0.1;0.3;0.15;3.9;1.6;2.19;357;91;100;48;88078;1.42;0.45;0.4;0.42
1996;10;4;278;12.2;5.4;-1.6;4.2;0.3;-4.1;0.3;0.5;0.13;3.8;1.5;1.33;531;142;114;74;87687;1.6;0;0.4;0.42
1996;10;5;279;9.4;3.8;-0.3;5.2;2;-1.3;0.4;-0.2;0.11;3.8;1.5;0.82;356;74;75;34;87131;0.94;6.47;0.4;0.42
1996;10;6;280;6.5;4;1.8;3.6;2.5;1.5;-0.9;-0.6;0.11;3.8;1.5;0.89;238;57;32;16;87452;1.05;1.47;0.4;0.42
1996;10;7;281;12.3;7;3;7.1;5.3;2.6;-0.6;-0.5;0.1;3.8;1.5;0.5;416;110;71;45;87471;1.13;0.1;0.4;0.42
1996;10;8;282;10.5;7.3;4.1;7.4;6.1;3.8;0.2;-0.4;0.09;3.8;1.5;0.2;322;70;54;19;87368;0.84;1.1;0.39;0.42
1996;10;9;283;8.6;7.3;6.4;6.6;6.3;5.6;0.2;-0.5;0.09;3.7;1.5;0.06;135;28;14;7;87533;0.49;1.41;0.39;0.42
1996;10;10;284;8.6;6.6;5.2;7.1;6;5.1;-0.4;-0.6;0.09;3.7;1.5;0.02;247;53;55;17;87747;1.05;1.94;0.39;0.42
1996;10;11;285;11.6;7;3.2;5.8;4.7;3.1;-0.5;0;0.09;3.7;1.5;0;456;106;89;50;87710;1.23;0.03;0.39;0.42
1996;10;12;286;13.2;7;1.9;6.6;3.5;0.9;-0.1;0.5;0.09;3.7;1.5;0;500;127;105;70;87543;1.51;0;0.38;0.42
1996;10;13;287;14;6.4;0.5;6;2.2;-0.6;-0.3;1.1;0.09;3.7;1.5;0;510;139;123;84;87279;1.64;0;0.38;0.41
1996;10;14;288;15;7.6;1.9;6.9;2.9;-0.1;-0.3;1.5;0.09;3.6;1.5;0;502;136;115;75;87020;1.67;0;0.37;0.41
1996;10;15;289;14.8;8.8;3.6;9;5.9;2;-0.1;0.5;0.09;3.6;1.5;0;389;94;80;43;86750;1.13;2.95;0.37;0.41
1996;10;16;290;10.3;7.6;5.2;7.5;6.8;5.2;0.9;-0.4;0.09;3.6;1.5;0;234;52;33;11;86389;1.23;14.82;0.37;0.41
1996;10;17;291;5;3.4;1.4;5;3.1;1.4;0.5;-0.5;0.09;3.6;1.4;0.22;204;42;19;10;86669;1.28;11.5;0.39;0.41
1996;10;18;292;5.2;2.5;-1.6;1.5;0.5;-2.8;0.3;0.2;0.11;3.6;1.4;1.18;225;63;82;42;87147;1.14;2;0.39;0.41
1996;10;19;293;5.6;2.7;-1.8;4.3;1.7;-3.4;1.4;0.7;0.11;3.6;1.4;1.21;214;53;62;22;87545;1.41;12.01;0.39;0.41
1996;10;20;294;5.2;3.3;0.3;3.9;1.8;-1.1;1.3;1.1;0.13;3.6;1.4;1.57;128;30;51;24;88004;1.04;5.67;0.39;0.41
1996;10;21;295;7.1;5.1;2.9;6.3;4.5;1;1.7;0.8;0.11;3.6;1.4;1.01;122;21;49;7;87648;0.92;20.44;0.4;0.41
1996;10;22;296;8.3;5;2.1;5.3;3.5;1.5;0.4;-0.5;0.1;3.6;1.4;0.53;359;81;98;46;88070;1.13;2.32;0.41;0.41
1996;10;23;297;10.1;3.7;-2.2;3.3;0.7;-3.5;-0.5;0.3;0.09;3.5;1.4;0.32;466;120;125;88;88049;1.05;0;0.41;0.41
1996;10;24;298;11.1;2.8;-3.9;3.3;-1.4;-5.9;-0.2;0.7;0.09;3.5;1.4;0.16;465;121;126;90;87975;1.1;0;0.41;0.41
1996;10;25;299;11.2;3;-3.1;4.5;-0.7;-5;0.3;1;0.09;3.5;1.4;0.09;455;117;117;78;87916;1.06;0;0.4;0.41
1996;10;26;300;6.4;3.3;-0.8;6.1;2.4;-1.4;0.3;1;0.08;3.5;1.4;0.06;87;18;40;9;88195;0.48;12.35;0.41;0.41
1996;10;27;301;9.3;3;-2.8;4.4;0.7;-3.7;0.2;1.2;0.08;3.5;1.4;0.06;398;95;93;55;87993;1.07;0.77;0.41;0.41
1996;10;28;302;13.2;6.8;2.4;6.8;2.5;-1.2;0.5;1;0.08;3.5;1.4;0.03;416;96;110;47;87310;1.38;0.36;0.4;0.41
1996;10;29;303;7.7;4.3;1.6;5.2;2;0;1.5;0.6;0.08;3.5;1.4;0.02;183;47;81;33;86834;1.24;8.68;0.4;0.41
1996;10;30;304;3.3;0.9;-0.6;1.2;-1.9;-3.8;1.7;-0.2;0.11;3.5;1.4;1.17;298;75;87;49;87996;1.46;2.79;0.41;0.41
1996;10;31;305;8.8;2.5;-1;1.9;-2.2;-3.9;0.2;0.5;0.11;3.5;1.4;1.08;409;102;118;76;87993;0.78;0.31;0.4;0.41
1996;11;1;306;4.7;3.4;0.5;4.4;1.7;-3;1.6;0.9;0.1;3.5;1.4;0.86;121;20;25;6;88028;0.71;10.13;0.4;0.41
1996;11;2;307;10.7;4.5;-0.4;5.2;2.2;-1.1;0.6;0.7;0.1;3.5;1.4;0.59;354;89;105;63;88467;0.96;0;0.41;0.41
1996;11;3;308;14.9;5.7;-1.3;9.4;2.6;-2.6;0.3;1;0.09;3.4;1.4;0.37;379;94;105;68;88185;0.83;0;0.4;0.41
1996;11;4;309;15;5.1;-1.7;9.4;2.1;-2.7;0;1.3;0.08;3.4;1.4;0.19;401;99;120;77;87467;0.86;0;0.4;0.41
1996;11;5;310;8;2.5;-1.1;3.7;0.5;-2.5;0.9;0.9;0.08;3.4;1.4;0.09;281;54;63;41;87150;0.75;2.75;0.4;0.41
1996;11;6;311;9.3;2.9;-4;2.6;-0.3;-4.5;0.5;0.9;0.08;3.4;1.4;0.06;395;95;111;66;87544;0.99;0;0.4;0.41
1996;11;7;312;12.3;6.3;2.9;5.8;1.9;-1.9;1;0.9;0.08;3.4;1.4;0.06;285;56;68;20;87212;1.3;9.96;0.39;0.41
1996;11;8;313;4;1.7;0;1.5;-0.9;-3.9;1.6;0.4;0.08;3.4;1.4;0.11;334;76;82;60;88001;1.31;2.16;0.4;0.41
1996;11;9;314;5.9;1.9;-1.5;-1.5;-3.2;-5;0.3;0.3;0.08;3.4;1.4;0.12;382;92;114;79;88309;0.75;0;0.4;0.41
1996;11;10;315;5.9;1.7;-1.6;2;-1.8;-4.2;-0.3;1;0.08;3.4;1.4;0.09;277;60;85;55;87318;0.27;0;0.39;0.41
1996;11;11;316;10.6;3.4;-1.5;2.5;-0.4;-3.2;-0.5;1.8;0.08;3.4;1.4;0.06;364;77;104;58;86204;0.69;0.11;0.39;0.41
1996;11;12;317;10.9;4.7;0.7;7;2.4;-0.5;-0.3;1.3;0.08;3.4;1.4;0.06;272;60;79;47;86072;0.46;0.26;0.39;0.41
1996;11;13;318;8.1;4;0.7;4.6;2.1;-0.5;0.5;-0.1;0.08;3.3;1.4;0.28;274;43;81;24;86543;0.51;14.52;0.39;0.41
1996;11;14;319;0.4;-1.2;-3.6;0.4;-1.5;-4.2;-0.3;-0.6;0.44;3.3;1.3;19.02;32;8;39;13;87021;0.19;28.49;0.4;0.41
1996;11;15;320;2.1;-0.8;-3.8;0;-2.2;-4.8;-0.4;0.1;0.51;3.3;1.3;29.56;91;19;43;24;87262;0.11;1.83;0.4;0.41
1996;11;16;321;5.3;0.1;-3.9;1.2;-2.1;-5.3;-0.1;0.9;0.5;3.3;1.3;28.64;145;33;62;33;87531;0.12;0;0.4;0.41
1996;11;17;322;6;-0.4;-4;1.5;-2.5;-5.5;-0.1;1;0.48;3.3;1.3;26.7;189;42;86;46;86680;0.17;0.29;0.4;0.41
1996;11;18;323;3.2;-0.8;-4.2;1;-2.2;-5.5;0.3;0.3;0.47;3.3;1.3;26.14;121;26;57;27;85434;0.08;4.4;0.39;0.41
1996;11;19;324;1.3;-1.6;-4.2;-2;-4.3;-6.7;0.3;0.8;0.48;3.3;1.3;28.53;201;44;100;50;85563;0.29;0.59;0.39;0.41
1996;11;20;325;0.4;-2.7;-5.7;-1.4;-5.1;-8.3;0.4;1.2;0.48;3.3;1.3;29.98;99;23;68;37;84966;0.14;3.48;0.39;0.41
1996;11;21;326;-2.2;-5.1;-12.5;-5.7;-7.8;-13.5;1.6;0.6;0.5;3.3;1.3;35.21;159;34;81;45;86069;0.39;5.1;0.39;0.41
1996;11;22;327;-3.7;-8.1;-15.6;-6.9;-10;-16.4;0;0.5;0.5;3.3;1.3;36.88;116;20;91;32;86630;0.14;0.87;0.39;0.41
1996;11;23;328;-1.3;-10.1;-20.7;-6.7;-13.4;-23;0.3;1;0.5;3.3;1.3;37.4;171;38;87;39;86570;0.21;2.34;0.39;0.41
1996;11;24;329;-5.4;-8.1;-15.1;-7.8;-10.4;-16.5;1.1;0.3;0.51;3.3;1.3;43.28;146;30;84;41;87395;0.24;4.88;0.38;0.41
1996;11;25;330;-1.6;-6.2;-14.8;-4.4;-9.2;-16.7;-0.1;1.4;0.51;3.3;1.3;44.98;165;30;67;12;86246;0.36;5.7;0.38;0.41
1996;11;26;331;-1.1;-2.8;-4.7;-2.3;-4.4;-6.3;0.9;0.6;0.52;3.3;1.3;54.79;51;13;47;19;85942;0.13;11.41;0.38;0.41
1996;11;27;332;-2.3;-4.8;-6;-6.2;-7.2;-8.1;0.5;0.4;0.53;3.3;1.3;63.35;145;31;86;35;86176;0.23;4.5;0.38;0.41
1996;11;28;333;-5;-6.2;-7.9;-6.7;-7.5;-9.2;0.7;-0.4;0.53;3.3;1.3;69.98;85;17;31;15;86359;0.1;8.15;0.38;0.41
1996;11;29;334;-4.6;-6.9;-9.7;-7;-10.3;-12;0.3;1.3;0.53;3.3;1.3;74.87;154;32;83;30;86511;0.27;8.41;0.37;0.41
1996;11;30;335;-1.7;-3.9;-5.5;-4.4;-5.9;-7.6;0.8;0.7;0.53;3.3;1.3;92.75;122;24;55;26;85759;0.2;15.1;0.37;0.41
1996;12;1;336;-3.9;-6;-10.5;-5.9;-8;-13.8;1.1;0.4;0.53;3.3;1.3;101.92;93;18;69;31;86993;0.09;6.76;0.37;0.41
1996;12;2;337;-1.7;-5.2;-10.6;-3.2;-7.7;-14.1;1.5;0.8;0.53;3.3;1.3;108.22;89;19;69;21;86836;0.1;10.27;0.37;0.41
1996;12;3;338;-2.3;-4.8;-7.7;-5.8;-8.2;-10.9;0.1;1.3;0.53;3.3;1.3;115.08;138;29;64;40;86937;0.22;1.47;0.37;0.41
1996;12;4;339;0.9;-5.1;-7.9;-3.6;-9.3;-11.9;0;1.9;0.53;3.3;1.3;115.3;158;34;81;58;86717;0.17;0;0.37;0.41
1996;12;5;340;1.3;-6.1;-10.9;-3;-9.1;-12.6;0.1;1.8;0.52;3.3;1.3;115.34;130;28;62;44;86998;0.07;0;0.36;0.41
1996;12;6;341;0.7;-7.2;-12.7;-4.2;-10.3;-14.7;0.1;1.6;0.52;3.3;1.3;115.34;148;31;64;44;87187;0.11;0;0.36;0.41
1996;12;7;342;1.1;-6.5;-11;-2.9;-9.3;-12.9;0.2;1.5;0.52;3.3;1.4;115.36;144;30;70;43;87656;0.03;0;0.36;0.41
1996;12;8;343;0.9;-7.4;-13.5;-3.6;-10.6;-15.4;0;1.5;0.51;3.3;1.4;115.46;132;29;66;45;87711;0.01;0;0.36;0.41
1996;12;9;344;-1.4;-6.2;-10.5;-4.8;-9.8;-13.6;-0.1;2;0.51;3.3;1.4;115.49;132;25;63;37;87350;0.02;0.01;0.36;0.41
1996;12;10;345;-0.1;-3.9;-6.4;-2.6;-6.4;-9;0;1.7;0.51;3.3;1.4;115.56;101;20;53;32;86915;0.01;0.05;0.36;0.41
1996;12;11;346;1.8;-4.5;-9.1;-1.9;-7.2;-11;0.2;1.4;0.5;3.3;1.4;115.64;158;33;75;49;86986;0.04;0;0.36;0.4
1996;12;12;347;1.3;-6.7;-11.1;-2.9;-9.2;-13;0.2;1.5;0.5;3.3;1.4;115.71;158;34;77;49;86850;0.04;0;0.35;0.4
1996;12;13;348;-0.9;-4.5;-9.4;-3.4;-6.9;-11.6;0.1;1.5;0.5;3.3;1.4;116.02;82;16;35;10;86016;0.02;1.71;0.35;0.4
1996;12;14;349;-0.2;-1.3;-2.7;-0.8;-2.2;-3.2;0.3;-0.1;0.5;3.3;1.4;120.09;38;8;12;3;85984;0.09;4.79;0.35;0.4
1996;12;15;350;1.1;-2.4;-5.6;-2.4;-4.3;-7.9;0.5;0.3;0.49;3.3;1.4;121.75;149;32;83;54;86900;0.1;0.01;0.35;0.4
1996;12;16;351;1.1;-6.1;-10.8;-2.9;-9.1;-13.2;-0.1;1.2;0.49;3.3;1.3;121.81;160;34;79;53;87148;0.04;0;0.35;0.4
1996;12;17;352;-0.9;-7.4;-12.6;-4.1;-9.8;-14.8;0.2;1.5;0.49;3.3;1.3;121.85;140;30;72;37;87014;0.07;1.2;0.35;0.4
1996;12;18;353;2.1;-1.4;-5.7;-0.2;-3.4;-7.2;0.2;1.5;0.48;3.3;1.3;126.1;84;15;68;23;86745;0.3;5.56;0.35;0.4
1996;12;19;354;1.6;-3.6;-8;-1.3;-5.8;-10.1;0.1;1.5;0.48;3.3;1.3;126.37;128;27;60;42;86155;0.15;0.21;0.35;0.4
1996;12;20;355;0.6;-1.1;-4.6;-0.5;-2.4;-6.3;0.3;1;0.47;3.3;1.3;128.5;38;8;39;4;85962;0;6.66;0.35;0.4
1996;12;21;356;1.2;-0.5;-3.2;-0.3;-1.6;-4.2;-0.4;0.1;0.47;3.2;1.3;131.47;120;24;64;37;86544;0.08;0.32;0.35;0.4
1996;12;22;357;1.5;-1.1;-3;-0.7;-2.8;-4.4;-0.4;0.7;0.45;3.2;1.3;132.7;104;15;36;19;86664;0.14;2.14;0.35;0.4
1996;12;23;358;1.3;-0.9;-2.6;-0.7;-2.3;-3.7;-0.1;0.3;0.45;3.2;1.3;134.93;55;13;28;16;85625;0.16;7.89;0.35;0.4
1996;12;24;359;-1.3;-3.8;-6.3;-3.1;-4.8;-7;-0.7;-0.5;0.48;3.2;1.3;141.86;109;20;55;18;85750;0.35;1.9;0.34;0.4
1996;12;25;360;-6.5;-8.6;-12.4;-7.1;-9.9;-13.9;-0.7;-0.9;0.49;3.2;1.3;143.05;66;12;43;20;86360;0.24;1.79;0.34;0.4
1996;12;26;361;-12.6;-15.1;-20.4;-14.2;-17.8;-22.4;-1.2;-0.5;0.49;3.2;1.3;143.7;145;30;97;69;88026;0.13;0.17;0.34;0.4
1996;12;27;362;-13.9;-19.8;-27;-18.5;-23.4;-29.7;-0.4;0.8;0.48;3.2;1.3;143.72;137;29;79;57;87495;0.02;0;0.34;0.4
1996;12;28;363;-12.7;-18.9;-25.6;-18.4;-22.9;-28.6;-0.2;0.7;0.48;3.2;1.3;143.73;170;36;88;60;86580;0;0;0.34;0.4
1996;12;29;364;-11.5;-17.9;-23.8;-17.4;-22.5;-27.6;0.1;0.7;0.48;3.2;1.3;143.75;168;35;81;53;86314;0;0;0.34;0.4
1996;12;30;365;-8.5;-14.4;-22.7;-13.6;-18.1;-25.7;-0.1;0.6;0.48;3.2;1.3;144.02;111;22;34;15;85592;0;0.79;0.34;0.4
1996;12;31;366;-8.8;-11.9;-13.8;-13;-15.2;-17;-0.1;0.3;0.48;3.2;1.3;144.73;144;31;83;41;86144;0;0.35;0.34;0.4
1997;1;1;1;-5.4;-9.6;-13.3;-9.7;-12.9;-15.9;-0.1;0.6;0.48;3.1;1.3;145.6;144;29;74;34;86567;0;0.79;0.34;0.4
1997;1;2;2;-2.8;-9.3;-16.2;-7.3;-12.5;-18.4;-0.4;1;0.48;3.1;1.3;145.83;134;28;49;30;86783;-0.04;0.27;0.34;0.4
1997;1;3;3;2;-5.6;-9.9;-2.9;-8.9;-13;-0.2;1.4;0.48;3.1;1.3;146.09;171;36;90;48;86094;-0.05;0;0.34;0.4
1997;1;4;4;-0.6;-5.1;-8.1;-4;-7.4;-10.2;0.1;0.8;0.48;3.1;1.3;146.72;125;25;54;32;85507;-0.04;1.06;0.34;0.4
1997;1;5;5;-2.6;-5.5;-8.5;-4.8;-6.9;-10.1;0;0;0.48;3.1;1.3;147.46;124;24;57;21;86220;-0.03;0.44;0.33;0.4
1997;1;6;6;-3.5;-6.2;-9.5;-6.1;-7.6;-11.3;-0.5;0.1;0.48;3.1;1.3;147.83;148;31;71;48;86706;-0.02;0.11;0.33;0.4
1997;1;7;7;-2.4;-7.1;-11;-6.5;-10.2;-14.1;-0.1;0.6;0.47;3.1;1.3;147.92;135;27;60;41;86798;0;0;0.33;0.4
1997;1;8;8;0;-8.7;-15.6;-5.2;-12.3;-17.9;-0.1;1.3;0.47;3.1;1.3;147.94;174;37;84;53;86376;-0.01;0;0.33;0.4
1997;1;9;9;0.5;-5.2;-10.1;-3.4;-8.3;-13;0.2;1;0.47;3.1;1.3;147.99;163;34;73;36;85978;-0.04;0.04;0.33;0.4
1997;1;10;10;-1.5;-6.1;-10.8;-4.8;-8.4;-13.4;0.2;0.5;0.46;3.1;1.2;148.05;151;33;76;41;86726;-0.05;0.02;0.33;0.4
1997;1;11;11;-1.5;-6.8;-13.7;-5.6;-9.1;-16.1;0.2;0.7;0.46;3.1;1.2;148.2;156;35;90;55;87668;0;0.06;0.33;0.39
1997;1;12;12;-0.6;-11.8;-19;-7.2;-16;-22;0;1.4;0.46;3;1.2;148.19;197;43;104;71;88006;0.06;0;0.33;0.39
1997;1;13;13;0.2;-11.8;-19.8;-5.7;-15.8;-22.5;0;1.4;0.45;3;1.2;148.16;196;43;92;60;87884;0.03;0;0.33;0.39
1997;1;14;14;3;-8.3;-16.4;-0.9;-11.5;-19;0.1;1.3;0.45;3;1.2;148.15;195;43;88;50;87884;0;0;0.33;0.39
1997;1;15;15;4;-7.1;-14.6;-1;-10.5;-16.9;0.1;1.6;0.45;3;1.2;148.17;198;43;92;55;88029;-0.05;0;0.33;0.39
1997;1;16;16;4.4;-6.1;-13.8;-0.8;-9.6;-16.1;0.1;1.4;0.44;3;1.2;148.2;200;44;93;57;87796;0.02;0;0.33;0.39
1997;1;17;17;3.3;-6.6;-13.8;-2.9;-10.5;-16;0.2;1.6;0.44;3;1.2;148.2;204;45;95;60;87406;0.04;0;0.33;0.39
1997;1;18;18;3;-7.3;-14.9;-2.7;-11;-17.3;0.1;1.4;0.44;3;1.2;148.16;207;46;96;58;87413;0.04;0;0.33;0.39
1997;1;19;19;1.8;-5.3;-13;-3.3;-8.8;-15.2;0.2;1.2;0.43;3;1.2;148.16;174;36;60;30;86937;0.05;0.33;0.33;0.39
1997;1;20;20;0.6;-2;-5.3;-1.2;-3.6;-7.1;-0.2;0.4;0.44;3;1.2;149.41;90;19;26;12;87321;-0.02;3.16;0.33;0.39
1997;1;21;21;1.8;-1.2;-4.5;-0.5;-2.5;-6.5;-0.6;0.3;0.46;3;1.2;152.41;107;25;62;30;87958;0.01;0.83;0.32;0.39
1997;1;22;22;4.3;-1.4;-6.2;0;-4.3;-7.9;0;1.8;0.45;3;1.2;152.41;197;43;79;51;87973;0.09;0;0.32;0.39
1997;1;23;23;6.2;-0.6;-4.7;1.5;-3;-6.4;0;1.5;0.45;3;1.2;152.03;182;38;66;44;88044;0.03;0;0.32;0.39
1997;1;24;24;5.6;0;-4.4;2.2;-2.5;-6.1;0.2;1.2;0.44;3;1.2;151.28;156;34;75;44;88174;0.03;0;0.32;0.39
1997;1;25;25;4.1;-1.3;-5.4;0.5;-3.5;-8.3;-0.1;0.5;0.44;3;1.2;150.8;191;44;74;49;88274;0.06;0;0.32;0.39
1997;1;26;26;2.2;-1.5;-6.1;-0.6;-3.2;-8.1;0;0.2;0.43;3;1.2;150.81;186;42;74;49;87920;0.02;0.05;0.32;0.39
1997;1;27;27;1.4;-2.8;-6.8;-1.7;-4.6;-9;0;0.1;0.43;3;1.2;150.93;212;47;89;45;88068;0.01;0.72;0.32;0.39
1997;1;28;28;0.7;-2.3;-4.9;-2.4;-3.4;-5.4;-0.6;-0.5;0.44;3;1.2;151.84;150;38;80;40;88501;0.13;0.37;0.32;0.39
1997;1;29;29;-0.1;-4.2;-7.9;-3.5;-6.2;-9.3;-0.4;0;0.44;3;1.2;151.96;223;50;92;61;88784;0.04;0.13;0.32;0.39
1997;1;30;30;2;-5.7;-12.3;-3.9;-9.8;-16.3;0;0.7;0.43;3;1.2;152;235;55;103;70;88565;0;0;0.32;0.39
1997;1;31;31;1;-6.2;-13.4;-4.6;-10.3;-17.5;0.2;0.5;0.43;3;1.2;151.99;239;56;99;64;88260;0.01;0;0.32;0.39
1997;2;1;32;-0.6;-5.1;-8.5;-3.8;-7.7;-12;-0.2;0.3;0.43;3;1.2;152.01;209;50;92;59;88105;-0.02;0.01;0.32;0.39
1997;2;2;33;2.1;-6.4;-14.8;-5.9;-11.7;-18.6;0.1;0.8;0.42;3;1.2;152;259;61;112;73;87840;0.04;0;0.32;0.39
1997;2;3;34;1.4;-6.5;-15;-5;-10.9;-18.2;0.2;0.6;0.42;3;1.2;151.95;233;56;91;65;87865;0.03;0;0.32;0.39
1997;2;4;35;2.2;-5.3;-13.9;-5.6;-10.3;-17.7;0.2;1;0.42;3;1.2;151.96;201;49;70;45;87728;0.02;0;0.32;0.39
1997;2;5;36;3.4;-2.4;-8.1;-1.8;-5.4;-10.8;0.9;0.6;0.42;3;1.2;153.3;152;29;48;19;87314;0.12;7.01;0.32;0.39
1997;2;6;37;-0.3;-4.3;-10.9;-4;-7.1;-13;0.2;0.2;0.47;3;1.2;159.83;230;54;107;64;88478;0.25;1.45;0.32;0.39
1997;2;7;38;6.8;-5;-13.4;-0.3;-8.9;-15.5;0.2;1.5;0.47;3;1.2;159.79;245;60;96;68;88524;0.11;0;0.32;0.39
1997;2;8;39;6.8;-3;-10.8;-3.4;-8.8;-14.2;0.2;1.1;0.47;3;1.2;159.63;241;59;99;68;88598;0.13;0;0.32;0.39
1997;2;9;40;6.4;-3.6;-10.9;-4.4;-9.4;-14.7;0.3;1.2;0.46;3;1.2;159.51;256;63;103;71;88373;0.14;0;0.32;0.39
1997;2;10;41;7.7;-3.1;-10.2;-1.7;-8;-13.7;0.2;1.4;0.46;3;1.2;159.37;261;64;101;70;87936;0.22;0;0.32;0.39
1997;2;11;42;1.1;-1.8;-7.2;-1.1;-4.5;-10.4;0.6;0.7;0.45;3;1.2;159.85;91;21;66;17;87720;0.1;1.44;0.32;0.39
1997;2;12;43;4.8;1.1;-2.8;0.4;-2;-5;1.4;0.9;0.45;3;1.2;160.8;189;44;62;29;87250;0.11;2.67;0.32;0.39
1997;2;13;44;5.4;-1.5;-4.4;-1.5;-5.1;-7.7;2.1;0.9;0.45;3;1.2;160.53;249;50;89;52;86360;0.68;4.93;0.32;0.39
1997;2;14;45;-0.6;-2.9;-7.2;-3.6;-6.3;-10.8;0.9;1.1;0.48;3;1.2;165.56;158;32;77;37;86198;0.28;8.31;0.32;0.39
1997;2;15;46;-0.7;-3.1;-5.9;-1.7;-4.4;-7;0.8;-0.1;0.51;3;1.2;178.27;68;16;44;24;86589;0.22;16.36;0.32;0.38
1997;2;16;47;-1.6;-5.7;-11.6;-6.8;-9.3;-13.7;0;0.4;0.53;3;1.2;187.28;224;56;90;58;87679;0.23;0.6;0.32;0.38
1997;2;17;48;0.3;-6.5;-13.7;-4.3;-10.5;-16.1;0.5;1;0.52;3;1.2;187.28;188;49;67;50;87673;0.08;0.16;0.32;0.38
1997;2;18;49;-0.4;-5;-12;-3;-8;-14.1;0.7;1.2;0.52;3;1.2;188.2;88;24;56;21;87407;0.1;6.03;0.32;0.38
1997;2;19;50;-1.8;-4;-6.7;-5.3;-7.5;-10.4;1.9;0.3;0.53;3;1.2;197.56;205;50;96;47;87972;0.4;5.79;0.32;0.38
1997;2;20;51;2;-0.8;-3.8;-2.9;-4.7;-8.5;1.7;0.8;0.53;3;1.2;199.84;204;51;63;35;87886;0.25;2.04;0.32;0.38
1997;2;21;52;3.7;-1.7;-8.5;-4.5;-6.6;-10.6;1.1;0.8;0.52;3;1.2;200.32;268;69;96;70;88192;0.18;0;0.32;0.38
1997;2;22;53;6.9;-0.3;-7.2;0.5;-4.9;-8.7;0.1;1;0.51;3;1.2;199.98;267;66;92;54;88378;0.12;0;0.32;0.38
1997;2;23;54;9.6;-1.2;-10.3;1.8;-5.2;-12;0.1;1.2;0.5;3;1.2;199.35;282;74;99;66;87568;0.09;0;0.32;0.38
1997;2;24;55;7.8;-0.2;-6;-1.2;-5;-8.2;0;1.3;0.5;3.1;1.2;198.57;225;62;82;55;86933;0.29;0;0.32;0.38
1997;2;25;56;7;1.7;-2.8;0.5;-2.6;-5.7;0.1;1.9;0.49;3.1;1.3;196.82;262;63;67;46;86734;0.14;0.01;0.32;0.38
1997;2;26;57;3.9;0.4;-1.9;1;-2.1;-3.9;1.4;1;0.48;3.1;1.3;196.16;132;35;75;34;86959;0.14;10.78;0.32;0.38
1997;2;27;58;-0.8;-2;-5;-2.5;-3.5;-5.9;2.1;-0.1;0.51;3.1;1.3;207.82;92;25;77;23;88296;0.5;13.33;0.33;0.38
1997;2;28;59;6.7;-1.8;-8.4;-2;-6.2;-9.9;0;1;0.51;3.1;1.3;213.2;286;77;97;74;88733;0.31;0.01;0.33;0.38
1997;3;1;60;8.1;0;-6.8;2.3;-4;-9.5;0.4;1.1;0.5;3.1;1.3;212.5;199;60;86;55;88411;0.05;0;0.32;0.38
1997;3;2;61;12.4;1.7;-5.9;2.3;-3.3;-7.8;0.3;1.3;0.49;3.1;1.3;210.3;304;83;95;68;88306;0.08;0;0.33;0.38
1997;3;3;62;6.6;1.7;-4.6;3.5;-0.8;-6.3;0.5;0.5;0.48;3.1;1.3;207.77;154;34;51;30;88676;-0.12;1.01;0.33;0.38
1997;3;4;63;8.4;1.5;-3.2;4.7;-0.3;-4.9;0.3;1.3;0.47;3.1;1.3;205.44;140;36;68;28;88666;-0.13;1.91;0.33;0.38
1997;3;5;64;9.6;2.9;-3.4;2.6;-0.7;-5.2;0.4;0.6;0.45;3.1;1.3;201.56;245;56;56;26;88212;0.07;3.57;0.34;0.38
1997;3;6;65;2.1;0.8;-0.8;1.2;-0.7;-1.9;0.2;-0.3;0.47;3.1;1.3;202.2;205;43;45;16;88413;0.18;8.39;0.35;0.38
1997;3;7;66;5.9;1.8;-3.3;0.4;-0.7;-3.5;-0.8;0;0.45;3.2;1.3;199.77;321;91;107;66;88498;0.1;0;0.35;0.38
1997;3;8;67;6.4;1.7;-3.9;0.5;-2.2;-6.4;-0.4;0.2;0.44;3.2;1.3;195.89;351;96;108;79;88604;0.06;0;0.35;0.38
1997;3;9;68;8.1;2.3;-4.9;-1.1;-3.5;-6.5;-0.6;0.5;0.43;3.2;1.3;192.62;369;98;110;78;88678;0.22;0.06;0.35;0.38
1997;3;10;69;10.2;3.1;-5;0.7;-2.8;-7;0;0.5;0.42;3.2;1.3;188.27;375;107;113;78;88789;0.12;0;0.36;0.38
1997;3;11;70;9;3.5;-3.9;1.9;-1.3;-5.9;-0.4;0.3;0.42;3.2;1.3;182.09;380;108;102;74;88636;0.06;0;0.36;0.38
1997;3;12;71;9.4;3.2;-4.9;2.6;-1;-6.3;0.8;0.8;0.41;3.2;1.3;174.08;383;110;96;71;88511;-0.03;0;0.37;0.38
1997;3;13;72;7.4;2.7;-2.7;1.1;-1.1;-4.8;1.1;0.1;0.4;3.2;1.3;166.31;301;90;83;55;88233;0.28;0.51;0.37;0.38
1997;3;14;73;7.7;2.1;-4.5;0.4;-1.2;-5.8;0.9;0.2;0.4;3.2;1.3;159.84;406;110;102;57;87731;0.25;5.49;0.37;0.38
1997;3;15;74;4.6;1.9;-0.5;1.6;-0.1;-1.1;1.4;0;0.41;3.2;1.3;154.17;269;75;63;29;87877;0.19;3.72;0.38;0.38
1997;3;16;75;5;3;1.1;3.4;1.6;-0.1;1.8;0.5;0.41;3.2;1.3;147.45;146;34;42;10;88017;-0.19;8.54;0.39;0.39
1997;3;17;76;5;3.2;2.1;3.9;2.3;1.5;2.1;-0.2;0.4;3.3;1.3;136.53;167;36;48;10;87918;-0.25;11.18;0.4;0.39
1997;3;18;77;9.4;4.5;-0.4;2.6;0.5;-2.1;1.2;0.4;0.37;3.3;1.3;126.43;353;107;91;50;87260;0.52;2.78;0.4;0.39
1997;3;19;78;1.7;0.2;-1.4;0.7;-1.4;-2.9;2;0.2;0.4;3.3;1.3;125.22;307;77;56;27;86182;0.91;12.2;0.41;0.4
1997;3;20;79;-0.4;-2.3;-5.2;-1.6;-3.4;-6.5;1.6;-0.7;0.49;3.3;1.3;136.8;150;37;27;16;86863;0.51;16.97;0.4;0.4
1997;3;21;80;0.5;-3.4;-8.8;-1.9;-5.8;-11.4;1.5;0.2;0.52;3.3;1.3;147.06;167;47;67;34;87308;0.41;9.39;0.4;0.4
1997;3;22;81;0.2;-2.8;-5.1;-5.2;-6.5;-7.7;0.6;-0.5;0.52;3.3;1.3;153.87;283;79;66;43;87691;0.61;1.45;0.4;0.4
1997;3;23;82;6.1;-1.6;-11.1;-1.9;-6.7;-13.3;0.1;0.7;0.52;3.3;1.3;153.7;316;80;80;46;87016;0.37;2.98;0.39;0.4
1997;3;24;83;2.6;-1.2;-6.3;0.7;-2.4;-7.4;0.5;0.2;0.52;3.4;1.4;157.76;279;75;79;45;86551;0.12;6.33;0.39;0.4
1997;3;25;84;2.2;-1.9;-8;0.4;-3;-9.1;0.7;0.3;0.5;3.4;1.4;158.25;187;57;69;34;86986;0.04;5.08;0.39;0.4
1997;3;26;85;5.2;1;-3;-0.8;-2.4;-4.1;0.6;0.3;0.49;3.4;1.4;158.09;295;85;86;46;87624;0.44;0.59;0.39;0.4
1997;3;27;86;5.9;2.9;-1.9;1.6;-0.7;-4.7;1.4;0.9;0.46;3.4;1.4;155.04;112;30;45;12;87674;0.08;0.26;0.39;0.4
1997;3;28;87;5.8;0.2;-4.1;3;-1.6;-5.4;2;0.2;0.47;3.4;1.4;155.48;155;39;63;33;86987;0.23;20.14;0.4;0.4
1997;3;29;88;-1;-3.3;-5.4;-3.1;-5;-6.8;2;-0.6;0.51;3.4;1.4;168.26;183;53;51;25;87195;0.61;13.98;0.4;0.4
1997;3;30;89;-0.3;-3;-5.2;-3.8;-5.8;-7.2;1.2;-0.5;0.53;3.4;1.4;180.43;279;75;66;34;87692;0.57;6.81;0.4;0.4
1997;3;31;90;3.1;-0.8;-5.2;-1.3;-3.9;-7;-0.4;0.2;0.52;3.5;1.4;181.67;290;91;75;43;87966;0.4;0.17;0.39;0.4
1997;4;1;91;6.2;0.8;-7.3;-0.2;-3.3;-9;-0.6;0.4;0.51;3.5;1.4;179.45;350;105;82;53;87712;0.47;0;0.39;0.4
1997;4;2;92;9.1;3;-5.5;1.4;-1.6;-6.9;-0.4;0.4;0.5;3.5;1.4;175.3;396;119;98;61;87424;0.51;0;0.39;0.4
1997;4;3;93;7.9;3.1;-2.8;2.1;-1;-4.2;1.6;0.5;0.46;3.5;1.4;169.69;336;103;81;46;87037;0.63;3.35;0.4;0.4
1997;4;4;94;0.8;-1.5;-5.1;0.3;-3.2;-7.3;1.7;-0.5;0.48;3.5;1.4;173.91;229;60;66;35;87285;0.69;14.4;0.4;0.4
1997;4;5;95;1.4;-1;-5.3;-0.5;-4.2;-7.4;2.1;0.7;0.49;3.5;1.4;179.99;203;50;47;22;87302;0.69;10.25;0.4;0.4
1997;4;6;96;1.7;-0.2;-3.3;1.2;-1.6;-6.6;1.4;-0.8;0.49;3.5;1.4;188.88;280;64;65;28;87406;0.39;20.08;0.4;0.4
1997;4;7;97;0.6;-3.2;-6.3;-6.8;-9.1;-11.7;-0.8;-0.8;0.48;3.6;1.4;191.01;428;132;114;78;88201;1.25;0.38;0.4;0.4
1997;4;8;98;4.9;-0.7;-6.2;-3.7;-7.5;-11.5;-0.7;0;0.46;3.6;1.4;190.12;450;145;119;89;88204;0.67;0;0.4;0.4
1997;4;9;99;8;1.7;-7.5;-0.6;-4.6;-9.7;0.5;0.5;0.44;3.6;1.4;188.58;468;150;113;79;88344;0.76;0;0.39;0.4
1997;4;10;100;9.4;3.5;-5;0.6;-2.2;-6.8;1.1;0.3;0.4;3.6;1.4;186.03;447;148;103;68;88390;0.93;0;0.39;0.4
1997;4;11;101;9.4;2.7;-3.8;1.9;-2.4;-5.4;2;-0.1;0.38;3.6;1.4;183.4;509;158;106;61;87567;1.49;11.23;0.39;0.4
1997;4;12;102;0.4;-2.8;-6.9;-5.3;-6.9;-8.5;1.3;-0.9;0.44;3.6;1.4;186.93;386;114;75;54;87549;1.14;1.58;0.39;0.4
1997;4;13;103;2.6;-0.8;-4;-4.1;-5.7;-7;-0.1;-0.4;0.43;3.6;1.4;187.55;385;122;81;56;87688;0.75;0.53;0.39;0.4
1997;4;14;104;6;1.7;-3.1;-1.3;-3.9;-6.3;1;0;0.42;3.7;1.5;186.71;457;134;97;53;87551;0.77;0.37;0.39;0.4
1997;4;15;105;0.2;-1.4;-4.1;-0.7;-3.2;-6.3;1.4;-1;0.45;3.7;1.5;192.69;259;67;50;25;87426;0.83;16.55;0.39;0.4
1997;4;16;106;-1.5;-4.1;-6.9;-6.4;-7.5;-10;1;-0.7;0.52;3.7;1.5;204.35;302;94;71;46;87445;0.64;6.94;0.38;0.4
1997;4;17;107;0.2;-4.3;-10.1;-6.6;-9.4;-12.2;-0.4;0;0.52;3.7;1.5;206.33;354;125;92;71;87350;0.49;0.32;0.38;0.4
1997;4;18;108;6.2;-0.8;-10.3;0.3;-5.6;-11.9;-0.2;0.4;0.5;3.7;1.5;205.02;426;141;105;74;87235;0.41;0;0.38;0.4
1997;4;19;109;6.2;0.7;-6.3;-0.3;-3.6;-8.1;0.7;-0.1;0.47;3.7;1.5;203.19;381;122;82;53;86575;0.85;2;0.38;0.4
1997;4;20;110;-1.6;-2.9;-6.5;-2.2;-4.1;-7;-0.8;-1.1;0.5;3.8;1.5;212.62;153;45;62;21;86446;0.46;14.59;0.38;0.4
1997;4;21;111;-0.1;-4.2;-7.8;-7;-8.6;-9.9;-1.4;-0.5;0.52;3.8;1.5;217.47;394;126;95;62;86545;1.04;0.37;0.38;0.4
1997;4;22;112;-0.2;-3.7;-8;-4.8;-7.9;-9.8;0;-0.2;0.52;3.8;1.5;217.55;285;97;65;43;86542;0.52;2.08;0.37;0.4
1997;4;23;113;2.8;-1.1;-6.6;-4.5;-6.3;-9;-0.3;0;0.51;3.8;1.5;217.82;354;122;93;65;87262;0.48;0.42;0.37;0.4
1997;4;24;114;7.2;1.3;-6.9;-2.7;-5.4;-9.6;0.6;0.6;0.5;3.8;1.5;215.78;449;153;111;79;87650;0.81;0;0.37;0.4
1997;4;25;115;9.5;3.5;-5.2;0.3;-3.2;-7.7;0.9;0.7;0.45;3.8;1.5;212.89;465;149;97;61;87532;1.12;0;0.37;0.4
1997;4;26;116;7.5;3.9;0.3;3.4;1.3;-2.5;0.6;0.8;0.42;3.9;1.5;210.79;262;74;58;20;87177;0.5;5.44;0.38;0.4
1997;4;27;117;4.5;2.8;1.6;3.2;1.7;0.2;0.7;0.7;0.39;3.9;1.5;209.61;130;33;39;11;86808;0.24;17.1;0.39;0.4
1997;4;28;118;9.7;5.4;0.9;2.6;1.1;-0.2;1.3;0.4;0.38;3.9;1.5;204.73;422;139;77;35;87193;1.17;1.79;0.39;0.4
1997;4;29;119;6.9;3.4;1.7;2.6;1.6;0.7;1.8;0.5;0.36;3.9;1.6;197.22;431;105;57;22;86910;1.01;13.07;0.4;0.4
1997;4;30;120;3.7;2.3;1.5;3.1;1.8;1.2;1.2;0;0.36;3.9;1.6;192.27;136;49;18;6;87610;0.57;12.71;0.41;0.4
1997;5;1;121;6.9;3.9;1.2;4.8;2.3;0.5;-0.3;-0.5;0.35;3.9;1.6;186.46;481;130;73;39;88258;0.78;4.04;0.42;0.41
1997;5;2;122;13.1;6.2;-3.2;4.9;0.6;-3.7;-0.1;0.3;0.34;4;1.6;178.58;582;199;105;77;88293;1.24;0;0.42;0.41
1997;5;3;123;14.5;8.3;-2.3;7.3;2.4;-3.9;0.8;0.6;0.33;4;1.6;168.07;587;204;102;75;87748;1.32;0;0.41;0.41
1997;5;4;124;13.9;8.6;2.3;6.9;4;0.3;0.8;0.8;0.33;4;1.6;155.78;438;136;80;42;87109;0.86;0.66;0.41;0.41
1997;5;5;125;14.1;6.9;0.9;9;4.6;-0.3;0.3;1.1;0.32;4;1.6;143.79;471;124;75;44;86118;0.66;3.3;0.41;0.41
1997;5;6;126;14.1;4.4;-0.6;5.2;1.6;-2;0.5;1.3;0.32;4;1.6;133.29;602;170;95;54;85427;1.25;8.05;0.41;0.41
1997;5;7;127;2.8;0.9;-0.9;0;-1.7;-3;0;0;0.34;4;1.6;129.75;263;92;62;40;85935;1.16;4.11;0.41;0.42
1997;5;8;128;2.5;0.1;-4.2;2;-1.3;-5.7;1;0.2;0.36;4.1;1.6;132;219;64;80;34;86156;0.72;7.82;0.41;0.42
1997;5;9;129;9.5;1.3;-6.9;1.9;-2.3;-8.1;0.2;1;0.36;4.1;1.6;131.9;530;139;92;58;86561;1.14;1.9;0.4;0.42
1997;5;10;130;11.6;5.4;-2.9;5.6;0.6;-4.3;0;0.3;0.34;4.1;1.6;127.37;510;180;85;66;87287;1.11;0.8;0.4;0.42
1997;5;11;131;16.7;8.6;-1.4;7.8;2.2;-2.6;0.1;1.1;0.32;4.1;1.6;118.34;594;203;98;69;87396;1.81;0.2;0.4;0.42
1997;5;12;132;13.1;8.4;2.1;8.8;5;0.3;-0.1;-0.3;0.3;4.1;1.6;108.09;500;160;74;38;87882;1.18;3.05;0.4;0.42
1997;5;13;133;14.7;10.7;6.4;11.3;8.4;5.7;-0.4;0;0.29;4.1;1.7;96.18;592;170;78;41;87991;1.24;3.16;0.41;0.42
1997;5;14;134;20.5;12.9;2.1;14.4;7.6;0.9;-0.1;0.5;0.27;4.2;1.7;83.97;620;208;88;63;87839;2;0.91;0.4;0.42
1997;5;15;135;19.3;13.3;3.8;13.4;9;2.9;0.1;0.3;0.25;4.2;1.7;72.09;638;201;92;61;87723;2.04;1.34;0.4;0.42
1997;5;16;136;20.8;13.4;3.3;13.8;6.4;2.2;0;0.5;0.24;4.2;1.7;61.83;639;227;99;68;87488;2.76;0.72;0.39;0.42
1997;5;17;137;19.3;13.4;4.4;12.4;7.5;2.9;0;0.5;0.23;4.2;1.7;52.2;593;198;84;56;87418;2.35;0.56;0.39;0.42
1997;5;18;138;16.2;10.4;5.1;11.3;8.1;3.9;0.8;0.3;0.23;4.2;1.7;43.77;566;160;67;40;87228;1.87;20.4;0.39;0.42
1997;5;19;139;17;11.7;3.8;10.1;6.7;3.2;-0.2;0.2;0.23;4.2;1.7;35.23;659;224;100;62;87150;2.59;0.56;0.39;0.43
1997;5;20;140;14.9;10.2;5.1;10.4;7.9;4.2;0.7;0.3;0.23;4.2;1.7;26.46;458;152;73;28;86874;2.27;19.57;0.39;0.42
1997;5;21;141;12;7.9;2.8;5.5;3.7;1.3;1;0.1;0.22;4.2;1.7;19.03;590;191;89;52;86922;2.55;3.1;0.39;0.42
1997;5;22;142;9.7;6.7;4.3;5.7;4.2;2.7;1.6;-0.1;0.21;4.2;1.7;13.38;464;144;67;34;87155;2.39;9.19;0.39;0.42
1997;5;23;143;11.6;7.6;2.8;7.9;5.4;1.7;0.1;-0.1;0.19;4.3;1.7;8.54;533;178;94;45;87420;2.33;5.21;0.39;0.42
1997;5;24;144;9.5;6.6;3.7;8.7;6;3;-0.4;-0.4;0.16;4.3;1.7;5.17;348;73;24;12;87751;1.46;8.84;0.39;0.42
1997;5;25;145;13.8;8.5;3.9;4.9;3.5;2.5;-1;-0.8;0.14;4.3;1.7;2.99;708;223;114;57;87971;3.26;0.3;0.39;0.42
1997;5;26;146;13.1;9;4.3;4.3;2.5;0.4;0.9;-0.5;0.13;4.3;1.7;1.48;721;234;103;65;87857;3.37;0.25;0.38;0.42
1997;5;27;147;13.6;9.4;5;4.2;3;2.1;1.5;-1;0.12;4.3;1.7;0.69;702;258;109;71;87588;3.61;0.03;0.38;0.42
1997;5;28;148;6.9;4.7;2.6;4.5;1;-1.6;0.2;-1.1;0.12;4.3;1.7;0.4;484;156;77;37;87889;2.72;5.04;0.37;0.42
1997;5;29;149;12.5;7.5;1.6;4.2;0.9;-0.8;-0.5;-0.5;0.12;4.3;1.7;0.22;816;290;129;96;88128;3.58;0;0.37;0.42
1997;5;30;150;11.5;7.3;3.4;3;1.4;0.2;0.3;-0.9;0.12;4.3;1.7;0.08;740;269;110;83;88095;3.33;0.02;0.36;0.42
1997;5;31;151;10.6;5.9;1.4;1.4;-0.4;-2.7;-1.6;-1.1;0.12;4.3;1.7;0.03;817;295;130;99;87678;3.5;0;0.36;0.42
1997;6;1;152;10.6;6.2;0.3;5.9;2.7;-1.3;-1.5;-0.7;0.12;4.3;1.7;0;384;141;75;44;87012;1.88;1.69;0.35;0.42
1997;6;2;153;12.8;8.3;4.3;8.5;5.6;3.5;-0.1;0.1;0.12;4.3;1.7;0;554;154;67;37;87091;2.38;1.76;0.35;0.42
1997;6;3;154;13.3;8.4;2.1;9.6;6.8;2;0.7;0.3;0.12;4.4;1.8;0;529;161;65;38;87338;2.95;15.2;0.35;0.42
1997;6;4;155;14.4;10.1;4.2;10.2;7.6;4;-0.4;-0.2;0.12;4.4;1.8;0;635;216;91;62;87502;3.05;4.99;0.36;0.41
1997;6;5;156;18.8;12.1;3.7;12.1;8.1;2.9;-0.5;0.6;0.12;4.4;1.8;0;597;189;72;55;86902;2.97;0.44;0.35;0.41
1997;6;6;157;17.1;12.3;7;12.8;9.4;5.4;0.6;0.4;0.12;4.4;1.8;0;648;204;89;51;87141;3.19;4.64;0.35;0.41
1997;6;7;158;20.1;13.9;6;11.3;9.3;5.4;-0.7;0;0.12;4.4;1.8;0;719;265;109;75;87370;4.34;0.05;0.35;0.41
1997;6;8;159;16.3;12.3;8.1;12.5;10.3;7.1;0.7;0.5;0.12;4.4;1.8;0;538;160;81;48;87611;2.69;13.82;0.35;0.41
1997;6;9;160;17;13;7.5;10.2;8.5;6.6;0;-0.2;0.12;4.4;1.8;0;626;230;99;63;88191;3.92;1.06;0.35;0.41
1997;6;10;161;19.7;14.8;8.3;12.4;9.6;6.8;-0.6;0.2;0.12;4.4;1.8;0;682;243;100;67;87850;4.08;0.72;0.35;0.41
1997;6;11;162;22.5;15.5;8.6;14.9;11.3;7.5;-0.1;0.8;0.12;4.4;1.8;0;694;195;99;58;87331;3.36;0.93;0.34;0.41
1997;6;12;163;19.5;13.9;9.3;13.7;11.5;8.3;0.3;0.4;0.12;4.4;1.8;0;659;195;89;50;87227;3.17;8.88;0.34;0.41
1997;6;13;164;17.6;13.3;7.6;13.1;11.1;7.4;0.4;0.3;0.12;4.4;1.8;0;562;190;76;44;86998;3.42;4.25;0.35;0.41
1997;6;14;165;16.2;12.2;7.6;11.9;9.8;7.2;1.1;0.3;0.12;4.4;1.8;0;504;166;71;47;87117;3.36;7.78;0.35;0.41
1997;6;15;166;15.5;11.8;7.6;8;6.9;5.6;0.8;-0.6;0.12;4.5;1.8;0;551;207;80;53;87679;3.69;0.15;0.35;0.41
1997;6;16;167;15.5;12.2;9.6;11.5;9;7;-0.6;-0.4;0.12;4.5;1.8;0;437;141;54;36;87641;2.36;3.96;0.34;0.41
1997;6;17;168;15.2;11.7;8.4;11;9.7;8;0.4;-0.2;0.12;4.5;1.8;0;451;155;74;37;87488;2.99;12.26;0.35;0.41
1997;6;18;169;13.5;9.7;6.5;8.7;6.9;5.4;0.8;-0.1;0.12;4.5;1.8;0;599;210;88;54;87499;3.92;7.9;0.35;0.41
1997;6;19;170;14.2;9.3;4;11.9;7.8;4;-0.2;-0.2;0.12;4.5;1.8;0;418;118;68;33;86863;2.41;29.87;0.36;0.4
1997;6;20;171;12.6;9.3;6.3;6.5;5.4;3.8;1.3;0.1;0.12;4.5;1.8;0;634;200;85;49;86756;3.84;3.61;0.37;0.4
1997;6;21;172;17.8;12;5.4;12.2;8.3;3.9;-0.3;-0.4;0.12;4.5;1.8;0;570;206;82;50;86626;3.37;13.65;0.37;0.4
1997;6;22;173;8.6;6.4;4.8;8.5;6.1;4.3;0.2;0.5;0.12;4.5;1.8;0.14;72;29;28;15;86676;1.41;26.07;0.39;0.4
1997;6;23;174;12.2;8.2;4.5;5.8;4.7;3.6;1.6;0.4;0.13;4.5;1.8;0.23;718;238;96;58;86899;3.82;4.98;0.4;0.4
1997;6;24;175;10.8;7.8;5.5;6.7;5;3.5;1.4;0.3;0.12;4.5;1.8;0.07;507;154;74;39;87251;3.37;8.51;0.4;0.4
1997;6;25;176;14.4;9.6;3.1;6.5;4.4;2.3;0;-0.3;0.12;4.5;1.8;0.02;623;232;94;61;86956;3.55;0.38;0.4;0.4
1997;6;26;177;14.2;10.3;7.7;10.1;8.1;5.8;-0.6;-0.2;0.12;4.5;1.8;0;458;145;56;38;86198;2.78;11.6;0.4;0.4
1997;6;27;178;12.8;10.5;7.8;12;9.7;7.4;0.1;-0.3;0.12;4.5;1.8;0;297;104;45;26;86154;2.31;18.1;0.4;0.4
1997;6;28;179;16.6;12.2;9.3;13;10.6;8.9;-0.5;-0.7;0.12;4.5;1.8;0;355;116;66;25;86853;2.01;3.51;0.41;0.4
1997;6;29;180;20.3;14.9;8.9;13.6;11.4;8;-0.4;0.4;0.12;4.5;1.8;0;471;165;81;53;86479;2.8;0.93;0.41;0.4
1997;6;30;181;12.7;10.5;7.9;10.5;7.9;6;0.9;-0.1;0.12;4.5;1.9;0;508;180;72;48;86563;3.78;10.07;0.41;0.41
1997;7;1;182;14.1;9.6;3.9;9.2;6.6;3.7;0.4;0.2;0.12;4.6;1.9;0;611;227;91;66;87108;3.53;3.73;0.41;0.41
1997;7;2;183;19.3;12.8;4.5;10.9;7.6;4.3;-0.3;0.6;0.12;4.6;1.9;0;614;233;90;64;87273;4.1;0.1;0.4;0.41
1997;7;3;184;17.1;13.1;10.3;13;10.6;7.1;-0.2;-0.5;0.12;4.6;1.9;0;615;194;77;43;87478;2.96;7.15;0.4;0.41
1997;7;4;185;12.2;10.9;9.7;11;10.3;9.2;0;-0.7;0.12;4.6;1.9;0;258;84;33;14;87738;2.03;12.3;0.4;0.41
1997;7;5;186;10.1;8.4;6.5;9;8.1;6.2;0.6;-0.5;0.12;4.6;1.9;0;92;26;12;5;87571;1.4;31.14;0.42;0.41
1997;7;6;187;11.9;8.3;6;9.9;7.2;5.7;1.1;-0.4;0.12;4.6;1.9;0;492;142;61;23;88044;3.35;23.16;0.43;0.41
1997;7;7;188;10.2;7.9;5;6.1;5.5;4.8;1.3;-0.2;0.11;4.6;1.9;0;351;113;48;24;88112;2.47;6.25;0.43;0.41
1997;7;8;189;13.9;10.7;7.6;9.5;7.8;6;0.4;-0.4;0.11;4.6;1.9;0;473;153;70;32;87918;2.89;3.09;0.42;0.42
1997;7;9;190;16.8;12.5;6.3;9.9;8.2;6.3;-0.9;-0.4;0.11;4.6;1.9;0;712;249;98;70;87576;3.82;0.32;0.41;0.42
1997;7;10;191;16.7;12.4;6.8;12.3;9.8;5.8;-0.1;0.3;0.11;4.6;1.9;0;636;205;93;65;87339;3;4.5;0.41;0.42
1997;7;11;192;15.8;11.2;6.5;11.3;8.9;5.8;0.5;0.4;0.11;4.6;1.9;0;630;207;93;59;87398;3.66;13.37;0.41;0.42
1997;7;12;193;17;12.1;5.2;12.2;9.2;5;0.3;0.3;0.11;4.6;1.9;0;591;218;86;59;87629;3.74;4.23;0.41;0.42
1997;7;13;194;18.3;13.9;7.4;13.8;9.9;6.1;0.5;0.2;0.11;4.6;1.9;0;647;235;90;68;87781;3.89;1.5;0.4;0.42
1997;7;14;195;19.2;13.3;8;13.8;10.7;6.8;0.5;0.3;0.11;4.6;1.9;0;615;172;77;48;87872;3.11;11;0.4;0.42
1997;7;15;196;14.9;11.8;9.7;11.8;10.4;9.1;0.9;0.1;0.11;4.6;1.9;0;499;144;75;36;88024;3.35;13.47;0.41;0.42
1997;7;16;197;19.1;13.7;5.3;12.7;9.2;5;0.2;0;0.11;4.6;1.9;0;708;269;112;80;87842;4.42;0.05;0.41;0.42
1997;7;17;198;20.7;14.1;7.5;14.9;11.5;6.5;0.3;0.4;0.11;4.6;1.9;0;693;200;109;56;87183;3.29;23.87;0.4;0.42
1997;7;18;199;12.2;10.4;7.4;11.2;9.1;7.2;1.6;0;0.11;4.6;1.9;0;329;110;57;22;86925;3.42;39.03;0.43;0.42
1997;7;19;200;9.6;8.4;7.1;9.3;8.1;6.9;1.8;0.5;0.11;4.6;1.9;0;125;36;12;6;87490;1.76;27.15;0.43;0.42
1997;7;20;201;13.6;9.5;6;9;7.5;5;1.2;0;0.11;4.6;1.9;0;615;182;80;41;87766;3.78;15.08;0.43;0.43
1997;7;21;202;13.4;9.8;3.7;7.8;5.8;3;1.3;0.2;0.11;4.6;1.9;0;462;159;74;51;87693;2.81;0.31;0.42;0.43
1997;7;22;203;17.7;12.9;5.4;11.6;8.6;4.7;-0.1;-0.1;0.11;4.6;1.9;0;642;232;97;70;87850;3.54;0.07;0.41;0.43
1997;7;23;204;18.3;12.6;7.2;13.7;10.9;6.2;0;0.4;0.11;4.6;1.9;0;522;129;84;46;87879;2.16;7.07;0.4;0.43
1997;7;24;205;19.1;13.6;8.2;14.5;11.7;7.7;0.3;0.3;0.11;4.6;1.9;0;638;196;83;50;87560;3.45;7.58;0.4;0.43
1997;7;25;206;12.8;10.9;8.8;12.6;10;8.3;1.4;0.5;0.11;4.6;1.9;0;223;74;40;21;87333;2.43;14.91;0.4;0.43
1997;7;26;207;13.9;10.4;8.1;10.7;8.9;7.6;1.1;0.1;0.11;4.6;1.9;0;459;131;74;33;87734;2.69;8.17;0.41;0.43
1997;7;27;208;18.5;13.5;6.3;11.7;9.1;5.7;0.8;0.1;0.11;4.6;1.9;0;732;226;96;58;87975;3.73;0.29;0.4;0.43
1997;7;28;209;17.1;14;11.6;13.8;12.1;9.5;0;-0.3;0.11;4.6;1.9;0;475;149;75;36;88120;2.45;3.39;0.39;0.43
1997;7;29;210;18.3;13.8;8.6;12.8;11;8.4;0.2;0.2;0.11;4.6;1.9;0;574;192;76;57;88043;3.22;2.91;0.39;0.43
1997;7;30;211;19.3;14.2;7;12;9.6;6.9;0.2;0.1;0.11;4.6;1.9;0;693;239;103;73;87936;4.05;0.17;0.38;0.43
1997;7;31;212;18.8;12.4;8.2;12.4;9.2;5.4;1.1;0.2;0.11;4.5;1.9;0;550;162;89;48;87635;3.41;11.79;0.38;0.43
1997;8;1;213;8.6;7.9;7.5;8.4;7.1;4.8;1.2;0.1;0.11;4.5;1.9;0;136;39;24;13;87398;1.56;12.54;0.38;0.42
1997;8;2;214;14.5;11;7.4;10.6;9;7;0.5;-0.2;0.11;4.5;1.9;0;448;121;65;26;87696;2.18;1.82;0.39;0.42
1997;8;3;215;17.7;14.2;10;12.7;10.7;9.3;-0.1;-0.2;0.11;4.5;1.9;0;536;184;82;52;87801;2.98;0.83;0.38;0.42
1997;8;4;216;20.8;15.5;8.2;14.7;11.2;7.2;0.2;0.2;0.11;4.5;1.8;0;655;231;94;67;87870;3.93;0.24;0.37;0.42
1997;8;5;217;21.3;16.3;9.5;15.4;12.4;8.4;-0.1;0.2;0.11;4.5;1.8;0;589;201;83;63;87718;3.49;0.73;0.37;0.42
1997;8;6;218;19.3;15;11.5;15.2;13.2;10.3;-0.3;0;0.11;4.5;1.8;0;588;171;73;50;87463;2.68;9.05;0.37;0.42
1997;8;7;219;19.1;14.6;9.4;14;11.5;9.2;-0.4;0.1;0.11;4.5;1.8;0;658;187;95;51;87534;3.15;2.27;0.37;0.42
1997;8;8;220;16.3;13.4;10.9;14;12.2;10;0.4;0.4;0.11;4.5;1.8;0;369;124;65;39;87831;2.45;16.59;0.37;0.42
1997;8;9;221;18;13.6;8.5;13.3;11;8.5;-0.1;0;0.11;4.5;1.8;0;599;191;93;59;88021;3.11;1.49;0.37;0.42
1997;8;10;222;20.1;14.2;7.1;11.9;9.4;6.7;-1;0;0.11;4.5;1.8;0;744;250;116;86;87931;4.16;0.01;0.37;0.42
1997;8;11;223;22.5;15.7;7.2;14.1;11.1;6.1;-0.7;0.1;0.11;4.5;1.8;0;745;243;115;81;87824;4.09;0;0.36;0.42
1997;8;12;224;20.3;16;9.7;14.2;11.9;8.8;0.1;-0.1;0.11;4.5;1.8;0;598;208;98;72;88157;3.37;0.49;0.36;0.42
1997;8;13;225;20.7;15.3;8.6;13.2;10.4;7.6;0.4;0.1;0.11;4.5;1.8;0;703;244;108;85;88237;4.11;0.01;0.35;0.42
1997;8;14;226;19.6;15;9;14.8;11.7;7.8;0.5;0.4;0.11;4.5;1.8;0;553;190;83;62;88240;3.06;1.25;0.35;0.42
1997;8;15;227;19.3;14.6;10.2;13.8;12.1;9;0.5;0.3;0.11;4.5;1.8;0;517;180;81;53;88049;3.06;6.54;0.34;0.41
1997;8;16;228;18.3;15.2;12.3;13.3;11.6;10.9;-0.4;-0.3;0.11;4.5;1.8;0;549;182;81;57;87890;3.26;0.86;0.34;0.41
1997;8;17;229;14.7;12.8;10.9;13.5;11.8;9.7;0.4;0.3;0.11;4.4;1.8;0;162;52;44;25;87801;1.12;15.98;0.34;0.41
1997;8;18;230;16.3;12.8;8.9;11.4;10;8.6;0.2;0.3;0.11;4.4;1.8;0;421;133;87;51;87833;2.55;3.27;0.35;0.41
1997;8;19;231;17.9;13.4;6.7;11.8;8.6;5.9;-0.1;0.2;0.11;4.4;1.8;0;550;190;90;68;87766;3.21;0.34;0.35;0.41
1997;8;20;232;18.9;14.1;8.2;12.7;9.3;7;0;0.3;0.11;4.4;1.8;0;558;171;87;63;87832;2.97;0.18;0.35;0.41
1997;8;21;233;19.2;13.9;8.1;13.9;9.1;6.4;0.3;0.5;0.11;4.4;1.8;0;608;197;96;69;88010;3.39;0.44;0.34;0.41
1997;8;22;234;19.9;14.3;7.1;13.4;9;5.7;0.2;0.4;0.11;4.4;1.8;0;671;209;109;74;88153;3.53;0.02;0.34;0.41
1997;8;23;235;20;15;8;13.3;10.1;6.9;-0.1;0.3;0.11;4.4;1.8;0;635;203;108;69;87948;3.39;0.05;0.33;0.41
1997;8;24;236;18.8;14.8;10.3;15;12;9;0;0.6;0.11;4.4;1.8;0;485;165;77;56;87781;2.82;3.98;0.33;0.41
1997;8;25;237;22.1;15.9;8.3;16.8;11.6;8;0.1;0.4;0.11;4.4;1.8;0;669;212;100;68;87381;3.61;0.4;0.33;0.41
1997;8;26;238;19.2;14.5;10.5;15.3;12.6;9;0.3;0.6;0.11;4.4;1.8;0;546;161;80;48;87212;2.6;8.41;0.33;0.41
1997;8;27;239;19.5;14.3;9.7;15.8;12.7;9.6;-0.1;0.5;0.11;4.4;1.8;0;530;157;80;49;87031;2.56;2.71;0.33;0.41
1997;8;28;240;21.9;12.2;5;13.5;9.9;4.8;0.9;0.6;0.11;4.4;1.8;0;655;145;92;41;86712;3.37;21.14;0.33;0.41
1997;8;29;241;9.4;7.1;5.1;6.8;5.3;3.6;1.6;0.6;0.11;4.3;1.8;0;251;65;79;29;87389;2.31;9.7;0.35;0.41
1997;8;30;242;13.7;10;6.3;8.2;6.2;4.6;1.3;0.4;0.1;4.3;1.8;0;484;120;72;30;87816;2.48;3.7;0.35;0.41
1997;8;31;243;19.4;13.9;9.8;13.2;10.8;8.8;0.2;0.1;0.1;4.3;1.8;0;593;179;103;57;87948;2.98;3.25;0.35;0.4
1997;9;1;244;22.8;15.2;6.4;14.5;10.7;5.5;-0.4;0.4;0.1;4.3;1.8;0;694;225;122;87;87814;3.63;0;0.35;0.4
1997;9;2;245;19;14.6;9.4;15;12.4;7.8;0.2;0;0.1;4.3;1.7;0;505;140;72;37;87816;2.25;5.37;0.35;0.4
1997;9;3;246;19.1;15.6;12.9;14.9;14;12.8;0;-0.6;0.1;4.3;1.7;0;465;127;72;30;87911;2.24;1.82;0.35;0.4
1997;9;4;247;17.4;15.1;11.7;15.5;14.1;11.6;0;-0.2;0.1;4.3;1.7;0;339;121;62;31;88030;2.03;3.52;0.35;0.4
1997;9;5;248;20.7;14.8;8.2;15;11.9;8;0.1;0.5;0.1;4.3;1.7;0;601;177;94;53;88014;3.1;0.68;0.35;0.4
1997;9;6;249;17.4;13.3;9.9;15.1;12.1;8.9;0.5;0.5;0.1;4.3;1.7;0;451;120;57;43;88097;2.31;11.66;0.35;0.4
1997;9;7;250;13.2;11.7;10.3;12.4;10.1;8.1;0.5;-0.5;0.1;4.3;1.7;0;248;68;49;24;88284;1.69;7.22;0.36;0.4
1997;9;8;251;17;12.5;9;10.4;8.7;7.7;0.3;-0.3;0.1;4.3;1.7;0;650;202;118;76;88326;2.87;0.04;0.36;0.4
1997;9;9;252;17.7;12.1;7;9.9;8.1;5.9;1.6;-0.2;0.1;4.3;1.7;0;618;193;114;78;87925;2.91;0.52;0.35;0.4
1997;9;10;253;13.4;9.6;7.2;7.5;6.6;5.4;0.3;-1;0.1;4.2;1.7;0;554;157;114;62;87936;2.53;1.55;0.35;0.4
1997;9;11;254;19.8;12.6;5.1;13.6;8.6;4;-0.3;0.4;0.1;4.2;1.7;0;663;207;121;88;87590;2.94;0;0.35;0.4
1997;9;12;255;20;13.9;7.5;14.1;10.4;6.7;0.1;0.7;0.1;4.2;1.7;0;482;153;83;59;87286;2.42;0.21;0.34;0.4
1997;9;13;256;12.3;9.9;6.5;11.5;9.2;5.6;1.1;-0.3;0.1;4.2;1.7;0;59;18;45;13;87388;1.22;16.33;0.35;0.4
1997;9;14;257;9.5;6.9;4.3;5.7;3.2;1.7;-0.4;-0.9;0.1;4.2;1.7;0;436;112;61;40;88060;2.24;0.94;0.35;0.4
1997;9;15;258;13.9;8.8;4.4;6.1;3.9;2.3;-0.9;-0.2;0.1;4.2;1.7;0;657;200;128;94;88255;2.58;0;0.35;0.4
1997;9;16;259;17.6;10.7;3.4;10.3;6.4;1.8;-0.1;0.3;0.1;4.2;1.7;0;639;196;125;89;88184;2.62;0;0.35;0.4
1997;9;17;260;18;11.6;4;10.7;7.6;3;0.1;0.3;0.1;4.2;1.7;0;632;193;120;86;88274;2.61;0;0.35;0.4
1997;9;18;261;18.3;12;5.4;10.6;8.1;4.4;0.3;0.3;0.1;4.1;1.7;0;623;185;115;81;88262;2.58;0;0.34;0.4
1997;9;19;262;16.5;11;4.7;9.6;7.4;4.1;0.6;0.1;0.1;4.1;1.7;0;557;160;102;64;88147;2.27;1.88;0.34;0.4
1997;9;20;263;13;9.9;8;9.2;8.5;7.6;-0.9;-0.8;0.1;4.1;1.7;0;382;104;55;25;88124;1.63;1.78;0.34;0.4
1997;9;21;264;15.4;10.2;6.2;9.3;7.9;6.1;-0.4;-0.2;0.1;4.1;1.6;0;511;140;88;59;88041;1.74;0.01;0.34;0.4
1997;9;22;265;15.6;10.1;5.2;8.9;7.4;4.5;-0.3;0;0.1;4.1;1.6;0;576;153;101;67;88061;1.93;0.06;0.34;0.4
1997;9;23;266;15.5;10.3;5.4;9.2;7.6;4.6;-0.2;-0.1;0.1;4;1.6;0;596;165;114;72;87983;1.91;0.03;0.33;0.4
1997;9;24;267;14.9;9.2;3.3;7.6;5.7;3.2;-0.5;0;0.09;4;1.6;0;602;175;121;84;88046;2.17;0;0.33;0.4
1997;9;25;268;15.8;9.7;3.3;8.7;6.6;3.1;-0.8;-0.1;0.09;4;1.6;0;598;172;120;87;88201;1.91;0.02;0.33;0.4
1997;9;26;269;16.3;10;4.3;8.5;6.3;3.4;-0.4;0.1;0.09;4;1.6;0;607;176;132;92;88092;2.04;0;0.33;0.39
1997;9;27;270;16.2;9.6;3.4;9.4;5.4;2;0.1;0.3;0.09;4;1.6;0;591;172;124;87;87599;2.07;0;0.32;0.39
1997;9;28;271;16.3;10;3.3;9.5;6.1;2;0.1;0.3;0.09;4;1.6;0;583;164;120;80;87515;1.9;0;0.32;0.39
1997;9;29;272;16.2;10.1;4.8;9.1;6.3;3.9;0.4;0.4;0.09;3.9;1.6;0;574;166;117;78;87957;1.96;0;0.32;0.39
1997;9;30;273;15.6;10.8;5.2;8.5;6.5;4.1;0.8;0.4;0.09;3.9;1.6;0;472;119;91;44;88178;1.6;0.17;0.32;0.39
1997;10;1;274;13.8;11.6;9.8;9.6;8.4;6.6;1.6;0.4;0.09;3.9;1.6;0;268;67;58;31;87756;1.35;2.64;0.31;0.39
1997;10;2;275;13.8;10.3;6.4;10.2;8.5;5.7;2.5;-0.1;0.09;3.9;1.6;0;400;92;74;28;87280;2.41;9.83;0.32;0.39
1997;10;3;276;9.7;6.6;4.9;5.2;4;3;0.7;-0.9;0.09;3.9;1.6;0;322;91;80;38;87634;1.87;2.32;0.32;0.39
1997;10;4;277;15.1;8.5;1.4;8;4.4;1.2;0.3;0.2;0.09;3.8;1.5;0;556;156;121;83;87856;1.86;0;0.32;0.39
1997;10;5;278;17.5;9.2;1.1;9.4;4.8;0;0.1;0.7;0.09;3.8;1.5;0;556;158;126;88;87644;1.97;0;0.32;0.39
1997;10;6;279;17.9;9.9;2;9.5;5.7;1.4;-0.2;0.7;0.09;3.8;1.5;0;536;151;115;79;87177;1.94;0;0.32;0.39
1997;10;7;280;18.2;11.5;5.6;12.4;8.4;4.4;0.1;1;0.09;3.8;1.5;0;449;115;83;45;86968;1.72;5.67;0.32;0.39
1997;10;8;281;17.1;11.4;5.8;11.1;8.9;5.5;0.1;0.6;0.09;3.8;1.5;0;489;116;97;47;87471;1.7;0.55;0.32;0.39
1997;10;9;282;19.1;12.9;8.7;10;7.9;6.6;0.8;0.8;0.09;3.7;1.5;0;489;130;99;58;87489;2.09;0;0.32;0.39
1997;10;10;283;13.4;10.4;7;12;8.7;5.8;1.1;0.6;0.09;3.7;1.5;0;174;45;50;31;86922;1.24;16.11;0.32;0.39
1997;10;11;284;10.2;7.3;4.4;5.6;2.5;0.4;1.6;0;0.09;3.7;1.5;0;448;118;111;65;86629;1.83;0.82;0.33;0.39
1997;10;12;285;7.3;4.3;1.2;5.5;3.3;1;1.6;0.5;0.1;3.7;1.5;0.32;356;58;48;20;86028;2.3;21.43;0.33;0.39
1997;10;13;286;4.2;1.5;-0.6;1.9;-0.3;-2.3;1.1;0;0.18;3.7;1.5;2.75;341;92;84;44;86831;1.57;7.93;0.34;0.39
1997;10;14;287;1.4;-0.5;-1.9;0.7;-1;-2.6;1.2;-0.1;0.3;3.6;1.5;7.1;191;44;53;23;87202;0.87;12.76;0.35;0.39
1997;10;15;288;2.9;-0.2;-4.5;-1.2;-2.8;-5.6;1.1;0.4;0.43;3.6;1.5;13.17;200;48;47;25;87073;0.95;3.4;0.35;0.39
1997;10;16;289;4.1;2.7;0.7;3.6;1.8;-1.3;0.1;0.3;0.4;3.6;1.5;12.81;57;14;21;4;87112;0.18;7.71;0.35;0.39
1997;10;17;290;10.2;4.3;-0.9;4.6;2.2;-1.3;-0.1;0.4;0.34;3.6;1.4;9.47;291;77;82;52;87639;0.7;0;0.36;0.39
1997;10;18;291;14.5;6.2;-1.5;8.4;3.2;-3.1;0;0.5;0.25;3.6;1.4;5.79;393;102;95;62;88047;0.88;0;0.36;0.39
1997;10;19;292;15;7.1;0.3;9.4;4.7;0;0;0.5;0.17;3.6;1.4;2.99;435;112;103;66;87803;1.04;0;0.36;0.39
1997;10;20;293;14;7.4;0.6;7.6;4.4;-0.5;0.1;0.2;0.13;3.6;1.4;1.52;455;120;114;65;87245;1.23;0.4;0.36;0.39
1997;10;21;294;6.7;4.7;2.7;6.6;4.4;2.6;-0.8;-0.7;0.1;3.6;1.4;0.74;108;23;10;3;87107;0.62;1.79;0.36;0.39
1997;10;22;295;10.3;5.3;1.1;5.2;3.6;1;-0.2;0;0.09;3.6;1.4;0.43;428;107;111;65;87009;1.02;0;0.36;0.39
1997;10;23;296;10.7;4.5;-0.4;3.7;1.6;-1;0;0;0.09;3.5;1.4;0.25;459;116;128;83;86952;1.09;0;0.36;0.39
1997;10;24;297;2.1;0.5;-0.8;0.4;-1.4;-2.2;0;-1;0.1;3.5;1.4;0.62;225;55;71;33;87426;0.56;1.06;0.36;0.39
1997;10;25;298;4.2;0.8;-2;-1.5;-2.7;-3.6;0.7;-0.6;0.1;3.5;1.4;0.82;372;92;94;55;87902;0.78;0.04;0.36;0.39
1997;10;26;299;4;1.7;0.3;0.5;-0.6;-1.8;0.3;-0.6;0.1;3.5;1.4;0.7;211;53;45;30;87850;0.51;0.82;0.36;0.39
1997;10;27;300;1.6;-1.1;-4.5;0.1;-2.7;-9.1;-0.9;-1;0.13;3.5;1.4;2.12;201;42;42;25;87728;0.86;3.3;0.36;0.39
1997;10;28;301;-0.2;-4;-6.1;-9.2;-9.6;-9.9;-2;-0.6;0.16;3.5;1.4;2.89;416;103;120;88;87989;0.65;0.01;0.36;0.39
1997;10;29;302;2.8;-3.5;-8;-7.8;-9.8;-12.9;-1.1;0;0.15;3.5;1.4;2.79;422;108;134;100;88360;0.21;0;0.36;0.39
1997;10;30;303;5.6;-0.9;-6.5;-4.9;-7.8;-10.6;-0.5;0.1;0.14;3.5;1.4;2.57;423;108;139;92;87902;0.14;0;0.36;0.39
1997;10;31;304;5.7;1.1;-1.5;-1.5;-3.3;-5;-0.1;0.1;0.13;3.5;1.4;2.2;391;97;104;70;87790;0.12;0;0.36;0.39
1997;11;1;305;7.7;1.5;-2.9;1.7;-1.5;-4.5;0;0.5;0.12;3.5;1.4;1.72;393;98;106;72;87720;0.28;0;0.35;0.39
1997;11;2;306;8;1.8;-2.5;2.3;-1.2;-4.4;0.1;0.6;0.11;3.5;1.4;1.26;394;98;108;74;87472;0.49;0;0.35;0.39
1997;11;3;307;8.5;1.5;-3.4;3.3;-0.7;-4.8;-0.4;0.3;0.1;3.4;1.4;0.89;398;99;111;78;87174;0.44;0;0.35;0.39
1997;11;4;308;10;2.5;-2.3;5.1;0.2;-3.2;-0.2;0.7;0.09;3.4;1.4;0.6;391;95;112;70;86929;0.52;0;0.35;0.39
1997;11;5;309;10.6;3.6;-1.5;3.8;0.1;-2.8;-0.4;1.5;0.09;3.4;1.4;0.4;360;80;101;49;86614;0.63;0.42;0.35;0.38
1997;11;6;310;13.5;7;2.6;6.9;3.5;0.2;-0.4;1.9;0.09;3.4;1.4;0.26;310;72;83;42;85642;0.81;0.54;0.35;0.38
1997;11;7;311;11.1;5.8;1.8;8.8;4.2;1.5;-0.1;0.4;0.08;3.4;1.4;0.13;388;86;100;54;85864;0.86;3.34;0.35;0.38
1997;11;8;312;7.2;3.8;0.2;4.7;2.4;-0.3;0.3;0.8;0.08;3.4;1.4;0.11;202;48;73;36;86149;0.68;3.65;0.35;0.38
1997;11;9;313;4.4;0;-3.6;3.1;-0.8;-4.6;0;1.4;0.09;3.4;1.4;0.71;121;26;87;51;86124;0.46;4.76;0.35;0.38
1997;11;10;314;7;0.3;-4.4;1.8;-2.2;-5.5;-0.2;1.1;0.12;3.4;1.4;1.43;363;80;105;68;86282;0.79;0.04;0.36;0.38
1997;11;11;315;7.1;1.5;-2.2;2.9;-1.6;-4.5;-0.3;1;0.11;3.4;1.4;1.34;306;72;98;57;86143;0.71;1.48;0.36;0.38
1997;11;12;316;5.4;0.8;-2.6;3.7;-0.5;-3.6;0.3;0.7;0.11;3.4;1.4;1.46;174;37;69;40;85743;0.28;6.78;0.36;0.38
1997;11;13;317;2.5;-0.5;-3.3;-1.1;-2.6;-4.4;0.5;-0.1;0.14;3.3;1.4;2.53;234;55;69;43;86405;0.72;0.43;0.36;0.38
1997;11;14;318;2.3;-0.1;-2.3;-2;-3.3;-4.8;0.3;-0.1;0.14;3.3;1.3;2.51;304;63;92;55;86948;0.38;0.09;0.36;0.38
1997;11;15;319;4.1;0.6;-2.1;-2.5;-4.4;-6.1;0.3;0.7;0.13;3.3;1.3;2.34;312;67;95;54;87530;0.24;0;0.36;0.38
1997;11;16;320;2.9;1.1;-0.4;2.7;0.2;-5.6;0.7;0.1;0.16;3.3;1.3;3.03;74;14;28;5;87381;0.19;9.16;0.36;0.38
1997;11;17;321;2.9;0.1;-2.8;0.3;-1.1;-3.9;-0.8;-0.2;0.16;3.3;1.3;3.11;200;47;80;43;87379;0.59;0.16;0.36;0.38
1997;11;18;322;4.8;-0.1;-3;-0.9;-3.2;-5.9;-0.4;-0.1;0.15;3.3;1.3;2.82;321;72;114;74;86849;0.29;0.04;0.36;0.38
1997;11;19;323;2.8;-1.4;-3.9;-3.2;-4.8;-6.7;-0.7;0;0.14;3.3;1.3;2.67;327;76;126;82;86190;0.17;0.03;0.36;0.38
1997;11;20;324;2;-1.2;-4.8;-1.1;-5.4;-10.6;0.1;1.1;0.15;3.3;1.3;2.77;137;32;69;33;86185;0.11;0.73;0.36;0.38
1997;11;21;325;3.9;0.5;-2.3;1.1;-1.1;-3.8;0.2;0.6;0.17;3.3;1.3;3.59;257;56;76;46;86732;0.37;1.81;0.36;0.38
1997;11;22;326;3.2;-0.5;-3;0.1;-2.5;-5.4;-0.4;0.1;0.17;3.3;1.3;3.38;270;58;94;63;86865;0.17;0;0.36;0.38
1997;11;23;327;0.9;-1.2;-2.5;-1.5;-2.4;-3.8;-0.4;-0.5;0.16;3.3;1.3;3.44;187;39;62;43;87250;0.08;0.64;0.36;0.38
1997;11;24;328;4.8;-0.4;-4.1;-1.3;-3.5;-5.6;-0.6;0.4;0.17;3.3;1.3;3.59;303;65;115;64;87064;0.1;0;0.36;0.38
1997;11;25;329;6.1;0.6;-3.3;0.4;-3.8;-7.9;-0.1;1;0.16;3.3;1.3;3.21;251;55;93;56;86671;0.07;0;0.36;0.38
1997;11;26;330;6.7;0.3;-3.6;1.6;-2.2;-5.2;-0.2;0.8;0.15;3.3;1.3;2.77;286;63;102;66;86736;0.09;0;0.36;0.38
1997;11;27;331;5.5;-0.8;-3.8;0.1;-3.7;-6;0.1;1;0.13;3.3;1.3;2.42;272;60;104;63;87063;0.1;0;0.36;0.38
1997;11;28;332;6.6;0.6;-3.4;1.7;-2.6;-5.6;0.1;1.1;0.13;3.3;1.3;2.12;267;56;95;43;87036;0.09;0.74;0.36;0.38
1997;11;29;333;6;1.6;-0.7;4;0.4;-2.9;0;0.8;0.12;3.3;1.3;1.95;229;45;63;27;86725;0.31;3.55;0.36;0.38
1997;11;30;334;1.8;0.1;-1.1;1.7;-0.2;-1.6;0.5;0.4;0.17;3.3;1.3;3.62;91;18;23;13;86520;0.22;6.07;0.37;0.38
1997;12;1;335;0.2;-1;-2.3;-0.1;-1.4;-2.5;0.5;-0.1;0.24;3.3;1.3;5.94;62;13;18;8;86651;0.24;6.72;0.37;0.38
1997;12;2;336;1.3;-1.8;-4.3;-1;-2.7;-4.9;-0.3;0;0.33;3.3;1.3;9.35;124;24;45;23;85665;0.25;7.71;0.37;0.38
1997;12;3;337;-2.5;-5.2;-6.6;-3.6;-7;-8.2;1.4;-0.1;0.5;3.3;1.3;21.34;53;10;16;12;85823;0.23;10.83;0.37;0.38
1997;12;4;338;-3.5;-5.8;-8.1;-6;-7.2;-8.8;-0.3;-0.1;0.52;3.3;1.3;26.94;159;30;93;42;86698;0.1;0.32;0.37;0.38
1997;12;5;339;-4.5;-8.8;-16.2;-6.7;-10.3;-17.6;-0.1;0.4;0.52;3.3;1.3;27.14;145;28;77;36;87278;0.06;0.44;0.37;0.38
1997;12;6;340;-3.6;-9.1;-15.1;-8.2;-11.8;-16.4;0.1;0.8;0.51;3.3;1.3;27.36;160;33;86;41;87545;0.08;0.04;0.36;0.38
1997;12;7;341;2;-6;-13.3;-2.5;-8.9;-15.9;-0.1;1.2;0.51;3.3;1.4;27.31;122;24;71;26;87350;0.09;0;0.36;0.38
1997;12;8;342;3.3;-3.8;-11.8;-0.2;-5.9;-13.5;0.2;1.3;0.5;3.3;1.4;26.82;116;24;45;25;86929;0.01;1.23;0.36;0.38
1997;12;9;343;3.6;-1;-5.5;1.9;-2.1;-6.8;0.3;0.9;0.49;3.3;1.4;26.06;115;22;51;29;87078;-0.03;0.64;0.37;0.38
1997;12;10;344;3.8;-1.2;-5.6;0.5;-3.1;-6.6;0.3;1.3;0.46;3.3;1.4;25.07;160;32;80;33;87129;0.09;1.04;0.37;0.38
1997;12;11;345;3.6;2.2;0.9;2.6;0.9;-1.3;0.6;1.5;0.42;3.3;1.4;23.05;53;10;18;2;86845;-0.06;11.52;0.37;0.38
1997;12;12;346;2.6;0.8;-1.1;1.5;-0.6;-1.6;2.2;0.5;0.39;3.3;1.4;21.31;158;31;78;27;86692;0.51;18.7;0.39;0.38
1997;12;13;347;-1.2;-2.4;-4.5;-1.6;-3;-5.3;1.4;-0.4;0.52;3.3;1.4;47.17;32;6;27;11;87750;0.18;26.21;0.39;0.38
1997;12;14;348;-2.2;-4.6;-7.4;-5;-6.7;-9.5;1.1;0.5;0.53;3.3;1.4;59.22;117;21;56;25;87689;0.18;9.99;0.39;0.38
1997;12;15;349;-4.4;-6.5;-8.8;-6.4;-7.8;-9.9;-1;-0.5;0.53;3.3;1.4;67.19;101;20;48;25;87318;0.11;1.86;0.39;0.38
1997;12;16;350;-6.5;-11.2;-16.2;-10.4;-13.8;-19;-0.9;0.9;0.53;3.3;1.3;68.42;152;32;83;63;87188;0.03;0.1;0.38;0.38
1997;12;17;351;-3.8;-9.2;-16.5;-7.3;-12.6;-19.5;-0.4;2.2;0.53;3.3;1.3;68.44;111;23;58;29;86800;0.07;0;0.38;0.38
1997;12;18;352;2;-1.2;-4.9;-1.6;-4.2;-7.6;-0.3;2.1;0.52;3.3;1.3;68.39;118;24;52;26;86648;0.19;0.06;0.38;0.38
1997;12;19;353;3;-0.1;-2.2;0;-2.9;-4.8;-0.2;1.9;0.51;3.3;1.3;68.04;141;25;74;46;86224;0.16;0.02;0.38;0.38
1997;12;20;354;1.5;-0.7;-2.6;-0.2;-2.2;-5;0.3;1.1;0.5;3.3;1.3;68.67;55;11;40;19;85784;0.01;5.9;0.38;0.38
1997;12;21;355;2.4;-0.2;-1.6;1.2;-1.2;-3.1;0.3;0.6;0.49;3.2;1.3;72.29;82;15;33;17;86156;0.03;14.55;0.38;0.38
1997;12;22;356;-0.2;-1.4;-2;-1.3;-1.8;-2.4;0;-0.3;0.5;3.2;1.3;81.59;67;13;28;15;86760;0.07;4.78;0.39;0.38
1997;12;23;357;2.1;-2.5;-8.3;-0.2;-4.2;-9.6;0.3;0.8;0.49;3.2;1.3;83.32;135;26;69;43;87414;-0.02;0.04;0.39;0.38
1997;12;24;358;3.3;-2.1;-5.6;0.9;-4.1;-8;0.3;1.3;0.49;3.2;1.3;83.58;87;15;66;26;88052;-0.02;0.72;0.39;0.38
1997;12;25;359;6.5;0.4;-4;3.2;-1.8;-5.9;0.3;1.4;0.48;3.2;1.3;83.28;145;28;79;26;87569;-0.03;0.87;0.39;0.38
1997;12;26;360;2.2;-0.4;-6;0.7;-2;-7.5;0.6;1.2;0.47;3.2;1.3;85.09;73;14;74;32;86736;0.03;5.42;0.39;0.38
1997;12;27;361;-1;-4.3;-6.1;-4.4;-6.9;-9.3;1;0.8;0.47;3.2;1.3;85.45;147;30;86;52;86601;0.11;1.35;0.39;0.38
1997;12;28;362;-2.4;-5.3;-7.8;-4.9;-7.9;-11;0.7;0.7;0.49;3.2;1.3;90.39;90;18;64;30;86759;0.05;5.86;0.39;0.38
1997;12;29;363;-2.3;-7.4;-12.4;-6.9;-11.3;-15.9;0.3;1.1;0.5;3.2;1.3;92.55;114;20;61;30;86754;0.04;0.56;0.39;0.38
1997;12;30;364;1.2;-7.2;-13.2;-3.8;-11.4;-16.9;0.1;1.5;0.5;3.2;1.3;92.9;156;32;79;49;86948;0.01;0;0.38;0.38
1997;12;31;365;0.4;-6.7;-12.4;-4.8;-11.2;-17;0;1.8;0.49;3.2;1.3;92.93;159;33;77;50;86977;0.08;0;0.38;0.38
1998;1;1;1;1.7;-4.4;-8;-2.4;-7.8;-11;0.1;1.7;0.49;3.1;1.3;92.91;140;30;80;43;87146;0.03;0;0.38;0.38
1998;1;2;2;1.9;-2.1;-5.7;-1.2;-4.9;-8.8;0.2;1.5;0.49;3.1;1.3;93.64;119;25;73;27;86209;0.02;2.99;0.38;0.38
1998;1;3;3;0.8;-1.3;-5.2;-2.7;-4.4;-7.1;0.6;1.4;0.48;3.1;1.3;95.34;127;23;68;35;86533;0.26;3.84;0.38;0.38
1998;1;4;4;1.1;-2;-4.5;-1.5;-6;-11;0.9;1.2;0.48;3.1;1.3;98.47;167;35;109;65;86743;0.34;3.5;0.38;0.38
1998;1;5;5;0.4;-4.1;-7.7;-6.3;-9.2;-13.1;0.8;1.5;0.49;3.1;1.3;100.88;168;35;102;61;86671;0.28;0.58;0.38;0.38
1998;1;6;6;-0.9;-2.9;-5.4;-2.9;-5.3;-10.8;1.5;0.9;0.5;3.1;1.3;104.06;102;21;59;22;86995;0.11;5.57;0.38;0.38
1998;1;7;7;4.7;0.1;-3.9;1.4;-2.1;-5.6;0.6;1.2;0.49;3.1;1.3;106.07;155;31;81;35;87569;0.05;0.42;0.38;0.38
1998;1;8;8;3.6;-2.9;-7.4;-1.6;-5.9;-10.8;0.6;1.2;0.49;3.1;1.3;105.22;165;35;93;59;88206;0.07;0;0.38;0.38
1998;1;9;9;4.9;-3.7;-8.3;-1;-8.4;-14;0.3;1.3;0.48;3.1;1.3;104.94;167;36;87;56;88595;0.03;0;0.38;0.39
1998;1;10;10;4.5;-4.6;-9;-0.6;-8.9;-14.2;0.1;1.6;0.48;3.1;1.2;104.63;173;37;90;59;88467;0.05;0;0.38;0.39
1998;1;11;11;2.5;-5.7;-11;-2;-10.2;-16.2;0.1;1.9;0.48;3.1;1.2;104.34;179;39;90;58;88040;0.13;0;0.38;0.39
1998;1;12;12;6;-2.6;-8.6;1.7;-7.1;-12.7;0.2;1.4;0.47;3;1.2;104;176;38;86;51;87722;-0.03;0;0.38;0.39
1998;1;13;13;4;-2.6;-6.2;-1.2;-7.5;-11.5;0.1;1.6;0.47;3;1.2;103.55;172;36;90;50;87039;0.04;0;0.38;0.39
1998;1;14;14;3.2;-2.1;-7.3;-1.5;-5.6;-10.8;0.5;0.9;0.47;3;1.2;103.41;174;37;81;38;87089;0.06;0.85;0.37;0.39
1998;1;15;15;2.5;-0.4;-3;-1.3;-2.5;-4.5;0.1;0.5;0.47;3;1.2;104.14;180;37;85;41;87683;0.08;0.36;0.37;0.39
1998;1;16;16;1.7;-1.7;-4.4;-1;-3.7;-6.8;0.2;1.1;0.46;3;1.2;104.77;74;15;34;17;86971;0;3.19;0.37;0.39
1998;1;17;17;-0.9;-3.2;-10;-1.6;-4.7;-12.5;1.2;0.2;0.49;3;1.2;112.77;102;22;86;42;87698;0.22;8.23;0.37;0.39
1998;1;18;18;-1.1;-6.4;-12.3;-7.1;-11.7;-17.6;0;1.8;0.5;3;1.2;114.8;155;33;71;44;86939;0.25;0.41;0.37;0.39
1998;1;19;19;0.7;-2.1;-5.9;-3.3;-6.1;-10.7;1.5;1;0.5;3;1.2;117.59;169;33;87;31;85690;0.33;7.5;0.37;0.39
1998;1;20;20;-2.6;-4.9;-5.9;-4;-7.3;-9.7;1.7;-0.3;0.53;3;1.2;129.61;125;24;56;21;86610;0.41;14.47;0.37;0.39
1998;1;21;21;-5;-6.5;-8.9;-6.5;-7.7;-9.8;0.1;-1;0.54;3;1.2;143.72;122;24;44;22;87899;0.06;11.25;0.37;0.39
1998;1;22;22;-6.7;-8.6;-10.7;-8.4;-10.1;-11.9;-0.7;-0.3;0.54;3;1.2;147.87;150;29;59;33;87774;0.04;0.5;0.37;0.39
1998;1;23;23;-4.2;-7.9;-14.4;-6.6;-10.2;-16.2;-0.4;0.2;0.53;3;1.2;148.11;153;35;61;45;87506;0.02;0.07;0.37;0.39
1998;1;24;24;-4.1;-7.9;-12.5;-6.1;-10.1;-15.2;0.1;0.2;0.53;3;1.2;148.96;129;29;44;26;87175;-0.02;2.93;0.37;0.39
1998;1;25;25;-4.4;-7.4;-10;-6.6;-8.8;-11.3;-0.9;-0.3;0.53;3;1.2;151.49;158;35;67;51;87320;-0.09;0.51;0.37;0.38
1998;1;26;26;-6.4;-10.6;-14.7;-9.8;-13.1;-17.3;-0.6;0.3;0.53;3;1.2;151.92;178;41;82;61;87634;-0.01;0.23;0.37;0.38
1998;1;27;27;-3.2;-13.3;-21;-9.6;-17.9;-24.3;0;1.1;0.53;3;1.2;152.03;199;45;95;64;87211;0.04;0;0.36;0.38
1998;1;28;28;-1.5;-13.5;-23.4;-8.7;-18.6;-26.5;0.3;1.2;0.52;3;1.2;152.02;203;47;90;56;87045;0.04;0;0.36;0.38
1998;1;29;29;-4.6;-10.9;-17.6;-8.1;-14;-21.2;0;0.6;0.52;3;1.2;152.49;140;33;64;33;87174;-0.05;0.76;0.36;0.38
1998;1;30;30;-2;-11.1;-19;-7.6;-14.9;-21.7;0.2;0.9;0.52;3;1.2;152.85;176;43;83;52;87010;0.01;0.02;0.36;0.38
1998;1;31;31;-3.6;-11.6;-20.4;-8.6;-14.8;-23.8;-0.3;0.4;0.51;3;1.2;152.92;176;42;63;41;86879;-0.02;0.32;0.36;0.38
1998;2;1;32;-3.7;-11;-17;-9.1;-14.2;-19.5;-0.3;0.6;0.51;3;1.2;153.27;218;50;93;64;86659;0.02;0.05;0.36;0.38
1998;2;2;33;-1.1;-11.5;-21.3;-8.2;-16.4;-24.1;0.3;1;0.51;3;1.2;153.25;207;48;77;52;86343;0.03;0;0.36;0.38
1998;2;3;34;-3.5;-9.9;-16.1;-8.3;-13.1;-18.8;0.1;0.4;0.51;3;1.2;153.33;206;49;83;50;86471;-0.03;0.14;0.36;0.38
1998;2;4;35;0.1;-9.6;-18.3;-6.9;-13.8;-20.8;-0.2;0.9;0.5;3;1.2;153.42;234;56;102;72;86556;0.04;0;0.36;0.38
1998;2;5;36;0.7;-9.5;-18.7;-7;-15;-22.6;0.1;1;0.5;3;1.2;153.4;234;57;97;67;87200;0.01;0;0.36;0.38
1998;2;6;37;1.2;-9.3;-19.2;-6.5;-14.7;-22.4;-0.1;1.1;0.5;3;1.2;153.35;234;57;90;60;87580;0.08;0;0.36;0.38
1998;2;7;38;4.6;-7;-18.5;-4.2;-12.4;-21.1;0.7;0.9;0.49;3;1.2;153.38;243;57;94;51;87623;0.04;1.18;0.36;0.38
1998;2;8;39;-1.6;-5.7;-13.3;-5.8;-9.2;-15.7;0.6;0.3;0.5;3;1.2;155.24;209;52;92;53;88240;0.12;0.97;0.36;0.38
1998;2;9;40;5.7;-6.9;-17.3;-1.9;-11.6;-19.7;0.1;1.4;0.5;3;1.2;155.35;236;58;87;55;88334;0.04;0;0.36;0.38
1998;2;10;41;8.1;-3.5;-12.6;2.9;-6.9;-14.6;0.2;1.4;0.49;3;1.2;155.22;239;60;91;59;88552;-0.01;0;0.35;0.38
1998;2;11;42;9.3;-2.7;-11.6;1.1;-6.6;-13.3;0.2;1.5;0.49;3;1.2;154.72;252;63;97;66;88682;0.17;0;0.35;0.38
1998;2;12;43;8;-1.7;-9.9;1.1;-5.7;-12;0.6;1.3;0.48;3;1.2;153.74;248;61;90;64;88713;0.02;0;0.35;0.38
1998;2;13;44;8.5;1.1;-5.7;-0.4;-4.5;-9.3;0.3;0.9;0.47;3;1.2;152.14;256;63;84;58;88893;0.01;0;0.36;0.38
1998;2;14;45;7.2;1.9;-3.6;3.5;-0.8;-6.2;-0.3;0.7;0.46;3;1.2;149.89;220;59;89;55;88857;-0.19;0;0.36;0.38
1998;2;15;46;9.1;1.4;-4.7;1.6;-2.7;-7.3;0.2;1;0.46;3;1.2;146.9;274;69;101;65;88727;-0.01;0;0.36;0.38
1998;2;16;47;9.4;2.1;-5.4;1.5;-3.2;-8;1.3;0.8;0.45;3;1.2;143.55;266;61;93;48;87976;0.16;1.68;0.36;0.38
1998;2;17;48;2.1;0.4;-1;1.4;-0.2;-1.4;1.3;-0.1;0.45;3;1.2;141.11;61;14;45;14;88435;0.01;5.5;0.37;0.38
1998;2;18;49;7.8;1;-4.5;-0.3;-2.5;-5.9;-0.2;0.5;0.44;3;1.2;140.26;291;71;98;64;88844;0.07;0.13;0.37;0.38
1998;2;19;50;7.7;1.4;-6.1;-0.3;-4;-9.2;0.9;0.6;0.43;3;1.2;137.15;298;77;101;73;88492;0.24;0;0.37;0.38
1998;2;20;51;11.4;1.9;-6;2.2;-3.2;-7.9;-0.2;1;0.42;3;1.2;133.53;315;82;118;79;88158;0.03;0;0.37;0.38
1998;2;21;52;12.5;1.9;-6.3;2;-3.8;-9.7;0.1;1.4;0.42;3;1.2;129.42;300;77;98;70;87740;0.06;0;0.38;0.38
1998;2;22;53;6.6;0.4;-4.3;1.7;-2.1;-6.3;0.3;0.2;0.41;3;1.2;126.3;280;61;80;31;87547;0.04;11.94;0.38;0.38
1998;2;23;54;2;0.4;-1.2;0.7;-0.4;-1.4;0.3;-0.2;0.48;3;1.2;132.82;108;27;32;10;88177;0.08;5.21;0.38;0.39
1998;2;24;55;4;1.8;0.1;0.5;-0.3;-0.9;0.1;-0.4;0.46;3.1;1.2;130.93;247;58;81;22;88688;0.15;1.12;0.38;0.39
1998;2;25;56;2.6;1.7;0.8;2.5;1.1;-0.2;0.1;-0.2;0.45;3.1;1.3;128.18;76;15;5;-1;88817;-0.04;4.06;0.39;0.39
1998;2;26;57;8.2;3.6;-2;2.9;1;-3.5;-0.1;0.1;0.43;3.1;1.3;123.46;314;82;98;60;88618;0.05;0;0.39;0.39
1998;2;27;58;8;1.6;-5.4;0.8;-2.8;-7.7;0.7;0.7;0.41;3.1;1.3;118.6;337;90;105;73;87940;0.21;0;0.39;0.39
1998;2;28;59;4.6;0.3;-4.5;0;-2.6;-6.2;1.6;0.3;0.39;3.1;1.3;115.95;274;74;78;50;87033;0.33;1.95;0.39;0.39
1998;3;1;60;-0.9;-2.5;-4.4;-2.3;-4.6;-7.2;1.2;-0.1;0.46;3.1;1.3;122.28;156;39;80;32;87182;0.54;8.5;0.39;0.39
1998;3;2;61;2.9;-3;-8.9;-3;-7.3;-11.7;1.1;0.8;0.48;3.1;1.3;123.99;314;84;102;70;87615;0.32;0;0.39;0.39
1998;3;3;62;7.9;-1.1;-12.8;-0.8;-6.8;-14.9;0.7;1.4;0.46;3.1;1.3;122.38;320;81;90;50;87498;0.27;0;0.39;0.39
1998;3;4;63;13;4.8;-1.2;2.8;-0.6;-5.1;0.4;1.6;0.43;3.1;1.3;118.7;308;76;81;42;87104;0.36;0;0.39;0.39
1998;3;5;64;2.2;0;-3.1;0.2;-2.8;-5.8;2.4;0.3;0.41;3.1;1.3;117.59;338;67;86;34;87276;1.06;8.18;0.39;0.39
1998;3;6;65;4.5;-0.9;-7.5;0.2;-6.1;-11.9;1.3;1.2;0.43;3.1;1.3;120.68;316;68;97;47;87722;0.76;5.91;0.39;0.39
1998;3;7;66;9.8;4.4;1.6;2.3;0;-2.2;1.8;0.8;0.4;3.2;1.3;119.95;366;86;97;37;87114;0.82;2.69;0.39;0.39
1998;3;8;67;2.1;0.3;-3.1;-0.3;-1.9;-4.7;1.8;0.6;0.39;3.2;1.3;119.45;257;65;78;47;86472;0.88;9.63;0.4;0.39
1998;3;9;68;-2.3;-5.9;-10.8;-3;-9.8;-15.4;0.5;-0.9;0.49;3.2;1.3;128.95;271;61;83;42;87188;0.68;11.14;0.39;0.39
1998;3;10;69;-3.8;-9.3;-14.7;-10.2;-14.1;-17.4;0.9;0.3;0.51;3.2;1.3;132.09;280;75;78;58;88029;0.31;1.96;0.39;0.4
1998;3;11;70;0.9;-8.1;-18.8;-9.5;-15.2;-22.2;-0.2;0.8;0.51;3.2;1.3;132.48;275;76;85;56;86825;0.3;0;0.39;0.4
1998;3;12;71;0.9;-4.4;-9.9;-3.2;-8.1;-14.3;0.7;0.1;0.51;3.2;1.3;133.53;263;66;60;26;87003;0.18;6.96;0.39;0.4
1998;3;13;72;-1.6;-4.1;-7.8;-5;-6.7;-9.7;0.8;-0.6;0.52;3.2;1.3;140.66;249;65;60;30;87723;0.29;2.55;0.39;0.4
1998;3;14;73;0.5;-3.1;-8.1;-2.6;-5.8;-10.3;1.7;0.6;0.52;3.2;1.3;141.77;170;42;32;16;87874;0.21;4.98;0.38;0.4
1998;3;15;74;0.7;-1.2;-2.2;-0.3;-1.8;-2.6;1.4;-0.3;0.53;3.2;1.3;154.93;138;30;31;8;87934;0.03;20.3;0.38;0.4
1998;3;16;75;1.5;-0.1;-1.7;-0.5;-1.1;-2.2;1.2;0.2;0.53;3.2;1.3;172.31;109;22;16;4;88070;0.04;13.2;0.38;0.4
1998;3;17;76;2.9;0.7;-0.8;1.1;0;-0.9;1.1;-0.3;0.51;3.3;1.3;176.16;120;27;21;7;88192;-0.04;8.35;0.38;0.4
1998;3;18;77;3.8;1.2;-1.7;-0.1;-0.9;-1.9;0.6;-0.3;0.49;3.3;1.3;175.08;270;77;80;40;88574;0.17;0.5;0.39;0.4
1998;3;19;78;0.2;-1.6;-4.6;-1.5;-3.1;-5.9;0.9;-0.4;0.49;3.3;1.3;180.33;233;57;81;35;88665;0.45;11.71;0.39;0.4
1998;3;20;79;-0.4;-3.2;-5.9;-4.1;-5.2;-7.4;1.8;-0.4;0.5;3.3;1.3;185.79;235;66;56;37;88276;0.55;9.63;0.39;0.4
1998;3;21;80;-3.3;-5.4;-12.2;-4.8;-8.5;-14.7;0.5;-0.7;0.53;3.3;1.3;200.06;297;71;86;44;87995;0.56;9.26;0.38;0.4
1998;3;22;81;-2.4;-7.8;-14.9;-8.7;-12.8;-17.7;0.5;0.2;0.53;3.3;1.3;201.87;288;82;70;47;88082;0.35;0.95;0.38;0.4
1998;3;23;82;-2.7;-5.7;-8.9;-4.8;-7.7;-11.7;-0.1;0.4;0.53;3.3;1.3;210.18;88;25;32;13;87475;0;19.36;0.38;0.4
1998;3;24;83;-1.7;-5.6;-9.2;-7.4;-10;-11.4;-0.7;-0.5;0.54;3.4;1.4;222.13;331;99;87;63;87793;0.3;0.64;0.38;0.4
1998;3;25;84;-2.9;-7.4;-13.5;-9.6;-11.9;-15.8;-0.7;0.2;0.53;3.4;1.4;222.1;318;100;95;72;88081;0.18;0.03;0.38;0.4
1998;3;26;85;3.4;-5.6;-17.6;-4;-11.7;-20.3;0.2;0.7;0.53;3.4;1.4;222;367;113;105;79;87586;0.14;0;0.38;0.4
1998;3;27;86;4.1;-2.5;-12.6;-2;-7;-15;0.3;0.8;0.53;3.4;1.4;221.93;230;54;58;22;87609;0.12;0.1;0.37;0.4
1998;3;28;87;10.5;2.4;-6.8;3.2;-2;-8.2;-0.2;0.7;0.52;3.4;1.4;220.16;360;110;85;57;87564;-0.02;0;0.37;0.4
1998;3;29;88;11.1;3.4;-4;4.8;-0.8;-6;-0.3;0.7;0.5;3.4;1.4;214.75;375;113;89;59;87168;0.11;0;0.38;0.4
1998;3;30;89;12.1;4.5;-3.9;4.8;0.2;-6;0.4;0.6;0.48;3.4;1.4;206.58;391;121;88;63;87350;0.22;0;0.38;0.4
1998;3;31;90;13.9;6;-3.9;4.1;0.2;-5.3;0;0.6;0.46;3.5;1.4;196.18;411;128;96;64;87466;0.02;0;0.39;0.4
1998;4;1;91;9;4.2;-3;6.3;1.2;-4.6;0.5;0.4;0.44;3.5;1.4;185.04;304;92;70;33;87189;-0.11;3.93;0.4;0.4
1998;4;2;92;9.8;5.3;1.7;4.1;2.2;0.3;0.5;0.4;0.41;3.5;1.4;173.08;388;116;80;37;86749;0.38;3.32;0.41;0.4
1998;4;3;93;11.4;5.2;-2;3.8;1.1;-3.1;-0.4;1.5;0.37;3.5;1.4;163.09;326;95;87;44;86354;0.61;0.07;0.41;0.4
1998;4;4;94;6.1;2.9;0.9;3.5;0.9;-0.2;0.5;0.6;0.35;3.5;1.4;156.65;170;47;51;20;86336;0.37;7.22;0.41;0.4
1998;4;5;95;5.6;2.5;0.5;2.6;1;0.3;-0.3;0.5;0.37;3.5;1.4;155;268;58;40;18;86633;0.49;11.66;0.41;0.4
1998;4;6;96;4.6;1.4;-3.9;1.4;-1.3;-6;0.4;0.8;0.39;3.5;1.4;155.72;180;65;96;42;86731;0.66;5.5;0.42;0.41
1998;4;7;97;10.1;2.1;-4;4.1;-1.5;-6.9;0.3;0.9;0.38;3.6;1.4;154.7;326;80;62;34;86089;0.72;7.15;0.42;0.41
1998;4;8;98;5.9;1.8;-4.1;-0.9;-2.7;-5.6;1.2;0.2;0.37;3.6;1.4;154.22;494;152;97;72;86240;1.18;0.42;0.42;0.41
1998;4;9;99;6.6;1.5;-4.6;0.4;-2.5;-6.5;-0.3;0.4;0.36;3.6;1.4;152.25;469;138;91;66;85791;0.94;0.87;0.41;0.41
1998;4;10;100;9.3;2.6;-4.4;-0.2;-2.9;-7.2;-0.1;1.2;0.35;3.6;1.4;149.8;540;168;112;70;85361;1.52;4.06;0.41;0.41
1998;4;11;101;6.6;2.4;-2.9;-1;-2.6;-4.6;-0.2;0.1;0.38;3.6;1.4;150.09;493;146;104;63;85607;1.36;2.7;0.41;0.41
1998;4;12;102;0.8;-1.5;-4.6;-2.7;-4.2;-6.8;1.7;0.4;0.4;3.6;1.4;152.44;202;54;74;38;85730;0.77;7.5;0.41;0.41
1998;4;13;103;1;-2.8;-5.7;-1.7;-5.3;-7.8;1;-0.1;0.45;3.6;1.4;158.43;312;93;65;37;85974;0.8;15.09;0.4;0.41
1998;4;14;104;0.2;-3.3;-10.1;-5.6;-7.1;-12;0.1;0;0.52;3.7;1.5;172.21;373;110;91;52;86340;0.81;4.28;0.4;0.41
1998;4;15;105;5.6;-2;-12;-2.2;-6.7;-14.4;-0.3;1.7;0.52;3.7;1.5;171.67;371;96;69;42;85918;0.76;0.03;0.4;0.41
1998;4;16;106;2.5;0;-2.4;-3.3;-4.5;-6;0.5;-0.2;0.51;3.7;1.5;172.34;288;89;70;33;85594;0.86;2.52;0.39;0.41
1998;4;17;107;7.4;0.9;-4.4;0.5;-2.7;-6.1;0.3;0.5;0.5;3.7;1.5;171.83;330;89;63;35;85107;0.54;6.02;0.39;0.41
1998;4;18;108;3.4;-0.2;-3.6;-1;-3.2;-4.8;1;0.1;0.47;3.7;1.5;172.58;303;100;73;47;85715;1.03;2.29;0.39;0.41
1998;4;19;109;2.4;-0.9;-5.2;-3;-4.3;-6.9;1.3;0.1;0.44;3.7;1.5;172.19;340;111;74;52;86632;1.08;1.57;0.39;0.41
1998;4;20;110;9.8;2.3;-7.2;-2;-5.4;-9.4;0.3;0.5;0.42;3.8;1.5;170.98;512;171;114;79;87233;1.24;0.13;0.39;0.41
1998;4;21;111;7.2;3.4;-0.4;3.7;0.6;-3.6;0.5;0.4;0.38;3.8;1.5;168.92;264;85;75;31;87554;0.58;2.47;0.39;0.41
1998;4;22;112;10.4;4.5;-3.3;3;0.2;-4.8;-0.6;0;0.36;3.8;1.5;163.48;508;173;90;71;87375;1.17;0;0.39;0.41
1998;4;23;113;11.9;6.3;-2.8;4.2;0.9;-4.4;0.7;0.4;0.34;3.8;1.5;154.75;550;177;100;65;87270;1.29;0.01;0.4;0.41
1998;4;24;114;8.7;5.5;1.6;5.4;2.8;-0.8;1.2;0.2;0.33;3.8;1.5;146.22;339;100;52;26;87648;0.65;2.9;0.4;0.41
1998;4;25;115;12.9;7.7;0.3;5.3;2.5;0;0.3;0;0.33;3.8;1.5;135.95;575;184;101;55;87683;1.35;1.31;0.4;0.41
1998;4;26;116;16.1;10.2;1.6;9.6;5.5;0.1;-0.3;0.4;0.32;3.9;1.5;123.23;575;169;91;49;86844;1.27;0.01;0.41;0.41
1998;4;27;117;16;9;3.5;6.9;3.8;1.1;0;0.5;0.31;3.9;1.5;110.15;483;148;90;43;86073;1.46;4.21;0.41;0.41
1998;4;28;118;3.5;2.1;0.6;2.6;1.5;0.2;0.6;-0.6;0.34;3.9;1.5;103.94;166;47;19;6;86417;0.85;14.9;0.41;0.42
1998;4;29;119;8.3;4.4;-0.2;3.8;1.7;-0.4;-0.4;-0.1;0.35;3.9;1.6;100.48;379;131;73;42;86353;1.11;0.38;0.41;0.42
1998;4;30;120;13.3;6.3;-2;2.9;-0.6;-3.7;-0.5;1.1;0.32;3.9;1.6;93.31;603;200;107;77;86382;1.79;0.01;0.4;0.42
1998;5;1;121;11.1;5.1;-0.7;5.3;1.8;-2.9;0.6;0.7;0.3;3.9;1.6;86.49;444;138;62;50;86610;1.19;6.7;0.4;0.42
1998;5;2;122;6.3;3.3;-0.1;4.2;2.2;-1.3;0.7;0.9;0.29;4;1.6;82.41;150;56;66;30;86722;0.73;10.44;0.41;0.42
1998;5;3;123;9.6;5.1;-0.8;5.2;2.7;-1.5;-0.3;-0.4;0.28;4;1.6;77.32;463;153;83;38;86676;1.27;3.65;0.41;0.42
1998;5;4;124;5.1;3.8;0.9;4.8;2.9;-0.9;0.2;-1.2;0.26;4;1.6;71.05;203;59;29;5;86520;1.13;10.49;0.41;0.42
1998;5;5;125;8.1;4;0.2;0.8;-0.5;-2;0.7;-0.7;0.25;4;1.6;66.92;488;148;61;34;86785;1.53;0.23;0.4;0.42
1998;5;6;126;9.3;5.9;2.1;2.4;0.8;-0.4;1.3;0.2;0.25;4;1.6;61.6;542;165;75;46;87073;1.73;0.88;0.4;0.42
1998;5;7;127;13.8;8.8;3.8;5.6;2.9;1;-0.1;-0.1;0.24;4;1.6;55.25;581;204;96;62;87779;2.03;0.02;0.4;0.42
1998;5;8;128;18.5;10.7;-0.1;8;4.1;-1.3;-0.4;0.1;0.23;4.1;1.6;47.56;665;231;101;74;88261;2.57;0;0.39;0.42
1998;5;9;129;18.1;11.8;1.5;10.6;6.1;0.6;0.2;0.2;0.23;4.1;1.6;39.27;621;196;94;57;88252;2.23;0.09;0.39;0.42
1998;5;10;130;17.9;12.9;3.9;10.8;7.1;3;-0.5;0.2;0.23;4.1;1.6;30.61;626;214;92;64;87961;2.51;0.14;0.38;0.42
1998;5;11;131;19.5;13.4;3.3;11.6;7.1;2.4;0.1;0.4;0.23;4.1;1.6;21.69;643;207;89;64;87674;2.42;0.46;0.38;0.42
1998;5;12;132;19.5;13.7;3.2;10;5.9;2.2;-0.1;0.1;0.21;4.1;1.6;13.32;674;232;105;72;87804;3.08;0;0.37;0.42
1998;5;13;133;20.3;13.6;3.3;9.6;5.9;2;-0.6;-0.1;0.17;4.1;1.7;6.49;726;248;111;79;87894;3.61;0.02;0.37;0.42
1998;5;14;134;16.9;12.3;7.7;9.4;6.5;2.6;-1;-0.5;0.14;4.2;1.7;2.79;657;240;107;79;87784;2.93;0.27;0.36;0.42
1998;5;15;135;15.1;10;4.8;4.8;2.4;1.6;-1.2;-0.8;0.13;4.2;1.7;1.24;791;282;127;91;87551;3.67;0;0.36;0.42
1998;5;16;136;12.3;7.9;2.8;2;0.9;0;-1.4;-0.9;0.12;4.2;1.7;0.55;804;278;124;94;87436;3.23;0.09;0.35;0.42
1998;5;17;137;8.3;5.2;2.2;2.6;1.2;0;-0.5;-1;0.12;4.2;1.7;0.31;586;212;91;61;87632;2.86;5.57;0.34;0.42
1998;5;18;138;7.5;5.1;2.4;5.9;4;1.3;0.3;-0.3;0.12;4.2;1.7;0.22;301;108;49;26;88001;2.32;10.74;0.35;0.42
1998;5;19;139;11.9;7.5;2.7;6.3;4.1;2;-0.1;0;0.12;4.2;1.7;0.12;569;203;90;55;88064;2.73;1.59;0.35;0.42
1998;5;20;140;13.4;9.2;2.1;4.4;2.8;0.1;-0.2;0;0.12;4.2;1.7;0.05;581;207;89;62;87729;2.98;0.36;0.34;0.42
1998;5;21;141;14;8.3;1.8;7.7;4.9;0.6;1;0.3;0.12;4.2;1.7;0.01;645;215;94;61;87454;3.24;15.37;0.34;0.42
1998;5;22;142;6.9;5.2;3.5;5.6;3.6;-0.2;0.5;-1.1;0.12;4.2;1.7;0;277;79;40;14;87537;2.02;10.34;0.36;0.41
1998;5;23;143;8.8;5.4;2.5;1.9;0.8;-0.8;0.1;-1;0.12;4.3;1.7;0;439;141;74;36;87449;2.05;0.21;0.35;0.41
1998;5;24;144;9.6;6.6;3.2;4.9;2.8;1;0.2;-0.5;0.12;4.3;1.7;0;531;174;79;49;87041;2.19;2.16;0.35;0.41
1998;5;25;145;10.9;7.2;1.3;3.6;2;1;0.5;0;0.12;4.3;1.7;0;617;232;89;61;86838;3.31;1.39;0.35;0.41
1998;5;26;146;13.3;8.4;2.3;6.9;3.9;0.8;0.5;0.3;0.12;4.3;1.7;0;632;227;95;67;86773;3.19;2.34;0.34;0.41
1998;5;27;147;15.1;9.3;2.4;9.9;6.2;1.5;-0.4;0.3;0.12;4.3;1.7;0;718;222;106;69;86887;3.1;4.72;0.34;0.41
1998;5;28;148;19;12;3.2;9.1;4.8;2.1;-0.6;1.1;0.12;4.3;1.7;0;758;266;112;80;86800;4.55;0.35;0.34;0.41
1998;5;29;149;12.1;9.5;7.4;10.3;7.9;4.2;0.5;-0.2;0.12;4.3;1.7;0;344;103;55;27;87079;1.9;19.29;0.34;0.41
1998;5;30;150;15.1;10.6;6.6;9.8;7.7;6;0;0.3;0.12;4.3;1.7;0;631;193;81;51;87179;3.13;2.61;0.35;0.41
1998;5;31;151;15.8;11;4.4;11.4;7.9;3.8;0.1;0.1;0.12;4.3;1.7;0;597;207;87;56;87148;3.35;8.32;0.35;0.41
1998;6;1;152;14.8;10.7;6.8;7.6;5.2;3.1;0.7;-0.2;0.12;4.3;1.7;0;718;246;124;68;87425;4.14;0.65;0.35;0.41
1998;6;2;153;20.1;13.9;5.5;11.3;7.7;4.1;-0.2;0.3;0.12;4.3;1.7;0;724;264;112;74;87364;4.37;0.11;0.35;0.41
1998;6;3;154;15.9;12.9;9.8;13.1;10.4;8.1;0.3;-0.1;0.12;4.4;1.8;0;379;125;64;36;87705;2;4.65;0.34;0.41
1998;6;4;155;19;13.8;8.3;14;11.1;8.1;-0.2;0.3;0.12;4.4;1.8;0;632;208;89;54;87923;3.35;9.47;0.35;0.41
1998;6;5;156;23.6;15.4;6.9;15.4;11.4;6;-0.1;1.1;0.12;4.4;1.8;0;744;229;108;70;87824;3.91;2.11;0.35;0.41
1998;6;6;157;24.5;17.2;8.6;15.5;11.1;7.4;-0.2;1.2;0.12;4.4;1.8;0;717;261;105;81;87573;4.79;0.22;0.34;0.41
1998;6;7;158;21.6;14.5;9.7;12.6;10.8;8.4;0.5;0.3;0.12;4.4;1.8;0;682;210;92;57;87353;3.98;14.04;0.34;0.4
1998;6;8;159;12;9.6;6.9;9.4;6.9;4.9;0.3;0.2;0.12;4.4;1.8;0;351;104;96;38;87843;2.7;19.77;0.36;0.4
1998;6;9;160;18.4;12.2;3.4;9.7;5.9;3;0.2;0.2;0.12;4.4;1.8;0;809;302;126;89;87645;4.65;0;0.36;0.4
1998;6;10;161;20.3;11.8;6.8;11.9;8.7;5.6;0.3;0.3;0.12;4.4;1.8;0;602;168;101;45;86974;3.25;25;0.36;0.4
1998;6;11;162;9.4;7.3;4.3;8.8;6.7;4.1;0.7;0.5;0.12;4.4;1.8;0;283;75;35;19;86543;2.65;27.71;0.38;0.4
1998;6;12;163;4.3;3.7;2.6;4;3.6;2.6;1.9;0.6;0.15;4.4;1.8;1.08;150;41;10;6;86946;1.79;33.67;0.41;0.4
1998;6;13;164;8.6;5;2.1;5.2;2.6;1.2;0.2;-0.3;0.18;4.4;1.8;2.13;569;168;90;41;87476;2.58;5.52;0.42;0.4
1998;6;14;165;11.9;6.9;-0.2;6.7;2.6;-1.1;0.5;0.4;0.15;4.4;1.8;1.07;617;215;80;61;87208;3.07;2.12;0.42;0.4
1998;6;15;166;11.3;7.2;2.4;7.3;5.1;1.3;0.6;0.4;0.13;4.5;1.8;0.44;500;178;75;55;87266;3.07;9.78;0.41;0.41
1998;6;16;167;11.9;7.1;1.6;5.2;3.3;0.8;1.5;0.4;0.12;4.5;1.8;0.13;695;229;91;67;87665;3.54;2.36;0.41;0.41
1998;6;17;168;10.8;7.8;4.2;4.7;3.3;1.8;1.3;0.1;0.12;4.5;1.8;0.03;650;219;89;59;88207;3.05;1.5;0.41;0.41
1998;6;18;169;13.4;9.2;3.6;5.9;4;2.3;0.9;-0.2;0.12;4.5;1.8;0;669;213;81;57;88329;3.27;0.38;0.41;0.41
1998;6;19;170;14.9;11.4;5.6;10.1;6.8;4.5;0.4;0.1;0.12;4.5;1.8;0;491;182;82;50;88350;2.94;0.57;0.4;0.41
1998;6;20;171;21;14.7;4.8;12.9;9;3.9;-0.1;0;0.12;4.5;1.8;0;800;293;116;84;88359;4.72;0;0.39;0.41
1998;6;21;172;24.5;17.4;7.3;17.9;11.8;6.4;0.5;0.4;0.12;4.5;1.8;0;790;295;116;86;88263;5.02;0;0.39;0.41
1998;6;22;173;18.9;15.4;12;12.6;11.2;7.8;1.5;-0.2;0.12;4.5;1.8;0;541;211;81;53;88124;3.64;3.04;0.38;0.41
1998;6;23;174;15.1;12.6;9.6;8.6;7.4;6.3;0.5;-0.6;0.12;4.5;1.8;0;390;131;92;34;87963;2.78;0.57;0.38;0.41
1998;6;24;175;16.7;13.4;9.3;10.3;8.5;7;0;-0.5;0.12;4.5;1.8;0;514;186;78;51;87598;3.07;0.09;0.37;0.41
1998;6;25;176;21;15.3;7.1;14;10.5;6.2;0.5;0.1;0.12;4.5;1.8;0;727;257;102;68;87454;4.13;2.07;0.37;0.41
1998;6;26;177;20;15.1;11.1;15.1;13.1;10.8;-0.2;0.3;0.12;4.5;1.8;0;536;156;64;43;87582;2.85;9.67;0.37;0.41
1998;6;27;178;19.8;14.5;8.7;14.8;12.5;8.5;0.1;0.4;0.12;4.5;1.8;0;681;200;88;49;87519;3.49;6.4;0.37;0.41
1998;6;28;179;15.2;13.1;11.4;12.2;11.3;10.5;0.8;-0.4;0.12;4.5;1.8;0;322;109;56;24;87738;2.56;7.58;0.38;0.41
1998;6;29;180;17;13.9;11.4;11.8;10.9;10.4;-0.1;-0.5;0.12;4.5;1.8;0;477;151;73;33;87876;2.85;1.81;0.38;0.41
1998;6;30;181;18.6;14.2;9.8;12.7;11.3;9.3;0.5;0.3;0.12;4.5;1.9;0;578;183;73;48;87511;3.28;5.34;0.37;0.4
1998;7;1;182;17.6;13.7;7.9;14.1;11.4;7.8;-0.1;-0.2;0.12;4.6;1.9;0;519;159;60;37;87230;2.98;3.53;0.37;0.4
1998;7;2;183;12.6;11.8;10.4;11.9;11;10;-0.4;-0.8;0.12;4.6;1.9;0;228;48;33;8;87161;1.44;17.54;0.39;0.4
1998;7;3;184;14.1;11.4;9;12;10.5;8.7;0.4;-0.1;0.12;4.6;1.9;0;423;128;51;29;87371;3.02;17.87;0.39;0.4
1998;7;4;185;14.1;11.1;8.2;9.4;7.8;6.8;1.4;-0.7;0.12;4.6;1.9;0;469;164;67;39;87893;3.21;5.11;0.4;0.4
1998;7;5;186;13.3;10.8;8.2;8.1;7.2;6.8;1.6;0;0.12;4.6;1.9;0;369;99;56;36;87707;2.13;1.8;0.4;0.4
1998;7;6;187;18.6;13.8;8.5;11.7;8.4;5.8;1.1;-0.2;0.12;4.6;1.9;0;760;261;103;74;87308;4.22;0.38;0.39;0.4
1998;7;7;188;15.4;11.7;6.3;12;9.8;6.2;0.7;-0.4;0.11;4.6;1.9;0;398;146;75;40;86784;2.99;24.8;0.4;0.4
1998;7;8;189;7.1;5.1;3.7;5.5;4.4;3.5;1.9;0.1;0.12;4.6;1.9;0.04;342;90;34;15;87096;3.49;26.43;0.41;0.4
1998;7;9;190;13.2;8.8;4;7;4.8;3;1.7;0.3;0.12;4.6;1.9;0.13;491;152;66;30;87408;3.21;3.92;0.42;0.41
1998;7;10;191;13.6;11.2;9.1;9.3;8;6.4;1.3;0.2;0.12;4.6;1.9;0.03;399;133;62;29;87481;2.47;2.03;0.42;0.41
1998;7;11;192;15.1;12.4;9.9;10;8.9;8.1;1.9;0.1;0.11;4.6;1.9;0;482;165;63;32;87444;2.95;1.95;0.41;0.41
1998;7;12;193;19.9;14.3;9.8;10.3;8.6;7.5;1.3;0.5;0.11;4.6;1.9;0;713;187;99;52;87409;3.67;0.31;0.41;0.41
1998;7;13;194;21.7;14.6;6.3;14.4;10.7;5.4;0.5;0.2;0.11;4.6;1.9;0;641;228;104;60;87175;4.54;21.27;0.4;0.41
1998;7;14;195;12.6;10.2;7.9;9.9;6.5;4.2;0.8;-0.8;0.11;4.6;1.9;0;480;149;81;38;87311;3.21;10.81;0.42;0.41
1998;7;15;196;13.5;10.5;7.6;6;4.4;3;0.8;-0.4;0.11;4.6;1.9;0;595;204;79;57;87524;3.46;0.6;0.41;0.41
1998;7;16;197;13.8;10.4;6.9;10.8;7.2;3.9;0.3;0.1;0.11;4.6;1.9;0;491;137;75;43;87510;2.31;10.62;0.41;0.41
1998;7;17;198;16.3;12.7;8.4;10.9;9.7;8.1;1.1;0.2;0.11;4.6;1.9;0;628;207;85;49;87580;3.63;3.03;0.41;0.41
1998;7;18;199;18.8;14.4;9.6;13.4;10.7;7.8;0.7;0.2;0.11;4.6;1.9;0;607;217;97;57;87647;3.6;1.53;0.41;0.41
1998;7;19;200;22.1;16.2;9.3;17;12.7;8.9;0.2;0.4;0.11;4.6;1.9;0;715;249;97;67;87776;4.15;0.63;0.4;0.41
1998;7;20;201;26.3;18.6;9.6;18.3;13;8.2;-0.3;0.8;0.11;4.6;1.9;0;777;265;109;77;87805;4.99;1.02;0.4;0.41
1998;7;21;202;25.3;18.7;11.4;15.5;12.6;9.6;0.2;0.1;0.11;4.6;1.9;0;763;263;112;74;87588;5.31;10.24;0.39;0.41
1998;7;22;203;19.8;16.2;13.9;16;14.6;13.7;-0.6;-0.5;0.11;4.6;1.9;0;542;145;62;24;87888;3.19;7.69;0.4;0.41
1998;7;23;204;21.8;16.7;10.8;16;13.8;10.2;0.2;0.3;0.11;4.6;1.9;0;674;217;97;59;87834;3.9;4.97;0.4;0.41
1998;7;24;205;18;15.3;11.9;16.2;14.3;11.8;-0.2;-0.6;0.11;4.6;1.9;0;426;150;60;31;87907;3.15;13.45;0.4;0.41
1998;7;25;206;15.6;14.1;10.9;14.2;13.2;10.8;-0.1;0;0.11;4.6;1.9;0;229;76;60;24;87834;1.93;13.41;0.41;0.41
1998;7;26;207;19.7;14.9;8.8;14.9;11.6;8.7;-0.4;0.2;0.11;4.6;1.9;0;655;222;93;58;87617;3.76;0.27;0.41;0.41
1998;7;27;208;17.4;13.9;11.1;14.2;12.5;10;0.4;0.1;0.11;4.6;1.9;0;340;95;51;28;87306;2.14;32.21;0.41;0.41
1998;7;28;209;15.8;12.6;9.8;11.4;9.7;7.3;1.2;-0.3;0.11;4.6;1.9;0;583;179;66;41;87321;3.44;7.74;0.42;0.41
1998;7;29;210;16.8;12.7;9.7;10;8.6;7.1;0.9;0.2;0.11;4.6;1.9;0;560;170;98;53;87292;3.03;0.8;0.42;0.41
1998;7;30;211;19.4;14.6;8.7;14;11.4;7.3;0.5;0;0.11;4.6;1.9;0;659;214;92;51;87287;3.65;11.05;0.41;0.41
1998;7;31;212;14.4;13.2;12;13.4;11.9;10.7;0;-0.6;0.11;4.5;1.9;0;260;69;23;12;87572;1.82;7.09;0.42;0.41
1998;8;1;213;20.1;15.4;11.6;15.7;12.9;10.9;-0.7;-0.5;0.11;4.5;1.9;0;555;173;85;41;87486;2.91;1.24;0.41;0.41
1998;8;2;214;17.1;14.6;12.9;13.8;13.3;12.6;0;-1.2;0.11;4.5;1.9;0;480;141;52;25;87713;2.26;3.56;0.41;0.41
1998;8;3;215;18.1;14.2;12;14.6;13.1;11.8;-0.3;-0.6;0.11;4.5;1.9;0;388;105;60;16;88097;2.19;6.85;0.41;0.41
1998;8;4;216;18.1;15.2;12;14.3;13.2;11.9;0.2;-0.7;0.11;4.5;1.8;0;353;114;42;19;88259;2.29;9.3;0.41;0.41
1998;8;5;217;15.3;13.1;11.6;12.8;11;8.5;0.2;-1;0.11;4.5;1.8;0;434;133;68;33;88520;2.87;6.37;0.41;0.41
1998;8;6;218;18.6;14.2;8.8;11.3;9.1;7.8;-0.7;-0.4;0.11;4.5;1.8;0;747;264;120;84;88461;4.15;0;0.41;0.41
1998;8;7;219;21.5;15.8;8.6;12.5;10.5;7.5;-0.4;0;0.11;4.5;1.8;0;769;266;124;93;88294;4.27;0;0.4;0.41
1998;8;8;220;23.6;17.1;8.6;16.1;11.3;7.5;-0.5;0.3;0.11;4.5;1.8;0;773;270;128;96;88081;4.77;0;0.4;0.41
1998;8;9;221;24.3;17.8;9.5;16.4;12.3;8.2;0.3;0.4;0.11;4.5;1.8;0;763;266;123;92;87933;4.78;0;0.39;0.41
1998;8;10;222;24.7;18.4;10;17.8;13.4;8.9;-0.2;0.3;0.11;4.5;1.8;0;733;246;115;82;88045;4.42;0;0.38;0.41
1998;8;11;223;24.8;18.9;11.6;19.7;13.8;10.5;0.2;0.5;0.11;4.5;1.8;0;630;220;99;73;88163;4.02;0;0.38;0.41
1998;8;12;224;25.6;18.6;11.4;16.1;13.1;10.2;0.2;0.9;0.11;4.5;1.8;0;682;218;111;72;87881;4.22;0.69;0.37;0.41
1998;8;13;225;19.3;15.1;11.6;15.3;12.8;10.5;0.7;0.3;0.11;4.5;1.8;0;501;143;86;51;87576;2.73;11.43;0.37;0.41
1998;8;14;226;18.4;14.6;11.3;11.6;11;10.2;-0.1;-0.8;0.11;4.5;1.8;0;574;194;93;52;87555;3.66;1.21;0.37;0.41
1998;8;15;227;20.5;15.9;10.2;15.5;12.8;9.1;0.1;0.6;0.11;4.5;1.8;0;638;180;91;62;87722;2.95;2.11;0.37;0.41
1998;8;16;228;21.2;15.9;10.1;15.2;11.7;8.9;0.4;0.5;0.11;4.5;1.8;0;631;215;96;69;88085;3.8;0.77;0.36;0.41
1998;8;17;229;21;16;9.6;15.1;11.3;8.2;0.2;0.5;0.11;4.4;1.8;0;593;205;98;70;87909;3.65;0.21;0.36;0.41
1998;8;18;230;17.4;14.3;11.6;15.2;13;10.3;0.3;0.4;0.11;4.4;1.8;0;354;109;59;35;87688;2.22;17.21;0.36;0.41
1998;8;19;231;17.1;14.2;12.1;12.9;11.6;9.5;0.2;-0.1;0.11;4.4;1.8;0;456;134;79;37;87821;2.68;5.8;0.37;0.41
1998;8;20;232;17.5;13.8;9.2;12.9;10.3;8.5;0.3;0.6;0.11;4.4;1.8;0;376;132;81;50;87691;2.39;0.86;0.37;0.41
1998;8;21;233;16.6;12.7;10.1;11.7;9.6;8.3;1.4;0.5;0.11;4.4;1.8;0;457;115;69;36;87221;2.67;5.26;0.37;0.41
1998;8;22;234;13.5;10.9;9.6;9.9;8.7;7.1;1.8;-0.1;0.11;4.4;1.8;0;350;90;54;24;87091;2.49;27.97;0.37;0.41
1998;8;23;235;14.8;10.9;8.1;9.4;7.1;5;1.3;-0.4;0.11;4.4;1.8;0;535;170;93;51;87469;3.45;4.22;0.39;0.41
1998;8;24;236;12.9;9.7;6.8;11.2;8.3;5.5;1.3;0.6;0.11;4.4;1.8;0;151;48;60;25;87239;1.82;12.02;0.38;0.41
1998;8;25;237;12.4;9.7;6.8;8.9;7;5.9;0.9;-0.5;0.11;4.4;1.8;0;427;132;58;35;87803;2.5;6.49;0.39;0.41
1998;8;26;238;17.7;12.4;6;9.4;7.6;5.1;0.9;-0.1;0.11;4.4;1.8;0;711;230;119;79;87520;3.38;0.02;0.39;0.41
1998;8;27;239;10.8;8;4.9;7.7;6.4;3.1;0.9;-0.8;0.11;4.4;1.8;0;210;56;35;16;87376;1.9;6.92;0.39;0.41
1998;8;28;240;8.5;5.9;3.2;4.3;2.1;0.4;0.6;-0.6;0.11;4.4;1.8;0;500;138;69;37;87569;2.5;1.61;0.39;0.41
1998;8;29;241;8.7;6.4;4.2;2.5;1.8;1.4;0.1;-0.7;0.11;4.3;1.8;0;392;121;56;36;87662;1.99;0.93;0.39;0.41
1998;8;30;242;11.8;8.5;5;4.9;3;1.6;0.2;-0.6;0.1;4.3;1.8;0;445;156;100;57;87664;2.26;0.09;0.38;0.41
1998;8;31;243;12.9;9.3;4.8;7.3;5.4;3.5;0.2;-0.1;0.1;4.3;1.8;0;518;142;83;55;87581;2.06;0.66;0.38;0.41
1998;9;1;244;17.4;11.3;3.3;12.2;8;2.6;-0.1;0.4;0.1;4.3;1.8;0;579;151;85;50;87691;2.24;2.26;0.38;0.41
1998;9;2;245;20.7;14.8;8.4;14.4;11.5;7.7;-0.2;0.4;0.1;4.3;1.7;0;593;177;91;52;87712;2.99;0.18;0.37;0.41
1998;9;3;246;16.8;12.7;9.3;14.7;11.7;9.2;0.3;0.6;0.1;4.3;1.7;0;310;66;51;25;87543;1.31;22.13;0.38;0.41
1998;9;4;247;17.6;13.2;9.1;12.2;10.6;9;-0.5;-0.1;0.1;4.3;1.7;0;524;146;72;39;87311;2.61;2.62;0.39;0.41
1998;9;5;248;10.6;8.6;7;10.4;8.2;6.6;0.8;0.9;0.1;4.3;1.7;0;66;19;52;22;86899;1.1;26.37;0.4;0.41
1998;9;6;249;13;9.3;6.2;8.3;7.2;5.7;0.9;0.5;0.1;4.3;1.7;0;486;122;83;42;87199;2.43;4.25;0.4;0.41
1998;9;7;250;17.9;10.7;3.8;11.3;7.9;3.2;0;0.3;0.1;4.3;1.7;0;615;153;96;50;86901;2.29;3.67;0.4;0.41
1998;9;8;251;12.7;10.4;7.1;10.8;9.4;6.5;0.4;0.5;0.1;4.3;1.7;0;217;69;73;32;87202;1.32;4.79;0.4;0.41
1998;9;9;252;20.9;13.5;6.5;13;8.7;6;-0.2;0.7;0.1;4.3;1.7;0;654;206;115;67;87375;3.38;0;0.4;0.41
1998;9;10;253;22.9;15;8.5;14.7;11.4;7.2;0.2;0.3;0.1;4.2;1.7;0;628;179;100;51;87245;3.08;9.69;0.4;0.41
1998;9;11;254;12.9;10.7;8.7;12.8;10.4;8.4;-0.4;-0.5;0.1;4.2;1.7;0;63;21;24;8;86765;1.14;20.3;0.41;0.41
1998;9;12;255;8.8;6.2;3.7;8.7;5.8;3.5;1.2;0.4;0.1;4.2;1.7;0.14;175;29;34;13;85794;1.84;32.33;0.43;0.41
1998;9;13;256;5.7;4;2.3;3.6;1.3;-0.4;1.2;0.3;0.11;4.2;1.7;0.25;320;103;62;38;85674;2.33;3.69;0.43;0.41
1998;9;14;257;6.7;3.9;1.6;1.8;-0.4;-2.4;2.1;1;0.11;4.2;1.7;0.41;507;121;78;37;86058;2.56;3.4;0.42;0.41
1998;9;15;258;7.4;4.9;3.2;4.5;1.6;-1.9;2.4;1;0.11;4.2;1.7;0.4;390;88;66;31;86733;2.81;7.21;0.42;0.42
1998;9;16;259;12;7.9;4.5;7.1;4.6;1.7;1.8;0.7;0.1;4.2;1.7;0.18;427;105;84;30;86881;2.11;3.8;0.41;0.42
1998;9;17;260;7.9;5.1;3.6;4.8;3.8;2.8;2.2;0.7;0.1;4.2;1.7;0.06;424;95;56;27;87049;2.98;21.88;0.42;0.42
1998;9;18;261;8.4;5.8;3.7;6.5;5.1;3.5;0.5;-0.1;0.1;4.1;1.7;0.04;308;71;73;23;87978;1.47;7.62;0.43;0.42
1998;9;19;262;11.5;7.2;3.7;4.7;4.1;3.5;-0.5;-0.6;0.1;4.1;1.7;0;513;150;94;57;88511;2.04;0.07;0.42;0.42
1998;9;20;263;11.5;7;3.1;4.5;3.5;2.6;-1.4;-0.4;0.1;4.1;1.7;0;478;144;86;57;88596;1.9;0.05;0.41;0.42
1998;9;21;264;11.3;6.9;3.5;4.8;4;2.8;-1.5;-0.5;0.1;4.1;1.6;0;528;142;94;65;88427;1.65;0.01;0.41;0.42
1998;9;22;265;13.1;7.6;3.1;6.5;4.8;2.7;-1;-0.3;0.1;4.1;1.6;0;470;138;99;58;87999;1.67;0.03;0.4;0.42
1998;9;23;266;13.6;8.1;2.9;7.5;5.6;2.3;-0.6;0.1;0.1;4;1.6;0;522;142;93;64;87896;1.68;0;0.4;0.42
1998;9;24;267;16.5;9.2;1.5;9.6;5.5;0.5;-0.2;0.4;0.09;4;1.6;0;604;179;119;83;87718;2.28;0;0.39;0.42
1998;9;25;268;16.4;9.9;3.8;10.1;6.9;2.6;0;0.5;0.09;4;1.6;0;523;138;102;61;87363;1.77;0.1;0.39;0.42
1998;9;26;269;17.9;10.9;4.2;9.8;6.5;3.3;-0.4;1.1;0.09;4;1.6;0;535;149;101;63;86815;2.23;0.14;0.38;0.42
1998;9;27;270;14.4;9.9;6.5;10.7;8;5.6;-0.1;0.6;0.09;4;1.6;0;431;104;71;44;86585;1.52;8.48;0.38;0.42
1998;9;28;271;10.4;7.6;4.2;7.1;5.9;3.4;0.7;0.5;0.09;4;1.6;0;317;83;67;39;86677;1.74;5.68;0.38;0.42
1998;9;29;272;12;7.4;4;7;5.1;2.9;0.3;0.5;0.09;3.9;1.6;0;464;109;85;46;86845;1.76;1.99;0.38;0.42
1998;9;30;273;15.1;8.7;2.7;9.7;6.2;1.8;0;0.3;0.09;3.9;1.6;0;435;98;73;41;86592;1.3;1.88;0.38;0.42
1998;10;1;274;9;7.8;5.9;8;7.2;5.8;0.4;-0.6;0.09;3.9;1.6;0;143;36;16;8;86548;1.24;17.48;0.38;0.42
1998;10;2;275;10.6;6.8;2.8;5.5;4.1;2.5;0;-0.1;0.09;3.9;1.6;0;446;122;85;52;86540;1.83;2.19;0.39;0.42
1998;10;3;276;7.3;5.3;1.7;6.9;4.8;1.7;0.3;0.2;0.09;3.9;1.6;0;196;49;56;25;86700;1.13;10.05;0.39;0.42
1998;10;4;277;7.3;4.7;1.7;5.9;3.9;1.6;-0.2;-0.1;0.09;3.8;1.5;0;205;54;52;22;86515;1.16;7.56;0.39;0.42
1998;10;5;278;7.5;4.7;0.9;6.8;4.3;0.9;-0.5;0;0.09;3.8;1.5;0;135;38;72;30;86576;0.75;3.69;0.4;0.42
1998;10;6;279;14;8.1;3.7;9.1;6.4;3.2;-0.6;0;0.09;3.8;1.5;0;388;93;88;46;86675;1.23;0.37;0.4;0.42
1998;10;7;280;7.3;5.9;4.7;6.6;5.5;4.4;0.4;0.1;0.09;3.8;1.5;0;42;10;25;11;87050;0.36;29.24;0.4;0.42
1998;10;8;281;5.9;4.9;3.1;5;4.3;3;-0.6;-0.8;0.09;3.8;1.5;0;119;33;34;11;87358;0.97;2.27;0.41;0.42
1998;10;9;282;11.1;6.6;3.4;5.6;4.3;2.7;0;0.1;0.09;3.7;1.5;0;435;114;85;49;87659;1.5;0.55;0.41;0.42
1998;10;10;283;11.7;6.1;1.1;4.1;2;-0.6;0.8;0.4;0.09;3.7;1.5;0;404;120;109;60;87298;1.54;0.1;0.41;0.42
1998;10;11;284;9;6.5;5.3;5.6;4.3;2.9;1.2;0.1;0.09;3.7;1.5;0;276;54;48;17;87248;0.97;5.19;0.4;0.42
1998;10;12;285;8.4;4.9;1.5;6;3.6;1.1;2;0.3;0.09;3.7;1.5;0.11;370;80;64;26;87011;2.45;11.6;0.41;0.41
1998;10;13;286;5.2;1.9;-1.6;2.8;0.6;-2.8;1.1;0.3;0.17;3.7;1.5;2.54;390;82;84;46;87780;1.38;7.28;0.41;0.41
1998;10;14;287;8.6;5;-1.1;6.6;2.9;-2.9;0.7;1;0.16;3.6;1.5;2.25;138;23;24;2;87977;0.48;2.68;0.41;0.41
1998;10;15;288;11.7;7.3;1.8;7.9;5.6;1.5;0.6;0.4;0.13;3.6;1.5;1.23;358;84;69;36;88031;1.16;5.01;0.41;0.41
1998;10;16;289;14.2;8.9;3.8;8.8;6.6;3.2;-0.1;0.5;0.1;3.6;1.5;0.56;420;109;93;50;87809;1.42;1.1;0.41;0.41
1998;10;17;290;15.6;8.4;3.2;8.9;4.5;2.5;0;1.3;0.09;3.6;1.4;0.25;464;125;112;69;87233;1.55;0;0.41;0.41
1998;10;18;291;6.3;5.4;4;5.9;3.8;2.6;0.3;-0.1;0.09;3.6;1.4;0.12;140;34;39;16;87462;0.92;6.1;0.41;0.41
1998;10;19;292;5;3.5;1.9;3.9;3.1;1.8;-0.1;-0.1;0.09;3.6;1.4;0.26;136;24;24;14;87294;0.91;8.87;0.41;0.41
1998;10;20;293;4.7;1.6;-1;1.5;-0.6;-2.8;1.1;0.2;0.1;3.6;1.4;0.74;378;95;75;56;87785;1.48;2.31;0.41;0.41
1998;10;21;294;11.1;3.7;-2.2;6.2;0.2;-5;-0.1;1.1;0.1;3.6;1.4;0.58;349;83;78;59;88066;0.93;0;0.41;0.41
1998;10;22;295;13.2;5.4;-2;5.2;1.2;-3;0.1;0.8;0.09;3.6;1.4;0.37;431;110;111;70;88355;1.18;0;0.4;0.41
1998;10;23;296;15.2;6.4;-1.5;6.5;2.4;-2.3;0.1;0.9;0.09;3.5;1.4;0.21;458;117;116;71;87984;1.32;0.08;0.4;0.41
1998;10;24;297;9;5.8;3.8;4.7;3;0.5;0.8;0.7;0.09;3.5;1.4;0.08;404;99;100;46;87225;1.46;6.46;0.4;0.41
1998;10;25;298;7.4;4.5;1;5;2.3;-1.7;1.5;1.2;0.08;3.5;1.4;0.04;309;77;91;44;86114;2.07;11.53;0.4;0.41
1998;10;26;299;4.5;1.1;-1.1;-0.3;-2.1;-3.5;1.6;0.6;0.1;3.5;1.4;0.71;383;84;97;54;86868;1.56;7.06;0.4;0.41
1998;10;27;300;4.7;1;-1.4;-1.1;-2.6;-4.4;1.3;1.2;0.22;3.5;1.4;5.26;147;39;87;32;87517;1.21;5.47;0.41;0.41
1998;10;28;301;12.5;6.9;-0.3;4.1;0.5;-4.5;1.9;1.7;0.2;3.5;1.4;4.36;103;20;38;11;87015;0.73;0.55;0.4;0.41
1998;10;29;302;11.4;5.6;0.1;6.3;1.7;-2;2.4;0.5;0.15;3.5;1.4;2.68;185;35;63;40;86967;1.32;13.31;0.4;0.41
1998;10;30;303;3.9;0.2;-1.4;-0.9;-3.1;-5.7;2;0.8;0.24;3.5;1.4;5.97;328;59;94;42;87246;1.3;14.17;0.41;0.41
1998;10;31;304;3;-0.3;-5.4;-0.6;-2.6;-7.1;1;0.8;0.43;3.5;1.4;13.29;188;38;67;31;87050;0.65;1.75;0.41;0.41
1998;11;1;305;6.6;1.7;-0.8;3.3;0.5;-1.1;1.4;0.7;0.38;3.5;1.4;11.97;153;30;40;18;86092;0.62;12.29;0.41;0.41
1998;11;2;306;4.8;0.8;-3.9;0.6;-1.1;-5.9;0.3;0.3;0.37;3.5;1.4;12.04;204;49;84;49;86555;0.49;1.18;0.42;0.41
1998;11;3;307;5.9;1.5;-3.7;3.7;-0.7;-6;0.3;0.7;0.33;3.4;1.4;10.52;157;34;34;20;86043;0.33;5.96;0.42;0.41
1998;11;4;308;2.6;1.3;-0.2;1.9;0.8;-1.5;0.6;0.3;0.32;3.4;1.4;10.39;52;11;38;16;86165;0.21;7.84;0.42;0.41
1998;11;5;309;1.9;-0.7;-3.7;-1.1;-2.7;-6.1;1.1;0.1;0.35;3.4;1.4;12.49;236;52;89;52;87274;0.7;2.57;0.42;0.42
1998;11;6;310;3.7;-1;-5.6;-3.2;-5.6;-9.4;0.9;0.6;0.34;3.4;1.4;12.35;286;66;101;56;87987;0.54;0.84;0.41;0.42
1998;11;7;311;3.9;0.4;-2.3;-1.1;-3;-6.3;-0.1;0.3;0.34;3.4;1.4;12.43;227;56;98;52;88317;0.51;0.35;0.41;0.42
1998;11;8;312;8.6;0.4;-4.3;2.6;-4.9;-11.4;0.3;1.3;0.32;3.4;1.4;11.35;274;65;103;62;88169;0.33;0;0.41;0.42
1998;11;9;313;4.6;3;-1.5;4;1.4;-5.7;0.8;1.4;0.29;3.4;1.4;9.63;24;5;6;-12;87921;0.1;15.91;0.42;0.42
1998;11;10;314;8.3;4.3;2.2;7.9;3.9;2;1;0.6;0.23;3.4;1.4;6.45;120;18;19;3;87319;0.42;21.9;0.42;0.42
1998;11;11;315;1.5;-1.8;-5.6;1.5;-2.8;-6.6;1;-0.1;0.29;3.4;1.4;8.41;195;42;81;45;87648;0.63;7.15;0.43;0.42
1998;11;12;316;2.7;-2.8;-8.5;-3.1;-6.4;-11.2;0.1;0.7;0.32;3.4;1.4;9.69;261;60;108;59;86837;0.44;0.03;0.42;0.42
1998;11;13;317;2.5;-0.9;-4;-2.8;-4.6;-7.3;0;0.3;0.31;3.3;1.4;9.52;251;55;98;48;86691;0.28;0.09;0.41;0.42
1998;11;14;318;1.4;-2.4;-6.4;-1.6;-5.3;-9.4;0.6;1.1;0.31;3.3;1.3;9.98;169;30;77;44;85970;0.26;3.34;0.41;0.42
1998;11;15;319;-0.7;-2.7;-4.3;-3.2;-4.7;-6.1;1.7;0.6;0.45;3.3;1.3;17.95;100;23;76;23;86559;0.35;14.09;0.4;0.42
1998;11;16;320;-2.1;-3.6;-5.9;-4.5;-5.4;-7.9;1.4;0.4;0.52;3.3;1.3;31.22;76;18;47;18;87202;0.18;13.59;0.4;0.42
1998;11;17;321;-4.4;-6.5;-8.1;-5.6;-8.5;-10;1.2;-0.7;0.53;3.3;1.3;41.77;131;27;46;27;87736;0.28;5.51;0.4;0.42
1998;11;18;322;-5.5;-8.5;-16;-8.5;-11;-16.9;0.2;0.1;0.53;3.3;1.3;44.04;182;41;94;56;87627;0.16;0.2;0.39;0.42
1998;11;19;323;-4.6;-13;-24.2;-9.4;-16.8;-26.2;0.5;0.8;0.52;3.3;1.3;44.41;189;41;79;35;87492;0.13;2.3;0.39;0.42
1998;11;20;324;-8;-9.7;-11.1;-10.3;-12;-13.5;-0.1;-0.9;0.53;3.3;1.3;48.77;138;28;59;26;88009;0.19;4.56;0.38;0.42
1998;11;21;325;-9.4;-11.9;-16.7;-11.9;-14.3;-18.5;-0.9;-0.7;0.53;3.3;1.3;52.76;119;26;68;31;88207;0.2;2.73;0.38;0.42
1998;11;22;326;-5.6;-12.8;-20.6;-11.3;-16.6;-23;-0.3;0.7;0.52;3.3;1.3;53.46;182;41;81;54;87616;0.1;0;0.38;0.42
1998;11;23;327;-3.4;-9.3;-17.3;-7.8;-12.7;-19.8;0.1;0.4;0.52;3.3;1.3;53.55;156;35;70;29;87232;0.11;0.19;0.37;0.42
1998;11;24;328;-2.1;-5.9;-9.4;-5.9;-8.1;-11.1;0.1;0.4;0.52;3.3;1.3;53.67;173;38;75;44;87307;0.11;0;0.37;0.42
1998;11;25;329;-0.4;-5.8;-12.9;-3.5;-7.6;-14.2;0.1;0.6;0.51;3.3;1.3;53.86;172;36;77;27;87058;0.09;1.1;0.37;0.42
1998;11;26;330;-1.7;-4.3;-8.8;-3.8;-5.9;-10.4;0.7;0.1;0.51;3.3;1.3;55.66;141;26;53;27;87267;0.18;1.32;0.36;0.42
1998;11;27;331;-1.8;-5.4;-10.6;-3.4;-7.1;-12.7;0.4;0.9;0.52;3.3;1.3;59.06;52;12;42;12;87200;0.03;5.75;0.36;0.42
1998;11;28;332;-1.2;-5.9;-14.8;-5;-8.2;-17.6;-0.1;0.7;0.52;3.3;1.3;61.84;150;32;78;48;87327;0.12;0.06;0.36;0.42
1998;11;29;333;-1.3;-10.1;-20.2;-6.4;-13.8;-23.1;0.1;0.9;0.52;3.3;1.3;61.89;168;37;85;40;86676;0.09;0.46;0.36;0.42
1998;11;30;334;-2.9;-5.4;-7.8;-5.5;-7.3;-9.2;-0.5;-0.1;0.52;3.3;1.3;62.78;117;24;63;29;87199;0.08;0.76;0.35;0.42
1998;12;1;335;-4.3;-8.1;-13.2;-5.9;-9.5;-14.8;-0.6;0.1;0.51;3.3;1.3;63.29;124;27;55;40;87713;-0.08;0.58;0.35;0.42
1998;12;2;336;-3.1;-9;-15;-6.9;-11.3;-16.5;-0.1;0.7;0.51;3.3;1.3;63.73;157;32;64;44;87558;0.06;0.06;0.35;0.42
1998;12;3;337;-0.6;-10.4;-17.1;-5.1;-13.4;-19.4;0.1;1.3;0.51;3.3;1.3;63.75;166;36;81;49;87154;0.05;0;0.35;0.41
1998;12;4;338;-4.9;-9.7;-16;-8.3;-12.4;-18.4;0.7;0.7;0.51;3.3;1.3;63.88;150;31;75;30;86112;0.06;0.94;0.35;0.41
1998;12;5;339;-6.1;-7.4;-8.7;-8.7;-10.2;-11.6;1.9;0.6;0.52;3.3;1.3;68.23;68;15;37;22;86260;0.2;9.76;0.34;0.41
1998;12;6;340;-7.2;-7.9;-8.6;-10.1;-10.7;-11.6;2.5;0.2;0.53;3.3;1.3;79.5;96;17;52;20;86791;0.29;11.52;0.34;0.41
1998;12;7;341;-7.4;-9.3;-10.9;-9.7;-12.2;-14.5;1.7;0.1;0.54;3.3;1.4;90.01;58;14;58;30;87570;0.15;9.81;0.34;0.41
1998;12;8;342;-7.3;-9.7;-15.1;-10.7;-12.4;-17;0.7;0.3;0.54;3.3;1.4;96.96;127;26;76;39;88079;0.07;2.16;0.34;0.41
1998;12;9;343;-7.8;-15.8;-22.9;-14.1;-19.4;-25.7;0.1;1.6;0.54;3.3;1.4;97.54;155;32;74;48;87852;0.02;0;0.34;0.41
1998;12;10;344;-3.3;-6.9;-14;-4.4;-9.1;-16.7;0.3;1.1;0.53;3.3;1.4;99.8;57;12;0;-10;87531;0;6.56;0.34;0.41
1998;12;11;345;-1.2;-3;-7.1;-2.3;-4.7;-8.9;0.6;0.9;0.53;3.3;1.4;105.83;85;16;38;12;87277;0.04;6.12;0.33;0.41
1998;12;12;346;1;-0.6;-2.9;-1.3;-2.8;-4.3;0.5;1;0.53;3.3;1.4;111.77;122;23;74;18;87928;0.2;6.98;0.33;0.41
1998;12;13;347;4.8;2.3;0.1;1.3;-0.8;-3.6;2.3;0.8;0.5;3.3;1.4;111.75;111;21;71;29;88317;0.24;1.41;0.34;0.41
1998;12;14;348;2.1;0.7;-0.9;-2.2;-2.9;-3.7;0.8;1.2;0.48;3.3;1.4;110.39;21;5;33;8;88610;0.26;2.3;0.34;0.41
1998;12;15;349;3.8;-1.6;-6.2;0.6;-3.8;-7.6;0.2;1.6;0.47;3.3;1.4;110.74;163;35;80;58;88470;0.28;0;0.34;0.41
1998;12;16;350;2.2;-2.5;-8.3;0.5;-4.3;-10.1;0.6;0.9;0.46;3.3;1.3;111.46;103;19;85;42;88600;0.06;1.52;0.34;0.41
1998;12;17;351;1.7;-6.4;-11.8;-1.4;-9;-14.3;-0.1;1.6;0.46;3.3;1.3;111.91;158;33;80;58;88398;0.07;0;0.34;0.41
1998;12;18;352;2.8;-5.7;-10.1;-0.6;-8.7;-13;0.2;1.7;0.45;3.3;1.3;111.89;168;35;81;55;87875;0.04;0;0.34;0.41
1998;12;19;353;1;-4.8;-10.6;-3.1;-7.8;-14;1.3;1;0.45;3.3;1.3;112.23;135;28;66;40;87104;0.15;1.46;0.33;0.41
1998;12;20;354;-2.7;-5.4;-9.5;-4.9;-7.2;-11.8;-0.1;0.1;0.46;3.3;1.3;114.04;76;15;68;22;86346;0.06;4.09;0.33;0.41
1998;12;21;355;-4.7;-7.1;-10.9;-5.1;-8.9;-13.1;0.7;-0.5;0.5;3.2;1.3;121.08;123;24;68;32;86975;0.23;5.83;0.33;0.4
1998;12;22;356;-6;-9.9;-14.5;-10.3;-13.1;-16.9;0.4;1;0.51;3.2;1.3;123.13;102;24;59;28;87781;0.07;0.94;0.33;0.4
1998;12;23;357;-3.2;-11.2;-17.9;-8.4;-14.6;-20.9;-0.1;1.4;0.51;3.2;1.3;123.92;159;34;90;62;87697;0.07;0.01;0.33;0.4
1998;12;24;358;-4.7;-11.4;-18.6;-8.4;-14.4;-21.9;0.3;1.3;0.5;3.2;1.3;124.06;104;21;57;16;87532;0.03;0.93;0.33;0.4
1998;12;25;359;-1.2;-8.1;-12.7;-6.6;-11.5;-15.4;0.2;1.3;0.5;3.2;1.3;124.88;158;33;88;48;88045;0.05;0.09;0.33;0.4
1998;12;26;360;1.4;-6.8;-13;-3.3;-9.9;-16.1;0.2;1.6;0.5;3.2;1.3;124.96;121;21;67;24;87751;0.04;0.16;0.33;0.4
1998;12;27;361;1.4;-2.7;-6;-2;-5.6;-8.6;0.1;1.9;0.5;3.2;1.3;125.14;97;20;53;20;87213;0.14;0.16;0.33;0.4
1998;12;28;362;3.9;-3.3;-7.4;0.9;-6;-9.9;0.2;1.5;0.49;3.2;1.3;125.08;147;31;79;53;87187;0.07;0;0.33;0.4
1998;12;29;363;2;-5.4;-10.2;-2.1;-8.5;-12.1;-0.2;1.4;0.49;3.2;1.3;125.07;157;32;80;50;87294;0.09;0;0.33;0.4
1998;12;30;364;1.8;-6.5;-11.7;-3.2;-10.1;-14.5;0.1;1.7;0.48;3.2;1.3;125.04;165;35;88;58;87083;0.02;0;0.32;0.4
1998;12;31;365;-2.2;-8.3;-13.6;-6.1;-11.4;-16.1;-0.2;2.1;0.48;3.2;1.3;125.06;171;36;84;59;86983;0.03;0;0.32;0.4
1999;1;1;1;0.5;-4.1;-7.3;-3.2;-6.9;-9.9;-0.1;2;0.48;3.1;1.3;125.07;103;22;63;38;87011;0.11;0.02;0.32;0.4
1999;1;2;2;1;-4.3;-7.2;-2.6;-7.1;-9.4;0.1;1.6;0.47;3.1;1.3;125.04;144;30;80;43;86860;0.08;0.02;0.32;0.4
1999;1;3;3;0.6;-2.9;-6;-3.6;-6.1;-8.5;0.7;1.2;0.48;3.1;1.3;126.93;166;33;89;38;86798;0.14;3.78;0.32;0.4
1999;1;4;4;2;-0.1;-2;-0.7;-2.6;-4.1;1.1;1.3;0.48;3.1;1.3;130.02;39;7;55;14;87529;0.17;3.29;0.32;0.4
1999;1;5;5;2.8;-2.4;-5.9;0.1;-4.3;-7.3;0.1;1.6;0.48;3.1;1.3;130.37;151;32;74;50;87854;0.3;0;0.32;0.4
1999;1;6;6;3.3;-4.5;-8.4;0.3;-6.6;-10.2;0.1;1.8;0.47;3.1;1.3;130.18;173;37;86;61;87688;0.22;0;0.32;0.4
1999;1;7;7;2.8;-3;-8.3;-1.6;-7.1;-11.6;0.8;1.5;0.47;3.1;1.3;130.07;150;35;82;45;86983;0.1;0.51;0.32;0.4
1999;1;8;8;1.5;-0.2;-1.9;-0.6;-1.8;-3;0.9;0.6;0.47;3.1;1.3;133.95;62;11;30;6;86297;0.11;14.72;0.32;0.4
1999;1;9;9;-0.7;-3.6;-6.7;-2.6;-6.2;-9.4;0.9;0.7;0.5;3.1;1.3;141.72;142;30;80;51;86180;0.44;2.26;0.32;0.4
1999;1;10;10;-2;-6.5;-10.6;-5.7;-9.6;-13.3;-0.5;1;0.5;3.1;1.2;142.61;124;27;70;43;86195;0.06;0.02;0.32;0.4
1999;1;11;11;-0.1;-4;-7.5;-3.4;-6.4;-10.3;0.5;0.7;0.5;3.1;1.2;143.21;133;28;58;30;85802;0.04;2.09;0.32;0.4
1999;1;12;12;-3.8;-7.1;-11.7;-5.7;-9.7;-14.1;1.2;0.2;0.5;3;1.2;145.28;146;31;93;45;86648;0.31;0.82;0.32;0.4
1999;1;13;13;-4.4;-7.7;-11.5;-7.5;-10.4;-14.2;1.1;0.9;0.51;3;1.2;147.12;79;16;60;21;86371;0.09;3.26;0.32;0.39
1999;1;14;14;-2.4;-6.2;-11.3;-4.9;-9.1;-15.2;1;1.2;0.51;3;1.2;149.66;79;17;73;30;86676;0.05;2.59;0.32;0.39
1999;1;15;15;0.6;-6.4;-10.5;-5.5;-10.3;-13.6;0.5;1.4;0.51;3;1.2;151.13;169;36;81;58;87186;0.11;0.01;0.32;0.39
1999;1;16;16;0;-6.5;-10.7;-5;-10.2;-13.5;0;2;0.51;3;1.2;151.09;158;34;82;49;87017;0.18;0;0.32;0.39
1999;1;17;17;1.7;-6.3;-10;-4.6;-10.7;-13.7;0.1;1.8;0.51;3;1.2;150.99;176;39;93;61;87069;0.15;0;0.32;0.39
1999;1;18;18;3;-5.4;-11;-2.5;-9.4;-13.7;0.3;1.3;0.5;3;1.2;150.99;180;39;81;51;87648;0.03;0;0.32;0.39
1999;1;19;19;3.4;-7.2;-13.6;-2;-10.4;-15.7;0.1;1.4;0.5;3;1.2;150.96;184;41;83;53;87865;0.05;0;0.32;0.39
1999;1;20;20;3.9;-7.6;-14;-2.7;-11.1;-16.2;0.1;1.6;0.5;3;1.2;150.95;190;43;89;58;87850;0.06;0;0.32;0.39
1999;1;21;21;3.7;-7.7;-14.9;-1.3;-11.2;-17.2;0.2;1.5;0.49;3;1.2;150.89;195;44;93;61;87810;0.01;0;0.32;0.39
1999;1;22;22;2.9;-8.1;-16.2;-3.3;-12.2;-18.8;0.1;1.3;0.49;3;1.2;150.87;196;44;91;59;87775;0.05;0;0.32;0.39
1999;1;23;23;2.6;-8.5;-16.1;-2.1;-11.9;-18.4;0.2;1.4;0.49;3;1.2;150.86;197;45;88;57;87680;0;0;0.32;0.39
1999;1;24;24;3.3;-7.9;-15.1;-3.7;-11.7;-17.4;0.2;1.5;0.48;3;1.2;150.86;193;45;86;56;87856;0.03;0;0.32;0.39
1999;1;25;25;3.6;-5.7;-12.5;-3.2;-9.5;-14.6;0.5;1.4;0.48;3;1.2;150.85;192;44;83;53;87899;-0.01;0;0.32;0.39
1999;1;26;26;3.7;-3.9;-10.8;-1.7;-6.8;-13.3;0.6;0.8;0.48;3;1.2;151.96;169;33;53;30;86977;0.05;6.63;0.31;0.39
1999;1;27;27;-1.8;-4.1;-7.1;-4;-6.2;-9.1;1.7;0.4;0.51;3;1.2;161.49;157;25;76;30;86229;0.27;14.34;0.31;0.39
1999;1;28;28;-2.9;-4.2;-5.7;-4;-6.1;-7.8;1.1;0.5;0.53;3;1.2;179.5;55;12;30;12;86180;0.11;24.12;0.31;0.39
1999;1;29;29;-4.1;-8;-12.7;-5.2;-10;-15.6;0.7;-1.6;0.54;3;1.2;203.45;143;30;60;28;87063;0.42;13.71;0.31;0.39
1999;1;30;30;-11.8;-13.8;-15.6;-15.1;-16.4;-18.1;1;-0.5;0.54;3;1.2;212.08;101;21;56;22;87997;0.16;7.99;0.31;0.39
1999;1;31;31;-11.6;-13.4;-15.2;-15.1;-16.6;-18.1;-0.1;-0.1;0.54;3;1.2;217.63;160;38;75;46;88235;0.06;1.62;0.31;0.39
1999;2;1;32;-7.3;-14;-23.2;-14.8;-18.9;-26.1;0.1;0.9;0.54;3;1.2;218.07;162;35;71;30;88216;0;0.18;0.31;0.39
1999;2;2;33;-3.5;-7.8;-13.4;-6.6;-10.7;-16.4;0.4;0.8;0.53;3;1.2;218.59;75;17;18;-2;88421;-0.05;0.75;0.31;0.39
1999;2;3;34;-0.2;-4.4;-11;-3.4;-7.1;-13;0.7;0.9;0.53;3;1.2;219.76;151;31;45;17;88622;-0.05;3.04;0.31;0.39
1999;2;4;35;2.2;-0.2;-2;-1.8;-3.3;-4.8;1.7;0.6;0.53;3;1.2;223.58;159;37;75;34;88080;0.04;1.73;0.31;0.39
1999;2;5;36;0.8;-1.2;-3.6;-2;-3.5;-4.9;3.4;0;0.52;3;1.2;229.89;71;16;51;17;86719;0.4;16.6;0.31;0.39
1999;2;6;37;-4.1;-4.9;-5.6;-5.2;-6.8;-8.2;2.6;-0.6;0.54;3;1.2;249.91;90;19;42;21;86277;0.45;18.06;0.31;0.39
1999;2;7;38;-3;-5.3;-7.3;-5.2;-7.9;-9.5;1.7;0.6;0.54;3;1.2;263.97;77;18;50;24;85568;0.27;14.29;0.31;0.39
1999;2;8;39;-7.3;-9.4;-13.6;-9.6;-12.8;-17.4;1.9;0.5;0.54;3;1.2;275.55;143;29;89;42;85851;0.36;5.75;0.31;0.39
1999;2;9;40;-5.9;-8.8;-12.5;-8.2;-10.7;-15.4;0;0.2;0.54;3;1.2;284.97;61;13;17;6;85169;-0.06;15.94;0.31;0.39
1999;2;10;41;-8.1;-10.3;-12.4;-10.6;-12.8;-13.9;0.5;-0.6;0.54;3;1.2;293.87;165;39;65;40;85877;0.11;1.92;0.31;0.39
1999;2;11;42;-9.6;-11.7;-13.5;-13.5;-14.6;-15.4;0.3;-0.3;0.54;3;1.2;296.45;154;34;62;33;86479;0.06;2.94;0.31;0.39
1999;2;12;43;-11.6;-13;-14.7;-14.8;-16.3;-18;0;-0.3;0.54;3;1.2;297.88;229;54;85;48;87289;0.06;0.76;0.31;0.38
1999;2;13;44;-10.1;-12.1;-15.1;-13.5;-15;-17.2;0.2;-0.1;0.53;3;1.2;299.33;170;42;51;22;87643;0.04;1.9;0.31;0.38
1999;2;14;45;-6.5;-9;-11.6;-9.4;-11.3;-14.1;0.7;-0.1;0.53;3;1.2;302.32;145;32;23;9;87687;0;4.96;0.31;0.38
1999;2;15;46;-2;-7.3;-14.4;-9.4;-11.3;-16.6;0.2;0.5;0.53;3;1.2;305.85;241;61;97;60;87616;0.05;0.64;0.31;0.38
1999;2;16;47;-1;-7.5;-16.1;-5;-11;-18.3;1.5;0.9;0.53;3;1.2;307.22;189;33;69;29;86782;-0.03;4.65;0.31;0.38
1999;2;17;48;-4.2;-6;-8.1;-6.6;-8.7;-10.3;2.5;0;0.53;3;1.2;315.06;74;19;58;25;86374;0.29;10.83;0.31;0.38
1999;2;18;49;-4.5;-6;-7.8;-5.7;-7.6;-10.3;1;0.2;0.54;3;1.2;327.98;57;12;28;10;86919;0.02;13.5;0.31;0.38
1999;2;19;50;1.3;-1.1;-4.4;-0.9;-2.9;-5.6;1.3;1;0.54;3;1.2;340.31;97;22;19;3;87356;-0.02;15.92;0.31;0.38
1999;2;20;51;3.3;1.2;0.1;0.3;-0.3;-1;1.6;0.8;0.52;3;1.2;351.66;93;18;28;7;87150;0.03;21.49;0.32;0.38
1999;2;21;52;1.6;0.5;-0.3;-0.7;-1.1;-1.9;1.6;0.6;0.5;3;1.2;354.3;80;17;36;12;86538;0.24;18.19;0.33;0.38
1999;2;22;53;0.4;-3.1;-6.7;-1.9;-5.7;-9.9;2.8;0.2;0.52;3;1.2;367.15;138;30;65;34;85513;1.02;18.85;0.34;0.38
1999;2;23;54;-5.3;-6.2;-7.2;-7.6;-8.7;-9.9;2.8;-0.1;0.53;3;1.2;379.31;97;21;51;23;86016;0.49;13.41;0.34;0.38
1999;2;24;55;-3.2;-5.9;-8.4;-6.2;-8.9;-12;1.2;0.4;0.54;3.1;1.2;390.27;218;47;67;31;86443;0.31;11.65;0.34;0.38
1999;2;25;56;-2.7;-5.5;-10;-6.8;-8.9;-12.8;-0.2;0;0.54;3.1;1.3;398.39;278;71;105;62;87150;0.22;0.54;0.34;0.38
1999;2;26;57;6.3;-3.3;-11.6;-4.2;-9.3;-13.8;0;1;0.54;3.1;1.3;398.33;265;72;83;56;87360;0.28;0;0.34;0.38
1999;2;27;58;8.5;-1.2;-9.6;-0.4;-6;-11.2;0.1;1;0.53;3.1;1.3;398.35;276;74;89;60;87174;0.14;0;0.34;0.38
1999;2;28;59;2.6;-1.8;-7.6;-0.4;-3.9;-8.7;0.4;0.4;0.53;3.1;1.3;398.43;209;57;62;44;87661;0.02;0;0.34;0.38
1999;3;1;60;4.7;-0.1;-6.5;-1.7;-4.1;-7.5;1.1;0.9;0.52;3.1;1.3;398.68;287;74;94;50;87592;0.36;1.33;0.34;0.38
1999;3;2;61;4;2.3;0.9;0.2;-0.6;-1.6;1.7;0.8;0.5;3.1;1.3;398.91;119;32;22;10;87214;0.14;3.05;0.34;0.38
1999;3;3;62;8;1.8;-3.7;1;-1.8;-5.3;-0.1;0.8;0.48;3.1;1.3;395.82;280;74;74;54;86150;0.25;0;0.34;0.38
1999;3;4;63;5.2;-0.1;-4;-0.4;-2.6;-6;0.1;0.3;0.47;3.1;1.3;394.19;304;82;89;53;85092;0.42;7.57;0.34;0.38
1999;3;5;64;0.5;-1.9;-4.3;-2.2;-3.9;-6.2;0.8;0.4;0.51;3.1;1.3;406.08;179;45;71;35;85229;0.58;8.31;0.34;0.38
1999;3;6;65;0.3;-3;-5.7;-4.6;-6.2;-7.3;0.6;-0.1;0.5;3.1;1.3;408.64;270;72;82;50;85676;0.69;7.89;0.34;0.38
1999;3;7;66;-2.2;-4.4;-8.1;-4.9;-7.1;-10.6;1;0;0.53;3.2;1.3;423.82;226;58;79;40;86152;0.5;10.56;0.34;0.38
1999;3;8;67;1.8;-5;-12.4;-6.3;-10.8;-14.4;-0.1;1.1;0.53;3.2;1.3;425.59;310;83;100;59;86485;0.47;2.26;0.34;0.38
1999;3;9;68;3.9;-0.8;-3.7;-1;-4.2;-6.1;-0.1;1.5;0.53;3.2;1.3;431.9;110;36;73;25;86435;0.1;4.89;0.34;0.38
1999;3;10;69;8.9;1.1;-5;-0.6;-3.4;-6.5;0.3;1;0.52;3.2;1.3;432.47;278;74;72;42;86828;0.36;0.78;0.34;0.38
1999;3;11;70;3.3;0.7;-3.7;0.4;-1.2;-5;-0.1;0.6;0.51;3.2;1.3;436.52;152;37;55;24;87215;0.1;9.63;0.34;0.38
1999;3;12;71;11.3;1.8;-4.6;3.7;-1.9;-5.4;0.1;1.1;0.49;3.2;1.3;435.49;340;97;91;66;87322;0.47;0;0.35;0.38
1999;3;13;72;10.5;1.6;-6.1;2.2;-2.8;-7.1;-0.1;0.9;0.47;3.2;1.3;432.1;358;103;95;70;87436;0.65;0;0.35;0.38
1999;3;14;73;10.1;1.2;-6.8;2.5;-2.8;-8.1;0.3;0.9;0.45;3.2;1.3;430;365;105;96;67;87725;0.69;0.18;0.35;0.38
1999;3;15;74;5.9;1.5;-3.9;2.6;-0.3;-5.2;0.2;0;0.44;3.2;1.3;427.41;325;92;76;40;88062;0.27;0.96;0.35;0.38
1999;3;16;75;3.6;0.7;-2.9;0.8;-1.4;-4.3;-0.4;-0.9;0.43;3.2;1.3;421.66;338;91;90;41;88017;0.64;0.92;0.36;0.38
1999;3;17;76;1.2;-2.5;-6;-4.2;-5.8;-7.8;-1.2;-0.5;0.42;3.3;1.3;418.49;407;116;105;75;87882;1.29;0.07;0.36;0.38
1999;3;18;77;1;-3.9;-8.4;-5.2;-7.5;-9.8;-0.6;-0.1;0.42;3.3;1.3;417.69;417;119;110;81;87390;1.04;0;0.36;0.38
1999;3;19;78;1.3;-4.5;-11.4;-2.6;-7.1;-13.5;1;0.1;0.43;3.3;1.3;419;333;86;93;51;87192;0.52;7.76;0.36;0.38
1999;3;20;79;-0.8;-3.8;-6.5;-4.4;-6;-8.1;0.9;-0.3;0.5;3.3;1.3;428.82;271;74;67;41;87564;0.43;6.28;0.35;0.38
1999;3;21;80;2.8;-2.3;-8.5;-3.9;-6.5;-10.4;0.5;0.6;0.5;3.3;1.3;430.87;285;81;68;48;86933;0.5;0.16;0.35;0.38
1999;3;22;81;2.1;-1.6;-4;-3.2;-4.1;-5.7;1.2;0.5;0.5;3.3;1.3;433.28;263;73;64;30;86239;0.47;5.89;0.35;0.38
1999;3;23;82;0.6;-1.3;-3.4;-2.1;-3.8;-6.4;1.8;0.4;0.51;3.3;1.3;439.77;226;52;42;17;86888;0.64;8.92;0.35;0.38
1999;3;24;83;6.5;1.3;-5.6;0.4;-2.3;-7.3;-0.2;0.7;0.51;3.4;1.4;445.71;357;106;101;59;87148;0.56;1.74;0.35;0.38
1999;3;25;84;7.5;0.5;-6.3;1.5;-3.4;-8;-0.2;1.7;0.49;3.4;1.4;444.26;378;115;100;76;86475;0.79;0;0.35;0.38
1999;3;26;85;10;2;-3.7;2;-2.5;-5.9;-0.2;1.1;0.48;3.4;1.4;442.43;354;101;85;60;86131;0.64;0.04;0.35;0.38
1999;3;27;86;5.3;1.1;-2.5;1.9;-1.1;-4.4;0.4;0.4;0.46;3.4;1.4;439.64;308;83;60;45;85738;0.34;1.86;0.35;0.38
1999;3;28;87;2.8;0.1;-2.9;-0.8;-1.7;-3.6;1;-0.4;0.45;3.4;1.4;438.15;237;67;55;26;86516;0.48;1.59;0.36;0.38
1999;3;29;88;3.7;1.1;-1.4;0.7;-0.4;-1.7;-0.1;-0.4;0.44;3.4;1.4;435.96;265;69;30;19;87373;0.32;0.42;0.36;0.38
1999;3;30;89;5.6;2;-1;1;-0.2;-1.4;-0.7;-0.1;0.43;3.4;1.4;429.44;325;95;59;34;87535;0.5;0.13;0.36;0.38
1999;3;31;90;7.4;1.9;-3.7;1;-1.3;-4.5;-0.9;0.2;0.42;3.5;1.4;421.61;431;126;95;70;87505;0.72;0;0.37;0.38
1999;4;1;91;8.6;2.4;-5.4;1.3;-1.8;-7;-0.6;0.4;0.42;3.5;1.4;414.29;457;143;107;82;87275;0.85;0;0.37;0.38
1999;4;2;92;8.2;2.5;-4.9;1.9;-1.6;-6.5;0.6;0.5;0.41;3.5;1.4;407.03;446;139;102;71;87333;0.85;0.72;0.38;0.38
1999;4;3;93;7.9;2.7;-2.8;2.2;-0.5;-4.8;0.4;0.5;0.41;3.5;1.4;398.85;361;106;76;46;87785;0.52;0.63;0.38;0.38
1999;4;4;94;7.1;2.9;-1.6;3.8;1.2;-2.5;1.1;0.6;0.4;3.5;1.4;389.08;288;83;41;23;88024;0.02;14.24;0.39;0.38
1999;4;5;95;6.9;3.1;-1.4;4.3;1.7;-2.2;0.6;0.4;0.4;3.5;1.4;375.38;375;94;68;30;88391;0.09;5.22;0.41;0.39
1999;4;6;96;10.7;4.2;-3.1;2.9;-0.2;-4.5;0.6;0.9;0.4;3.5;1.4;361.77;458;142;90;59;88112;0.8;0;0.41;0.39
1999;4;7;97;4.1;1.5;-0.9;2.8;0.3;-1.7;0.8;0.5;0.41;3.6;1.4;353.28;138;41;31;14;87212;-0.04;18.33;0.42;0.39
1999;4;8;98;2.9;0.1;-2.2;0.7;-0.8;-3.1;0.3;-0.4;0.46;3.6;1.4;355.43;266;65;64;25;87344;0.3;13.69;0.42;0.4
1999;4;9;99;5.3;1.8;-1.8;-0.1;-1.6;-2.5;-0.5;-0.2;0.46;3.6;1.4;353.58;345;99;61;36;87789;0.84;0.67;0.42;0.4
1999;4;10;100;6.4;2.8;-2.9;0.8;-1.2;-4.3;0.2;0.2;0.45;3.6;1.4;347.97;430;133;97;66;87521;0.8;0.01;0.42;0.4
1999;4;11;101;4.6;1.6;-0.9;2.7;0.2;-2.5;1.2;0.4;0.43;3.6;1.4;341.79;166;50;29;16;87262;-0.02;5.94;0.42;0.4
1999;4;12;102;6.5;1.5;-3.8;0.9;-0.9;-4.4;0.4;0.2;0.43;3.6;1.4;335.2;385;109;86;45;86370;0.63;4.38;0.42;0.4
1999;4;13;103;2.8;0.1;-3.2;0.3;-1.7;-5.6;1.4;0.4;0.46;3.6;1.4;333.74;302;76;75;37;85891;0.5;7.56;0.42;0.4
1999;4;14;104;8.9;1.9;-3.5;-2.7;-5.3;-10.4;0.4;0.7;0.46;3.7;1.5;332.7;456;143;109;75;85853;1.61;1.54;0.42;0.41
1999;4;15;105;1.5;-0.6;-2.9;-1.1;-3.3;-5.5;0.5;-0.6;0.46;3.7;1.5;333.11;197;64;63;30;86058;0.73;7.93;0.41;0.41
1999;4;16;106;-0.5;-2;-3.3;-3.2;-3.9;-4.7;-0.2;-0.7;0.51;3.7;1.5;346.8;195;55;46;21;86170;0.78;13.66;0.41;0.41
1999;4;17;107;1.9;-1.7;-5.4;-1.4;-4.3;-6.5;0.7;-0.3;0.5;3.7;1.5;353.34;381;105;76;43;86090;0.96;3.28;0.4;0.41
1999;4;18;108;2.6;-2;-6;-1.5;-4.4;-7.3;1.2;0.3;0.49;3.7;1.5;356.45;376;114;87;60;86751;0.71;6.17;0.4;0.41
1999;4;19;109;1.8;-2.6;-8.1;-3;-5.7;-9.6;0.8;0.4;0.49;3.7;1.5;360.21;328;103;84;63;87167;0.84;2.06;0.39;0.41
1999;4;20;110;5.5;0.6;-6.9;-2.3;-5.3;-8.8;0.3;0.3;0.49;3.8;1.5;360.6;427;130;95;60;87052;1.14;0;0.39;0.41
1999;4;21;111;7.8;3.4;-0.6;5.3;1;-2.9;0.1;0.9;0.47;3.8;1.5;359.14;206;46;29;8;86728;0.08;6.59;0.39;0.41
1999;4;22;112;6.3;2.4;-2.1;3;0.6;-2.9;0.2;0.6;0.45;3.8;1.5;354.18;291;100;76;42;87156;0.25;4.35;0.4;0.41
1999;4;23;113;8.4;3.9;-3.3;5.4;0.5;-4.4;-0.3;0.3;0.44;3.8;1.5;343.47;466;147;91;61;87093;0.8;0.66;0.4;0.41
1999;4;24;114;5.3;3.1;0.9;4.6;2.2;-0.5;0.7;0;0.43;3.8;1.5;332.46;293;78;33;14;87185;-0.16;11.19;0.42;0.41
1999;4;25;115;9.3;5.3;1.7;3.4;2.2;-0.2;-0.4;-0.1;0.42;3.8;1.5;317.57;422;124;78;34;87206;0.67;1.5;0.43;0.41
1999;4;26;116;9.6;4.9;-3.5;4.9;1.2;-4.6;-0.5;0.3;0.41;3.9;1.5;302.59;475;158;96;66;87002;0.88;1.39;0.43;0.41
1999;4;27;117;9;4.6;-2.3;6.1;2;-3.7;-0.2;0.3;0.41;3.9;1.5;287.78;406;126;70;43;87112;0.46;5.33;0.43;0.42
1999;4;28;118;9.9;5.7;-0.6;4.4;2.5;-2.1;-0.8;-0.2;0.39;3.9;1.5;272.17;431;145;76;49;87464;0.74;0.2;0.43;0.42
1999;4;29;119;14.5;8.4;-1;7.9;4.4;-2;-0.2;0.2;0.39;3.9;1.6;252.49;532;182;91;60;87035;0.83;4.7;0.43;0.42
1999;4;30;120;8.7;5.6;2.3;5.2;3.7;0.7;0.9;0.7;0.38;3.9;1.6;233.74;173;57;47;11;87299;0.08;7.72;0.43;0.43
1999;5;1;121;10.5;6.8;0.7;4.5;2.5;-0.5;0.6;0.6;0.38;3.9;1.6;218.87;422;139;77;42;87553;0.79;0.8;0.42;0.43
1999;5;2;122;12.3;7.2;-1.3;8.2;3;-2.6;0;0.2;0.37;4;1.6;201.31;503;175;87;62;87624;0.99;0.77;0.42;0.43
1999;5;3;123;15.3;8.8;-1.5;7.4;3.8;-2.8;-0.7;0.1;0.35;4;1.6;181.96;569;201;93;66;87544;1.44;0.02;0.42;0.43
1999;5;4;124;14.6;9;2.6;8.8;5.3;1.2;-1;0.6;0.33;4;1.6;164.19;520;141;68;40;86787;1;0.7;0.42;0.43
1999;5;5;125;12.1;8;3.6;9.8;6.3;1.6;0.1;0.3;0.31;4;1.6;149.46;293;91;32;17;86938;0.5;11.31;0.42;0.43
1999;5;6;126;10.9;6.7;1.8;8.8;5.8;1.3;0.4;0.6;0.31;4;1.6;137.4;278;87;45;21;87462;0.53;10.2;0.42;0.43
1999;5;7;127;14.5;8.8;0.5;6.9;3.5;0;0.1;0.5;0.31;4;1.6;124.23;541;181;84;49;87299;1.85;0.28;0.41;0.43
1999;5;8;128;11.9;7.2;3.6;7.7;5.2;1.8;0.7;0.6;0.31;4.1;1.6;111.83;346;82;65;17;87289;0.59;17.64;0.41;0.43
1999;5;9;129;12.5;8.6;4.7;7;5;2.3;-0.3;0;0.3;4.1;1.6;99.35;455;152;81;37;87699;1.31;1.87;0.42;0.43
1999;5;10;130;18.5;10.7;-0.4;8.3;3.8;-1.6;0.5;0.4;0.29;4.1;1.6;85.74;605;199;88;52;87607;2.17;1.07;0.42;0.43
1999;5;11;131;11.6;9.3;7;10.6;7.6;5.5;0.5;0.2;0.28;4.1;1.6;73.63;307;65;28;2;87469;0.57;24.56;0.42;0.43
1999;5;12;132;10.9;9.1;6.7;10.1;8.2;6.4;0.6;0.3;0.27;4.1;1.6;64.44;166;50;17;-2;87218;0.56;35.33;0.42;0.43
1999;5;13;133;11.4;8.7;4.8;8;7;4.7;0.7;0;0.26;4.1;1.7;55.45;428;98;48;16;87212;1.01;11.54;0.42;0.43
1999;5;14;134;10.3;7.3;4.3;8.2;6.4;4.2;0.4;0;0.25;4.2;1.7;47.92;204;54;32;8;86953;0.7;11.82;0.42;0.43
1999;5;15;135;9.4;6.2;3.2;7.7;4.9;2.7;0.5;-0.3;0.24;4.2;1.7;41.25;392;130;60;30;87048;1.56;6.65;0.42;0.43
1999;5;16;136;7.7;5;2.8;3.5;2.3;0.1;-0.8;-0.8;0.24;4.2;1.7;34.79;412;126;80;30;87270;1.66;2.21;0.42;0.43
1999;5;17;137;15.5;9;1.5;8.2;4.1;-0.4;-1;0.4;0.23;4.2;1.7;28.11;608;187;77;58;87098;2.03;0.06;0.41;0.43
1999;5;18;138;18.2;11;2.7;10.3;6.8;1.2;-0.7;0.1;0.22;4.2;1.7;19.86;686;214;97;63;87112;2.46;1.23;0.41;0.43
1999;5;19;139;17.7;10.9;3.9;8;6.3;2.6;0;1;0.2;4.2;1.7;11.81;653;219;96;60;87099;3;1.03;0.4;0.43
1999;5;20;140;11.7;8.2;5.5;9.8;7.5;5.3;0.6;-0.4;0.17;4.2;1.7;6.43;414;124;44;24;86918;2.4;33.65;0.4;0.43
1999;5;21;141;6.3;5.5;4.7;6.1;5.4;4.6;2.1;0.5;0.15;4.2;1.7;4.17;42;12;3;1;86734;0.43;110.03;0.42;0.43
1999;5;22;142;8.2;6.6;5.8;7.7;6.4;5.6;1.2;0.3;0.14;4.2;1.7;2.95;203;36;14;4;87467;0.97;48.8;0.43;0.44
1999;5;23;143;11;7.6;4.5;5.3;4.7;4.3;0.2;-0.7;0.13;4.3;1.7;1.81;388;127;71;31;87976;2.12;2.43;0.41;0.44
1999;5;24;144;16.5;10.9;1.9;9.1;6.1;1.3;-0.1;-0.2;0.12;4.3;1.7;0.93;713;256;106;78;87913;3.4;0.04;0.4;0.44
1999;5;25;145;15;9.7;3.6;11.2;7.1;2.6;0.5;0.4;0.12;4.3;1.7;0.4;477;179;71;53;87725;2.79;11.2;0.39;0.43
1999;5;26;146;16.8;11.1;3.2;9.7;6.8;3;-0.2;0.1;0.12;4.3;1.7;0.16;678;245;108;68;87794;3.76;0.55;0.39;0.43
1999;5;27;147;20.3;13.2;4.1;12.5;8;3.1;-0.3;0.4;0.12;4.3;1.7;0.06;737;245;107;74;87860;3.95;0.61;0.38;0.43
1999;5;28;148;17.9;12.8;5.7;11.5;8.7;4.1;0.4;0.5;0.12;4.3;1.7;0.01;679;209;86;58;88159;3.41;3.66;0.37;0.43
1999;5;29;149;20.6;14.2;5.6;11.1;8.1;4.4;-0.2;0.3;0.12;4.3;1.7;0;711;259;106;79;88032;4.48;0.07;0.36;0.43
1999;5;30;150;21.7;14.6;5.7;14.3;8.5;4.1;0.3;0.6;0.12;4.3;1.7;0;651;244;110;78;87781;4.33;0.69;0.36;0.43
1999;5;31;151;20.1;13.8;7.7;12.6;9.8;5.6;0.5;0.5;0.12;4.3;1.7;0;624;211;91;59;87982;3.78;6.41;0.35;0.43
1999;6;1;152;19.6;14.3;6.7;14.8;11.2;6.3;0.1;0.4;0.12;4.3;1.7;0;647;234;99;66;87960;3.75;1.91;0.35;0.42
1999;6;2;153;23.2;15.9;9.8;13.7;10.9;7.9;0.5;0.6;0.12;4.3;1.7;0;753;222;101;52;87555;4.88;15.83;0.35;0.42
1999;6;3;154;18.8;13.6;7.7;9.8;7.9;5.2;0.1;-0.2;0.12;4.4;1.8;0;770;268;117;75;87478;4.66;3.5;0.35;0.42
1999;6;4;155;12.4;9.6;6.6;10;5.8;4.1;1.4;0.2;0.12;4.4;1.8;0;528;149;75;41;87325;3.53;16.11;0.36;0.42
1999;6;5;156;19.1;11.8;4.2;9.3;6.6;3;-0.2;-0.2;0.12;4.4;1.8;0;736;235;110;72;87032;3.83;0.81;0.35;0.42
1999;6;6;157;10.2;8.1;6;8.8;6.9;5.4;0.3;-0.4;0.12;4.4;1.8;0;215;65;57;24;87160;1.53;6.95;0.35;0.42
1999;6;7;158;13.2;9.4;5.8;9.4;7;4.7;-0.4;0.1;0.12;4.4;1.8;0;383;112;69;31;87515;1.92;0.4;0.35;0.42
1999;6;8;159;9.5;7.6;5.8;8.1;6;4.4;0.8;0.2;0.12;4.4;1.8;0;327;70;86;32;87855;1.67;10.86;0.36;0.42
1999;6;9;160;15.7;10.1;3.7;6.5;4.8;3;-0.6;-0.4;0.12;4.4;1.8;0;694;259;105;75;88189;3.71;0;0.35;0.42
1999;6;10;161;16.1;11;6.2;11.7;8.6;4.7;0;-0.3;0.12;4.4;1.8;0;628;167;87;40;87938;2.66;30.79;0.36;0.42
1999;6;11;162;10.7;9.1;8.1;8.9;8.2;7.4;0.3;-0.4;0.12;4.4;1.8;0;282;79;30;14;87855;1.83;6.42;0.37;0.42
1999;6;12;163;14;10.7;7.1;8.5;7.4;6.9;-0.8;-0.4;0.12;4.4;1.8;0;476;156;57;35;87839;2.72;1.59;0.37;0.41
1999;6;13;164;14.7;10.8;6.5;11.2;9;5.8;-0.4;-0.1;0.12;4.4;1.8;0;542;185;71;48;87734;3.13;8.09;0.37;0.41
1999;6;14;165;13.9;10.4;5.5;11;8.8;5.4;-0.5;-0.3;0.12;4.4;1.8;0;379;134;52;32;87677;2.56;5.57;0.37;0.41
1999;6;15;166;13;10.8;9.3;11.4;9.9;8.4;-0.4;-0.7;0.12;4.5;1.8;0;298;99;35;13;87966;2.14;11.71;0.38;0.41
1999;6;16;167;14.9;11.3;8.5;12.1;10.1;8.1;-0.2;-0.5;0.12;4.5;1.8;0;546;157;59;33;87957;3;10.16;0.38;0.41
1999;6;17;168;15.5;11.3;6.9;11.6;9.4;6.5;0.5;0.1;0.12;4.5;1.8;0;531;197;72;49;87806;3.15;5.15;0.38;0.41
1999;6;18;169;10.6;8.5;6;9.9;7.6;5.3;0.5;-0.2;0.12;4.5;1.8;0;302;117;56;35;87694;3.02;24.43;0.39;0.41
1999;6;19;170;10.2;7.5;4.7;6.8;5.1;3.5;0.1;-0.4;0.12;4.5;1.8;0;624;200;81;52;87762;3.53;7.01;0.4;0.41
1999;6;20;171;14.3;9.5;3.1;7.8;4.4;2.3;0.6;0.1;0.12;4.5;1.8;0;610;221;87;65;87499;3.44;0;0.4;0.41
1999;6;21;172;9.1;6.9;3.6;8.2;5.4;3.4;1.2;0;0.12;4.5;1.8;0;362;100;59;23;87073;2.68;25.56;0.41;0.41
1999;6;22;173;8.4;4.8;2;6.8;3.9;1.9;1;-0.4;0.12;4.5;1.8;0.05;438;135;72;29;87656;3.11;14.74;0.42;0.41
1999;6;23;174;13.3;7.6;-0.2;4.9;2.6;-0.5;-0.7;-0.3;0.12;4.5;1.8;0.04;800;288;119;86;87886;4.12;0;0.42;0.41
1999;6;24;175;14.1;10;3.1;6.2;4.2;2.1;-0.1;-0.3;0.12;4.5;1.8;0;617;234;101;74;88040;3.43;0.02;0.41;0.41
1999;6;25;176;17.7;11.5;2.4;9.6;5.5;1.4;0.3;0.1;0.12;4.5;1.8;0;824;298;126;95;87799;4.58;0.02;0.4;0.41
1999;6;26;177;20;12.9;4.6;13.1;8.2;3.5;0.4;0.5;0.12;4.5;1.8;0;708;224;103;57;87288;4.06;7.82;0.4;0.41
1999;6;27;178;15.8;11.9;7.3;12.3;10.6;7.1;-0.2;0.8;0.12;4.5;1.8;0;425;126;83;45;87111;2.47;9.87;0.4;0.41
1999;6;28;179;11.1;9.6;8;9.2;8.3;6.8;0.4;0;0.12;4.5;1.8;0;251;60;57;22;87592;1.42;13.1;0.41;0.41
1999;6;29;180;18.3;13.1;5.5;13.5;9.3;4.9;0.1;0.2;0.12;4.5;1.8;0;725;230;107;68;87937;3.43;0.71;0.41;0.41
1999;6;30;181;16.7;12.6;8.9;11.7;10;7.8;0.6;0.2;0.12;4.5;1.9;0;525;180;76;48;87976;3.25;8.09;0.41;0.41
1999;7;1;182;16.9;12.8;7.3;10.2;8.6;6.8;0.5;-0.1;0.12;4.6;1.9;0;562;214;88;61;87962;3.64;0.69;0.4;0.41
1999;7;2;183;19.3;14.6;6.9;12.9;9.6;5.9;0.5;0;0.12;4.6;1.9;0;686;247;98;71;87759;4.12;0.28;0.4;0.41
1999;7;3;184;24;17;7.4;18.2;11.5;6.3;0.1;0.5;0.12;4.6;1.9;0;804;287;121;86;87600;4.91;0.01;0.39;0.41
1999;7;4;185;25.9;18.6;9.2;19.4;13;8.2;-0.3;0.8;0.12;4.6;1.9;0;747;270;108;81;87376;5.02;0.52;0.39;0.41
1999;7;5;186;25.3;19.1;11.7;16.8;13.1;10.2;0;0.4;0.12;4.6;1.9;0;733;271;109;79;87193;5.41;1.88;0.38;0.41
1999;7;6;187;16.1;13.5;10.1;13.7;11.9;8.6;0.8;-0.3;0.12;4.6;1.9;0;393;136;64;43;87355;2.93;14.7;0.38;0.41
1999;7;7;188;14.3;10.5;8.2;10.8;9;7.5;1.3;0;0.11;4.6;1.9;0;556;148;68;31;87973;3.31;18.24;0.38;0.41
1999;7;8;189;12;9.9;8.5;11.1;9.5;8.5;0.2;-0.5;0.11;4.6;1.9;0;310;99;50;16;88236;2.81;21.3;0.41;0.41
1999;7;9;190;11.2;9.4;7.3;10.2;8.8;7;-0.2;-0.3;0.11;4.6;1.9;0;133;31;41;8;87986;0.91;5.32;0.41;0.41
1999;7;10;191;15;12;9.5;13.2;11.3;8.7;-0.4;-0.2;0.11;4.6;1.9;0;276;74;50;18;87443;1.49;4.44;0.41;0.41
1999;7;11;192;14.6;12.6;8.6;14.4;12;8.5;0.1;0.3;0.11;4.6;1.9;0;223;80;37;18;87358;1.54;9.09;0.41;0.41
1999;7;12;193;16.7;13.3;10.2;14.3;12.2;9.7;0.1;0.6;0.11;4.6;1.9;0;495;119;76;36;87324;2.3;10.06;0.42;0.41
1999;7;13;194;19.9;14.3;8;14.7;11.9;7.1;0.5;0.7;0.11;4.6;1.9;0;613;201;77;56;87063;3.49;6.03;0.42;0.41
1999;7;14;195;15.6;12.2;9.2;12.3;9.5;7.5;1.6;0.3;0.11;4.6;1.9;0;552;166;80;46;87088;3.46;10.38;0.42;0.41
1999;7;15;196;15.1;11.3;8.4;10.2;8.9;7.1;0.9;0;0.11;4.6;1.9;0;532;159;77;42;87514;3.01;4.04;0.42;0.41
1999;7;16;197;15.3;11.8;7.4;11.4;9.5;6.7;0.5;-0.1;0.11;4.6;1.9;0;527;192;86;53;87839;3.08;2.89;0.41;0.41
1999;7;17;198;19.3;14.2;7.4;12.4;9.9;7.1;-0.4;-0.1;0.11;4.6;1.9;0;769;271;112;83;87940;4.21;0.04;0.41;0.41
1999;7;18;199;21.9;15.9;7.6;13.7;9.7;6.6;-0.1;0.2;0.11;4.6;1.9;0;796;288;127;91;87796;4.97;0;0.4;0.41
1999;7;19;200;21.8;15.5;7.9;14.7;11;6.9;0.4;0.6;0.11;4.6;1.9;0;738;235;107;73;87751;4.1;0.92;0.39;0.41
1999;7;20;201;20.2;15.3;9.7;15.2;12.7;8.9;0.1;0.5;0.11;4.6;1.9;0;588;206;80;60;87754;3.57;5.41;0.39;0.41
1999;7;21;202;18.9;14.9;10;14.7;12.1;9;0.8;0.4;0.11;4.6;1.9;0;542;193;89;52;87722;3.39;4.88;0.39;0.41
1999;7;22;203;12.8;10.5;6.2;11.3;9.7;5.7;0.8;-0.5;0.11;4.6;1.9;0;150;46;36;17;87561;1.8;21.33;0.39;0.41
1999;7;23;204;9;7.4;5.8;8.5;6.8;5.3;1.2;-0.2;0.11;4.6;1.9;0;292;89;55;22;87782;2.49;20.75;0.41;0.41
1999;7;24;205;13.1;9.5;6.9;7.4;6.7;6.1;-0.6;-0.8;0.11;4.6;1.9;0;419;134;87;35;88015;2.7;1.85;0.42;0.41
1999;7;25;206;18.5;12.6;4.3;11.1;8.3;4.3;-0.9;-0.3;0.11;4.6;1.9;0;792;271;119;80;87744;4.01;0;0.41;0.41
1999;7;26;207;19.4;14.8;8;13.3;10.9;7;-0.4;-0.2;0.11;4.6;1.9;0;565;216;91;62;87688;3.45;0.52;0.4;0.41
1999;7;27;208;21;15.7;8;14.5;11.7;7.6;-0.7;-0.2;0.11;4.6;1.9;0;698;231;103;67;87640;3.83;0.29;0.4;0.41
1999;7;28;209;16.8;14.1;12.2;14.3;13;11.8;-0.8;-0.3;0.11;4.6;1.9;0;364;87;44;22;87549;1.85;11.06;0.4;0.41
1999;7;29;210;16.9;13.9;11.1;14;11.9;10.1;-0.8;-0.6;0.11;4.6;1.9;0;480;150;81;39;87587;2.99;3.61;0.4;0.41
1999;7;30;211;17.6;13;7.5;10.9;8;6.7;-0.9;-0.3;0.11;4.6;1.9;0;760;246;111;74;87499;4.1;0;0.4;0.41
1999;7;31;212;18.5;13.7;7;9.5;7.8;5.9;-0.8;-0.2;0.11;4.5;1.9;0;729;249;107;83;87414;4.11;0.09;0.39;0.41
1999;8;1;213;17.6;13.7;7.7;12.1;8.9;6.4;-0.2;0.1;0.11;4.5;1.9;0;596;205;88;67;87538;3.26;0.91;0.38;0.41
1999;8;2;214;18.2;13.6;7.2;10;7.5;6.1;-0.4;0.1;0.11;4.5;1.9;0;660;233;109;77;87588;4.08;0.03;0.38;0.41
1999;8;3;215;18.9;13.1;7.1;13.2;9.6;5.8;0.2;0.4;0.11;4.5;1.9;0;579;184;98;63;87477;3.15;1.97;0.37;0.41
1999;8;4;216;20.8;15;7.4;13.8;10.2;6.9;-0.2;0.3;0.11;4.5;1.8;0;638;222;91;68;87398;3.97;0.01;0.37;0.41
1999;8;5;217;20.5;15.8;11.4;15.5;12.7;10.1;0.5;0.6;0.11;4.5;1.8;0;599;170;73;44;87482;3.06;4.25;0.37;0.41
1999;8;6;218;21.6;16.6;11.3;16.4;13.6;10.5;-0.1;0.5;0.11;4.5;1.8;0;655;204;87;58;87382;3.47;1.89;0.36;0.41
1999;8;7;219;17.7;14.4;11.4;14.3;12.6;10.3;0.2;0.7;0.11;4.5;1.8;0;397;100;81;44;87053;1.95;5.54;0.36;0.41
1999;8;8;220;19.9;15.7;10.6;15;12.7;9.5;0.2;0.7;0.11;4.5;1.8;0;552;171;83;48;86675;3.16;4.66;0.36;0.41
1999;8;9;221;20.2;15.8;12.3;16.3;13.4;11.2;0.1;0.2;0.11;4.5;1.8;0;532;151;67;41;86995;2.77;6.56;0.36;0.41
1999;8;10;222;15.4;13.6;11.8;13.5;11.9;9.3;0.3;0.5;0.11;4.5;1.8;0;305;82;71;35;87326;2.08;22.97;0.38;0.41
1999;8;11;223;15.4;12.1;9.2;10.8;9.6;8.3;0.9;0.1;0.11;4.5;1.8;0;514;162;69;48;87658;2.78;8.45;0.38;0.41
1999;8;12;224;14.3;10.6;7.4;12.3;9.7;7.4;-0.4;-0.6;0.11;4.5;1.8;0;469;131;71;31;87475;2.53;9.8;0.38;0.41
1999;8;13;225;12.2;10.1;7.7;8.6;6.8;5.7;0.1;-0.5;0.11;4.5;1.8;0;419;130;59;37;87450;2.56;1.49;0.39;0.41
1999;8;14;226;16.6;11.7;5.5;10;7.4;4.4;0.1;0.3;0.11;4.5;1.8;0;505;157;68;55;87159;2.65;2.32;0.39;0.41
1999;8;15;227;13.8;11.9;9.7;11.5;9.2;8.1;0.9;0.1;0.11;4.5;1.8;0;347;105;56;27;87113;2.21;2.93;0.38;0.41
1999;8;16;228;12.6;11.3;8.8;11.7;10.2;8.5;-0.1;0;0.11;4.5;1.8;0;236;60;41;17;87035;1.38;10.57;0.38;0.41
1999;8;17;229;14.5;11;8.5;10.6;9.4;8;0.5;0.1;0.11;4.4;1.8;0;460;127;50;33;87026;2.36;4.75;0.39;0.41
1999;8;18;230;17.4;12.5;7.9;13.1;10.6;7.6;0.1;0.3;0.11;4.4;1.8;0;476;145;72;38;86971;2.68;11.76;0.39;0.41
1999;8;19;231;14.4;12.4;10.7;11.7;10.8;9.9;0.5;-0.4;0.11;4.4;1.8;0;271;72;25;15;87498;1.67;7.22;0.4;0.41
1999;8;20;232;13.1;11.6;10.6;11.3;10.2;9.3;0.2;-0.2;0.11;4.4;1.8;0;305;65;33;17;87783;1.76;11.91;0.41;0.41
1999;8;21;233;13.8;11.3;8.9;9.3;7.6;6.7;-0.4;-0.8;0.11;4.4;1.8;0;379;124;51;32;87820;2.33;0.54;0.4;0.41
1999;8;22;234;14.8;11.3;8.4;7.8;6.9;6.2;-0.7;-0.7;0.11;4.4;1.8;0;519;172;106;60;87771;2.68;0.15;0.4;0.41
1999;8;23;235;16.9;12.3;6;10.9;8.1;4.9;0.2;0;0.11;4.4;1.8;0;572;203;101;74;87738;3.04;0.37;0.4;0.41
1999;8;24;236;15.4;12;8.5;13.9;10.8;7.2;-0.1;0.6;0.11;4.4;1.8;0;288;66;47;29;87860;0.99;3.78;0.39;0.41
1999;8;25;237;22;14.9;6.7;16.1;11.5;6.6;-0.1;0.6;0.11;4.4;1.8;0;628;208;99;69;87867;3.64;0;0.39;0.41
1999;8;26;238;21.5;14.5;8.8;15.3;12.1;7.5;0.6;0.4;0.11;4.4;1.8;0;620;140;84;41;87738;2.39;25.01;0.39;0.41
1999;8;27;239;17.4;13.9;10.6;14.5;12.5;10.1;0.2;0.2;0.11;4.4;1.8;0;392;120;56;37;87913;2.36;6.66;0.41;0.41
1999;8;28;240;17.5;12.5;8;13.6;10.9;7.8;0.5;0.3;0.11;4.4;1.8;0;469;144;77;40;87916;2.75;10.27;0.41;0.41
1999;8;29;241;15;11.8;9;13.4;11;8.9;-0.2;-0.4;0.11;4.3;1.8;0;506;128;65;29;87739;2.61;7.99;0.41;0.41
1999;8;30;242;14.8;11.3;8;11.1;9.1;7.1;0.1;-0.1;0.1;4.3;1.8;0;436;122;56;37;87654;2.11;1.81;0.41;0.41
1999;8;31;243;15.4;12.3;8.8;9.5;8.7;7.3;0.5;-0.1;0.1;4.3;1.8;0;512;147;61;43;87662;2.58;0.67;0.41;0.41
1999;9;1;244;15;11.3;8.5;12.3;9.6;8.3;0.6;-0.7;0.1;4.3;1.8;0;521;127;76;33;87889;2.3;13.96;0.41;0.41
1999;9;2;245;12.3;9;6;8.1;5.5;4.3;-1;-0.8;0.1;4.3;1.7;0;536;156;84;48;87943;2.73;0.65;0.41;0.41
1999;9;3;246;16.5;10.5;3.8;10.1;7;3.4;-1.3;-0.3;0.1;4.3;1.7;0;693;212;111;81;87562;2.94;0.04;0.41;0.41
1999;9;4;247;16.2;10.8;6.8;12;9;5.8;0;0.3;0.1;4.3;1.7;0;560;137;87;48;87594;2.02;4.29;0.4;0.41
1999;9;5;248;16.9;10.9;4.3;11.7;7.9;4.1;0.1;0.5;0.1;4.3;1.7;0;625;180;100;60;87569;2.94;0.36;0.4;0.41
1999;9;6;249;17.5;12.4;6.5;12;8.7;5.2;0.2;0.6;0.1;4.3;1.7;0;544;165;90;57;87525;2.68;2.69;0.4;0.41
1999;9;7;250;15.5;11.5;8.1;11.9;9.9;7.8;0.5;0.4;0.1;4.3;1.7;0;465;136;78;51;87682;2.37;6.3;0.4;0.41
1999;9;8;251;17;12;6.6;10.5;8.4;5.9;-0.5;0.2;0.1;4.3;1.7;0;619;182;98;72;87991;2.8;0.15;0.4;0.41
1999;9;9;252;18.2;12.6;5.3;12.3;8.9;4.3;-0.1;0.1;0.1;4.3;1.7;0;568;183;96;72;88170;2.6;0.2;0.39;0.41
1999;9;10;253;19.1;13;7;11.8;9.5;6.7;-0.8;0.2;0.1;4.2;1.7;0;650;203;115;79;88389;2.94;0;0.39;0.41
1999;9;11;254;19.8;13.2;5.6;14.1;10.2;4.8;0;0.4;0.1;4.2;1.7;0;638;174;107;71;88096;2.47;0.1;0.38;0.41
1999;9;12;255;20.2;14.3;7.3;12.8;9.7;6.3;0.1;0.4;0.1;4.2;1.7;0;645;200;115;81;87799;3.12;0;0.38;0.41
1999;9;13;256;21.6;14.7;7;13.6;10.3;5.8;-0.1;0.4;0.1;4.2;1.7;0;649;196;123;85;87363;2.99;0;0.37;0.41
1999;9;14;257;19.8;14.2;6.8;14.1;10.8;6;0.4;0.4;0.1;4.2;1.7;0;582;172;104;70;87370;2.5;0.36;0.37;0.41
1999;9;15;258;20.8;14.6;9.2;12.5;10.5;8.1;0;0.2;0.1;4.2;1.7;0;638;188;115;73;87242;2.88;0.05;0.37;0.41
1999;9;16;259;14.9;12.4;10.7;12.4;11.2;9.2;0.2;-0.3;0.1;4.2;1.7;0;300;69;44;17;87244;1.37;7.63;0.36;0.41
1999;9;17;260;15.9;12.1;9;13.1;10.9;8.9;-0.1;0.1;0.1;4.2;1.7;0;409;96;65;34;87036;1.84;9.31;0.37;0.41
1999;9;18;261;15.2;11;7.3;11.4;9.6;7;-0.3;0.1;0.1;4.1;1.7;0;426;107;74;39;86937;2.05;8.65;0.38;0.41
1999;9;19;262;19.7;12.3;6.2;10.3;7.5;5.3;-0.6;1.2;0.1;4.1;1.7;0;608;170;109;71;86454;2.96;0;0.38;0.41
1999;9;20;263;17.6;12.5;9.1;14.5;10.7;6.3;0;0.1;0.1;4.1;1.7;0;369;93;65;34;86146;1.9;36.12;0.38;0.41
1999;9;21;264;12.2;9.7;6.5;9.3;7.9;5.6;0;0.1;0.1;4.1;1.6;0;292;76;85;34;86780;1.94;7.51;0.4;0.41
1999;9;22;265;19.1;12.6;6.1;11.6;7.6;4.9;-0.2;0.5;0.1;4.1;1.6;0;585;157;108;57;87258;2.63;0;0.4;0.4
1999;9;23;266;19.2;12.6;7.3;12.2;9.1;5.9;0.2;0.6;0.1;4;1.6;0;572;153;102;64;87565;2.29;0.14;0.39;0.4
1999;9;24;267;17.4;12.9;8.9;12.3;9.9;7.6;0;0.5;0.09;4;1.6;0;472;134;85;58;87917;1.88;0.19;0.39;0.4
1999;9;25;268;15.2;11.9;8.5;12.1;10.1;7.6;-0.1;0.1;0.09;4;1.6;0;342;82;61;33;87418;1.16;3.91;0.39;0.4
1999;9;26;269;11.6;10.2;7.6;11.5;9.9;6.3;0.2;0.3;0.09;4;1.6;0;76;20;43;14;87079;0.85;25.89;0.4;0.4
1999;9;27;270;14.3;9.8;4;9.4;7;3.6;-0.2;0.3;0.09;4;1.6;0;446;120;83;57;87075;1.85;0.12;0.41;0.4
1999;9;28;271;10.1;8.5;7.3;8;6.7;4.8;1;0.5;0.09;4;1.6;0;260;44;62;26;86993;1.38;16.17;0.42;0.4
1999;9;29;272;15.6;10.5;7.2;11.5;7.9;4.4;0.3;0.8;0.09;3.9;1.6;0;402;90;60;25;87113;1.66;4.44;0.41;0.41
1999;9;30;273;16.5;9.7;5.5;10.6;7.7;5.2;0.5;0.7;0.09;3.9;1.6;0;480;119;87;42;86401;2.64;21.04;0.41;0.41
1999;10;1;274;11.3;8.2;5.7;5.5;4.6;3.1;1.2;0.5;0.09;3.9;1.6;0;327;88;84;45;87036;1.74;0.22;0.42;0.41
1999;10;2;275;17.5;10.3;4.2;10.8;6.8;3.1;0;0.5;0.09;3.9;1.6;0;561;159;115;75;86876;1.99;0;0.41;0.41
1999;10;3;276;12.5;6.9;2.7;9;5.6;2.5;0.5;0.4;0.09;3.9;1.6;0.17;324;57;53;25;86790;1.41;17.78;0.41;0.41
1999;10;4;277;7.5;3.9;1.3;2.5;0.7;-0.9;0.9;0.1;0.17;3.8;1.5;2.24;412;113;85;53;87093;2.01;7.04;0.42;0.41
1999;10;5;278;4.2;1.7;-0.7;3.3;1.1;-1;0.7;-0.3;0.2;3.8;1.5;3.4;300;77;67;35;87557;1.36;8.46;0.42;0.41
1999;10;6;279;4.7;1.7;-0.8;2.8;0.6;-1;0.6;0.1;0.2;3.8;1.5;3.49;357;89;64;44;88015;1.42;3.2;0.42;0.41
1999;10;7;280;8;2.8;-2.9;1.1;-0.9;-3.9;0.3;0.2;0.18;3.8;1.5;2.79;472;128;104;75;88247;1.41;0;0.42;0.41
1999;10;8;281;10.5;4.7;-1.2;2.6;-0.1;-3.7;0.8;0.3;0.15;3.8;1.5;1.99;494;134;112;65;88200;1.41;0.87;0.41;0.41
1999;10;9;282;10.8;6.7;4.5;5.3;3.3;1.8;1.4;0.4;0.12;3.7;1.5;1.17;337;89;89;38;88121;1.41;0.51;0.41;0.41
1999;10;10;283;12.7;8.2;5.6;7.8;5.3;2.9;0.5;0.2;0.11;3.7;1.5;0.58;380;81;74;37;88253;0.94;0.07;0.41;0.41
1999;10;11;284;13.7;8.5;3;8;6;1.7;0.2;0;0.1;3.7;1.5;0.25;387;112;90;52;88277;1.16;0.09;0.4;0.41
1999;10;12;285;12.4;8.5;5.7;7.3;6.1;5;-0.2;-0.1;0.09;3.7;1.5;0.09;346;90;91;48;88310;1.1;0.09;0.4;0.41
1999;10;13;286;12.4;7.9;4.2;7.7;6.2;3.1;-0.3;-0.3;0.09;3.7;1.5;0.03;391;99;78;43;88212;0.87;0.26;0.39;0.41
1999;10;14;287;11.9;7.7;4.7;6.6;5.5;4;0.3;-0.5;0.09;3.6;1.5;0;463;122;106;60;88070;1.36;0.29;0.39;0.41
1999;10;15;288;10;6;3;4.9;3.9;2.9;-0.8;-0.7;0.09;3.6;1.5;0;459;114;93;50;87742;1.09;0.1;0.39;0.41
1999;10;16;289;9.5;4.9;0.6;3.7;2.5;0.6;-0.8;-0.5;0.09;3.6;1.5;0;475;118;116;69;87612;1.16;0.01;0.38;0.41
1999;10;17;290;7.5;2.2;-1.6;1.2;-0.5;-1.9;-1;-0.4;0.09;3.6;1.4;0;504;133;124;85;87482;1.13;0;0.38;0.41
1999;10;18;291;6.1;1.3;-2.3;0.4;-1.3;-2.9;-1.3;-0.5;0.09;3.6;1.4;0;472;120;102;80;87075;0.92;0.02;0.38;0.41
1999;10;19;292;5.8;1.7;-1.2;-0.1;-1.2;-2.2;-0.8;-0.3;0.08;3.6;1.4;0;427;111;94;69;86706;0.83;0.01;0.37;0.41
1999;10;20;293;9.7;4.3;0.8;2.2;0.3;-0.9;-0.7;0.4;0.08;3.6;1.4;0;465;116;104;63;86679;1.14;0.04;0.37;0.41
1999;10;21;294;13.1;7.2;2.1;7.6;3.5;-0.6;-0.2;1.2;0.08;3.6;1.4;0;336;73;69;41;86306;0.8;0.22;0.37;0.41
1999;10;22;295;15.5;8.1;2.7;9.4;4.7;1.6;-0.2;1.1;0.08;3.6;1.4;0;456;117;112;69;86541;1.33;0;0.37;0.41
1999;10;23;296;9.4;6.2;3.5;8;4.8;1.2;0;0.6;0.08;3.5;1.4;0;218;49;57;33;86387;0.66;10.78;0.36;0.41
1999;10;24;297;12.7;7.1;1.1;6.8;4;0.7;-0.4;1.3;0.08;3.5;1.4;0;334;76;80;52;86051;1.14;0.01;0.37;0.41
1999;10;25;298;12.6;7.8;5;8.6;6;3.5;-0.2;0.3;0.08;3.5;1.4;0;306;68;66;30;86400;0.8;6.96;0.37;0.41
1999;10;26;299;10.5;7.3;4.3;8;5.9;3.2;0.3;0.7;0.08;3.5;1.4;0;201;52;67;32;87604;0.81;4.17;0.37;0.41
1999;10;27;300;11.9;5.5;0.7;5.7;2.9;-0.7;0.6;0.7;0.08;3.5;1.4;0;400;100;111;67;88358;1.2;0;0.37;0.41
1999;10;28;301;17;7.5;-1.5;11.7;4.2;-2.9;0.2;1.1;0.08;3.5;1.4;0;404;99;100;62;88406;1.01;0.02;0.37;0.41
1999;10;29;302;12.7;8;4.7;10.4;6.7;3.7;-0.2;0.7;0.08;3.5;1.4;0;284;70;83;40;88345;0.84;6.3;0.37;0.41
1999;10;30;303;17.2;9.7;4.4;11;6.6;3.3;0;1.5;0.08;3.5;1.4;0;338;85;105;48;87716;1.06;0.65;0.37;0.41
1999;10;31;304;9.2;6.6;1;6;4.1;0.9;0.6;0.4;0.08;3.5;1.4;0;223;48;76;40;88081;0.73;0.13;0.37;0.41
1999;11;1;305;14.8;6.7;0.7;8.2;4;0.6;-0.1;1;0.08;3.5;1.4;0;423;105;119;74;88100;1.07;0;0.37;0.41
1999;11;2;306;14.4;7.1;0.8;7.1;3.9;-0.1;0.2;0.8;0.08;3.5;1.4;0;380;92;94;58;87813;1;1.7;0.36;0.41
1999;11;3;307;6.5;4.7;3.5;6.2;4.6;3.5;-0.3;-0.7;0.08;3.4;1.4;0;41;9;12;3;88240;0.58;17.72;0.37;0.41
1999;11;4;308;9.6;5.4;2.8;6.8;4.6;2.5;-0.6;-0.2;0.08;3.4;1.4;0;279;64;60;38;87747;0.88;2.8;0.38;0.41
1999;11;5;309;12.5;6;1.5;6.7;2.9;-0.1;-0.1;1;0.08;3.4;1.4;0;396;96;111;65;87276;0.97;0;0.38;0.41
1999;11;6;310;5.3;2.2;-0.6;4.2;1.1;-0.9;0.6;0.4;0.12;3.4;1.4;1.34;125;21;54;21;86833;0.71;10.88;0.38;0.41
1999;11;7;311;1.6;0;-0.9;-0.6;-1.7;-2.5;0.7;-0.5;0.24;3.4;1.4;5.25;181;35;46;23;87778;0.86;3.8;0.38;0.41
1999;11;8;312;1.4;-0.1;-1.5;0.9;-1;-2.5;0.9;0;0.27;3.4;1.4;6.66;106;25;41;19;88147;0.56;9.82;0.38;0.41
1999;11;9;313;-0.5;-1.2;-1.5;-0.9;-1.5;-1.9;0.9;-0.2;0.49;3.4;1.4;21.07;60;12;13;6;87939;0.22;24.04;0.38;0.41
1999;11;10;314;-0.8;-1.5;-2;-1.8;-2.2;-2.7;0.9;-0.2;0.53;3.4;1.4;45.42;57;12;14;8;87536;0.16;19.04;0.38;0.41
1999;11;11;315;0;-2.3;-3.7;-2.3;-3.6;-4.4;-1;-0.3;0.52;3.4;1.4;54.06;168;40;79;46;87840;0.23;0.67;0.38;0.41
1999;11;12;316;2.7;-3;-9.9;-1.5;-5.3;-10.6;-0.3;0.8;0.52;3.4;1.4;54.11;183;43;84;53;87940;0.21;0;0.38;0.41
1999;11;13;317;4.2;-3.7;-11;-0.7;-6.3;-12.5;0;0.8;0.51;3.3;1.4;54.02;193;45;82;52;87366;0.2;0;0.37;0.41
1999;11;14;318;1.3;-4;-11;-1.9;-5.6;-11.8;0.4;0.4;0.5;3.3;1.3;54.13;182;41;74;39;86745;0.15;2.53;0.37;0.41
1999;11;15;319;-1.8;-3.2;-6.2;-2.2;-4.1;-6.8;-0.8;-0.7;0.51;3.3;1.3;59.72;101;23;70;23;86992;0.16;4.13;0.37;0.41
1999;11;16;320;1.1;-4.7;-12.5;-2.8;-7;-13.9;0.2;0.7;0.51;3.3;1.3;60.52;172;40;82;52;86763;0.16;0.04;0.37;0.4
1999;11;17;321;-3.9;-5.3;-6.4;-5.8;-6.8;-7.5;1;0.1;0.51;3.3;1.3;64.41;70;15;35;13;86563;0.12;8.09;0.37;0.4
1999;11;18;322;-4.1;-5.8;-7;-7.4;-9;-9.9;0.9;0.6;0.52;3.3;1.3;70.17;132;29;66;30;86106;0.36;3.49;0.37;0.4
1999;11;19;323;-5.7;-7.2;-8;-7.8;-8.5;-9.3;0.5;-0.5;0.53;3.3;1.3;75.28;103;20;51;22;85860;0.08;5.86;0.37;0.4
1999;11;20;324;-6.4;-8.8;-12.4;-9.1;-11;-13.5;-0.2;0.3;0.52;3.3;1.3;78.03;176;37;85;58;86487;0.12;0.27;0.36;0.4
1999;11;21;325;-8.5;-11.8;-18.7;-10.1;-13.6;-20.1;-0.3;0.3;0.52;3.3;1.3;78.42;104;22;58;22;86353;0;1.93;0.36;0.4
1999;11;22;326;-6.8;-8.4;-10.2;-9.4;-10.9;-11.6;1.1;0.3;0.52;3.3;1.3;81.81;148;30;62;21;86672;0.21;5.22;0.36;0.4
1999;11;23;327;-3.2;-4.5;-6.8;-4.4;-6.3;-9.2;1.6;0.5;0.53;3.3;1.3;94.86;32;7;9;5;87366;0.08;18.19;0.36;0.4
1999;11;24;328;-1.5;-3.1;-4.9;-3.5;-4.5;-6;0.7;0.3;0.53;3.3;1.3;104.1;93;19;41;22;88053;0.1;1.07;0.36;0.4
1999;11;25;329;0.6;-4.6;-9.7;-3.3;-7.1;-12;0.1;1;0.53;3.3;1.3;104.42;128;29;77;45;88454;0.11;0.02;0.36;0.4
1999;11;26;330;1;-7.6;-14;-4.1;-11;-15.5;0.1;1.5;0.52;3.3;1.3;104.45;172;39;84;56;88312;0.05;0;0.36;0.4
1999;11;27;331;-1.1;-9.6;-15.9;-5.5;-12.5;-17.9;0.2;1.6;0.52;3.3;1.3;104.53;173;39;82;55;88294;0.05;0;0.35;0.4
1999;11;28;332;-2.5;-9.5;-15.6;-6.8;-12.8;-17.5;0.1;1.8;0.52;3.3;1.3;104.56;174;39;83;58;88311;0.14;0;0.35;0.4
1999;11;29;333;-1.6;-9.6;-14.2;-5.8;-12.8;-16.4;0.2;1.8;0.51;3.3;1.3;104.5;176;39;93;64;88176;0.24;0;0.35;0.4
1999;11;30;334;-2.4;-11.1;-16.9;-7.4;-14.2;-19.3;0.2;1.7;0.51;3.3;1.3;104.51;172;38;82;60;88259;0.15;0;0.35;0.4
1999;12;1;335;0.8;-5.3;-12.9;-5.1;-10.3;-15.5;1;1.4;0.51;3.3;1.3;104.49;164;35;69;28;87851;0.26;0.06;0.35;0.4
1999;12;2;336;3.3;0.7;-0.8;0.3;-1.7;-4.7;1.7;0.4;0.5;3.3;1.3;104.76;99;18;32;10;87824;0.12;3.28;0.35;0.4
1999;12;3;337;2.3;-1.2;-3.7;-1.3;-4.5;-9.6;0.6;1.3;0.48;3.3;1.3;104.86;162;34;95;62;87447;0.32;0.14;0.35;0.4
1999;12;4;338;1.2;-3;-8.2;-3;-6.4;-11.2;0.8;1;0.48;3.3;1.3;105.3;122;26;63;31;86769;0.1;6.49;0.35;0.4
1999;12;5;339;-2.5;-5;-6.9;-3.6;-6.9;-8.7;1.7;-0.2;0.52;3.3;1.3;117.95;98;21;57;32;87320;0.37;10.97;0.35;0.4
1999;12;6;340;-2;-6.4;-10.2;-8.5;-10.2;-13.1;0.4;1;0.52;3.3;1.3;122.21;157;33;83;44;87961;0.16;0.53;0.35;0.4
1999;12;7;341;-0.6;-6.9;-11.2;-4.5;-9.7;-13.9;0.4;1.7;0.52;3.3;1.4;122.27;155;34;68;46;87409;0.05;0;0.35;0.4
1999;12;8;342;2.5;-3;-9.2;-1.3;-5.8;-11.1;0.4;1.1;0.51;3.3;1.4;122.77;141;28;74;35;87276;0.16;0.58;0.35;0.4
1999;12;9;343;-1.1;-5.4;-9.8;-4.4;-8.1;-11.9;0;1.8;0.51;3.3;1.4;122.8;120;25;51;39;86399;0.12;0;0.34;0.4
1999;12;10;344;-1.1;-3.5;-6.6;-2.1;-4.9;-8.9;0.5;0.7;0.51;3.3;1.4;125.98;40;8;36;12;86265;0;7.38;0.34;0.4
1999;12;11;345;-0.2;-4.4;-10;-3.3;-6.8;-11.2;0.2;1.5;0.52;3.3;1.4;130.47;140;27;70;33;86411;0.09;1.72;0.34;0.4
1999;12;12;346;1.3;-0.9;-3.4;-1.8;-3.5;-5.1;0.8;1.6;0.51;3.3;1.4;132.36;64;13;44;26;85804;0.28;3.39;0.34;0.4
1999;12;13;347;-1.7;-4;-10.4;-3.5;-7.4;-14.3;2;0.9;0.51;3.3;1.4;136.59;120;24;83;53;86498;0.63;2.9;0.34;0.4
1999;12;14;348;-3.2;-6.2;-11;-5.4;-8.9;-14.3;0.4;1.4;0.52;3.3;1.4;141.27;53;12;60;16;85642;0.16;12.5;0.34;0.4
1999;12;15;349;-4.7;-6;-8;-6.5;-7.8;-8.9;0.2;-0.4;0.53;3.3;1.4;151.11;111;23;57;32;85894;0.07;3.48;0.34;0.4
1999;12;16;350;-6.8;-8.5;-11.5;-9.1;-9.9;-12.7;0.2;-0.5;0.53;3.3;1.3;155.15;78;16;65;28;87048;0.1;2.99;0.34;0.4
1999;12;17;351;-6.2;-12.9;-18.9;-12.5;-16.6;-21.5;0.3;1.6;0.53;3.3;1.3;156.1;153;32;84;56;87470;0.08;0;0.34;0.4
1999;12;18;352;0.2;-3.3;-10.4;-1.9;-6.2;-14.5;0.6;1.4;0.53;3.3;1.3;159.5;49;9;-3;-12;86967;0.07;12.51;0.34;0.4
1999;12;19;353;3;-0.8;-6.8;0.5;-2.5;-7.6;0.6;0;0.52;3.3;1.3;168.3;69;11;28;7;86524;0.47;19.08;0.35;0.4
1999;12;20;354;-7.2;-9.1;-10.1;-8.1;-11.1;-13;0.9;-0.3;0.52;3.3;1.3;175.67;118;24;64;32;87274;0.4;2.79;0.35;0.4
1999;12;21;355;-7;-10.7;-17.9;-10.7;-13;-19.9;0;0.5;0.52;3.2;1.3;177.19;138;29;83;58;87946;0.06;0.33;0.35;0.4
1999;12;22;356;-7.7;-17.3;-22.3;-13.1;-20.8;-25.3;0;1.7;0.52;3.2;1.3;177.2;158;33;82;64;88078;0.09;0;0.35;0.39
1999;12;23;357;-8.3;-14.4;-21.5;-11.7;-17.9;-24.8;0.2;1.7;0.52;3.2;1.3;177.22;142;28;55;26;87861;0.02;0.18;0.35;0.39
1999;12;24;358;-2.4;-9.2;-14.1;-6.8;-11.9;-15.9;0.1;1.6;0.51;3.2;1.3;177.4;152;32;71;34;87466;-0.01;0;0.34;0.39
1999;12;25;359;-1.2;-4.3;-10.3;-4;-7.8;-13.3;0.6;1.8;0.51;3.2;1.3;179.43;115;15;45;14;86228;0.22;8.57;0.34;0.39
1999;12;26;360;1.7;-1.9;-5.2;-2.4;-4.7;-6.8;1.3;1.5;0.52;3.2;1.3;189.54;92;16;66;32;85423;0.49;11.39;0.34;0.39
1999;12;27;361;-2.2;-3.5;-5.5;-4.3;-5.8;-8.1;1.1;0.6;0.54;3.2;1.3;212.2;88;17;80;30;85112;0.46;21.59;0.34;0.39
1999;12;28;362;-2.6;-4.8;-6.1;-4.5;-6.4;-7.8;1.1;0.1;0.54;3.2;1.3;224.75;46;9;37;15;84645;0.18;16.15;0.34;0.39
1999;12;29;363;-5.1;-6.8;-8;-6.8;-8.8;-10.2;1.1;0.3;0.54;3.2;1.3;238.08;68;14;48;24;86476;0.16;9.44;0.34;0.39
1999;12;30;364;-6;-8.4;-14.4;-8.8;-11.7;-16.6;0.8;0.6;0.54;3.2;1.3;243.23;147;30;86;54;87577;0.17;0.41;0.34;0.39
1999;12;31;365;-4.2;-9.8;-16;-9.9;-13.1;-18.4;0.1;1.2;0.54;3.2;1.3;243.38;128;24;54;22;87526;0.1;0.85;0.34;0.39
2000;1;1;1;-2.7;-5.5;-9.2;-4.6;-7.6;-10.8;0.6;0.9;0.53;3.1;1.3;244.91;86;17;26;4;87852;0.01;4.04;0.34;0.39
2000;1;2;2;0.6;-3.3;-10.2;-3.2;-5.3;-11.3;0.4;0.5;0.53;3.1;1.3;249.33;128;26;85;38;88277;0.06;1.43;0.34;0.39
2000;1;3;3;0.5;-8.3;-13;-4.2;-11.1;-15;0.2;1.5;0.53;3.1;1.3;249.56;149;32;86;61;88158;0.02;0;0.34;0.39
2000;1;4;4;-1.1;-9.6;-15.7;-6.5;-13.1;-17.9;0.3;1.6;0.53;3.1;1.3;249.56;158;33;79;45;87781;0.11;0.06;0.34;0.39
2000;1;5;5;1.1;-3.3;-9;-1.6;-5.5;-10.3;0.4;1.1;0.52;3.1;1.3;251.16;71;15;54;10;87820;-0.01;2.31;0.34;0.39
2000;1;6;6;1.4;-7.2;-11.8;-3.2;-9.9;-13.8;0.2;1.5;0.52;3.1;1.3;251.9;156;33;79;53;87687;0.08;0;0.34;0.39
2000;1;7;7;0.9;-6.8;-12;-3.3;-9.6;-13.6;0.2;1.3;0.52;3.1;1.3;251.91;145;31;64;42;87888;0.04;0;0.34;0.39
2000;1;8;8;-0.8;-9.3;-14.4;-5.6;-12.3;-16.4;0.2;1.3;0.52;3.1;1.3;251.89;152;33;75;52;87712;0.1;0;0.33;0.39
2000;1;9;9;-3;-8.7;-14.8;-7.1;-11.3;-16.8;0.1;1.2;0.51;3.1;1.3;252.08;74;16;47;10;87650;0.07;0.89;0.33;0.39
2000;1;10;10;0;-3.2;-5.6;-3.2;-5.1;-7.3;-0.3;0.3;0.51;3.1;1.2;252.86;130;26;51;18;88271;-0.01;0.09;0.33;0.39
2000;1;11;11;-2.5;-6.2;-10.1;-5.3;-8.3;-11.6;-0.2;0.5;0.51;3.1;1.2;252.96;155;33;74;53;88665;0.04;0.02;0.33;0.39
2000;1;12;12;-2.3;-8.8;-14.7;-6.7;-12;-17;0;0.9;0.51;3;1.2;252.96;159;34;82;57;88196;0.12;0;0.33;0.39
2000;1;13;13;-3.3;-13.5;-19.2;-8.9;-17.1;-21.8;0.1;1.5;0.5;3;1.2;252.9;174;38;86;64;87456;0.12;0;0.33;0.39
2000;1;14;14;-3.3;-13.1;-19.2;-8.9;-16.9;-21.8;0.1;1.5;0.5;3;1.2;252.88;180;39;83;55;87448;0.03;0;0.33;0.39
2000;1;15;15;-2.8;-11.1;-18.1;-8.1;-14.4;-20.4;-0.1;0.8;0.5;3;1.2;252.9;180;40;81;51;87950;0.01;0;0.33;0.39
2000;1;16;16;-5.5;-9.6;-13.8;-9.1;-12.5;-16.9;0;0.4;0.49;3;1.2;253.11;129;27;53;29;88248;-0.02;0.23;0.33;0.39
2000;1;17;17;-2;-6.5;-13.7;-4;-9.5;-16.5;1.5;1;0.49;3;1.2;253.53;52;12;29;-3;87983;-0.09;1.08;0.33;0.39
2000;1;18;18;-1;-2;-4.3;-2.9;-3.7;-5.5;2.9;-0.4;0.5;3;1.2;258.11;31;7;29;6;87395;0.04;12.39;0.33;0.39
2000;1;19;19;-5;-7.2;-11;-6;-9.4;-12.4;1.2;-0.4;0.53;3;1.2;268.25;141;30;75;49;87879;0.31;2.31;0.33;0.39
2000;1;20;20;-5.8;-9.7;-15.1;-9.9;-12.7;-16.8;0.7;0.7;0.53;3;1.2;268.9;150;32;66;44;88051;0.14;0.47;0.33;0.39
2000;1;21;21;-4.2;-5.7;-8.8;-6;-8.4;-11.4;2.3;0.7;0.53;3;1.2;271.91;37;8;29;9;87622;0.06;7.81;0.33;0.39
2000;1;22;22;-2.9;-4.6;-5.7;-5.9;-6.5;-7.2;1.2;0.5;0.53;3;1.2;281.75;81;16;30;13;86790;0.09;10.02;0.33;0.39
2000;1;23;23;-5.1;-6.3;-8.1;-7.1;-7.9;-9.2;0.7;-0.4;0.54;3;1.2;292.06;66;15;40;14;86486;0.17;11.07;0.33;0.39
2000;1;24;24;-8.8;-11.7;-15.7;-9.8;-14.4;-17.5;-0.5;-0.8;0.54;3;1.2;298.9;147;32;82;46;87069;0.38;1.34;0.33;0.39
2000;1;25;25;-11.3;-15.9;-20.7;-17.6;-19.9;-24.1;-0.3;0.6;0.54;3;1.2;299.07;187;43;92;74;87586;0.08;0;0.32;0.39
2000;1;26;26;-6.3;-16.6;-23.7;-14.1;-21.3;-26.5;0.2;1.4;0.53;3;1.2;299.03;192;44;79;57;88117;0.11;0;0.32;0.39
2000;1;27;27;-3.4;-14.3;-21.1;-10.7;-18.7;-23.8;0.3;1.5;0.53;3;1.2;299.07;194;45;77;51;88128;0.02;0;0.32;0.39
2000;1;28;28;-2.3;-11.7;-19;-10.2;-16.2;-21.8;0.5;1.4;0.53;3;1.2;299.12;193;44;81;40;87602;0.01;0.01;0.32;0.39
2000;1;29;29;-0.6;-6.9;-15;-3.5;-10.2;-17.2;1.3;1.7;0.52;3;1.2;300.07;95;20;41;10;86846;-0.09;5.27;0.32;0.39
2000;1;30;30;2.8;1.3;-0.4;0.4;-0.7;-3.2;2.8;0.9;0.52;3;1.2;313.12;50;8;21;5;87287;-0.02;23.73;0.32;0.39
2000;1;31;31;4.7;1.1;-4.6;0;-2.1;-6.2;1.8;0.8;0.5;3;1.2;314.87;180;40;75;57;88130;0.3;0;0.34;0.39
2000;2;1;32;7.4;-2;-7.2;0.7;-4.8;-8.8;0.2;1.5;0.49;3;1.2;313.28;219;52;94;67;87922;0.54;0;0.34;0.38
2000;2;2;33;3.8;-1.1;-7;-0.2;-3.5;-8.7;0.7;0.9;0.48;3;1.2;314.17;130;28;59;28;87517;0.23;6.23;0.34;0.38
2000;2;3;34;-0.1;-1.7;-3.9;-0.3;-3.1;-4.6;1.5;-0.4;0.48;3;1.2;320.65;159;38;65;35;88487;0.52;4.33;0.34;0.38
2000;2;4;35;2.3;-3.1;-6.7;-3.5;-6;-8.1;0.3;0.7;0.48;3;1.2;322.8;228;54;103;66;88902;0.46;0.27;0.33;0.38
2000;2;5;36;3.1;-0.8;-5.2;0.4;-3.2;-6.7;0.3;1.4;0.48;3;1.2;327.29;113;25;69;25;88794;0.22;8.23;0.33;0.38
2000;2;6;37;7.2;-1.2;-5.8;1.4;-3.4;-6.9;0.2;1.5;0.47;3;1.2;329.77;218;52;75;55;88147;0.43;0;0.33;0.38
2000;2;7;38;2.8;-1.5;-5.8;-0.5;-3.5;-7.1;0.6;0.9;0.46;3;1.2;329.65;137;32;75;34;87709;0.3;0.5;0.33;0.38
2000;2;8;39;4.7;2;-1.2;0.9;-1;-2.6;1.4;1.2;0.45;3;1.2;330.93;209;36;65;14;87192;0.23;11.43;0.33;0.38
2000;2;9;40;2.6;-1.7;-3.9;0.7;-3.9;-5.9;2.6;-0.1;0.46;3;1.2;334.82;159;40;75;36;87607;0.88;10.28;0.34;0.38
2000;2;10;41;4;-2.9;-7.7;-3.1;-6.4;-9.7;0.4;1;0.48;3;1.2;338.08;256;62;112;75;87975;0.74;0.18;0.34;0.38
2000;2;11;42;-0.8;-2.3;-6.7;-1.9;-3.6;-8.9;-0.1;-0.1;0.49;3;1.2;342.51;63;15;42;7;87946;0.03;8.13;0.34;0.38
2000;2;12;43;0.5;-2.6;-5.4;-2.8;-4.4;-7.6;0.7;0.1;0.5;3;1.2;346.19;131;35;72;41;87878;0.17;0.4;0.34;0.38
2000;2;13;44;1.8;-1.5;-4.5;-1.6;-4.1;-7.8;1.1;0.8;0.5;3;1.2;348.35;139;32;33;16;87628;0.27;10.37;0.34;0.38
2000;2;14;45;0.5;-1.5;-3.3;-1.8;-2.7;-4.8;0.7;-0.1;0.52;3;1.2;359.47;128;29;56;26;87741;0.18;4.43;0.34;0.38
2000;2;15;46;1.4;-0.7;-4.8;-0.5;-2.6;-6.4;0.9;0.8;0.51;3;1.2;364.87;70;18;53;20;87350;0.13;7.06;0.34;0.38
2000;2;16;47;-0.6;-2.9;-5.7;-2.4;-5.2;-7.7;1.3;0.6;0.51;3;1.2;371.98;129;33;76;39;86292;0.73;9.97;0.34;0.38
2000;2;17;48;-3.9;-6.2;-8.2;-6.8;-9.2;-11.6;1.6;0.3;0.52;3;1.2;378.33;175;35;74;43;86313;0.69;7.88;0.34;0.38
2000;2;18;49;-2.6;-5;-8.5;-4.9;-8;-11;0.6;1.1;0.53;3;1.2;386.79;121;27;54;23;86605;0.25;9.78;0.34;0.38
2000;2;19;50;-0.1;-2.2;-3.9;-3.2;-4.2;-5.1;1.6;0.5;0.53;3;1.2;398.29;144;36;53;26;86410;0.2;13.26;0.34;0.38
2000;2;20;51;-3.6;-4.6;-6.6;-4.5;-6.1;-7.8;1.7;-0.6;0.54;3;1.2;413.92;103;22;32;16;87385;0.37;18.39;0.34;0.38
2000;2;21;52;-4.8;-7.3;-11.3;-7.9;-10.8;-14;0.5;-0.2;0.54;3;1.2;425.11;220;56;90;56;88010;0.42;1.04;0.34;0.38
2000;2;22;53;-1.3;-6.7;-12;-8.2;-11.6;-14.6;0.1;0.5;0.54;3;1.2;425.08;237;63;87;55;87794;0.34;0.02;0.34;0.38
2000;2;23;54;-2.7;-7.8;-13.9;-7.4;-11.5;-16.6;0.5;0.7;0.53;3;1.2;425.37;208;52;65;46;87897;0.19;0.64;0.34;0.38
2000;2;24;55;0.1;-5.4;-13.4;-2.7;-9.1;-15.7;0.6;1.3;0.53;3.1;1.2;426.71;252;49;72;28;88143;0.23;5.46;0.34;0.38
2000;2;25;56;4.9;0.2;-4.7;0.5;-1.9;-6.3;1.2;0.4;0.53;3.1;1.3;433.19;234;50;70;23;88082;0.08;9.45;0.34;0.38
2000;2;26;57;2.4;-0.2;-2.4;-0.8;-1.7;-2.8;0;-0.2;0.51;3.1;1.3;438.56;232;58;74;38;88440;0.32;0.51;0.34;0.38
2000;2;27;58;6.3;-0.4;-7.2;-0.4;-3.7;-8.5;-0.1;0.8;0.49;3.1;1.3;437.95;295;79;107;70;88349;0.62;0.15;0.34;0.38
2000;2;28;59;5.7;-1.7;-8.2;-0.9;-5.8;-9.9;0;1.9;0.48;3.1;1.3;436.99;315;84;106;83;87874;0.9;0;0.34;0.38
2000;2;29;60;6.4;-0.5;-5.1;-1.8;-4.4;-7.6;0;1.1;0.47;3.1;1.3;436.68;305;72;82;49;87354;0.65;0.04;0.34;0.38
2000;3;1;61;1.5;-1.2;-3.5;-0.6;-2.8;-5.4;0.8;0.4;0.47;3.1;1.3;440.64;167;34;44;22;86286;0.31;11.71;0.34;0.38
2000;3;2;62;-1.9;-4.5;-8.7;-5.2;-7;-11.8;1.5;-0.1;0.51;3.1;1.3;451.33;203;55;87;54;87492;0.78;5.5;0.34;0.38
2000;3;3;63;3.9;-2.3;-9.2;-3.8;-7.3;-12.2;1.1;0.9;0.51;3.1;1.3;452.39;302;78;91;53;87096;0.76;0.18;0.34;0.38
2000;3;4;64;-1.2;-2.9;-7.4;-2.3;-5.2;-9.8;1.9;-0.3;0.52;3.1;1.3;460.11;184;46;73;30;87224;0.54;13.85;0.33;0.38
2000;3;5;65;-3.8;-7.3;-12.4;-9.7;-11.7;-14.8;1.7;0.1;0.53;3.1;1.3;466.62;268;68;82;64;88331;0.76;1.61;0.33;0.38
2000;3;6;66;4.2;-5.3;-14;-4.2;-11;-16.5;0.2;0.9;0.53;3.2;1.3;466.9;307;86;94;68;88352;0.47;0;0.33;0.38
2000;3;7;67;3.6;-3.4;-12.5;-2.5;-7.9;-14.8;0.9;0.9;0.52;3.2;1.3;466.87;315;89;98;70;88159;0.34;0;0.33;0.38
2000;3;8;68;4.2;0.3;-5.3;0.1;-3.6;-8.6;1.8;1.3;0.52;3.2;1.3;468.08;180;37;54;16;88198;0.15;8.69;0.33;0.38
2000;3;9;69;8;5;2.7;2.5;1.5;0.1;2.5;0.8;0.5;3.2;1.3;468.43;211;50;47;14;88032;0.07;5.15;0.34;0.38
2000;3;10;70;3.3;1.9;-0.4;2.6;1.2;-1.5;1.5;0;0.48;3.2;1.3;456.54;116;25;29;11;88062;-0.25;12.27;0.36;0.38
2000;3;11;71;7.5;2.7;-1.7;2.3;-0.3;-3.7;1.9;0.2;0.46;3.2;1.3;450.55;195;62;57;35;87542;0.35;3.09;0.37;0.38
2000;3;12;72;4.3;1.5;-0.9;0.1;-1.1;-3.2;0;-0.5;0.45;3.2;1.3;443.38;292;81;104;51;87891;0.49;0.74;0.38;0.38
2000;3;13;73;6.1;1.7;-3.3;0.1;-2.2;-5.8;0.5;0.1;0.44;3.2;1.3;440.44;356;100;114;72;87951;0.6;0;0.38;0.38
2000;3;14;74;5.5;1.2;-4;0.7;-1.2;-5.2;1.4;0.8;0.43;3.2;1.3;439.47;212;50;56;24;87732;0.37;9.36;0.37;0.38
2000;3;15;75;0.3;-2.6;-4.6;0;-5.3;-8.1;1.8;-0.7;0.49;3.2;1.3;446.32;252;58;74;37;87929;1.18;11.13;0.38;0.38
2000;3;16;76;-1;-2;-4.4;-1.8;-4.2;-7.7;2.2;0.3;0.51;3.2;1.3;454.21;43;12;60;13;87977;0.46;19.54;0.38;0.38
2000;3;17;77;-0.3;-0.8;-1.2;-1;-1.3;-2;1.7;0.2;0.53;3.3;1.3;482.72;40;11;7;2;87846;0;39.2;0.38;0.38
2000;3;18;78;0.1;-0.8;-1.4;-1;-1.4;-1.8;0.9;-0.4;0.53;3.3;1.3;524.33;104;25;31;6;87793;0.17;27.64;0.37;0.38
2000;3;19;79;0.3;-1.8;-4.7;-1.7;-3.1;-6.5;0.3;-1;0.52;3.3;1.3;536.56;186;48;53;28;88024;0.52;7.5;0.37;0.38
2000;3;20;80;2;-2.6;-7.9;-5.3;-6.5;-9.2;-0.9;-0.2;0.51;3.3;1.3;539.65;355;97;104;68;87949;0.97;0.06;0.37;0.38
2000;3;21;81;4.8;0.3;-5.7;-2.3;-4.8;-7.7;-0.5;0.4;0.5;3.3;1.3;539.42;364;108;104;74;87684;0.77;0;0.37;0.38
2000;3;22;82;9;0.6;-7.6;0.7;-4.8;-10;0.3;0.8;0.5;3.3;1.3;539.25;370;111;103;78;87570;0.89;0;0.37;0.39
2000;3;23;83;11.1;2.6;-5.9;2.9;-3.6;-8;0;0.9;0.49;3.3;1.3;538.26;362;108;97;67;87308;0.92;0;0.37;0.38
2000;3;24;84;7.9;2.6;-3.3;3.6;-0.6;-5.1;0.4;0.4;0.47;3.4;1.4;535.17;349;97;80;42;87054;0.5;6.7;0.37;0.38
2000;3;25;85;7.5;2.4;-3.5;1.4;-0.9;-4.7;0;0.5;0.47;3.4;1.4;531.89;309;87;79;42;87281;0.6;2.77;0.38;0.38
2000;3;26;86;3.2;-0.5;-4.2;1.7;-1.5;-5.9;0.3;0.3;0.46;3.4;1.4;529.58;193;57;64;33;86805;0.03;7.7;0.38;0.39
2000;3;27;87;0.3;-1.3;-2;-0.6;-2;-2.5;0.6;-0.2;0.49;3.4;1.4;538.84;151;34;22;14;86280;0.37;15.49;0.38;0.39
2000;3;28;88;2.5;-0.4;-2.6;-2.2;-2.8;-3.9;-0.5;-0.7;0.5;3.4;1.4;548.45;313;69;66;30;86533;0.78;3.57;0.38;0.39
2000;3;29;89;5;0.6;-2.7;1.6;-1;-3.9;0;0;0.49;3.4;1.4;549.97;199;60;51;33;86144;0.26;9.39;0.38;0.39
2000;3;30;90;0.2;-0.9;-2.1;-1.9;-4.1;-5.2;2.5;0.6;0.5;3.4;1.4;556.58;147;45;35;25;86473;1.17;6.07;0.38;0.39
2000;3;31;91;4.4;1.1;-2.2;-3.3;-5.2;-6.3;1.1;0.2;0.49;3.5;1.4;559.04;334;105;100;56;86547;1.48;0.18;0.38;0.39
2000;4;1;92;1.8;-0.7;-5.1;0.5;-2.5;-5.7;0.5;0.4;0.48;3.5;1.4;560.25;198;56;81;37;86310;0.24;4.05;0.38;0.39
2000;4;2;93;6.8;0.4;-6.1;-1.6;-3.9;-6.8;-0.6;0.8;0.46;3.5;1.4;560.64;428;127;104;70;86268;1.23;0;0.38;0.39
2000;4;3;94;8.8;3.1;-3.6;1.1;-1.5;-6;-0.4;1.8;0.45;3.5;1.4;557.53;436;133;99;63;85482;1.17;0.04;0.38;0.39
2000;4;4;95;11.4;4;-2.5;1.8;-1.7;-5.9;0;0.8;0.43;3.5;1.4;549.85;442;132;102;71;85478;1.05;0.29;0.38;0.39
2000;4;5;96;3.9;1.2;-2.7;3;-0.2;-4.7;0.9;0.3;0.43;3.5;1.4;544.08;194;62;57;25;86110;-0.01;19.48;0.39;0.39
2000;4;6;97;0;-1.3;-3.4;0;-4;-8;-0.5;-1.2;0.48;3.5;1.4;548.86;233;59;38;17;87525;1.16;6.41;0.4;0.39
2000;4;7;98;3.3;-0.6;-5.1;-3.4;-6.4;-8.9;-0.8;-0.4;0.47;3.6;1.4;549.02;435;141;107;82;88185;1.43;0;0.39;0.39
2000;4;8;99;4.6;0.3;-5.6;-2.2;-4.7;-7.5;-0.3;0;0.45;3.6;1.4;548.63;421;139;114;84;87779;1.12;0;0.39;0.39
2000;4;9;100;8.1;1.9;-6.4;-0.9;-4.1;-7.7;-0.4;0.4;0.44;3.6;1.4;547.94;454;137;110;76;86773;1.26;0.03;0.38;0.39
2000;4;10;101;6.6;2.1;-2.6;2.4;-1.6;-4.4;0;0.3;0.43;3.6;1.4;544.73;401;118;90;52;86370;0.86;1.86;0.38;0.39
2000;4;11;102;6.5;1.8;-4.2;2.7;-1;-5.5;0.1;0.3;0.42;3.6;1.4;538.59;346;111;88;56;85728;0.6;1.45;0.39;0.39
2000;4;12;103;2.2;-0.8;-3.7;1.3;-2.2;-5.1;0.3;0.6;0.44;3.6;1.4;538.52;134;44;66;36;85509;0.19;9.79;0.39;0.39
2000;4;13;104;4.6;0.6;-3.6;1.1;-1.6;-5;-0.1;0;0.46;3.6;1.4;541.34;265;79;62;43;86032;0.4;3.92;0.39;0.39
2000;4;14;105;12.1;4.9;-1.8;3.5;-0.4;-3.5;-0.2;0.7;0.44;3.7;1.5;534.45;471;152;99;68;86144;1.05;0.11;0.4;0.39
2000;4;15;106;8.6;2.4;-2;2.4;-0.5;-3.9;0.6;0.8;0.43;3.7;1.5;523.37;402;111;85;40;86099;0.68;4.54;0.4;0.39
2000;4;16;107;9.3;3;-4.5;0.4;-2;-6.3;-0.7;1.3;0.43;3.7;1.5;514.81;409;139;109;72;86225;1.24;0.07;0.41;0.39
2000;4;17;108;7.7;3.1;-0.5;3.8;0.7;-3.2;0.6;0.1;0.42;3.7;1.5;505.22;325;82;64;28;86400;0.16;8.19;0.41;0.4
2000;4;18;109;5.3;2.8;0.6;1.5;0.7;-0.5;-0.5;-0.3;0.44;3.7;1.5;496.86;252;78;40;21;86790;0.52;2.63;0.42;0.4
2000;4;19;110;6.8;4.2;0.3;1.8;0.5;-0.7;0.7;0;0.43;3.7;1.5;487.19;293;91;44;26;86933;0.77;0.29;0.42;0.4
2000;4;20;111;11.4;6.9;1.7;5.8;2.8;-0.9;-0.5;0.1;0.42;3.8;1.5;473.32;491;159;90;59;87326;0.87;0;0.42;0.4
2000;4;21;112;15.7;8.5;-2.2;4.4;1;-3.4;0.1;0.4;0.42;3.8;1.5;455.29;501;168;95;64;87578;1.22;0;0.42;0.41
2000;4;22;113;18.3;9;-1.7;9.9;2.2;-3;0;1;0.41;3.8;1.5;435.58;507;171;97;66;87378;1.19;0;0.43;0.41
2000;4;23;114;19.6;10.2;-0.4;10;3.9;-2.5;0;0.7;0.41;3.8;1.5;413;492;154;98;48;86969;0.89;0.37;0.43;0.41
2000;4;24;115;5.8;4.1;2.5;4.8;2.7;1.6;1.3;0.1;0.41;3.8;1.5;395.12;190;51;20;1;87076;0.03;11.12;0.43;0.42
2000;4;25;116;11.8;6.9;3.2;5.5;3.2;1.5;-0.5;-0.2;0.4;3.8;1.5;379.36;427;139;82;42;87211;0.69;0.03;0.43;0.42
2000;4;26;117;15;8.3;-2.3;6.7;2.6;-3.4;-0.2;0.3;0.4;3.9;1.5;359.32;523;179;96;68;87153;1.1;0;0.43;0.42
2000;4;27;118;18.4;9.3;-0.1;7;3.2;-1.6;-0.4;1.2;0.4;3.9;1.5;336.5;498;170;94;59;87010;1;0;0.43;0.43
2000;4;28;119;16.4;8.1;1.3;5.2;2.7;-0.8;-0.3;1.6;0.4;3.9;1.5;313;522;159;80;41;86782;1.06;0.22;0.43;0.43
2000;4;29;120;13.4;9.1;4.7;7.8;4.9;2.3;0.1;0.1;0.39;3.9;1.6;288.81;426;137;61;31;87290;0.67;5.43;0.43;0.43
2000;4;30;121;12.7;8.6;3.3;9.6;6.4;2.4;0.3;0.1;0.38;3.9;1.6;265.26;442;141;64;32;87755;0.29;2.56;0.43;0.43
2000;5;1;122;11.5;8.3;3;9.6;6.1;1.1;-0.1;0.2;0.38;3.9;1.6;241.77;486;150;75;41;87559;0.35;7.27;0.42;0.43
2000;5;2;123;11.8;7.6;1.2;9.8;5.8;1;-0.3;0.4;0.37;4;1.6;219.57;526;155;78;43;87485;0.47;4.21;0.42;0.43
2000;5;3;124;13.6;7.5;0.1;9.5;5.3;-1.3;0.3;0.7;0.36;4;1.6;198.6;503;141;76;42;87626;0.5;8.64;0.43;0.43
2000;5;4;125;13.8;7.6;1.1;9.8;5.9;0.4;0.2;0.6;0.34;4;1.6;180.31;474;132;68;35;87653;0.66;8.51;0.43;0.44
2000;5;5;126;14.6;8.6;0.6;8.8;4.7;-0.6;-0.2;0.5;0.32;4;1.6;163.76;503;165;79;52;87439;1.33;3.93;0.42;0.44
2000;5;6;127;15.5;8.9;1.7;9.8;5.4;0.6;-0.1;0.7;0.31;4;1.6;148.02;580;164;86;49;87361;1.25;7.53;0.42;0.44
2000;5;7;128;17.1;10.7;2.7;10.1;5;1.3;0;0.6;0.31;4;1.6;132.26;556;190;83;49;87543;1.89;1.16;0.42;0.44
2000;5;8;129;15.2;9.9;4.3;10;6.4;2.4;0.4;0.7;0.31;4.1;1.6;116.67;417;128;56;30;87703;1.04;6.87;0.41;0.44
2000;5;9;130;17.5;11.5;1.5;11.4;5.9;0.8;-0.1;0.3;0.3;4.1;1.6;101.37;583;201;83;60;87795;1.99;0.43;0.42;0.43
2000;5;10;131;18.7;12.6;3.8;12.9;7.5;2.3;-0.2;0.5;0.29;4.1;1.6;84.16;607;193;86;53;87644;1.9;1.5;0.41;0.43
2000;5;11;132;19.8;13.1;4.8;12.6;8.2;3.7;0.1;0.7;0.28;4.1;1.6;67.83;554;186;79;49;87577;2;1.01;0.41;0.43
2000;5;12;133;12.4;10;7.4;10.7;8.9;5.9;0.7;0.3;0.26;4.1;1.6;55.49;260;76;28;9;87761;0.82;28.63;0.41;0.43
2000;5;13;134;13;10.7;8.3;10;8.4;7.5;-0.4;-0.4;0.24;4.1;1.7;45.18;459;145;58;23;87952;1.68;6.49;0.41;0.43
2000;5;14;135;15.7;11.5;5.3;8.5;6.9;5.2;-0.7;-0.2;0.23;4.2;1.7;34.79;677;219;101;63;88102;2.5;0.09;0.4;0.43
2000;5;15;136;17.7;12.4;3.9;11.9;7.5;2.6;0.3;0.4;0.23;4.2;1.7;25.34;571;202;93;64;88050;2.34;0.61;0.4;0.43
2000;5;16;137;19;13;4.7;12;7.7;3.8;0.3;0.7;0.22;4.2;1.7;16.46;619;214;91;59;87864;2.74;0.66;0.39;0.43
2000;5;17;138;18.1;11.6;5.3;11.2;8.3;4.5;0.5;0.4;0.18;4.2;1.7;8.74;558;189;88;46;87511;2.78;15.17;0.39;0.43
2000;5;18;139;9.6;8.1;5.2;8.9;7.5;5;0.5;-0.2;0.15;4.2;1.7;4.35;218;45;19;6;87076;1.35;18.3;0.4;0.43
2000;5;19;140;9.9;6.3;3.4;4.5;2.3;-0.5;1.1;-0.1;0.14;4.2;1.7;2.72;689;196;101;46;86966;3.25;9.37;0.4;0.43
2000;5;20;141;8.7;4.7;1.4;4.9;2.7;0.2;1.1;0;0.13;4.2;1.7;1.74;617;192;89;47;87057;3.26;7.77;0.4;0.43
2000;5;21;142;13.7;6.6;-1.8;7;2.1;-2.4;0.1;0.1;0.13;4.2;1.7;0.88;788;234;121;66;86913;3.19;5.68;0.39;0.43
2000;5;22;143;9.5;6.2;2.5;4.2;1.4;-0.4;2;-0.4;0.12;4.2;1.7;0.57;582;212;80;47;87403;3.67;8.05;0.4;0.43
2000;5;23;144;13.4;8.9;4.3;5.5;3.1;1.6;-0.3;-0.6;0.12;4.3;1.7;0.23;647;260;122;78;87814;3.33;0;0.39;0.43
2000;5;24;145;15.6;10.2;2.4;10.4;6.3;1.2;0.1;0.2;0.12;4.3;1.7;0.08;573;205;87;62;87678;2.83;0.96;0.38;0.43
2000;5;25;146;17.6;11.1;4.7;10.9;8.1;4;0.5;0.3;0.12;4.3;1.7;0.02;603;194;91;47;87596;3.18;7.16;0.38;0.42
2000;5;26;147;17.5;12.9;8.9;12.9;9.8;7.9;-0.8;-0.1;0.12;4.3;1.7;0;541;185;84;44;87560;3.29;2.02;0.38;0.42
2000;5;27;148;15;8.9;6.3;10.4;7.1;5.2;0.4;-0.1;0.12;4.3;1.7;0;468;138;82;38;87422;2.34;9.35;0.38;0.42
2000;5;28;149;15.7;9.2;3.1;10;7.5;2.8;0.4;-0.1;0.12;4.3;1.7;0;605;162;102;44;87098;2.93;16.47;0.38;0.42
2000;5;29;150;8.2;6;4.2;5.8;3.3;1.4;1.3;-0.1;0.12;4.3;1.7;0;402;138;70;35;87380;3.31;7.57;0.39;0.42
2000;5;30;151;9.1;6.7;3.5;7.4;4;0.7;0;0.4;0.12;4.3;1.7;0;422;126;88;35;87451;1.97;12.85;0.38;0.42
2000;5;31;152;8.8;7.3;3.5;7.8;6.4;3.5;1.2;0.2;0.12;4.3;1.7;0;310;94;56;20;87567;2.82;22.52;0.4;0.42
2000;6;1;153;16.8;10.2;0.8;8.9;5.3;0.6;0.3;0.1;0.12;4.3;1.7;0;734;279;114;76;88205;4.26;0;0.4;0.42
2000;6;2;154;21;14.5;5.2;15.6;9.5;4.2;0.1;0.3;0.12;4.3;1.7;0;781;270;114;75;88161;4.18;0.08;0.39;0.42
2000;6;3;155;21.3;15.8;7.7;13.8;9.8;6.7;-0.3;0.3;0.12;4.4;1.8;0;692;249;112;73;87984;4.31;0.12;0.39;0.42
2000;6;4;156;20.3;15;9.6;14.3;10.7;7.8;0.4;0.7;0.12;4.4;1.8;0;659;225;96;64;87939;3.86;1.59;0.38;0.42
2000;6;5;157;22.1;15.1;7.4;14.8;10.9;6.6;0.3;0.5;0.12;4.4;1.8;0;685;239;103;67;87649;4.14;5.25;0.38;0.42
2000;6;6;158;13.6;10.7;7.6;12.1;10.2;7.4;0.6;-0.5;0.12;4.4;1.8;0;272;69;41;12;87731;1.99;15.66;0.38;0.42
2000;6;7;159;12.3;9.1;6.3;7.6;5.8;4.3;0.6;-0.7;0.12;4.4;1.8;0;505;163;66;36;88040;3.11;2.94;0.39;0.42
2000;6;8;160;17.9;12.8;6.5;12.3;8.5;4.2;-0.8;-0.2;0.12;4.4;1.8;0;698;250;96;76;87899;3.52;0.08;0.38;0.42
2000;6;9;161;22.5;16;7.1;15;10.9;6.1;-0.4;0.2;0.12;4.4;1.8;0;783;267;114;77;87660;4.46;0.04;0.37;0.42
2000;6;10;162;22.2;16.4;8.5;14.1;10.8;7.1;-0.1;0.3;0.12;4.4;1.8;0;737;260;113;81;87529;4.45;0.52;0.37;0.42
2000;6;11;163;21.2;15.5;8;12.9;10;6.5;0.1;0.6;0.12;4.4;1.8;0;595;226;85;66;87522;4.24;10.21;0.36;0.42
2000;6;12;164;16.2;13.9;11.5;13.6;12.6;11.4;-0.2;-0.8;0.12;4.4;1.8;0;287;97;30;14;88383;2.33;6.72;0.37;0.41
2000;6;13;165;21.5;16.1;11.2;14.5;13;10.6;-0.1;0;0.12;4.4;1.8;0;703;223;95;56;88357;3.95;6.73;0.37;0.41
2000;6;14;166;18.4;14.1;10.5;14.2;12.1;9.7;0.5;0.1;0.12;4.4;1.8;0;533;193;71;47;88296;3.41;21.06;0.37;0.41
2000;6;15;167;16.5;12.2;8.6;11.6;10.4;8.3;1.3;0;0.12;4.5;1.8;0;564;175;68;38;88217;3.91;22.99;0.38;0.41
2000;6;16;168;12.6;10;7.5;9.9;7.2;3.6;0.8;-1.1;0.12;4.5;1.8;0;468;161;69;37;88284;3.22;8.16;0.4;0.41
2000;6;17;169;13.9;10.1;6.1;5;3.4;2.4;-0.2;-0.9;0.12;4.5;1.8;0;773;285;125;90;88557;4.07;0.01;0.39;0.41
2000;6;18;170;19.5;13.4;4.1;10.2;6;2.9;-0.3;0;0.12;4.5;1.8;0;823;308;138;107;88616;5;0;0.39;0.41
2000;6;19;171;22.7;15.8;5.8;12.5;8.4;4.3;-0.3;0.3;0.12;4.5;1.8;0;814;304;130;97;88346;5.4;0;0.38;0.41
2000;6;20;172;23.6;17.5;8.2;14.2;10.1;6.9;-0.2;0.2;0.12;4.5;1.8;0;792;283;123;86;87989;5.21;0;0.37;0.41
2000;6;21;173;22.4;17.3;11;15.9;12.3;9.5;0.3;0.3;0.12;4.5;1.8;0;738;242;98;69;87890;4.28;0.6;0.37;0.41
2000;6;22;174;20.1;16.4;11.3;13.4;11.7;9.8;0.5;0.1;0.12;4.5;1.8;0;531;208;97;55;87908;3.95;5.85;0.36;0.41
2000;6;23;175;13.8;11.4;10;13.4;10.3;8.6;0.6;-0.1;0.12;4.5;1.8;0;158;44;32;14;87916;1.98;25.5;0.38;0.41
2000;6;24;176;12.6;9.1;5.9;8.3;7;5.5;0.9;0;0.12;4.5;1.8;0;488;125;63;31;87606;3.01;11.45;0.38;0.41
2000;6;25;177;10.3;7.4;5.1;7.4;5.3;3.8;0.9;-0.3;0.12;4.5;1.8;0;458;162;81;41;87644;3.14;7.1;0.39;0.41
2000;6;26;178;11.7;8.1;5.1;7.9;5.4;3.2;0.7;-0.7;0.12;4.5;1.8;0;612;213;78;54;87885;3.35;6.98;0.39;0.41
2000;6;27;179;14.6;10;5.4;6.3;4.6;2.8;0.2;-0.9;0.12;4.5;1.8;0;780;273;124;79;87865;4.1;0;0.39;0.41
2000;6;28;180;14.6;10.6;6.8;10;7.2;4.7;0.8;-0.1;0.12;4.5;1.8;0;495;147;84;53;87551;2.53;4.06;0.39;0.41
2000;6;29;181;12.8;10.3;6.4;8.8;7;6;1;-0.2;0.12;4.5;1.8;0;533;178;79;44;87675;3.04;2.79;0.38;0.41
2000;6;30;182;16;12.3;7.4;9.3;7.1;5.6;0.3;-0.3;0.12;4.5;1.9;0;693;252;99;71;87567;3.94;0.56;0.38;0.41
2000;7;1;183;19.6;14.1;6.6;13.2;9.3;5.5;0.3;0.6;0.12;4.6;1.9;0;661;240;95;68;87417;4.18;1.55;0.38;0.41
2000;7;2;184;22.5;16.5;9.7;15.3;11.3;8.3;0.2;0.6;0.12;4.6;1.9;0;715;260;104;72;87502;4.64;0.08;0.37;0.41
2000;7;3;185;19.8;15.6;11.3;16;13.2;10.2;-0.1;0.4;0.12;4.6;1.9;0;519;164;86;44;87330;2.89;12.88;0.37;0.41
2000;7;4;186;18.1;14;10.9;14.1;11.9;8.9;0.6;0.3;0.12;4.6;1.9;0;423;154;71;47;87037;3.08;12.31;0.38;0.41
2000;7;5;187;16;12.8;9.2;9.2;8.2;7.3;1.5;-0.2;0.12;4.6;1.9;0;562;185;75;46;87647;3.5;0.51;0.38;0.41
2000;7;6;188;18.8;14.9;11.6;12.5;9.1;7.2;0.2;-0.3;0.12;4.6;1.9;0;748;252;115;68;87950;4.26;0.06;0.37;0.41
2000;7;7;189;21.7;14.5;9.1;15;12;7.8;0.3;0.6;0.11;4.6;1.9;0;691;180;93;41;87267;3.72;19.8;0.37;0.41
2000;7;8;190;11.9;8.9;5.5;10.5;7.9;5.3;1.4;-0.2;0.11;4.6;1.9;0;519;112;69;26;87207;3.32;16.09;0.38;0.41
2000;7;9;191;13.5;9.2;4.8;8.3;5.2;3.2;1;0.1;0.11;4.6;1.9;0;623;209;82;43;87039;3.98;4.87;0.39;0.41
2000;7;10;192;16.5;11.6;8.1;10.9;9.1;6.2;0.1;0.1;0.11;4.6;1.9;0;578;175;81;40;86224;3.67;22.83;0.39;0.41
2000;7;11;193;10.9;7.4;4.6;8;5.8;4.4;0.7;0.6;0.12;4.6;1.9;0.24;484;103;62;23;86324;3.16;36.52;0.42;0.41
2000;7;12;194;9.6;6.6;4.3;7.6;5.3;3.5;1.2;0.2;0.12;4.6;1.9;0.1;443;152;64;31;87199;3.45;15.24;0.43;0.41
2000;7;13;195;11.6;7.7;3.3;5.1;3.3;1.5;1.3;0;0.12;4.6;1.9;0.04;632;217;89;49;87486;3.88;4.3;0.42;0.41
2000;7;14;196;9.6;7.1;5.1;8.6;6;4.5;1.3;0.6;0.11;4.6;1.9;0;249;78;40;19;86856;2.78;15.57;0.42;0.41
2000;7;15;197;7.8;5.6;4.5;6.3;4.6;2.7;1.3;0.1;0.11;4.6;1.9;0;359;117;66;24;86806;3.03;17.82;0.43;0.42
2000;7;16;198;9.2;6;3.2;5.8;4.1;2;1;0.1;0.11;4.6;1.9;0;535;171;71;43;87219;3.81;14.24;0.43;0.42
2000;7;17;199;12.4;8.1;1.4;6.6;3.8;0.6;0.5;-0.1;0.11;4.6;1.9;0;652;228;86;68;87639;3.39;0.92;0.42;0.42
2000;7;18;200;14.6;10.3;4;7.1;4.9;3;0.8;-0.2;0.11;4.6;1.9;0;633;232;100;68;87718;3.58;0.4;0.41;0.42
2000;7;19;201;12.6;9.6;6.3;8.2;6.6;4.5;1;-0.4;0.11;4.6;1.9;0;549;189;79;50;87729;3.02;4.26;0.41;0.42
2000;7;20;202;13.5;9.9;5.8;7.1;6;5.4;0.5;-0.6;0.11;4.6;1.9;0;493;174;54;35;87907;3.03;0.65;0.4;0.42
2000;7;21;203;15.7;11.8;6.8;9.2;6.6;5;0.8;-0.3;0.11;4.6;1.9;0;595;213;88;64;87971;3.46;0.34;0.4;0.42
2000;7;22;204;16.7;13;7.1;10.5;8.2;6;0.3;-0.2;0.11;4.6;1.9;0;712;256;108;82;87715;3.87;0.93;0.39;0.42
2000;7;23;205;18.1;13.5;6.7;14.7;10.8;5.5;-0.1;0.7;0.11;4.6;1.9;0;471;158;65;46;87492;2.55;2.94;0.38;0.42
2000;7;24;206;18.9;14.3;10.5;14.8;12.5;9.3;0.3;0.2;0.11;4.6;1.9;0;503;161;71;39;86989;3.18;34.28;0.38;0.42
2000;7;25;207;17.6;13.8;9.3;13;9.8;7.6;0.4;0.4;0.11;4.6;1.9;0;637;197;97;54;87057;3.74;5.41;0.4;0.42
2000;7;26;208;16.4;12.9;10;11.8;10;7.3;0.9;0.3;0.11;4.6;1.9;0;584;151;92;46;87258;3.11;10.76;0.41;0.42
2000;7;27;209;18.5;13.9;7.6;12.9;9.3;6;0.3;0.2;0.11;4.6;1.9;0;616;219;95;60;87706;3.64;0.85;0.4;0.42
2000;7;28;210;12.8;11;7.9;11.3;8.9;5.6;1.3;0.4;0.11;4.6;1.9;0;341;98;68;35;87518;2.72;16.44;0.41;0.42
2000;7;29;211;13.7;10.1;7.7;8.6;7.3;5.5;1.6;0.1;0.11;4.6;1.9;0;496;171;77;43;87711;3.43;6.67;0.41;0.42
2000;7;30;212;13;9.6;6.1;9.9;7.9;5.7;1;0.1;0.11;4.6;1.9;0;470;142;62;39;88128;3.26;9.25;0.41;0.42
2000;7;31;213;16.7;11.7;4.1;9.5;7.2;3.8;0;0;0.11;4.5;1.9;0;645;235;103;72;88332;3.84;0.13;0.4;0.42
2000;8;1;214;20.4;14.4;6.2;15.6;9.6;4.9;0.3;0.5;0.11;4.5;1.9;0;752;255;109;83;88222;4.11;0.1;0.4;0.42
2000;8;2;215;22.4;14.8;7.1;13.6;10.4;6.4;0.5;0.4;0.11;4.5;1.9;0;669;214;104;64;87989;3.83;4.71;0.39;0.42
2000;8;3;216;17;12.3;9.5;12.9;11.1;8.7;0.1;-0.4;0.11;4.5;1.9;0;488;91;47;19;87907;2.37;38.36;0.4;0.42
2000;8;4;217;12;9.9;8.5;10.6;9.2;8.1;-0.4;0;0.11;4.5;1.8;0;199;69;33;23;87910;1.77;11.08;0.42;0.42
2000;8;5;218;13.4;10.5;8.3;11.7;9.9;8.1;-0.6;-0.8;0.11;4.5;1.8;0;322;90;38;13;87742;2.12;21.68;0.42;0.42
2000;8;6;219;11.6;10.3;8.9;11.3;10.1;8.7;0.8;-0.4;0.11;4.5;1.8;0;199;59;22;11;87732;1.74;43.43;0.43;0.42
2000;8;7;220;15.3;10.8;7.4;11.5;9.3;7.2;0.9;0.1;0.11;4.5;1.8;0;487;142;76;33;88084;2.69;9.14;0.43;0.43
2000;8;8;221;17.6;12.1;6.7;11.7;9;6.7;0.4;0.2;0.11;4.5;1.8;0;614;195;92;52;88067;3.46;2.38;0.42;0.43
2000;8;9;222;17.6;13.1;8.4;13.2;10.8;8.2;0;-0.1;0.11;4.5;1.8;0;573;201;84;57;88090;3.1;3.27;0.41;0.43
2000;8;10;223;19;13.9;7;12.2;9.7;6.6;0.5;0.4;0.11;4.5;1.8;0;560;195;85;61;87958;3.38;0.19;0.4;0.43
2000;8;11;224;21.3;15.6;8.3;13.6;9.9;7.4;0.2;0.2;0.11;4.5;1.8;0;756;250;120;82;87727;4.32;0;0.39;0.43
2000;8;12;225;20.5;15.3;9.1;14.9;11.5;7.7;0.2;0.5;0.11;4.5;1.8;0;608;202;99;65;87642;3.41;1.66;0.39;0.43
2000;8;13;226;21.2;16.2;9.8;14;10;8.5;-0.3;0.2;0.11;4.5;1.8;0;667;219;106;72;87929;4.1;0.09;0.38;0.43
2000;8;14;227;21.4;15.8;8.8;13.6;10;7.2;0.2;0.3;0.11;4.5;1.8;0;667;237;106;82;88173;4.16;0;0.37;0.43
2000;8;15;228;21.5;16.1;8;14.3;10.9;7.1;0.3;0.2;0.11;4.5;1.8;0;661;224;107;74;88198;3.83;0.27;0.36;0.43
2000;8;16;229;19.9;16.6;12.4;16;14;11.2;0.1;0.3;0.11;4.5;1.8;0;510;170;78;52;87970;2.59;2.14;0.35;0.43
2000;8;17;230;23.5;17.3;11.5;16.3;12.8;10.2;0.2;0.5;0.11;4.4;1.8;0;678;213;105;69;87783;3.9;1.06;0.35;0.42
2000;8;18;231;20.5;16.5;12;15.7;13.1;10.1;-0.2;0.4;0.11;4.4;1.8;0;544;161;93;61;87788;2.7;1.83;0.34;0.42
2000;8;19;232;23.9;17.8;10.7;17.2;13.1;9.4;-0.3;0.7;0.11;4.4;1.8;0;670;218;100;72;87791;3.78;0.56;0.34;0.42
2000;8;20;233;25.8;18.5;10.8;16.1;12.6;8.9;-0.2;0.7;0.11;4.4;1.8;0;699;236;115;84;87660;4.19;0;0.33;0.42
2000;8;21;234;23.4;17.3;11.6;16.1;13.1;10.1;-0.2;-0.2;0.11;4.4;1.8;0;624;200;93;61;87574;3.6;16.16;0.33;0.42
2000;8;22;235;15.1;13.2;11.6;11.9;10.3;9.5;-0.4;-0.4;0.11;4.4;1.8;0;273;82;69;32;87943;1.97;0.62;0.34;0.42
2000;8;23;236;19.5;15.3;9.6;13.7;11.4;8.5;-0.3;-0.2;0.11;4.4;1.8;0;634;206;102;73;88064;3.11;0.41;0.33;0.42
2000;8;24;237;21.5;15.6;8.1;12.7;10.3;7.7;0.7;0.1;0.11;4.4;1.8;0;719;232;117;82;88260;3.88;0;0.33;0.42
2000;8;25;238;20.4;15.6;10;12;9.9;8.6;0.4;-0.2;0.11;4.4;1.8;0;715;236;120;89;88142;3.72;0;0.32;0.42
2000;8;26;239;23.3;16;7.7;13.9;10.4;6.8;-0.6;0.2;0.11;4.4;1.8;0;727;240;132;96;87589;3.83;0;0.32;0.42
2000;8;27;240;17.1;12.5;9.7;12.1;10.3;8.1;1;-0.1;0.11;4.4;1.8;0;486;109;90;38;87570;2.04;26.74;0.32;0.41
2000;8;28;241;14;11.2;9.1;10.8;9.6;8.7;0.5;-0.4;0.11;4.4;1.8;0;446;127;75;36;87992;2.65;10.29;0.34;0.41
2000;8;29;242;16.7;12.3;6.1;10.1;7.9;6;-0.2;-0.1;0.11;4.3;1.8;0;587;186;101;64;87962;3;0.19;0.34;0.41
2000;8;30;243;18.8;12.5;7.2;12.9;9.7;6;0.2;0.2;0.1;4.3;1.8;0;614;149;107;54;87576;2.5;8.68;0.34;0.41
2000;8;31;244;14.4;11;8.5;12.1;10.3;8.5;0.4;-0.2;0.1;4.3;1.8;0;386;88;52;26;87041;2.14;28.4;0.35;0.41
2000;9;1;245;15.2;11.9;8.7;11.9;10;8.5;0.5;0;0.1;4.3;1.8;0;420;133;89;43;87007;2.11;3.06;0.36;0.41
2000;9;2;246;11;9.6;8;9.5;6.7;4.1;1.5;0;0.1;4.3;1.7;0;218;62;73;25;86986;2.12;5.93;0.37;0.41
2000;9;3;247;10.9;8.3;6.3;7.3;5.7;4.9;1.7;0.1;0.1;4.3;1.7;0;473;143;78;40;87222;3.38;8.45;0.37;0.41
2000;9;4;248;8.9;6.5;5;6.6;5;3.2;0.9;-0.2;0.1;4.3;1.7;0;331;100;70;29;87652;2.47;14.18;0.38;0.41
2000;9;5;249;10;7.2;4.8;7.9;5.5;3.7;0.6;-0.3;0.1;4.3;1.7;0;478;118;60;30;88026;2.26;7.59;0.38;0.41
2000;9;6;250;12.8;8.9;4.5;7.6;5.3;3.6;0.7;0.3;0.1;4.3;1.7;0;563;143;91;47;87640;2.25;5.1;0.38;0.41
2000;9;7;251;10.6;7.6;5.9;8.6;6.6;5.4;1.4;0.1;0.1;4.3;1.7;0;444;113;78;28;87405;2.75;20.24;0.39;0.41
2000;9;8;252;14.6;10.2;6.3;8.2;6.4;4.7;-0.2;-0.2;0.1;4.3;1.7;0;626;196;113;70;88114;2.92;0.02;0.39;0.41
2000;9;9;253;19.5;12.7;3.9;11.9;8.4;3.1;-0.2;0.1;0.1;4.3;1.7;0;663;208;121;87;88313;2.97;0;0.39;0.41
2000;9;10;254;19.8;13.5;5.9;12.6;9.6;4.7;-0.3;0.1;0.1;4.2;1.7;0;652;203;120;85;88171;2.85;0;0.39;0.41
2000;9;11;255;19.4;13.1;6.2;11.9;9.2;5.2;-0.2;0.2;0.1;4.2;1.7;0;652;200;119;85;87774;2.83;0;0.38;0.41
2000;9;12;256;20.3;13.3;5.1;13.9;9.3;4.2;0.1;0.5;0.1;4.2;1.7;0;653;197;123;80;87537;2.97;0;0.38;0.41
2000;9;13;257;15.6;11.4;7.2;12.5;9.8;6.9;0.5;0.7;0.1;4.2;1.7;0;402;105;72;48;87512;1.77;7.45;0.38;0.41
2000;9;14;258;16.6;11.8;6.8;12.5;9.8;6.3;0.3;0.3;0.1;4.2;1.7;0;445;136;76;50;87702;2.13;0.4;0.38;0.41
2000;9;15;259;18.7;13.1;7.3;13.8;9.9;6.3;0.2;0.7;0.1;4.2;1.7;0;468;149;89;59;87622;2.32;0.28;0.37;0.41
2000;9;16;260;15.7;10;7.3;10.7;7.9;5.6;1;0.6;0.1;4.2;1.7;0;355;86;67;40;87232;1.88;8.96;0.37;0.41
2000;9;17;261;10.3;8.2;6.6;7.3;6.8;6.1;1.2;0.3;0.1;4.2;1.7;0;206;54;50;25;87161;1.79;4.86;0.38;0.41
2000;9;18;262;14.3;9.8;5;8.8;7.2;5;-0.5;-0.2;0.1;4.1;1.7;0;522;147;88;58;86954;1.95;0.05;0.38;0.41
2000;9;19;263;17.4;11.1;5.4;11.2;8.1;4.5;-0.6;0.3;0.1;4.1;1.7;0;559;167;102;70;86721;2.2;0.05;0.37;0.41
2000;9;20;264;19;12.6;6.9;13.5;9.8;5.3;-0.3;0.9;0.1;4.1;1.7;0;373;101;82;52;86613;1.35;2.25;0.37;0.41
2000;9;21;265;9.8;6.4;4.8;9.7;6.1;4.5;2;1;0.1;4.1;1.6;0.02;33;10;18;6;87228;1.97;51.22;0.39;0.41
2000;9;22;266;9.3;7.3;5.3;6.3;5.4;4.8;0.4;0.3;0.1;4.1;1.6;0.02;187;46;29;18;88168;1.23;1.65;0.41;0.41
2000;9;23;267;14.2;8.9;3.4;7;5.7;3.3;-0.9;-0.2;0.1;4;1.6;0;505;151;99;76;88031;1.83;0;0.4;0.41
2000;9;24;268;16.5;8.8;1;10.5;5.3;-0.2;0.2;0.5;0.1;4;1.6;0;608;176;122;85;87868;2.25;0;0.4;0.41
2000;9;25;269;16.3;10.2;4.4;10.7;7.3;3.3;0.5;0.5;0.09;4;1.6;0;560;148;101;60;88124;2.01;0.87;0.4;0.41
2000;9;26;270;17.5;11.3;5.9;12.7;8.9;5.5;0;0.5;0.09;4;1.6;0;552;148;95;60;88129;1.94;0.33;0.39;0.41
2000;9;27;271;18.4;11.7;5.7;12.2;8.9;5.1;0.1;0.5;0.09;4;1.6;0;544;144;96;54;87902;2.18;4.67;0.39;0.41
2000;9;28;272;18.8;12.3;6.3;11.7;8.9;6;-0.4;0.8;0.09;4;1.6;0;557;150;102;70;87344;2.44;0.12;0.39;0.41
2000;9;29;273;19.1;12;6.4;8.6;6.4;4.8;-0.5;1.5;0.09;3.9;1.6;0;567;165;117;80;86676;2.63;0;0.39;0.4
2000;9;30;274;17.8;11.9;7.3;11;8.3;4.9;0;0.5;0.09;3.9;1.6;0;491;123;94;47;86568;1.86;2.09;0.38;0.4
2000;10;1;275;12.1;9.9;8.6;9.9;9.1;8.4;0.1;-0.7;0.09;3.9;1.6;0;218;53;44;20;86685;1.32;16.22;0.38;0.4
2000;10;2;276;9.9;7.7;5.2;8.5;7.2;4.9;0.7;0.1;0.09;3.9;1.6;0;214;55;45;16;86966;1.92;21.48;0.4;0.4
2000;10;3;277;7.1;5.8;5;6.2;5.1;4.5;0.1;-0.3;0.09;3.9;1.6;0;140;32;59;16;87824;1.18;7.21;0.41;0.4
2000;10;4;278;13.7;8.2;2;7.8;6;1.6;-0.1;-0.2;0.09;3.8;1.5;0;513;133;94;57;87845;1.68;0.01;0.41;0.4
2000;10;5;279;13.4;8.9;5.1;8.8;7.2;4.9;0.4;-0.2;0.09;3.8;1.5;0;385;92;62;28;87606;1.25;4.28;0.41;0.41
2000;10;6;280;7.9;4.6;2.1;7.6;4.1;0.7;0.6;-0.2;0.1;3.8;1.5;0.47;65;18;18;11;87757;1.24;21.26;0.42;0.41
2000;10;7;281;1.8;0.6;-0.2;0.9;0.2;-0.5;0.5;-0.2;0.28;3.8;1.5;5.87;102;25;21;11;87845;0.98;17.75;0.42;0.41
2000;10;8;282;5.9;2.6;-2.3;1.2;0;-2.5;0.1;0.2;0.34;3.8;1.5;8.05;321;89;78;49;87636;0.93;0.25;0.42;0.41
2000;10;9;283;7;3.9;-0.9;3.2;1.7;-1.8;0.4;0.4;0.28;3.7;1.5;6.12;350;81;86;43;86991;1.03;2.58;0.42;0.41
2000;10;10;284;7.4;2.3;-1.6;3;0.2;-3.7;0;0.9;0.22;3.7;1.5;4.45;150;38;55;26;85997;0.68;4.36;0.42;0.41
2000;10;11;285;11.2;5.4;-0.4;6.3;3.4;-1;-0.3;0.6;0.19;3.7;1.5;3.26;275;74;62;39;85420;0.98;4.06;0.42;0.41
2000;10;12;286;10.3;6.5;2.9;8;5.5;2.7;-0.6;-0.1;0.14;3.7;1.5;1.65;284;60;55;27;86161;0.89;3.24;0.42;0.41
2000;10;13;287;15.4;8.6;3;9.4;6.5;2.6;-0.3;0.1;0.11;3.7;1.5;0.77;458;118;90;47;86949;1.55;0.42;0.42;0.41
2000;10;14;288;17.8;11;5.4;13.2;8.6;5;-0.5;1.3;0.09;3.6;1.5;0.26;354;98;90;49;87386;1.21;0.08;0.41;0.41
2000;10;15;289;17.3;11.5;7.2;10.4;7.4;5.2;-0.7;0.9;0.09;3.6;1.5;0.08;358;94;97;52;86890;1.29;0.39;0.41;0.41
2000;10;16;290;14.1;8.4;3.6;6.8;3.5;1.5;-0.2;1.1;0.09;3.6;1.5;0.03;475;122;111;76;87179;1.68;0.11;0.4;0.41
2000;10;17;291;7.6;5.8;3.3;6.8;5;1.7;0.2;0;0.09;3.6;1.4;0;115;30;57;16;88054;0.72;7.61;0.4;0.41
2000;10;18;292;8.3;6.2;4.8;6.6;5.6;4.4;-0.3;-0.1;0.09;3.6;1.4;0;239;52;43;21;88105;1;4.42;0.4;0.41
2000;10;19;293;8.9;6.6;4.1;8.3;5.8;3.3;0;0.5;0.08;3.6;1.4;0;143;25;36;14;87894;0.5;4.25;0.4;0.41
2000;10;20;294;14.2;8;1.8;8.4;5.7;1.6;-0.5;0.5;0.08;3.6;1.4;0;465;111;96;64;87911;1.42;0;0.4;0.41
2000;10;21;295;14.1;8.1;3.3;8.2;5.1;2.3;0;0.5;0.08;3.6;1.4;0;464;118;112;70;88216;1.31;0;0.4;0.41
2000;10;22;296;13.3;7.2;1.4;8.5;5.1;0.9;0;0.4;0.08;3.6;1.4;0;431;109;100;68;88551;1.04;0;0.4;0.41
2000;10;23;297;14.3;7.1;1.5;8.6;3.9;0.8;0.1;0.6;0.08;3.5;1.4;0;461;120;118;77;88358;1.3;0;0.39;0.41
2000;10;24;298;11.2;6.3;1.1;6.7;3.4;-0.2;0.4;1;0.08;3.5;1.4;0;172;43;58;34;88113;0.51;0.02;0.39;0.41
2000;10;25;299;13.9;7.2;1.7;6;3.8;0.9;0.4;1;0.08;3.5;1.4;0;443;110;107;68;87637;1.26;0;0.39;0.41
2000;10;26;300;9.1;5.3;1.5;5.7;3.5;0.1;0.7;0.7;0.08;3.5;1.4;0;177;41;55;30;87422;0.79;6.17;0.38;0.41
2000;10;27;301;7.8;5.1;3.1;4.3;2.5;1.1;0.9;0;0.08;3.5;1.4;0;294;69;77;31;87774;1.36;2.78;0.39;0.41
2000;10;28;302;13.9;6.4;0.5;7.3;2.6;-1;-0.2;1;0.08;3.5;1.4;0;405;100;104;71;87712;1.11;0;0.38;0.41
2000;10;29;303;10;4.9;0.1;5.2;2.6;-0.9;0.4;0.4;0.08;3.5;1.4;0;331;70;81;44;87555;0.64;0.13;0.38;0.41
2000;10;30;304;13.4;6.8;0.7;5.3;3.1;0.1;-0.3;1.3;0.08;3.5;1.4;0;374;94;103;63;86650;1.09;0;0.38;0.41
2000;10;31;305;7.6;3.6;1.2;6.6;2.5;1.1;0.3;0.7;0.1;3.5;1.4;0.75;113;21;39;20;86321;0.67;14.33;0.38;0.41
2000;11;1;306;7;2.1;-2.3;1.3;-1.5;-5;0.2;0.8;0.2;3.5;1.4;3.37;364;90;108;71;86709;1.16;0.45;0.38;0.41
2000;11;2;307;8.4;2.1;-2.7;0.3;-2.5;-5.8;-0.2;1.5;0.19;3.5;1.4;3.07;361;88;106;66;86486;0.82;0.03;0.38;0.41
2000;11;3;308;11.4;4.8;1.3;3.5;1.5;-1.4;0.2;0.3;0.17;3.4;1.4;2.59;372;87;103;42;86126;1.07;5.78;0.38;0.41
2000;11;4;309;1.9;-0.2;-5.8;1.7;-0.6;-6.5;0.5;0.5;0.25;3.4;1.4;5.2;126;24;65;30;86836;0.69;8.28;0.38;0.41
2000;11;5;310;4.2;-2.6;-8.4;-2.3;-5.8;-9.5;-0.3;1.1;0.28;3.4;1.4;6.2;322;77;111;69;86936;0.79;0.14;0.38;0.41
2000;11;6;311;5.4;0.4;-5.5;2.9;-2.1;-9.1;-0.1;1.1;0.28;3.4;1.4;6.44;162;28;65;32;85103;0.18;9.49;0.38;0.41
2000;11;7;312;7.4;1.4;-3.9;2.2;-0.9;-4.8;0.1;0.6;0.31;3.4;1.4;7.72;281;67;93;58;84977;0.53;2.08;0.39;0.41
2000;11;8;313;6.5;0.5;-4.2;0.2;-3.2;-6.1;0;1.1;0.29;3.4;1.4;7.29;285;66;97;63;85769;0.62;0.37;0.39;0.41
2000;11;9;314;4.8;0.3;-3.6;-0.6;-3.8;-7.5;0.3;0.6;0.28;3.4;1.4;6.91;257;55;87;46;86788;0.34;1.71;0.38;0.41
2000;11;10;315;3.4;-0.5;-4.6;-1.4;-3.3;-6.6;0.3;0.7;0.29;3.4;1.4;7.81;277;56;87;56;87606;0.54;0.83;0.38;0.41
2000;11;11;316;5.4;-1.4;-7.9;-1.5;-6;-9.5;-0.1;0.9;0.28;3.4;1.4;7.51;295;70;110;74;87883;0.31;0;0.38;0.41
2000;11;12;317;7.7;0.8;-4.3;1.1;-4.9;-9.8;-0.2;1.8;0.26;3.4;1.4;6.77;286;66;96;60;87088;0.26;0;0.38;0.41
2000;11;13;318;10.3;3.7;-0.9;4.7;0;-4.5;-0.4;1.9;0.23;3.3;1.4;5.51;290;67;88;53;86382;0.46;0.06;0.38;0.41
2000;11;14;319;4.7;2.7;1;4.1;1.9;-0.1;0.3;-0.3;0.2;3.3;1.3;4.4;142;25;41;11;86541;0.32;9.78;0.38;0.41
2000;11;15;320;3.2;1.6;0.2;2.1;0.9;-0.4;-0.2;0;0.23;3.3;1.3;5.28;95;19;27;18;87271;0.27;5.87;0.38;0.41
2000;11;16;321;6.6;2.4;-0.8;2.4;0.9;-1.3;-0.4;0.1;0.29;3.3;1.3;7.78;250;53;86;39;87052;0.49;3.92;0.39;0.41
2000;11;17;322;1.5;0.1;-1.1;0.5;-0.7;-2;0.7;-0.5;0.35;3.3;1.3;11.89;71;15;18;10;86780;0.38;13.98;0.39;0.41
2000;11;18;323;-0.5;-2.3;-6.2;-2.4;-3.9;-7;0.2;0;0.48;3.3;1.3;20.6;99;24;82;36;87127;0.25;2.99;0.39;0.41
2000;11;19;324;4.5;-4.4;-10.3;-0.7;-7.5;-12.5;0.1;1.2;0.47;3.3;1.3;21;202;46;101;55;86466;0.2;0;0.38;0.41
2000;11;20;325;2.2;-1.6;-7.1;-0.4;-3.9;-9.4;-0.2;0;0.45;3.3;1.3;20.42;116;28;55;26;86310;0.14;1.92;0.38;0.41
2000;11;21;326;1.3;-0.9;-5.5;0.4;-1.6;-6.7;0.2;0.2;0.47;3.3;1.3;24.24;76;14;62;23;86525;0.05;5.4;0.38;0.41
2000;11;22;327;5.5;-0.8;-5.7;3;-2.8;-7.2;0.1;1.3;0.46;3.3;1.3;24.9;129;24;85;31;86985;0.02;0.39;0.38;0.41
2000;11;23;328;4.2;-0.2;-5;0.2;-3.4;-7.6;-0.3;1.8;0.43;3.3;1.3;23.7;106;23;38;31;86536;0.17;0;0.38;0.41
2000;11;24;329;2.7;0.7;-0.8;1.8;-0.5;-2.7;0.4;-0.2;0.42;3.3;1.3;23.08;70;12;34;12;86679;0.02;6.15;0.38;0.41
2000;11;25;330;0.8;-2;-9.7;-0.4;-2.5;-10.5;0.1;0;0.46;3.3;1.3;28.69;87;17;66;29;86638;0.09;6.48;0.38;0.41
2000;11;26;331;2.9;-3.3;-10.8;0.1;-5;-11.8;0.9;1;0.47;3.3;1.3;31.06;167;25;80;34;86431;0.13;4.15;0.38;0.41
2000;11;27;332;0.5;-3.9;-8.7;-2.2;-6.2;-10.6;0.4;0.9;0.48;3.3;1.3;33.9;156;32;75;42;87432;0.09;3.18;0.38;0.41
2000;11;28;333;7.6;-0.7;-8;5.1;-2.5;-10.8;0.1;1.5;0.47;3.3;1.3;34.2;143;23;79;23;87659;-0.03;5.18;0.39;0.41
2000;11;29;334;8.4;-0.5;-6.5;4.8;-3.4;-8.5;0.1;1.8;0.44;3.3;1.3;31.94;186;40;92;53;87341;-0.02;0;0.39;0.41
2000;11;30;335;6.9;-0.7;-5.6;4.1;-3.2;-7.3;0;1.3;0.41;3.3;1.3;30.18;131;28;77;41;87607;-0.02;0;0.39;0.41
2000;12;1;336;6.1;-1.8;-7.2;2.9;-4.7;-10;0.2;1.7;0.39;3.3;1.3;28.82;202;44;98;57;87466;0.08;0;0.39;0.41
2000;12;2;337;7;0.2;-4.6;2.6;-2.8;-7.5;-0.1;1.3;0.38;3.3;1.3;27.43;170;35;72;37;87501;0.1;0;0.39;0.41
2000;12;3;338;4.6;0.9;-2.2;1.9;-0.8;-4.5;0.1;0.5;0.36;3.3;1.3;26.38;116;22;37;20;87627;0.05;0.41;0.39;0.4
2000;12;4;339;7.3;0.8;-3.2;3.7;-0.9;-4.4;0;1.2;0.33;3.3;1.3;25.27;214;44;91;55;87620;0.19;0;0.39;0.4
2000;12;5;340;7.3;0.2;-3.8;2.7;-2.9;-7.2;-0.1;1.3;0.31;3.3;1.3;24.21;219;47;94;56;87602;0.18;0;0.39;0.4
2000;12;6;341;7.3;0.7;-4.6;2;-3.2;-7.7;0.2;1;0.29;3.3;1.3;23.51;230;48;103;54;87395;0.18;0.05;0.39;0.4
2000;12;7;342;5.4;1.2;-3.6;2.1;-1.8;-5.6;-0.2;1.7;0.28;3.3;1.4;22.91;190;37;79;38;87124;0.14;0.01;0.38;0.4
2000;12;8;343;9.5;4.6;0.8;5.1;1.5;-2;-0.1;1;0.26;3.3;1.4;21.92;200;40;83;40;86949;0.22;0.15;0.38;0.4
2000;12;9;344;5.3;1.9;-1.6;4.9;1.2;-2.1;0;1;0.25;3.3;1.4;21.55;140;25;42;28;87476;0.01;6.06;0.38;0.4
2000;12;10;345;5.6;1.2;-2.6;3.3;-0.6;-4.3;0.6;1;0.27;3.3;1.4;22.88;187;37;71;36;87700;0.28;3.22;0.39;0.4
2000;12;11;346;9.2;3.3;-2.1;4.6;-0.6;-3.8;0.7;1.1;0.26;3.3;1.4;22.53;228;48;101;52;88299;0.44;0.29;0.39;0.4
2000;12;12;347;9.4;2;-2.1;5.1;-1.1;-5.2;0.1;1.4;0.25;3.3;1.4;21.82;218;44;81;44;88164;0.18;0;0.39;0.4
2000;12;13;348;6.6;1.9;-2;0.8;-2.1;-4.6;0.9;0.9;0.24;3.3;1.4;21.26;141;32;83;46;87746;0.21;0;0.38;0.4
2000;12;14;349;3.8;0.2;-2.8;0.6;-2.3;-5.9;0.3;0.6;0.23;3.3;1.4;21.21;116;22;63;30;86971;0.05;2.41;0.38;0.4
2000;12;15;350;0.2;-1.5;-3.4;-0.3;-3.4;-6.2;1.6;0.6;0.29;3.3;1.4;25.31;110;23;79;32;86378;0.66;9.44;0.38;0.4
2000;12;16;351;-2.3;-4.2;-6.4;-5.1;-7.2;-9.6;1.8;0.5;0.4;3.3;1.3;31.43;101;21;74;44;86779;0.27;5.19;0.38;0.4
2000;12;17;352;-1;-4;-7.7;-4.8;-7.7;-11.5;0.8;0.7;0.45;3.3;1.3;33.78;130;23;66;32;86995;0.12;0.79;0.38;0.4
2000;12;18;353;0.2;-4.1;-8.1;-6.1;-8.6;-13.2;0.3;1.1;0.45;3.3;1.3;34.18;161;33;97;37;87449;0.15;2.43;0.38;0.4
2000;12;19;354;1.6;-0.7;-3.1;0.7;-1.9;-6.3;0.5;0.5;0.47;3.3;1.3;38.04;69;13;28;9;87594;0.05;8.12;0.38;0.4
2000;12;20;355;0.2;-2.2;-5.1;-0.6;-2.8;-6.6;-0.7;0;0.45;3.3;1.3;39.5;130;26;76;47;87507;0.07;0.08;0.38;0.4
2000;12;21;356;0.6;-4.6;-8.6;-3.7;-7.2;-11.2;-0.4;0.6;0.44;3.2;1.3;39.25;169;36;110;66;87509;0.12;0;0.38;0.4
2000;12;22;357;0.8;-7.9;-12.6;-5.2;-12.5;-17.8;-0.2;1.3;0.43;3.2;1.3;38.98;182;38;118;73;87325;0.12;0;0.38;0.4
2000;12;23;358;0.7;-8.9;-14.6;-4.8;-14.2;-20.9;0.2;1.5;0.43;3.2;1.3;38.7;178;38;108;68;86943;0.12;0;0.38;0.4
2000;12;24;359;0.4;-8.8;-18;-6.6;-15.2;-23.2;0;1.8;0.42;3.2;1.3;38.4;160;35;87;52;86192;0.21;0.01;0.38;0.4
2000;12;25;360;3.3;-1.9;-5.3;-2.5;-5.8;-10.8;0.1;1;0.41;3.2;1.3;38.09;161;30;81;34;85400;0.08;0.37;0.38;0.4
2000;12;26;361;3.3;-1.4;-3.7;0.7;-3.4;-6.6;0;1;0.41;3.2;1.3;38.63;163;30;92;34;85158;0;1.33;0.37;0.4
2000;12;27;362;2.3;-3.3;-7;-2.8;-7;-10.7;0.2;1.3;0.41;3.2;1.3;38.52;182;36;92;49;85085;0.12;0;0.37;0.4
2000;12;28;363;-0.4;-3;-7.1;-1;-4.8;-7.9;0.6;0.5;0.42;3.2;1.3;39.99;66;14;66;22;85462;0.09;3.82;0.37;0.4
2000;12;29;364;-2.9;-5;-7.8;-4.5;-6.7;-8.8;0.5;0.3;0.45;3.2;1.3;43.21;70;11;39;19;85537;0.09;5.9;0.37;0.4
2000;12;30;365;-4;-6.9;-9.9;-8.1;-10.1;-12.3;0.9;0.4;0.49;3.2;1.3;47.35;158;30;90;49;85822;0.13;1.05;0.37;0.4
2000;12;31;366;-4.3;-9;-16.5;-10.3;-12.7;-18.4;0.5;0.7;0.5;3.2;1.3;48.22;146;29;90;47;86965;0.12;0.49;0.37;0.4
2001;1;1;1;1.8;-9;-19.4;-5.3;-14.6;-24.1;0;1.9;0.49;3.1;1.3;48.19;153;31;65;41;86487;0.23;0;0.37;0.4
2001;1;2;2;3.5;-3.1;-7.6;-0.9;-7.1;-13;0;1.5;0.49;3.1;1.3;47.89;129;26;62;34;86233;0.03;1.79;0.37;0.4
2001;1;3;3;1.3;-2.6;-7.6;-1.3;-4.7;-10.3;0.4;0.9;0.48;3.1;1.3;49.99;154;30;89;46;86718;0.08;2.74;0.37;0.4
2001;1;4;4;0.2;-4.6;-9.8;-4.1;-8.1;-13.7;0.2;1.6;0.47;3.1;1.3;50.26;81;15;49;20;86480;0.15;0.68;0.37;0.4
2001;1;5;5;0;-4;-9.4;-4;-7.8;-12.3;-0.1;1.9;0.47;3.1;1.3;50.67;56;13;54;26;86166;0.25;0.36;0.37;0.4
2001;1;6;6;4.2;0.2;-1.9;1.5;-1.7;-5.8;0.1;0.3;0.46;3.1;1.3;51.01;91;15;30;9;86289;0.02;7.51;0.37;0.4
2001;1;7;7;-0.2;-0.8;-1.4;-0.7;-1;-1.6;-0.1;-0.3;0.5;3.1;1.3;61.73;26;6;12;6;86839;0;19.26;0.37;0.4
2001;1;8;8;-1.5;-2.2;-2.9;-1.7;-2.7;-3.3;0.3;-0.7;0.52;3.1;1.3;81.69;53;9;11;6;86784;0.15;17.68;0.37;0.4
2001;1;9;9;-1.6;-5.5;-12.6;-3.5;-7.8;-15.6;0.3;0.2;0.53;3.1;1.3;93.35;148;32;100;49;87067;0.14;3.28;0.37;0.4
2001;1;10;10;-1.7;-6.5;-12.3;-5.5;-10.2;-15.7;0.1;1.7;0.53;3.1;1.2;93.76;75;18;65;23;87005;0.09;0.21;0.36;0.4
2001;1;11;11;0.5;-3;-7.5;-2;-5.5;-10.3;-0.1;1.1;0.52;3.1;1.2;94.55;56;12;55;14;87345;0;1.44;0.36;0.4
2001;1;12;12;-1.1;-3.2;-5;-2.5;-4.2;-5.6;-0.8;-0.3;0.52;3;1.2;95.22;107;24;57;33;87542;-0.1;0.15;0.36;0.4
2001;1;13;13;-4.7;-6.6;-9.6;-5.4;-7.7;-10.6;-1.3;-0.5;0.51;3;1.2;95.41;134;26;80;31;87800;-0.02;0.21;0.36;0.4
2001;1;14;14;-6;-10.8;-15.9;-10.2;-13.3;-18.4;-1;0.2;0.51;3;1.2;95.55;180;39;96;71;87766;-0.07;0.03;0.36;0.4
2001;1;15;15;-6.3;-16.7;-25.5;-12.9;-21.1;-28.4;0;1.2;0.51;3;1.2;95.58;187;41;100;70;87455;0;0;0.36;0.4
2001;1;16;16;-5.1;-17.6;-26.9;-10.8;-21.8;-30;0.1;1.4;0.5;3;1.2;95.58;185;40;87;55;87391;0;0;0.36;0.4
2001;1;17;17;-3.7;-14.5;-24;-10.3;-19;-26.7;0.1;1.4;0.5;3;1.2;95.59;172;39;68;40;87274;0;0.04;0.36;0.4
2001;1;18;18;-0.2;-7.6;-13.1;-5.5;-11.2;-16.2;0.1;1;0.5;3;1.2;95.73;167;35;71;34;87322;0.02;0.18;0.36;0.4
2001;1;19;19;-0.5;-9;-16.1;-6.5;-12.5;-18.5;0.2;1.3;0.5;3;1.2;95.8;176;39;80;43;87418;0;0;0.36;0.4
2001;1;20;20;0.3;-5.3;-9.5;-4.1;-8.1;-11.6;0.1;0.7;0.49;3;1.2;96.13;138;29;54;27;87657;0.04;0.47;0.35;0.4
2001;1;21;21;-1.2;-6.2;-10.6;-4.8;-8.6;-12.4;0;0.7;0.49;3;1.2;97;153;30;87;32;87743;0.03;0.98;0.35;0.4
2001;1;22;22;2;-3.7;-10.6;-2.1;-6.9;-12.5;-0.1;1.5;0.49;3;1.2;98.34;143;28;83;25;87072;0.12;1.76;0.35;0.4
2001;1;23;23;3.9;-1.8;-5.1;-1.8;-5;-7.8;0;1.4;0.49;3;1.2;99;182;38;83;35;86720;0.18;0.56;0.35;0.4
2001;1;24;24;2.7;-0.5;-4.3;-0.8;-3.1;-6.5;0.1;1.4;0.48;3;1.2;99.19;94;21;46;22;86482;0.12;6.07;0.35;0.4
2001;1;25;25;3.9;0.2;-2.7;0.1;-1.7;-3.8;0.1;0.7;0.48;3;1.2;101.84;200;43;85;42;86507;0.03;4.73;0.35;0.4
2001;1;26;26;0.2;-2.6;-9.4;-1.6;-4.1;-11.4;-0.2;0.9;0.48;3;1.2;104.69;100;24;84;46;86472;0.2;2.87;0.36;0.4
2001;1;27;27;-1.2;-5.9;-13;-4;-8.9;-15.4;0.8;1.3;0.48;3;1.2;106.32;82;23;95;47;85912;0.13;1.72;0.35;0.4
2001;1;28;28;-0.2;-9.1;-17.4;-7.3;-13.5;-19.8;0;1.2;0.49;3;1.2;107.05;209;48;94;61;85928;0.07;0;0.35;0.4
2001;1;29;29;-2.1;-7.6;-15.2;-5.3;-10.9;-19.2;-0.2;0.2;0.48;3;1.2;107.11;161;39;64;36;86628;-0.01;0.7;0.35;0.4
2001;1;30;30;-3.8;-5.6;-7.3;-5.6;-6.8;-7.9;0;-0.9;0.5;3;1.2;110.91;110;24;43;19;87214;0.08;5.38;0.35;0.4
2001;1;31;31;-4.6;-7.3;-9.3;-8.3;-9.6;-10.5;0;-0.3;0.51;3;1.2;113.7;180;41;69;36;87257;0.11;2.14;0.35;0.39
2001;2;1;32;-6.2;-9;-10.4;-10;-11.2;-12.3;0.8;-0.3;0.52;3;1.2;118.19;151;32;65;26;87497;0.1;5.9;0.35;0.39
2001;2;2;33;-5.9;-8.7;-11.2;-10.5;-12.1;-14;0.9;0.6;0.53;3;1.2;123.06;158;33;50;25;87267;0.14;5.68;0.35;0.39
2001;2;3;34;-0.9;-3.5;-8.1;-4.2;-6;-10.3;1.2;1.1;0.53;3;1.2;134.18;83;20;26;9;86604;0.12;13.04;0.35;0.39
2001;2;4;35;3.7;-0.3;-5;0.3;-2.5;-6.6;0.8;1.1;0.53;3;1.2;143.84;133;29;67;28;86576;0.1;8.26;0.35;0.39
2001;2;5;36;3.6;-1.7;-5.6;-2.1;-4.9;-6.7;0.7;1.3;0.52;3;1.2;144.85;154;39;75;44;86494;0.29;0.93;0.35;0.39
2001;2;6;37;5.1;-0.5;-5;-0.2;-3.6;-6.7;0;1.7;0.51;3;1.2;144.33;206;50;79;48;86933;0.15;0;0.35;0.39
2001;2;7;38;5;0.2;-3.7;1.1;-2.5;-5.7;-0.2;2;0.5;3;1.2;143.11;190;45;70;49;86807;0.03;0;0.35;0.39
2001;2;8;39;4.2;0.7;-1.7;0.1;-2.2;-4;0;1.7;0.49;3;1.2;141.27;153;39;79;48;86334;0.12;0.01;0.35;0.39
2001;2;9;40;0.5;-1.4;-3.3;-1.1;-2.9;-5.3;0.6;0.5;0.49;3;1.2;143.93;60;16;47;17;87070;0.09;8.16;0.35;0.39
2001;2;10;41;1.2;-1.4;-7.6;-1.8;-3;-8.7;-0.1;-0.3;0.5;3;1.2;148.52;127;30;72;28;88476;0.2;1.79;0.35;0.39
2001;2;11;42;6.4;-4.2;-12.9;-1.9;-8.5;-14.8;0.1;1.3;0.49;3;1.2;148.5;252;62;101;71;89099;0.26;0;0.35;0.39
2001;2;12;43;7.4;-3.3;-11.8;0.2;-6.7;-13.6;0.2;1.5;0.49;3;1.2;147.85;230;59;89;55;88519;0.13;0;0.35;0.39
2001;2;13;44;3.8;-0.4;-5.1;0.9;-2.4;-6.3;-0.2;0;0.48;3;1.2;146.96;162;34;33;14;88029;-0.08;2.65;0.35;0.39
2001;2;14;45;2.4;-0.3;-2.8;-0.7;-1.9;-4.5;-1.1;-0.3;0.48;3;1.2;146.47;247;60;103;55;88242;0.08;0.02;0.35;0.39
2001;2;15;46;5.5;-0.1;-4.9;-0.3;-4.1;-7.3;-0.3;0.5;0.47;3;1.2;145.48;269;68;94;69;88337;0.03;0;0.35;0.39
2001;2;16;47;7.8;0.1;-7.9;-0.2;-4.9;-10.7;0.4;0.7;0.46;3;1.2;144.34;275;70;103;70;88297;0.02;0.02;0.35;0.39
2001;2;17;48;0.2;-1.2;-2.5;-1.5;-2.2;-3;0.2;-0.5;0.47;3;1.2;145.37;134;30;33;14;88333;0.07;4.1;0.35;0.39
2001;2;18;49;1.4;-1.4;-3.7;-2.1;-3.2;-5.2;0.2;-0.5;0.48;3;1.2;147.29;244;56;105;45;88622;0.15;0.35;0.35;0.39
2001;2;19;50;1.3;-2;-4.7;-3.5;-4.8;-5.7;0.6;-0.4;0.47;3;1.2;147.35;255;64;93;59;88547;0.14;0.3;0.35;0.39
2001;2;20;51;-1.7;-3.2;-4.7;-4.6;-5.1;-5.9;1.7;-0.5;0.49;3;1.2;151.95;135;27;42;16;88188;0.22;8.49;0.35;0.39
2001;2;21;52;1.1;-2.5;-6.2;-3.8;-6;-9.2;1.9;0.3;0.51;3;1.2;156.15;227;50;73;33;87914;0.29;4.73;0.35;0.39
2001;2;22;53;-1;-1.5;-2.2;-2;-2.8;-3.9;2.2;-0.2;0.53;3;1.2;173.68;76;13;23;9;86935;0.12;28.27;0.35;0.39
2001;2;23;54;-0.8;-2.9;-6;-2.4;-4.4;-7;1.7;-0.4;0.54;3;1.2;201.56;77;19;36;16;85938;0.35;25.6;0.35;0.39
2001;2;24;55;-4.4;-7;-10.8;-7.4;-9.1;-12.6;0.1;-0.5;0.54;3.1;1.2;217.16;224;52;68;42;86013;0.21;6.19;0.35;0.39
2001;2;25;56;-5.8;-10.2;-15.3;-11;-13.4;-17.4;-0.1;0;0.54;3.1;1.3;219.73;241;62;77;55;86227;0.05;0.52;0.35;0.39
2001;2;26;57;-6.4;-11.2;-15.8;-11.9;-15.1;-18.3;0.8;0.7;0.53;3.1;1.3;220.11;254;65;79;57;86237;0.1;0.28;0.35;0.39
2001;2;27;58;-3.4;-11.9;-20.2;-12.2;-17.4;-23.1;-0.3;1.6;0.53;3.1;1.3;220.13;284;77;98;74;85654;0.08;0;0.35;0.39
2001;2;28;59;-0.5;-9;-15.8;-8.4;-13.7;-18.6;0.1;1.3;0.53;3.1;1.3;220.11;197;53;88;55;85193;0;0.09;0.35;0.39
2001;3;1;60;-1.8;-7.5;-14.1;-8.8;-12.1;-16.6;0.5;0.8;0.53;3.1;1.3;220.84;230;57;62;34;85443;0.04;1.72;0.34;0.39
2001;3;2;61;-0.2;-5.1;-12;-6.7;-10.2;-14.3;-0.4;0.6;0.52;3.1;1.3;222.08;261;70;87;42;85554;0.12;1.39;0.34;0.39
2001;3;3;62;3.5;-0.6;-4.8;-0.2;-3.5;-6.7;-0.2;0.5;0.53;3.1;1.3;227.55;219;54;63;33;85019;-0.03;6;0.34;0.39
2001;3;4;63;3.2;0.1;-4;0;-2;-5.7;0.2;0.4;0.51;3.1;1.3;231.53;181;43;59;23;85642;0.03;12.09;0.34;0.39
2001;3;5;64;2.2;-0.5;-4.4;-0.7;-2.5;-4.8;0.3;-0.5;0.51;3.1;1.3;240.59;252;62;69;35;87018;0.36;6.16;0.35;0.39
2001;3;6;65;4.6;-2.1;-8.8;-0.6;-4.7;-9.6;-0.4;0.6;0.49;3.1;1.3;240.5;330;87;103;70;87499;0.31;0;0.35;0.39
2001;3;7;66;7.6;-0.8;-9.2;2.8;-3.2;-10.4;0.1;1.3;0.48;3.2;1.3;240.06;193;46;65;29;87197;-0.02;0.13;0.35;0.39
2001;3;8;67;10;3.7;-0.6;4.7;1;-2.1;0;1.2;0.46;3.2;1.3;237.16;258;68;63;33;86502;-0.22;3.2;0.35;0.39
2001;3;9;68;4.2;0.8;-4.5;1.8;-0.4;-5.6;0.6;0.5;0.46;3.2;1.3;233.81;156;36;65;23;86625;-0.04;10.72;0.36;0.39
2001;3;10;69;6;0;-5.2;1.2;-2.5;-6.5;0.3;1;0.45;3.2;1.3;231.58;196;49;61;39;86769;0.04;2.53;0.37;0.39
2001;3;11;70;7.1;2.8;-1.1;3.1;0.5;-2.6;0.7;0.9;0.44;3.2;1.3;228.73;285;62;54;22;87099;-0.06;9;0.37;0.39
2001;3;12;71;13.2;4.6;-1.9;3.9;0.7;-3.2;0.3;0.6;0.43;3.2;1.3;218.71;314;90;80;44;86688;-0.15;4.84;0.38;0.39
2001;3;13;72;3.7;0.8;-1.3;0.9;-2.8;-6.6;1.4;0.5;0.46;3.2;1.3;213.42;291;69;93;37;86441;0.54;12.15;0.39;0.39
2001;3;14;73;1.6;-0.4;-1.9;-0.9;-2;-3.2;1.5;0.4;0.5;3.2;1.3;221.97;227;54;53;27;86740;0.33;12.07;0.39;0.39
2001;3;15;74;4.9;2.1;-1.2;2.2;0;-2.4;1;0.8;0.49;3.2;1.3;224.75;210;54;74;24;86977;-0.04;7.15;0.39;0.4
2001;3;16;75;10.6;3.3;-5.1;3.4;-1.2;-5.8;-0.3;0.9;0.47;3.2;1.3;218.76;357;104;97;67;86863;0.24;0;0.39;0.4
2001;3;17;76;8.6;2.5;-2.3;3.2;-0.2;-4;0.4;0.5;0.45;3.3;1.3;212.52;250;60;46;27;86105;-0.03;6.98;0.39;0.4
2001;3;18;77;7;3.6;-0.1;1;-0.3;-2.2;0.6;0.2;0.44;3.3;1.3;204.41;344;96;94;44;86311;0.28;0.24;0.4;0.4
2001;3;19;78;1.9;0.1;-1.7;0.2;-2.4;-3.6;1.7;0.1;0.43;3.3;1.3;200.79;282;73;65;32;86683;0.72;3.98;0.4;0.4
2001;3;20;79;3.1;0.1;-3;0.7;-1.6;-4.3;-0.3;-0.2;0.44;3.3;1.3;201.69;217;54;37;25;86920;0.29;8.64;0.4;0.4
2001;3;21;80;6.8;3.3;0.9;4.5;1.5;-1.5;0.7;1.2;0.43;3.3;1.3;197.68;139;34;38;15;86354;-0.16;15.04;0.41;0.4
2001;3;22;81;8.4;3.5;0.8;2.5;0.6;-2.9;2;0.9;0.41;3.3;1.3;188.88;337;73;90;27;86174;0.42;14.44;0.42;0.4
2001;3;23;82;10.7;4.8;-0.8;5.3;2.2;-2;0.7;0.8;0.41;3.3;1.3;177.21;347;85;67;31;86691;0.06;5.35;0.42;0.41
2001;3;24;83;13.1;7;0.5;7;3.3;-1.4;-0.3;0.5;0.38;3.4;1.4;163.32;363;110;76;46;86217;0.46;1.3;0.42;0.41
2001;3;25;84;5.6;3.2;-0.1;3.1;1.5;-1.7;0.3;0.8;0.37;3.4;1.4;156.18;129;31;66;20;85763;0.14;14.31;0.42;0.41
2001;3;26;85;3.2;0.6;-1.2;-0.4;-1.3;-2.4;0.6;-0.8;0.37;3.4;1.4;154.83;264;67;44;18;86312;0.8;2.4;0.42;0.42
2001;3;27;86;3.7;0.2;-2.3;-1.6;-2.3;-3.6;-0.2;-0.6;0.36;3.4;1.4;153.56;305;90;85;47;86724;0.83;0.63;0.41;0.42
2001;3;28;87;7.6;1;-5.6;2.5;-2.7;-7.2;-0.2;0.6;0.35;3.4;1.4;151.64;413;112;94;62;86632;0.82;1.44;0.41;0.42
2001;3;29;88;8.8;1.9;-3;2;-1.1;-4.5;0.2;0.4;0.34;3.4;1.4;149.23;352;88;71;40;86135;0.74;7.61;0.41;0.42
2001;3;30;89;2.7;0;-1.6;1.1;-0.6;-2;0.6;-0.1;0.41;3.4;1.4;153.31;241;59;41;22;86858;0.53;8.64;0.41;0.42
2001;3;31;90;5.8;1.8;-2.1;-0.8;-1.8;-4.2;-0.4;0;0.4;3.5;1.4;152.89;359;109;98;52;87940;1.05;0.14;0.4;0.42
2001;4;1;91;9.5;3.4;-4.6;0;-3.2;-6.5;-0.3;0.4;0.38;3.5;1.4;149.78;487;152;107;81;88099;1.31;0;0.4;0.42
2001;4;2;92;13.1;4.7;-4.7;3.8;-1.9;-6.7;0.2;0.6;0.36;3.5;1.4;145.59;497;156;108;80;87713;1.34;0;0.4;0.42
2001;4;3;93;10;4.8;-3.2;3.2;0.2;-5.9;0.5;0.3;0.34;3.5;1.4;139.81;479;137;95;54;87599;1.08;0;0.4;0.42
2001;4;4;94;13.2;5.4;-1.7;4.2;0.8;-3.1;0.7;0.4;0.33;3.5;1.4;132.92;486;142;91;52;87023;1.36;5.86;0.4;0.42
2001;4;5;95;3.5;0.5;-2;-0.4;-4.1;-7.8;1.1;-0.1;0.38;3.5;1.4;132.5;438;123;108;52;87300;1.56;5.59;0.4;0.42
2001;4;6;96;7.5;3.2;-1.4;-0.3;-1.9;-4.7;1.1;0.7;0.38;3.5;1.4;132.52;388;117;82;36;87049;1.44;3.81;0.4;0.42
2001;4;7;97;3;0.9;-0.8;2.6;0.4;-1.4;0.3;0.6;0.4;3.6;1.4;134.92;65;18;24;10;86410;0.18;25.84;0.41;0.42
2001;4;8;98;3.3;0.3;-2.6;1.8;-0.8;-3.6;0.9;0;0.43;3.6;1.4;140.78;275;78;59;32;86877;0.82;9.37;0.41;0.42
2001;4;9;99;3.3;0.3;-3.2;0.7;-1.4;-4;0.8;0.1;0.45;3.6;1.4;146.82;302;84;59;28;87550;0.72;9.11;0.41;0.42
2001;4;10;100;5.4;2.1;-0.3;2.1;0.6;-1.1;1;0.6;0.43;3.6;1.4;146.76;242;60;33;16;87020;0.65;10.69;0.41;0.42
2001;4;11;101;3.6;0.9;-1;2.1;0.3;-1.4;0.7;-0.4;0.42;3.6;1.4;147.62;313;75;36;15;87180;0.63;13.77;0.42;0.42
2001;4;12;102;4;0.9;-1.6;2.4;-0.2;-2.8;0.9;-0.7;0.42;3.6;1.4;148.74;347;93;72;25;87690;0.94;11.43;0.42;0.42
2001;4;13;103;-1.5;-3.5;-6.5;-3.1;-6.8;-10.1;1;-1.4;0.45;3.6;1.4;152.99;301;85;62;39;87615;1.34;7.28;0.42;0.42
2001;4;14;104;-2.6;-5.3;-8.4;-8.7;-10.2;-11.7;0.6;-0.8;0.5;3.7;1.5;159.23;379;112;83;50;87563;0.85;4.08;0.41;0.42
2001;4;15;105;0.9;-2.3;-6.6;-0.6;-4.9;-11;1;1;0.52;3.7;1.5;164.2;102;34;32;13;86744;0.14;12.43;0.41;0.42
2001;4;16;106;2.9;-0.6;-3.4;0.6;-1.9;-4.7;0.9;-0.1;0.52;3.7;1.5;172.63;348;87;70;36;86744;0.2;10.58;0.4;0.42
2001;4;17;107;2.1;-1.2;-4.2;-0.2;-3.1;-5.8;0.8;-0.2;0.51;3.7;1.5;177.42;361;104;77;52;87060;0.36;5.95;0.4;0.42
2001;4;18;108;5;0.1;-5.3;-0.9;-3.9;-7.7;1;0.2;0.49;3.7;1.5;176.76;358;111;84;48;86414;0.81;2.5;0.4;0.42
2001;4;19;109;1;-1.2;-2.7;-2.6;-3.2;-3.9;0.2;-1;0.5;3.7;1.5;182.22;194;56;49;18;86371;0.6;12.58;0.4;0.42
2001;4;20;110;-0.9;-2.7;-4.6;-2.9;-3.8;-5;-0.1;-1.2;0.52;3.8;1.5;197.92;196;53;32;18;86233;0.4;15.99;0.4;0.42
2001;4;21;111;-0.4;-2.7;-4.7;-2.3;-4.2;-5.7;0.8;-0.8;0.53;3.8;1.5;210.53;209;61;30;15;85870;0.44;11.91;0.39;0.42
2001;4;22;112;0.6;-2;-5.4;-2.5;-4.1;-6;1;-0.4;0.53;3.8;1.5;221.45;247;62;52;21;86113;0.57;7.46;0.39;0.42
2001;4;23;113;5.5;-0.4;-8.4;-1.3;-4.4;-9.9;0;0.2;0.52;3.8;1.5;222.43;434;139;106;68;86119;0.75;0.04;0.39;0.42
2001;4;24;114;11.2;4;-4.4;2.7;-2.5;-5.6;-0.1;0.5;0.51;3.8;1.5;218.97;434;144;99;68;87027;0.9;0;0.39;0.42
2001;4;25;115;15.4;4.4;-1.8;4.7;0.6;-3.7;0.6;0.8;0.49;3.8;1.5;211.25;437;115;82;34;87144;0.33;7.2;0.39;0.42
2001;4;26;116;6;2.4;-2.3;0.7;-1.5;-4.5;0.9;0.4;0.46;3.9;1.5;202.57;411;132;96;60;87654;0.88;1.22;0.4;0.42
2001;4;27;117;9.5;3.7;-5.1;2.2;-2;-6.7;0.3;0.3;0.43;3.9;1.5;196.02;437;138;80;56;87458;1.41;0.03;0.4;0.42
2001;4;28;118;9.3;4.9;-1.7;4;1.1;-3.2;0.5;0.3;0.38;3.9;1.5;188.16;426;135;67;46;87253;1.06;0.53;0.4;0.42
2001;4;29;119;13.3;6.9;-1.7;6.5;2.2;-3.2;-0.3;0.2;0.35;3.9;1.6;177.9;534;172;85;60;87008;1.41;0.13;0.41;0.42
2001;4;30;120;15.2;8.2;-0.5;4.9;1.9;-1.8;-0.4;1.4;0.34;3.9;1.6;166.08;580;193;95;65;86975;2.04;0.04;0.41;0.42
2001;5;1;121;18.3;10.2;0.1;7.3;3.4;-1.4;0.3;0.6;0.33;3.9;1.6;153.51;578;184;94;62;87421;1.98;0.11;0.42;0.42
2001;5;2;122;19.8;11.5;0;7.5;3.2;-0.8;-0.4;0.7;0.31;4;1.6;140.1;607;207;101;72;87363;2.35;0.09;0.42;0.42
2001;5;3;123;17.6;9.7;1.7;9.5;4.7;-0.3;0.2;0.8;0.3;4;1.6;127.3;501;163;80;52;86740;1.65;6.33;0.42;0.42
2001;5;4;124;13.5;8.8;3.5;9.2;6.5;2;-0.6;-0.3;0.28;4;1.6;115.85;590;165;75;49;86487;1.22;3.44;0.42;0.42
2001;5;5;125;12.3;7.8;3.6;8.2;5.9;2.2;0.2;-0.2;0.27;4;1.6;106.07;511;126;66;29;86422;1.07;16.66;0.41;0.43
2001;5;6;126;5.7;4.9;4.3;5.2;4.5;4.1;-0.1;-1;0.27;4;1.6;98.95;144;35;1;-3;86987;0.39;3.11;0.42;0.43
2001;5;7;127;7.2;5.8;4.1;6.6;5.1;3.6;-0.7;-1.1;0.27;4;1.6;92.5;221;57;10;-3;87473;0.47;1.95;0.42;0.43
2001;5;8;128;10;7.2;5.1;6.5;5.9;5;-1;-0.9;0.25;4.1;1.6;84.53;364;95;40;8;87818;0.97;1.22;0.42;0.43
2001;5;9;129;13.9;9.2;3.6;8.5;6;3.6;-1;-0.1;0.24;4.1;1.6;75.42;552;180;77;45;87710;1.94;0.77;0.41;0.43
2001;5;10;130;14;8.6;0.1;8.3;4.9;-0.4;-0.7;-0.2;0.23;4.1;1.6;67.2;581;195;86;62;87544;1.98;1.49;0.4;0.43
2001;5;11;131;12.6;8.9;4;4.7;3.4;2;-0.7;-0.3;0.23;4.1;1.6;60.08;588;208;110;63;87597;2.34;0.26;0.4;0.43
2001;5;12;132;12.6;8.5;2.4;4.2;3;0.6;-0.8;-0.3;0.23;4.1;1.6;53.39;521;192;91;66;87627;2.26;0.02;0.39;0.43
2001;5;13;133;15.8;10;0.6;7.6;3;-0.7;-0.2;0.1;0.23;4.1;1.7;46.52;701;245;118;87;87276;2.97;0;0.39;0.43
2001;5;14;134;17;9.9;2.2;11;6;0.9;0.2;0.5;0.23;4.2;1.7;39.07;569;173;86;50;86973;2.08;9.77;0.39;0.43
2001;5;15;135;12.4;8.5;3.5;9.7;7;3;0.1;0.3;0.23;4.2;1.7;32.38;426;143;60;37;86945;1.98;10.3;0.39;0.43
2001;5;16;136;17.8;10.9;0.6;9.3;5;0.2;0;0.5;0.23;4.2;1.7;24.99;605;217;90;67;87210;2.96;0.66;0.39;0.43
2001;5;17;137;15.4;10;3.8;10.1;7.4;3;0.5;-0.1;0.21;4.2;1.7;17.43;540;166;83;37;87247;2.2;17.57;0.39;0.43
2001;5;18;138;9.1;6.4;3.7;7.8;3.9;-0.1;0.9;-0.4;0.21;4.2;1.7;11.78;464;94;70;25;87503;1.95;16.38;0.4;0.43
2001;5;19;139;11;6.8;2.5;3;1.4;0.3;0.1;-0.5;0.18;4.2;1.7;8;603;218;100;72;88015;2.53;0.13;0.4;0.43
2001;5;20;140;16;10.1;3.4;8;5.5;1.6;-1;-0.5;0.15;4.2;1.7;4.17;760;259;115;83;87933;3;0.02;0.39;0.42
2001;5;21;141;16.4;11.3;4.9;10;7.3;3.9;-1;-0.5;0.13;4.2;1.7;1.82;688;224;90;65;87595;2.89;0.42;0.38;0.42
2001;5;22;142;13.9;10.7;6.1;8.3;7.3;5.9;-1;-0.9;0.12;4.2;1.7;0.76;496;170;74;42;87499;2.34;0.71;0.38;0.42
2001;5;23;143;16.8;12;6.4;11.5;8.6;5.5;-0.6;-0.3;0.12;4.3;1.7;0.3;711;222;102;62;87830;3.15;2.46;0.37;0.42
2001;5;24;144;16.9;11.9;5.3;11;8.1;5.2;0.3;0.1;0.12;4.3;1.7;0.1;628;212;92;56;87850;3.41;2.73;0.37;0.42
2001;5;25;145;14.8;10.5;6.8;11.1;8.3;5.4;0.5;0.4;0.12;4.3;1.7;0.05;573;170;72;48;87709;3.28;12.97;0.37;0.42
2001;5;26;146;17.3;11.6;3.9;9;5.7;3.4;0.3;0.2;0.12;4.3;1.7;0.01;693;253;103;73;87989;4.23;0.02;0.37;0.42
2001;5;27;147;17.7;12.7;4.8;10.8;7.2;3.8;0.9;0.3;0.12;4.3;1.7;0;591;216;96;60;88268;3.55;0.8;0.36;0.42
2001;5;28;148;20.1;14.9;7.4;10.3;8.3;5.7;1.3;0.1;0.12;4.3;1.7;0;742;275;108;75;88363;4.6;0;0.36;0.42
2001;5;29;149;20.6;15.6;8.5;10.7;8.8;6.3;1.5;0;0.12;4.3;1.7;0;731;268;106;77;88171;4.6;0.68;0.35;0.42
2001;5;30;150;19.3;14.9;10.4;13.6;10.9;8.5;0.8;0;0.12;4.3;1.7;0;612;233;91;62;87786;3.88;2.44;0.34;0.42
2001;5;31;151;17.2;11.5;6.1;11.2;8.8;5.7;1.3;0.6;0.12;4.3;1.7;0;475;163;77;52;87420;3.53;20.7;0.34;0.42
2001;6;1;152;9.9;6.7;4.2;6.3;4.4;2.9;1.1;-0.2;0.12;4.3;1.7;0;592;190;78;45;87706;3.56;9.97;0.36;0.41
2001;6;2;153;10.1;6.2;2.7;6.5;3.6;1.4;1.2;0.6;0.12;4.3;1.7;0;351;118;66;39;87180;2.41;8;0.36;0.41
2001;6;3;154;5.2;2.7;0.4;4.1;1.9;0.1;1.5;-0.3;0.18;4.4;1.8;2.14;434;95;50;22;87218;2.32;22.47;0.37;0.41
2001;6;4;155;8.8;4.4;-0.2;0.4;-0.8;-2.1;1.8;-0.3;0.22;4.4;1.8;3.31;597;197;88;54;88037;3.4;2.19;0.38;0.41
2001;6;5;156;15.3;9.2;0.4;6.2;2.2;-1.8;0.2;0;0.17;4.4;1.8;1.63;781;286;126;92;87882;3.79;0;0.37;0.41
2001;6;6;157;10.3;7.2;4.5;7.5;5.3;2.9;1.1;0.7;0.14;4.4;1.8;0.62;368;88;76;35;87409;1.81;12.32;0.38;0.41
2001;6;7;158;15;9.8;2.5;6.6;4.3;0.9;0.8;0.1;0.12;4.4;1.8;0.22;616;227;94;66;87496;3.4;0.13;0.38;0.41
2001;6;8;159;14.3;10;4.8;10.6;8.1;4.4;0.3;0;0.12;4.4;1.8;0.04;486;129;61;32;87289;2.28;13.34;0.37;0.41
2001;6;9;160;10.3;8.8;7.6;9.2;8.2;7.3;-0.4;0;0.12;4.4;1.8;0;240;53;22;10;87177;1.41;23.97;0.39;0.41
2001;6;10;161;9.5;8.1;5.8;9.4;7.8;5.5;0.3;0.4;0.12;4.4;1.8;0;107;31;16;10;87084;1.03;37.44;0.41;0.41
2001;6;11;162;8.4;5.9;2.9;5.1;3.6;0.7;1.6;0.2;0.12;4.4;1.8;0;550;172;85;42;87706;3.41;11.77;0.43;0.41
2001;6;12;163;15.1;8.9;0;6.5;2.9;-1.5;-0.1;-0.2;0.12;4.4;1.8;0;831;307;131;99;87892;4.22;0;0.42;0.41
2001;6;13;164;16.1;10.2;2.5;9.9;6;1.6;0.2;0.4;0.12;4.4;1.8;0;719;228;116;63;87476;3.66;7.47;0.41;0.42
2001;6;14;165;14.1;10.2;6.6;8.6;7.1;4.9;0.5;0.3;0.12;4.4;1.8;0;565;196;89;49;87499;3.34;6.56;0.41;0.42
2001;6;15;166;19;12.9;3.7;11.1;7.2;2.9;0.2;0.2;0.12;4.5;1.8;0;645;255;99;71;87431;4.25;1.94;0.41;0.42
2001;6;16;167;13.7;10.3;7.2;11.1;9.2;6.2;0.1;0.6;0.12;4.5;1.8;0;437;90;57;24;87242;2.41;24.16;0.42;0.42
2001;6;17;168;12.9;9;5.6;7.6;5.9;4.3;1.3;0.4;0.12;4.5;1.8;0;632;195;78;46;87193;3.41;4.28;0.42;0.42
2001;6;18;169;8.5;6.8;5.5;7.9;6.1;4.3;1.8;0.1;0.12;4.5;1.8;0;324;86;33;12;87676;2.86;26.84;0.42;0.42
2001;6;19;170;10.1;6.9;5.5;8;6.3;5;0.6;-0.5;0.12;4.5;1.8;0;381;105;53;16;88137;2.45;19.73;0.43;0.42
2001;6;20;171;13.8;9.2;4;6.8;4.3;3.4;-0.3;-0.4;0.12;4.5;1.8;0;657;250;113;69;87937;3.85;0.06;0.42;0.43
2001;6;21;172;17.4;11.7;2.2;8.4;5.4;1.2;1.2;0.1;0.12;4.5;1.8;0;749;274;115;81;87510;4.36;0.12;0.41;0.43
2001;6;22;173;14.5;11.4;8.2;8.7;6.9;4.2;1.6;-0.6;0.12;4.5;1.8;0;600;213;86;47;87356;3.52;2.17;0.4;0.43
2001;6;23;174;15.8;11.4;6.7;8.9;5.5;3.9;0.7;-0.8;0.12;4.5;1.8;0;758;254;123;72;87737;3.99;0.09;0.4;0.43
2001;6;24;175;19;13.7;4.8;11.7;7.8;3.6;0.4;-0.2;0.12;4.5;1.8;0;807;294;121;90;88102;4.52;0.02;0.39;0.43
2001;6;25;176;18.9;14.5;7.4;11.1;8.7;6;0.1;-0.3;0.12;4.5;1.8;0;651;258;97;76;88268;4.12;0;0.38;0.42
2001;6;26;177;21.5;15.7;7.2;12.7;9.9;5.9;-0.4;0;0.12;4.5;1.8;0;791;292;119;91;88003;4.58;0;0.37;0.42
2001;6;27;178;24;16.3;7.3;16.1;11.7;6.3;0.4;0.3;0.12;4.5;1.8;0;796;248;117;69;87621;4.15;12.9;0.36;0.42
2001;6;28;179;15;13;10.9;13.9;12.5;10.8;0.4;-0.3;0.12;4.5;1.8;0;345;99;35;19;87832;2.53;55.45;0.4;0.42
2001;6;29;180;16.8;13.6;9.9;11.4;9.9;8.2;-0.1;-0.3;0.12;4.5;1.8;0;540;185;83;49;88252;3.3;1.21;0.4;0.42
2001;6;30;181;19.9;14.5;7.3;12.9;9.8;6.1;0.6;0.2;0.12;4.5;1.9;0;725;253;109;71;88158;4.21;6.33;0.4;0.42
2001;7;1;182;14.5;12;8.9;11.2;9.8;8.2;0.7;-0.4;0.12;4.6;1.9;0;483;181;82;42;88388;3.95;17.98;0.41;0.42
2001;7;2;183;15.5;12.5;8.7;9.4;8.1;7.1;0.4;-0.4;0.12;4.6;1.9;0;472;175;71;44;88464;3.08;0.55;0.4;0.42
2001;7;3;184;17.2;13.2;9.5;9.3;8.1;7;-0.7;-0.8;0.12;4.6;1.9;0;711;268;104;80;87876;4.12;0;0.4;0.42
2001;7;4;185;18.4;13.9;7.4;11.6;9.3;6.2;-0.6;-0.3;0.12;4.6;1.9;0;701;260;104;84;87344;4.08;0.41;0.39;0.42
2001;7;5;186;20.8;15.6;7.8;13.9;11;6.8;-0.3;0;0.12;4.6;1.9;0;716;260;101;75;87435;4.33;0.39;0.38;0.42
2001;7;6;187;24.4;18.4;9.8;17.2;13.2;8.5;-0.5;0.7;0.12;4.6;1.9;0;747;264;107;79;87260;4.75;0.19;0.37;0.42
2001;7;7;188;21.3;14.2;10.6;13.6;10.4;6.1;0.7;0.4;0.11;4.6;1.9;0;666;188;91;56;87191;3.7;23.78;0.37;0.42
2001;7;8;189;16.8;12.8;9.8;11;8.4;5.8;1.3;0.4;0.11;4.6;1.9;0;643;194;85;46;87526;3.82;5.47;0.38;0.42
2001;7;9;190;16;12.4;7.5;9.9;8.5;6.9;0.9;0.1;0.11;4.6;1.9;0;595;211;80;62;87663;3.79;1.21;0.38;0.42
2001;7;10;191;18.7;14;7.4;13.6;9.7;6.3;0.3;0.3;0.11;4.6;1.9;0;643;238;94;70;87537;4.01;1.68;0.37;0.42
2001;7;11;192;14.2;12.5;10.7;12.1;10;8.5;1;0.1;0.11;4.6;1.9;0;241;75;46;22;87646;1.71;5.44;0.37;0.42
2001;7;12;193;15.7;12.7;9.7;10.9;8.6;7.2;0.3;-0.3;0.11;4.6;1.9;0;509;168;59;39;87649;3.19;0.96;0.37;0.42
2001;7;13;194;15.3;12.8;8.5;13.2;11.2;8.4;0.1;0.2;0.11;4.6;1.9;0;341;136;81;44;87428;2.54;10.46;0.37;0.42
2001;7;14;195;22.5;15.2;6.4;17;11.8;6.1;-0.2;0.4;0.11;4.6;1.9;0;706;235;93;64;87219;4.15;1.29;0.37;0.42
2001;7;15;196;20.7;14.4;9.9;14.4;12.4;9.9;-0.2;-0.6;0.11;4.6;1.9;0;557;183;70;41;87252;3.87;22.18;0.37;0.41
2001;7;16;197;10.5;8.8;7.2;9.3;7.5;6.6;0.7;-0.6;0.11;4.6;1.9;0;171;55;24;11;87321;2;9.89;0.38;0.41
2001;7;17;198;13;9.7;7.3;9.2;7.9;6.7;0.3;-0.2;0.11;4.6;1.9;0;569;155;82;37;87103;3.11;6.55;0.39;0.41
2001;7;18;199;11.7;8.9;6.8;9.4;7.8;5.5;0;0.6;0.11;4.6;1.9;0;183;57;67;27;86884;1.44;10.16;0.39;0.41
2001;7;19;200;11.8;9.9;7.3;9.6;8;6.6;0.2;0.1;0.11;4.6;1.9;0;319;97;41;23;86820;2.06;5.38;0.39;0.41
2001;7;20;201;9.3;8.3;7.1;9;7.6;6.3;1.5;-0.1;0.11;4.6;1.9;0;216;67;36;15;87239;2.3;25.31;0.4;0.41
2001;7;21;202;14;10.4;7.1;9.6;7.8;6.9;0.5;-0.3;0.11;4.6;1.9;0;510;156;100;40;88002;2.84;3.85;0.41;0.41
2001;7;22;203;19.6;13.7;4.6;11.4;8.3;3.8;-0.4;-0.1;0.11;4.6;1.9;0;780;282;113;86;87949;4.45;0;0.41;0.41
2001;7;23;204;19.6;14.7;6.8;11.9;9.5;5.8;-0.3;-0.1;0.11;4.6;1.9;0;748;251;108;77;87708;4.13;0.1;0.4;0.41
2001;7;24;205;18.3;14.1;8.3;11.5;9.8;7;0.1;0;0.11;4.6;1.9;0;668;220;93;63;87619;3.63;0.79;0.39;0.41
2001;7;25;206;18.7;14.8;9.6;13.8;10.6;8.3;-0.5;0.1;0.11;4.6;1.9;0;638;224;90;64;87777;3.78;1.49;0.39;0.41
2001;7;26;207;20;15.3;8.1;12.5;10.2;7.1;-0.4;0.1;0.11;4.6;1.9;0;708;228;107;71;87806;3.98;0.11;0.38;0.41
2001;7;27;208;20.7;15.7;8.7;13.5;10.4;7.4;-0.1;0.3;0.11;4.6;1.9;0;625;234;97;71;87849;4.12;0.11;0.38;0.41
2001;7;28;209;21.3;16;8.5;14.9;10.4;7.2;0.1;0.3;0.11;4.6;1.9;0;678;240;102;75;88012;4.27;0.1;0.37;0.41
2001;7;29;210;20.9;15.7;10.5;15.4;12;8.7;0.4;0.2;0.11;4.6;1.9;0;634;213;87;62;88182;3.63;3.99;0.37;0.41
2001;7;30;211;19.3;15.3;9.9;14.4;12.3;9.8;0.2;0.1;0.11;4.6;1.9;0;604;202;93;56;88437;3.51;1.23;0.36;0.41
2001;7;31;212;23.6;17.5;9;13.9;11.7;8;0.4;0.3;0.11;4.5;1.9;0;770;272;113;82;88359;4.75;0.04;0.36;0.41
2001;8;1;213;21.3;17.8;14.3;15;13.1;11.4;0.1;-0.2;0.11;4.5;1.9;0;571;202;73;53;88273;3.52;0.55;0.35;0.41
2001;8;2;214;26;19.2;11.3;19.4;15.1;10.4;-0.2;0.5;0.11;4.5;1.9;0;743;240;103;71;87756;4.01;0.37;0.35;0.41
2001;8;3;215;22.4;17;14.1;16.5;14.8;13;0.2;0.1;0.11;4.5;1.9;0;548;157;70;39;87654;2.94;19.74;0.35;0.41
2001;8;4;216;14.6;13.3;11.2;14;12.3;10.9;0.1;-0.3;0.11;4.5;1.8;0;239;57;43;18;87842;1.92;25.01;0.37;0.41
2001;8;5;217;14.5;11.9;9.7;10.7;8.3;6.6;1;-0.3;0.11;4.5;1.8;0;421;147;82;42;88007;3.21;6.56;0.38;0.41
2001;8;6;218;17;12.9;8.4;10;8.4;6.9;0.4;0.2;0.11;4.5;1.8;0;587;178;81;55;87857;3.06;0.9;0.38;0.41
2001;8;7;219;18;13.8;9.7;12.7;10.2;7.7;0.5;0.1;0.11;4.5;1.8;0;608;170;89;50;87620;2.83;0.68;0.37;0.41
2001;8;8;220;17.6;13.7;9.6;14.6;12.1;8.5;0.2;0.6;0.11;4.5;1.8;0;455;121;75;42;87415;2.25;8.58;0.37;0.41
2001;8;9;221;17;13.8;11.2;13.3;11.8;10.9;0;-0.3;0.11;4.5;1.8;0;405;116;45;22;87697;2.59;18.12;0.38;0.41
2001;8;10;222;11.8;10.3;7.6;11.5;8.6;5.5;0.8;-0.1;0.11;4.5;1.8;0;241;78;57;28;88089;2.49;24.81;0.4;0.41
2001;8;11;223;12.2;9.5;6.3;8.8;6;4.4;0.3;-0.5;0.11;4.5;1.8;0;569;169;70;48;88445;2.89;2.79;0.4;0.41
2001;8;12;224;17.5;12.7;7.3;9.4;6.9;5.3;-0.1;-0.1;0.11;4.5;1.8;0;753;258;120;90;88170;3.86;0;0.4;0.41
2001;8;13;225;19.7;14.1;6.9;12.5;8.7;5.6;0.5;0.3;0.11;4.5;1.8;0;693;235;103;78;87899;4.01;0;0.39;0.41
2001;8;14;226;24;17;8.1;16.6;12;6.9;-0.4;0.3;0.11;4.5;1.8;0;743;249;112;78;87909;4.33;0;0.39;0.41
2001;8;15;227;24;18;10.8;18.9;14;9.7;0.2;0.5;0.11;4.5;1.8;0;683;220;99;66;88010;3.82;0.2;0.38;0.41
2001;8;16;228;22;17.2;11.9;15.9;13.5;10.3;0.4;0.5;0.11;4.5;1.8;0;614;192;85;56;87969;3.59;7.5;0.38;0.41
2001;8;17;229;20.7;16.1;12.2;15.9;14.2;12;-0.6;0;0.11;4.4;1.8;0;590;141;74;39;87840;2.87;4.54;0.38;0.41
2001;8;18;230;21;15.4;10.9;15.5;12.9;10.1;-0.1;0.5;0.11;4.4;1.8;0;636;179;81;56;87526;3.08;2.35;0.38;0.41
2001;8;19;231;19.3;14.8;10.2;13.7;11.5;8.8;-0.1;0.7;0.11;4.4;1.8;0;627;189;84;64;87464;3.37;1.67;0.38;0.41
2001;8;20;232;14.1;12;9.4;13.2;11;8.6;0.5;0.5;0.11;4.4;1.8;0;210;65;55;34;87574;1.47;7.24;0.38;0.41
2001;8;21;233;16.4;12.4;8.1;11.1;9.8;7.5;0.1;-0.1;0.11;4.4;1.8;0;560;156;80;47;87933;2.79;1.56;0.38;0.41
2001;8;22;234;18.1;14.2;8.5;13;11.1;8.4;-0.4;-0.2;0.11;4.4;1.8;0;546;181;79;55;88118;2.8;0.95;0.37;0.41
2001;8;23;235;19.7;14.9;8.7;13.4;11.5;8.6;-0.5;0;0.11;4.4;1.8;0;676;209;100;65;88071;3.35;0.23;0.37;0.4
2001;8;24;236;20.9;15.7;8.9;14.5;11.5;8.4;-0.2;0.2;0.11;4.4;1.8;0;619;210;100;70;88004;3.48;0.06;0.37;0.4
2001;8;25;237;22.3;16.6;8.9;14.4;12;8;-0.2;0.2;0.11;4.4;1.8;0;672;219;107;77;88030;3.66;0;0.36;0.4
2001;8;26;238;22.7;17;9.9;17.2;13.1;8.8;0.1;0.4;0.11;4.4;1.8;0;620;204;98;74;88018;3.3;0.26;0.36;0.4
2001;8;27;239;22;16.3;10.6;15;11.9;9.4;1.1;0.3;0.11;4.4;1.8;0;576;185;97;58;87804;3.52;4.7;0.35;0.4
2001;8;28;240;16.9;14;11.6;13.1;12.1;11.4;-0.1;-0.8;0.11;4.4;1.8;0;494;141;71;37;87723;2.44;1.21;0.35;0.4
2001;8;29;241;19.4;14.2;9.8;11.2;10.6;9.7;-0.4;-0.3;0.11;4.3;1.8;0;698;222;116;78;87433;3.31;0.01;0.35;0.4
2001;8;30;242;16.1;13;9.7;13.2;10.8;8.3;0.2;0.3;0.1;4.3;1.8;0;321;98;65;40;87097;1.73;8.33;0.35;0.4
2001;8;31;243;12.1;10.2;8.3;11;9.8;8;0.5;-0.1;0.1;4.3;1.8;0;181;47;28;18;87142;1.68;23.49;0.36;0.4
2001;9;1;244;11.1;8.6;6.8;8.7;7.5;6.6;1;-0.3;0.1;4.3;1.8;0;404;126;66;26;87370;3.02;11.94;0.37;0.4
2001;9;2;245;11.8;9.2;7.4;8.8;7.6;6.4;0.8;-0.2;0.1;4.3;1.7;0;420;99;65;31;87663;2.24;6.64;0.38;0.4
2001;9;3;246;16.9;11.3;4.9;9.7;7.1;4.3;0.2;0.3;0.1;4.3;1.7;0;688;214;119;79;87503;3.08;0.07;0.38;0.4
2001;9;4;247;11.5;9.2;6.2;9.6;7.8;5.7;0.9;0.4;0.1;4.3;1.7;0;341;64;53;25;87108;2.09;19.35;0.39;0.4
2001;9;5;248;7.4;5.8;4.6;6.7;5.4;4.5;1.9;-0.4;0.1;4.3;1.7;0;253;70;36;12;87409;2.84;32.05;0.4;0.4
2001;9;6;249;10.4;7.3;4.9;7.5;5.6;4.8;0.8;-0.1;0.1;4.3;1.7;0;528;117;65;25;87512;2.13;9.62;0.42;0.4
2001;9;7;250;11.2;8.1;6.4;8.9;7.2;5.8;1.4;0.2;0.1;4.3;1.7;0;324;73;45;15;87480;2.14;10.16;0.42;0.4
2001;9;8;251;10.2;8.3;6.9;8.3;7;5.4;2.2;0.9;0.1;4.3;1.7;0;147;39;22;9;87026;2.63;25.01;0.42;0.4
2001;9;9;252;7.5;4.6;1.9;6;1;-0.6;2.2;0.3;0.14;4.3;1.7;1.12;518;162;91;58;86973;2.81;12.68;0.43;0.41
2001;9;10;253;5.6;3.6;1.1;1.8;0.4;-1.6;2.1;0.6;0.13;4.2;1.7;0.95;422;103;68;39;87174;2.01;3.21;0.42;0.41
2001;9;11;254;7.5;4.6;2.7;3.1;1.4;-0.2;1.5;0.2;0.12;4.2;1.7;0.6;443;131;77;42;87459;2.22;2.42;0.41;0.41
2001;9;12;255;8.8;5.9;3.3;5.1;2.7;-0.9;1.6;0.9;0.11;4.2;1.7;0.46;331;92;64;29;87579;2.2;5.7;0.41;0.41
2001;9;13;256;13.2;8.6;2.8;8.3;5.1;0.7;0.1;0.4;0.11;4.2;1.7;0.21;439;112;75;48;87128;1.6;0;0.41;0.42
2001;9;14;257;7;4.9;2.8;6.2;4.2;2;0.6;0.8;0.1;4.2;1.7;0.11;61;22;41;22;86759;0.8;18.88;0.42;0.42
2001;9;15;258;9.3;6.1;3;3.9;3.2;2.5;1.2;0.1;0.1;4.2;1.7;0.07;483;122;66;36;87271;2.11;1.98;0.42;0.42
2001;9;16;259;6.9;4;1;4.2;2.8;0.6;1.4;0.5;0.1;4.2;1.7;0.21;421;90;57;29;87020;2.31;18.8;0.42;0.42
2001;9;17;260;5;2.4;0.2;4;1.9;0;0.9;0.2;0.16;4.2;1.7;2.11;288;77;41;23;86978;1.58;10.43;0.43;0.42
2001;9;18;261;8.1;4.6;1.3;1.7;0.4;-0.7;0.4;0;0.14;4.1;1.7;1.64;404;126;105;54;87141;2;0.57;0.42;0.42
2001;9;19;262;12.6;5.7;-1.3;5.7;0.7;-3.2;0;0.9;0.12;4.1;1.7;0.9;602;165;112;71;87172;2.15;0.3;0.42;0.42
2001;9;20;263;14.1;8.3;3.7;7.2;3.3;-0.3;0.2;0.5;0.11;4.1;1.7;0.41;588;138;109;50;87412;2.06;0.93;0.41;0.42
2001;9;21;264;11.2;6.8;2.8;6.3;4.8;1.8;0.5;0.5;0.1;4.1;1.6;0.16;434;120;73;44;87427;1.84;4.42;0.41;0.42
2001;9;22;265;9.6;5.9;2.3;8;5.4;2.2;0;0.3;0.1;4.1;1.6;0.06;277;75;49;32;87233;1.41;6.72;0.41;0.42
2001;9;23;266;9.9;7.1;4.3;8.8;6.7;4.2;-0.5;0.2;0.1;4;1.6;0.02;159;48;33;16;86667;1;4.93;0.41;0.42
2001;9;24;267;11.9;8.6;5.6;8.8;7.5;5.3;0.5;-0.3;0.1;4;1.6;0;350;82;57;21;86903;1.49;7.06;0.41;0.42
2001;9;25;268;8.1;6.7;4.8;7.4;6.1;4.5;0.1;-0.5;0.09;4;1.6;0;157;37;25;12;87469;1.03;5.56;0.41;0.42
2001;9;26;269;8.6;5.8;1.8;6.8;4.5;0.9;0.6;0.2;0.09;4;1.6;0;377;101;84;39;87844;1.78;5.45;0.41;0.42
2001;9;27;270;12.7;6.6;0;7.1;3.1;-0.8;0.2;0.6;0.09;4;1.6;0;415;117;94;60;87792;1.58;0;0.41;0.42
2001;9;28;271;15.5;8;-0.1;8.4;4.5;-0.7;-0.1;0.5;0.09;4;1.6;0;584;169;117;82;87670;2.06;0;0.4;0.42
2001;9;29;272;16;9.5;2;10.2;6.5;1.5;0.2;0.5;0.09;3.9;1.6;0;431;107;82;46;87451;1.41;1.48;0.4;0.42
2001;9;30;273;10.6;8.5;3.2;10.2;8;3;0.2;0.7;0.09;3.9;1.6;0;123;37;70;25;87570;0.73;10.79;0.4;0.42
2001;10;1;274;15;8.6;1.4;10.8;6.5;1.1;0;1.3;0.09;3.9;1.6;0;385;94;70;44;87640;1.38;0.69;0.4;0.42
2001;10;2;275;21.5;13.1;5.4;15.2;9.3;4.2;0;1;0.09;3.9;1.6;0;551;158;111;70;87682;2.26;0;0.4;0.42
2001;10;3;276;18.7;12.8;6.3;10.9;8.6;5.6;0.1;0.4;0.09;3.9;1.6;0;534;147;106;62;87536;2.12;0.02;0.39;0.42
2001;10;4;277;9.9;7.6;2.8;8.5;6.7;2.7;0.5;0.4;0.09;3.8;1.5;0;211;39;89;38;87602;0.94;9.86;0.4;0.42
2001;10;5;278;15;8;1.3;8.4;4.8;0.4;-0.1;0.7;0.09;3.8;1.5;0;455;121;86;60;87304;1.62;0;0.39;0.42
2001;10;6;279;17;10.7;6.1;10.1;7.2;5;-0.2;0.5;0.09;3.8;1.5;0;529;132;105;52;87365;1.83;0.07;0.39;0.42
2001;10;7;280;15.8;10;4.6;12.2;8;4.4;0.1;0.7;0.09;3.8;1.5;0;416;95;76;45;87128;1.25;3.71;0.39;0.42
2001;10;8;281;16.9;9.6;3.5;10.4;7.6;3.4;-0.1;0.1;0.09;3.8;1.5;0;494;122;102;52;87203;1.74;2.73;0.38;0.42
2001;10;9;282;15;10.1;7.2;8.7;7.7;6.9;-0.2;-0.4;0.09;3.7;1.5;0;503;111;91;47;87615;1.59;0.29;0.38;0.42
2001;10;10;283;13.6;10.1;7.5;9.6;8.2;6.8;0.3;0;0.09;3.7;1.5;0;421;89;69;39;88384;1.13;1.27;0.38;0.42
2001;10;11;284;15.7;10;4.9;9.3;7.2;4.4;0.2;0.4;0.09;3.7;1.5;0;479;132;111;73;88872;1.54;0;0.38;0.41
2001;10;12;285;18.2;9.7;1.5;11.4;5.6;0.7;0;0.8;0.09;3.7;1.5;0;520;143;125;86;88694;1.86;0;0.37;0.41
2001;10;13;286;19.4;10.3;2.4;11;6;1.3;-0.3;0.9;0.09;3.7;1.5;0;511;141;124;83;88427;1.92;0;0.37;0.41
2001;10;14;287;18.6;10.8;3.3;11.2;7.3;2.3;0.3;0.6;0.09;3.6;1.5;0;490;133;112;74;88074;1.67;0;0.36;0.41
2001;10;15;288;17.6;10.3;3.4;11.4;7.3;2.4;0.3;0.6;0.09;3.6;1.5;0;490;124;109;73;87842;1.46;0;0.36;0.41
2001;10;16;289;14.1;9.5;5.4;10;8;5;-0.5;0.3;0.09;3.6;1.5;0;320;82;75;44;88414;1.15;1.98;0.36;0.41
2001;10;17;290;15.3;8.8;2.9;9.7;6.3;2.3;-0.2;0.5;0.09;3.6;1.4;0;471;123;110;73;88023;1.37;0;0.36;0.41
2001;10;18;291;16.2;9.1;3.7;8.5;5.3;3;-0.1;0.7;0.08;3.6;1.4;0;492;128;120;76;87578;1.63;0;0.35;0.41
2001;10;19;292;15.8;8.7;3.1;8.7;5.2;2.2;-0.2;0.7;0.08;3.6;1.4;0;475;122;111;70;87496;1.51;0;0.35;0.41
2001;10;20;293;18.1;10.2;3.3;10.4;6.1;2.4;-0.4;1.5;0.08;3.6;1.4;0;466;123;116;68;87036;1.61;0.04;0.35;0.41
2001;10;21;294;9.2;7.6;4.8;8.3;6.5;3;0.3;0.8;0.08;3.6;1.4;0;165;27;50;24;86856;0.99;18.32;0.36;0.41
2001;10;22;295;11;6.8;2.3;5;2.7;0.7;0.7;0.6;0.08;3.6;1.4;0;351;91;93;56;87483;1.5;0.99;0.36;0.41
2001;10;23;296;12.8;6.5;0.1;6.3;3.2;-1.2;0;0.4;0.08;3.5;1.4;0;408;86;91;49;87672;1.04;4.21;0.36;0.41
2001;10;24;297;8.4;6.1;3.5;6.9;4.9;2;1;0.4;0.08;3.5;1.4;0;276;66;72;34;88150;1.5;8.56;0.36;0.41
2001;10;25;298;8;4.8;2.6;4.3;3.2;1.8;0.7;0.8;0.08;3.5;1.4;0;247;66;84;36;88288;1.28;6.77;0.37;0.41
2001;10;26;299;11.6;5;-1.1;5.9;2.3;-1.7;-0.1;0.6;0.08;3.5;1.4;0;454;113;117;77;88021;1.32;0;0.37;0.41
2001;10;27;300;12.4;5.5;-1.3;5;1.9;-2.2;0.2;0.8;0.08;3.5;1.4;0;439;110;112;70;88040;1.16;0;0.37;0.41
2001;10;28;301;12.9;6.8;0.4;5.7;3.3;-0.6;0.8;0.6;0.08;3.5;1.4;0;409;99;98;58;88288;1.12;0.66;0.36;0.41
2001;10;29;302;12.4;8;4.4;6.8;4.1;3;1.2;0.6;0.08;3.5;1.4;0;385;92;92;52;88381;1.36;0.67;0.36;0.41
2001;10;30;303;14.6;7.9;2.3;7.1;3.8;1.1;0.6;1.2;0.08;3.5;1.4;0;377;93;104;70;88391;1.08;0;0.36;0.41
2001;10;31;304;17;7.9;1.3;8.2;3.5;-1.4;0.9;0.6;0.08;3.5;1.4;0;418;105;121;70;88068;1.42;7.81;0.36;0.41
2001;11;1;305;4.2;1.8;0.2;1.8;-1;-2.9;0.8;-0.4;0.1;3.5;1.4;0.57;314;75;92;51;88822;1.36;1.39;0.36;0.41
2001;11;2;306;5.6;2;-0.1;-1.3;-1.8;-2.6;-1.1;-0.3;0.1;3.5;1.4;0.55;391;95;105;73;89141;0.86;0;0.36;0.41
2001;11;3;307;9.2;4.4;0.4;3.3;0.8;-1.9;-0.5;0.1;0.1;3.4;1.4;0.45;394;98;103;73;88587;0.74;0;0.36;0.41
2001;11;4;308;11.3;4.8;-0.7;5;1.7;-2.2;0.3;0.6;0.09;3.4;1.4;0.38;392;96;110;74;87939;0.79;0;0.36;0.4
2001;11;5;309;4.4;2.8;1.1;2.5;1.5;-0.2;-0.1;-0.4;0.09;3.4;1.4;0.34;170;40;58;30;87772;0.35;0.59;0.35;0.4
2001;11;6;310;6.2;2.7;-0.5;1.2;0.1;-1;1.2;0.1;0.09;3.4;1.4;0.25;264;65;71;41;87390;0.74;1.49;0.35;0.4
2001;11;7;311;5;2.7;1.4;2.8;1.8;1;1.6;0.8;0.1;3.4;1.4;0.76;142;30;47;18;87011;1.34;14.62;0.36;0.4
2001;11;8;312;7.4;3.6;-1.5;2.6;0.6;-4.3;1.9;0.6;0.11;3.4;1.4;1.18;291;62;74;37;85834;1.69;9.09;0.36;0.4
2001;11;9;313;-1.8;-4.8;-7;-4.9;-6.6;-8.3;0.5;-1.1;0.33;3.4;1.4;8.63;112;28;48;31;86520;0.39;8.12;0.37;0.4
2001;11;10;314;-2.3;-5.1;-7.5;-6.8;-7.7;-9.6;-1.2;-0.3;0.43;3.4;1.4;12.03;217;48;88;53;87808;0.31;0.16;0.36;0.4
2001;11;11;315;3.1;-1.4;-5.5;-0.6;-3.6;-7.5;-0.6;0;0.41;3.4;1.4;11.55;239;55;88;47;87544;0.19;0.01;0.36;0.4
2001;11;12;316;1.3;-0.6;-2;0.4;-1.4;-3;0.1;-0.2;0.4;3.4;1.4;11.58;120;25;35;20;86863;0.16;3.47;0.36;0.4
2001;11;13;317;0.4;-1.6;-3.2;-0.9;-2.4;-4.1;0.4;-0.3;0.45;3.3;1.4;14.46;69;14;30;11;86679;0.2;7.3;0.36;0.4
2001;11;14;318;-3.6;-5.8;-9;-4.4;-7.8;-9.9;-0.6;-1;0.51;3.3;1.3;21.63;128;28;62;27;87558;0.28;3;0.36;0.4
2001;11;15;319;-0.4;-6.4;-12.2;-5.2;-8.9;-13.3;-0.7;0.5;0.5;3.3;1.3;22.19;204;46;103;62;88421;0.25;0;0.36;0.4
2001;11;16;320;2.6;-5.3;-14.5;-2.8;-8.6;-15.5;-0.2;0.6;0.5;3.3;1.3;21.69;193;45;85;50;88721;0.27;0;0.36;0.4
2001;11;17;321;3.4;-2.8;-9.1;-0.8;-5.4;-10.9;-0.2;0.5;0.49;3.3;1.3;20.88;183;42;84;49;88419;0.16;0;0.36;0.4
2001;11;18;322;4.7;-4.1;-11.5;-2.1;-7.8;-13.6;0.1;0.9;0.48;3.3;1.3;19.83;198;45;99;55;87654;0.28;0;0.36;0.4
2001;11;19;323;0;-4.4;-7.2;-3;-6.2;-9.2;-0.2;0.1;0.46;3.3;1.3;19.09;165;35;79;41;87412;0.16;0.09;0.36;0.4
2001;11;20;324;0.9;-4.2;-8.7;-2.7;-5.9;-10.3;-0.2;0.2;0.45;3.3;1.3;18.89;185;40;93;45;88081;0.22;0.1;0.36;0.4
2001;11;21;325;1.5;-5.5;-12.9;-2.8;-8;-14.3;0.3;0.7;0.44;3.3;1.3;18.53;201;46;100;56;88331;0.19;0.02;0.36;0.4
2001;11;22;326;2.8;-4.9;-14.8;-2.5;-9.5;-17.8;1.6;1;0.44;3.3;1.3;19.15;181;41;90;43;87421;0.55;12.41;0.36;0.4
2001;11;23;327;-2.7;-6.9;-9.3;-4.1;-8.6;-11.6;1.8;-0.4;0.52;3.3;1.3;36.87;74;13;59;31;87226;0.18;11.31;0.36;0.4
2001;11;24;328;-3.4;-6.1;-9.9;-5.6;-8.8;-12.3;1.1;0.9;0.53;3.3;1.3;42.44;69;17;31;12;87635;0.13;5.47;0.36;0.4
2001;11;25;329;-0.4;-1.6;-4;-0.9;-2.6;-5.4;0.8;0.7;0.53;3.3;1.3;53.7;27;6;4;1;87372;0;18.77;0.35;0.4
2001;11;26;330;2.6;0.4;-2.2;0;-1;-3.4;0.5;0.6;0.51;3.3;1.3;66.15;72;14;48;15;86917;0.12;6.03;0.36;0.4
2001;11;27;331;1.5;-1.2;-3.8;-0.2;-2.3;-4.9;0.5;0.6;0.49;3.3;1.3;66.98;70;16;36;16;86772;0.11;4.78;0.36;0.4
2001;11;28;332;1.1;-1.8;-5.2;-2;-3.5;-7.1;0.9;0.4;0.48;3.3;1.3;69.59;126;26;93;34;87298;0.29;4.55;0.36;0.4
2001;11;29;333;0.5;-2.5;-4.3;-3.7;-5;-6.1;0.7;0.7;0.49;3.3;1.3;73.09;161;32;77;36;87704;0.15;1.37;0.36;0.4
2001;11;30;334;1.3;0.2;-2.4;0.3;-0.9;-4.7;0.4;1.1;0.5;3.3;1.3;82.45;16;4;1;-3;87296;0;22.69;0.36;0.4
2001;12;1;335;2.8;1.7;1;1.7;0.7;0.1;0.2;1;0.49;3.3;1.3;82.29;31;6;-3;-8;87672;0;15.3;0.38;0.4
2001;12;2;336;4;2;-3;3.2;0.9;-4.1;-0.1;0.5;0.47;3.3;1.3;77.49;67;14;66;16;87937;-0.08;5.45;0.39;0.4
2001;12;3;337;4.4;-0.8;-4.8;2.5;-2.2;-6.4;0.2;0.8;0.45;3.3;1.3;75.55;137;26;61;33;87853;-0.01;0.22;0.39;0.4
2001;12;4;338;3.5;-1.1;-5.9;1.6;-2.8;-7.5;0.4;1.1;0.44;3.3;1.3;75.56;106;21;41;24;87619;-0.01;2.22;0.39;0.4
2001;12;5;339;1.6;1;0.2;0.8;-0.1;-0.6;0.9;0.6;0.45;3.3;1.3;77.02;79;14;26;10;87848;0.03;11.29;0.4;0.4
2001;12;6;340;3.6;0.5;-2.4;1.7;-0.5;-3;2.5;-0.2;0.46;3.3;1.3;77.67;59;10;31;13;87885;0.13;14.91;0.4;0.4
2001;12;7;341;-1.6;-2.8;-3.9;-3.1;-3.5;-4.5;-0.3;-0.8;0.5;3.3;1.4;87.26;91;16;55;21;88625;0.18;5.37;0.4;0.4
2001;12;8;342;-2.8;-4.4;-6.7;-3.9;-6.3;-8.7;-1.3;-0.2;0.5;3.3;1.4;88.94;111;25;86;51;88724;0.13;0.04;0.4;0.4
2001;12;9;343;-3.9;-6.5;-9.2;-8;-9.3;-11.7;-0.8;0.2;0.5;3.3;1.4;88.96;157;33;92;61;88687;0.05;0;0.4;0.4
2001;12;10;344;-2.5;-8.4;-14.5;-8.7;-12.8;-17.4;-0.2;0.7;0.49;3.3;1.4;88.96;161;34;82;51;88680;0.06;0;0.39;0.4
2001;12;11;345;-2.1;-3.9;-6.9;-3.9;-7;-12.9;0.3;0;0.5;3.3;1.4;90.89;54;9;13;-6;88416;0.02;4.45;0.39;0.4
2001;12;12;346;-2.6;-3.6;-4.3;-4.1;-4.6;-5.6;0.3;-0.5;0.51;3.3;1.4;94.99;60;11;26;9;87838;0.03;6.04;0.39;0.4
2001;12;13;347;-4.1;-11.1;-20.5;-5.2;-13.2;-22.9;-0.6;-1.4;0.53;3.3;1.4;104.72;81;16;67;33;87566;0.39;8.64;0.39;0.4
2001;12;14;348;-13.6;-18.2;-22.4;-17.6;-21.3;-24.6;-0.9;0.5;0.53;3.3;1.4;107.8;156;32;80;63;87993;0.04;0;0.38;0.4
2001;12;15;349;-9.4;-17.2;-24.6;-14.6;-20.7;-27.4;-0.3;0.9;0.52;3.3;1.4;107.84;154;33;73;48;87892;0;0;0.38;0.4
2001;12;16;350;-10.1;-15.2;-18.5;-14;-18.5;-22;-0.6;0.7;0.52;3.3;1.3;107.9;152;31;70;44;88046;0;0.02;0.38;0.4
2001;12;17;351;-7.5;-14.4;-23.1;-11.1;-18;-25.9;0.2;0.9;0.52;3.3;1.3;108.07;106;21;42;19;88211;0;0.36;0.38;0.4
2001;12;18;352;-5.6;-12.3;-18.7;-9.3;-15.1;-20.9;0;0.8;0.52;3.3;1.3;108.36;129;28;61;39;88292;0;0.07;0.38;0.4
2001;12;19;353;-3.7;-12.9;-19.3;-8.1;-16.5;-22.2;0.4;1.1;0.52;3.3;1.3;108.41;150;31;75;47;87923;0;0;0.38;0.4
2001;12;20;354;-6.6;-11.7;-18.4;-9.4;-14.5;-22;0.7;0.6;0.51;3.3;1.3;109.43;81;17;44;17;87530;-0.02;2.19;0.38;0.4
2001;12;21;355;-7.6;-12.6;-20;-14.3;-17.6;-23.4;0.9;1.4;0.52;3.2;1.3;110.66;145;29;68;47;86982;0.1;0.08;0.37;0.4
2001;12;22;356;-4.5;-6.7;-9.4;-6.8;-9.5;-14.8;1.6;0.6;0.52;3.2;1.3;114.12;50;10;39;9;86196;0.05;7.46;0.37;0.4
2001;12;23;357;-7.9;-10.4;-14.2;-10.3;-12.7;-15.7;0.9;-0.1;0.53;3.2;1.3;119.88;85;18;67;36;86687;0.07;3.46;0.37;0.4
2001;12;24;358;-10.2;-16.8;-23.2;-17.6;-21.6;-26.5;0.5;1.6;0.53;3.2;1.3;121.48;156;33;88;56;86799;0.01;0.02;0.37;0.4
2001;12;25;359;-2.8;-6.7;-10.9;-8.2;-10.9;-17;1.2;1.4;0.52;3.2;1.3;121.77;123;22;76;17;86090;0.06;0.75;0.37;0.4
2001;12;26;360;-4.5;-7.1;-10.2;-8;-9.3;-12.5;1.5;0.3;0.53;3.2;1.3;127.07;98;20;74;23;85907;0.16;8.16;0.37;0.4
2001;12;27;361;-7.8;-10.3;-12.9;-12.6;-14.7;-18.7;1.2;1.1;0.53;3.2;1.3;130.9;133;27;97;44;86735;0.28;1.14;0.37;0.4
2001;12;28;362;0.1;-3.2;-9;-4.7;-7.2;-13.8;1.9;1.5;0.53;3.2;1.3;134.86;99;18;45;11;86453;0.31;5.18;0.36;0.4
2001;12;29;363;1.3;-0.1;-1.8;-1.5;-2.8;-4.6;1;1.5;0.53;3.2;1.3;141.54;54;9;32;7;85742;0.41;21.54;0.36;0.4
2001;12;30;364;1.1;-6.6;-13.8;-1.2;-10.4;-18.2;1.7;0;0.52;3.2;1.3;154;151;30;99;57;86310;0.79;9.57;0.37;0.4
2001;12;31;365;-8.8;-12.5;-15.7;-12.6;-15.7;-19.8;1.1;0.4;0.52;3.2;1.3;156.95;112;21;81;36;87525;0.04;3.45;0.37;0.4
2002;1;1;1;-7.4;-15.3;-22.1;-14.1;-19.3;-25.3;0.3;1.4;0.52;3.1;1.3;158.48;150;32;91;65;88607;0.11;0.01;0.37;0.4
2002;1;2;2;-5.7;-15.6;-23.2;-11.1;-20.6;-26.4;0.3;1.4;0.52;3.1;1.3;158.4;162;34;82;48;88406;0.03;0;0.37;0.4
2002;1;3;3;-7.8;-15.1;-22.1;-11.8;-19;-25.1;-0.6;1.1;0.52;3.1;1.3;158.47;164;34;96;58;88172;-0.05;0.03;0.37;0.4
2002;1;4;4;-7.7;-19;-26.9;-12.7;-23.7;-30.1;0.1;1.6;0.51;3.1;1.3;158.49;167;36;78;55;88294;0;0;0.37;0.4
2002;1;5;5;-4.7;-16.7;-24.6;-9.9;-21.1;-27.7;0.1;1.6;0.51;3.1;1.3;158.51;165;35;70;44;88672;0;0;0.36;0.4
2002;1;6;6;-3.3;-15;-23;-7.7;-19.2;-25.8;0.3;1.5;0.51;3.1;1.3;158.51;171;37;82;49;88477;-0.01;0;0.36;0.4
2002;1;7;7;-4.2;-11.3;-17.6;-9.8;-15.8;-21.8;-0.3;1;0.5;3.1;1.3;158.53;153;32;79;38;88118;-0.01;0.01;0.36;0.4
2002;1;8;8;-1.8;-12.3;-19.9;-6.3;-16.2;-22.4;0.2;1.4;0.5;3.1;1.3;158.54;160;36;80;49;88388;0;0;0.36;0.4
2002;1;9;9;-0.6;-11.9;-19.7;-5;-15.6;-22.1;0.2;1.3;0.5;3.1;1.3;158.54;173;37;79;48;88767;0;0;0.36;0.4
2002;1;10;10;-0.6;-12.1;-20.1;-5.7;-16;-22.6;0.2;1.4;0.49;3.1;1.2;158.51;179;39;83;52;88639;0;0;0.36;0.4
2002;1;11;11;-1.3;-13.4;-21;-6.8;-17.3;-23.6;0.2;1.5;0.49;3.1;1.2;158.48;176;38;80;49;88511;0.03;0;0.36;0.4
2002;1;12;12;-1;-8.3;-17.9;-5.4;-11.3;-20.3;0.2;1;0.49;3;1.2;158.81;111;20;46;8;88529;-0.03;0.68;0.36;0.4
2002;1;13;13;-1.4;-7.8;-13.8;-5.4;-10.3;-15.9;0;0.8;0.49;3;1.2;159.22;135;28;53;35;88214;0.02;0.04;0.36;0.4
2002;1;14;14;-2.4;-10.2;-17.8;-8.6;-13.8;-20.5;0;1;0.48;3;1.2;159.24;176;39;99;61;87916;0.09;0;0.35;0.4
2002;1;15;15;-2.5;-14;-22.1;-10.2;-18.6;-24.8;0.1;1.3;0.48;3;1.2;159.16;190;42;91;57;87321;0.07;0;0.35;0.4
2002;1;16;16;-1.4;-9.4;-16.6;-9.2;-13.8;-18.7;0.4;0.9;0.48;3;1.2;159.19;189;42;89;38;87380;0;0.06;0.35;0.4
2002;1;17;17;-1.6;-8.6;-14.6;-7;-11.7;-17;0;0.8;0.48;3;1.2;159.39;173;38;82;48;87676;-0.04;0.13;0.35;0.4
2002;1;18;18;-0.5;-11.2;-19.2;-7;-15.1;-21.7;0.3;1.2;0.47;3;1.2;159.37;191;43;88;53;87584;0.04;0;0.35;0.4
2002;1;19;19;-0.1;-8.1;-16.6;-6.4;-11.7;-18.9;0.5;1.2;0.47;3;1.2;159.46;137;30;41;20;87541;0.04;0.46;0.35;0.4
2002;1;20;20;0.9;-3.8;-6.8;-3.9;-7;-9.2;0.9;1.1;0.48;3;1.2;162.17;140;30;75;28;87785;0.04;2.99;0.35;0.4
2002;1;21;21;2.2;-1;-6.5;-1.6;-4.6;-7.8;0.9;1.4;0.49;3;1.2;164.79;60;14;62;19;87538;0.23;2.79;0.35;0.4
2002;1;22;22;4;-3.4;-8.9;-2.2;-6.6;-10.6;0.6;1.1;0.48;3;1.2;165.24;197;44;87;61;87095;0.09;0;0.35;0.4
2002;1;23;23;1.9;-4.9;-12.7;-3;-8.2;-14.6;0;1.6;0.48;3;1.2;165.17;190;41;77;45;86756;0.08;0;0.35;0.4
2002;1;24;24;2.3;-0.5;-2.6;-1.5;-3.2;-5;0.6;1.2;0.48;3;1.2;166.13;142;26;49;16;86476;0.06;1.78;0.35;0.39
2002;1;25;25;1.9;-0.7;-6.1;-1.1;-2.8;-7.2;1.1;0.6;0.47;3;1.2;167.56;131;27;84;35;87562;0.18;3.08;0.35;0.39
2002;1;26;26;4.2;-1.1;-5.6;-0.7;-4;-6.7;0.7;1.4;0.46;3;1.2;167.72;207;45;102;52;87589;0.27;0.65;0.35;0.39
2002;1;27;27;3.9;1.2;-5.2;2;-1.8;-7;1.6;1.5;0.46;3;1.2;168.35;61;13;57;9;87328;0.03;11.35;0.35;0.39
2002;1;28;28;5.9;3.1;-0.7;2.2;0;-4.2;1.6;0.8;0.44;3;1.2;163.28;224;50;93;58;88201;-0.05;0.02;0.36;0.39
2002;1;29;29;7.1;-1.1;-6.3;1.7;-4.5;-8.4;0.4;1.3;0.43;3;1.2;159.74;223;53;105;78;88406;0.08;0;0.36;0.39
2002;1;30;30;7.4;-1;-6.5;2.9;-3.9;-8;0.1;1.6;0.43;3;1.2;158.45;234;53;94;58;88062;0.11;0;0.36;0.39
2002;1;31;31;5.1;-0.2;-4.3;-0.4;-3.9;-6.7;0.5;1;0.42;3;1.2;157.13;137;36;65;46;87799;0.12;0;0.36;0.39
2002;2;1;32;4.8;-0.5;-5.3;-0.5;-3.3;-6.9;0.5;0.9;0.42;3;1.2;156.36;225;53;90;53;88206;0.15;0.06;0.36;0.39
2002;2;2;33;6.9;-0.7;-5.6;1.7;-4.3;-7.8;0;1.7;0.41;3;1.2;155.16;248;59;95;66;88442;0.08;0;0.36;0.39
2002;2;3;34;6.3;-0.4;-4.2;0.8;-5.1;-8.7;0;2;0.41;3;1.2;153.74;263;63;115;80;87942;0.24;0;0.36;0.39
2002;2;4;35;5.9;-0.5;-6;-0.6;-4.7;-8.8;0.2;1;0.41;3;1.2;152.52;217;50;93;61;87958;0.08;0;0.36;0.39
2002;2;5;36;8.3;-0.6;-6.6;-0.2;-4.6;-9.1;0;1.4;0.41;3;1.2;151.39;222;53;83;51;87162;0.03;0;0.36;0.39
2002;2;6;37;2.9;-0.4;-2.5;0.3;-2.1;-4.8;0.3;0.1;0.41;3;1.2;152.17;149;29;53;19;86344;0.05;11.13;0.36;0.39
2002;2;7;38;1.1;-1.5;-6.1;-1.5;-2.8;-7;0.5;-0.1;0.5;3;1.2;164.53;152;30;76;26;87469;0.29;5.37;0.36;0.39
2002;2;8;39;3;-1.6;-7.4;-0.1;-3.5;-8.6;0.6;0.9;0.49;3;1.2;166.38;129;24;73;26;87925;0.1;2.78;0.36;0.39
2002;2;9;40;6.4;2.7;-0.5;3.3;0.6;-1.2;0.7;0.8;0.48;3;1.2;166.35;199;45;69;24;87381;-0.06;1.17;0.36;0.39
2002;2;10;41;1.5;-0.2;-1.4;-0.5;-2.8;-5;2.3;0.6;0.47;3;1.2;166.56;193;40;82;40;87115;0.61;6.74;0.37;0.39
2002;2;11;42;4.2;0.9;-1.9;-0.3;-2.5;-4.5;1.1;1.1;0.47;3;1.2;168.94;137;33;78;35;87357;0.2;0.28;0.37;0.39
2002;2;12;43;7.2;2.3;-2.3;-0.6;-3;-6.1;1.9;0.9;0.45;3;1.2;166.93;243;59;87;53;87530;0.46;0;0.37;0.39
2002;2;13;44;6.9;2.7;-0.7;-0.3;-2.1;-3.9;1.6;0.8;0.44;3;1.2;163.31;245;56;82;50;87371;0.38;0.01;0.37;0.39
2002;2;14;45;2.7;0.5;-1.9;0.9;-1.1;-3.1;-1.1;-0.4;0.43;3;1.2;161.37;114;26;29;18;87137;0.05;2.6;0.37;0.39
2002;2;15;46;4.5;-0.1;-4;-0.1;-2.2;-5.2;-1;-0.3;0.44;3;1.2;161.78;243;60;92;55;87443;0.24;0.12;0.37;0.39
2002;2;16;47;4.6;0.8;-2.3;0;-2.2;-4.3;-0.2;-0.1;0.43;3;1.2;160.37;270;67;101;68;87609;0.19;0;0.37;0.39
2002;2;17;48;3.8;-0.7;-6;-1.1;-4.1;-7.6;0.2;0.4;0.42;3;1.2;158.95;297;74;108;70;87616;0.24;0.31;0.37;0.39
2002;2;18;49;2.3;-0.7;-3.1;-2.1;-3.5;-4.2;1;0;0.43;3;1.2;159.49;244;60;95;44;87456;0.36;4.38;0.37;0.39
2002;2;19;50;0.5;-1.6;-3.3;-3.4;-5.8;-9.2;2.3;0.5;0.47;3;1.2;164.01;233;56;73;34;87627;1.01;6.94;0.37;0.39
2002;2;20;51;2;0;-1.6;-1.7;-3.4;-5.2;1.5;1.4;0.49;3;1.2;169.52;95;25;45;20;86288;0.47;6.95;0.37;0.39
2002;2;21;52;-1.3;-4.6;-11.3;-2.6;-6.3;-12.5;1.4;-0.6;0.52;3;1.2;180.3;107;26;60;32;86425;0.52;13.53;0.37;0.39
2002;2;22;53;1.4;-5.4;-15.3;-3.1;-9.9;-17.2;0.9;1.2;0.53;3;1.2;185.73;224;53;83;41;86819;0.3;1.43;0.36;0.39
2002;2;23;54;1.3;-0.3;-2;-1.3;-3;-4.4;2.4;0.6;0.52;3;1.2;187.89;210;51;69;31;86256;0.31;11.27;0.36;0.39
2002;2;24;55;-2.5;-4.9;-6.2;-3.5;-7.9;-9.5;2.4;-0.1;0.53;3.1;1.2;201.66;151;43;62;37;86621;0.69;9.9;0.36;0.39
2002;2;25;56;2.9;-0.7;-6.2;-1.7;-4.1;-9.3;1.5;1.3;0.53;3.1;1.3;208.81;199;40;44;15;86739;0.3;6.73;0.36;0.39
2002;2;26;57;5;0.2;-5.5;-1;-3.5;-7.4;0.7;1.2;0.52;3.1;1.3;209.68;226;46;59;33;86542;0.31;0.23;0.36;0.39
2002;2;27;58;4.9;1;-2.2;1.5;-0.8;-3.6;0.6;0.8;0.51;3.1;1.3;208.99;238;46;62;25;86385;-0.01;6.9;0.36;0.39
2002;2;28;59;2.6;-0.2;-4.9;-1;-2.9;-7.1;1.1;0.4;0.5;3.1;1.3;212.75;248;55;78;46;86504;0.48;6.73;0.37;0.39
2002;3;1;60;3.5;-0.9;-5.5;-1.9;-4.2;-7.8;-0.4;-0.1;0.48;3.1;1.3;212.75;250;62;74;43;86701;0.41;1.47;0.37;0.39
2002;3;2;61;1.8;-0.1;-2.2;0.5;-0.8;-2.4;0.1;-0.5;0.48;3.1;1.3;215.39;128;29;29;12;86614;0.08;5.15;0.37;0.39
2002;3;3;62;0.3;-1.7;-4.3;-1.1;-4.5;-7.5;0;-0.7;0.48;3.1;1.3;219.48;214;51;74;33;87177;0.68;3.04;0.36;0.39
2002;3;4;63;4.7;-1;-6.3;-1.4;-4.8;-8.9;-0.5;0.3;0.48;3.1;1.3;219.95;322;89;101;78;87361;0.33;0;0.36;0.39
2002;3;5;64;9.3;0.8;-6.8;1;-3.8;-9.5;0;0.7;0.47;3.1;1.3;218.88;307;84;102;67;86815;0.22;0.02;0.36;0.39
2002;3;6;65;8.8;2.5;-4.3;2.8;-1.1;-6.4;0.5;0.5;0.46;3.1;1.3;216.08;332;80;89;50;86732;0.15;0.15;0.36;0.39
2002;3;7;66;6.5;2.8;-0.5;1.4;0;-2.2;1.8;0.2;0.45;3.2;1.3;211.9;205;55;60;28;87428;0.21;0.74;0.37;0.39
2002;3;8;67;5.6;2.3;-3.1;1.3;-0.5;-5.1;-0.2;-0.1;0.44;3.2;1.3;205.72;352;85;100;53;88017;0.41;2.37;0.37;0.39
2002;3;9;68;7.7;1.8;-4.8;0.7;-2.5;-7.2;0.9;0.5;0.43;3.2;1.3;200.78;347;95;101;61;87271;0.37;0.29;0.37;0.39
2002;3;10;69;6.1;1.5;-5.4;0;-2.5;-6.9;0.8;0;0.42;3.2;1.3;197.39;326;90;108;60;87578;0.71;2.19;0.38;0.4
2002;3;11;70;11.2;1.8;-6.9;1.7;-5.6;-9.5;-0.1;1;0.41;3.2;1.3;193.61;387;112;125;89;87680;0.73;0;0.38;0.4
2002;3;12;71;12.1;2.8;-6;3;-3.5;-7.5;-0.1;1;0.4;3.2;1.3;189.93;343;99;95;65;87413;0.62;0;0.38;0.4
2002;3;13;72;12;3.8;-4.7;2.1;-3.8;-6.9;0;0.9;0.39;3.2;1.3;184.98;409;118;106;75;87246;0.81;0;0.38;0.4
2002;3;14;73;12.5;3.9;-4.7;2.8;-1.8;-7.4;0;0.9;0.37;3.2;1.3;179.05;420;120;101;66;86712;0.93;0.38;0.38;0.4
2002;3;15;74;8.5;3.4;-3.3;2.9;0.5;-4.7;-0.1;0.2;0.35;3.2;1.3;172.98;412;112;95;63;86978;0.64;1.52;0.38;0.4
2002;3;16;75;8.5;3.4;-3.4;1.7;-0.6;-4.8;-0.3;0.3;0.33;3.2;1.3;167.02;431;126;102;69;87296;0.85;0.27;0.38;0.4
2002;3;17;76;11;4.4;-3.2;2.8;-0.9;-5.3;0.1;0.5;0.32;3.3;1.3;161.56;460;132;102;69;87136;0.93;0;0.39;0.4
2002;3;18;77;11.1;4;-3.3;2.8;-1.7;-4.9;0.2;0.8;0.32;3.3;1.3;156;458;132;100;71;86928;1.01;0.06;0.39;0.4
2002;3;19;78;5.1;3.1;-0.6;3.8;1.6;-2.9;0.8;1.1;0.32;3.3;1.3;152.05;97;25;22;4;86622;0.38;37.53;0.4;0.4
2002;3;20;79;5.8;4.5;2;4.1;2.9;1.7;2.5;0.7;0.35;3.3;1.3;147.62;87;23;11;1;87393;1.12;22.61;0.42;0.4
2002;3;21;80;7;4.8;3.4;3.8;2.7;0.7;2.4;0.5;0.33;3.3;1.3;139;188;35;32;13;87673;0.65;18.26;0.42;0.4
2002;3;22;81;3.1;1.2;-1.5;2.3;0.6;-2.1;1.8;-0.4;0.37;3.3;1.3;138.05;181;45;32;15;87597;0.74;28.28;0.43;0.41
2002;3;23;82;-1.3;-3.7;-6.4;-3.2;-5.5;-8.4;1.1;-1.3;0.5;3.3;1.3;153.81;214;54;46;32;87794;0.79;14.33;0.42;0.41
2002;3;24;83;-2.6;-5.5;-7.6;-6.2;-7.6;-9.4;0.6;-1.1;0.53;3.4;1.4;166.12;274;71;72;32;88046;0.55;10.38;0.41;0.42
2002;3;25;84;-2;-5.5;-8.1;-8;-9.3;-10.5;-0.9;-0.5;0.53;3.4;1.4;171.29;293;87;82;53;87922;0.77;0.82;0.41;0.42
2002;3;26;85;-0.6;-5.1;-10.6;-6.4;-8.8;-12.5;-0.6;-0.2;0.53;3.4;1.4;171.16;337;98;89;65;87830;0.59;0;0.4;0.42
2002;3;27;86;0.5;-4.2;-8.5;-7.2;-8.5;-10.6;-1.1;-0.2;0.52;3.4;1.4;170.85;352;111;106;71;87975;0.69;0;0.39;0.42
2002;3;28;87;2.9;-3.1;-9.8;-3;-7.5;-11.9;-0.9;0.2;0.52;3.4;1.4;170.26;382;118;108;79;88006;0.55;0;0.39;0.42
2002;3;29;88;7.2;-0.5;-11.5;-2.1;-7.2;-13.7;-0.3;0.8;0.51;3.4;1.4;168.56;386;120;111;79;87895;0.38;0;0.39;0.41
2002;3;30;89;8.1;2;-7.2;-0.8;-4.2;-9.8;0.3;0.3;0.49;3.4;1.4;165.88;386;120;104;66;87856;0.67;0;0.38;0.41
2002;3;31;90;6.9;2.1;-2.7;3.3;-0.7;-4.6;0.3;0.5;0.45;3.5;1.4;163.76;382;100;80;50;87636;0.5;5.37;0.38;0.41
2002;4;1;91;9.2;2.8;-5.4;2;-2.9;-6.4;-0.2;0.5;0.41;3.5;1.4;162.42;401;126;92;64;87459;1.23;0.24;0.38;0.41
2002;4;2;92;9.6;3.5;-4.4;1;-1.7;-5.8;-0.7;0.4;0.38;3.5;1.4;159.83;479;151;106;79;87360;1.18;0.02;0.38;0.41
2002;4;3;93;10.4;4;-4.3;0.5;-2.7;-6.5;-0.9;1;0.36;3.5;1.4;156.56;513;161;109;84;86680;1.48;0;0.38;0.41
2002;4;4;94;9.5;3.2;-3.4;-0.1;-2.3;-5.2;-0.8;0;0.34;3.5;1.4;152.62;520;163;106;81;86349;1.41;0.16;0.38;0.41
2002;4;5;95;5.7;1.6;-2.3;-2.1;-3.8;-5.5;-0.7;-0.7;0.34;3.5;1.4;149.66;491;152;109;78;86265;1.25;0.04;0.38;0.41
2002;4;6;96;3.8;-0.7;-4;-4.6;-6.3;-8.1;-1.1;-0.9;0.33;3.5;1.4;148.61;516;157;113;82;86804;1.45;0.06;0.38;0.41
2002;4;7;97;6.2;0.7;-4.6;-2.4;-4.9;-7.5;-1.1;-0.4;0.33;3.6;1.4;147.91;557;177;117;91;87232;1.25;0;0.38;0.41
2002;4;8;98;5.2;1.7;-0.9;0.5;-1.9;-4.1;-0.2;-0.5;0.32;3.6;1.4;147.09;359;91;48;36;87237;0.59;0.92;0.37;0.41
2002;4;9;99;3.5;0.6;-1.9;-2.6;-3.3;-4.1;-1.1;-0.8;0.33;3.6;1.4;146.12;358;100;65;42;86966;1.05;0.48;0.37;0.41
2002;4;10;100;4.9;0.7;-3.4;-2.2;-3.3;-4.1;-1.3;-0.6;0.33;3.6;1.4;145.13;396;133;72;53;86561;1.28;0.11;0.37;0.41
2002;4;11;101;9.5;3.8;-2.3;1;-1.4;-4.9;-0.7;0.6;0.32;3.6;1.4;141.89;512;158;87;63;86263;1.31;0;0.37;0.41
2002;4;12;102;10.6;5.1;-0.9;6.4;1.7;-3;0.2;0.5;0.32;3.6;1.4;135.6;408;110;62;34;85588;0.81;4.06;0.37;0.41
2002;4;13;103;7.1;4.3;2;5.6;3.3;0.9;0.2;-0.3;0.31;3.6;1.4;127.19;341;99;41;24;85699;0.54;5.97;0.38;0.41
2002;4;14;104;4.1;2.1;-0.5;2.4;0.9;-0.6;0.8;-0.6;0.31;3.7;1.5;120.78;366;96;44;21;86400;1.02;11.19;0.39;0.41
2002;4;15;105;2.1;-0.1;-2.2;-1;-2;-3.8;0.5;-0.5;0.42;3.7;1.5;127.55;266;78;70;30;86908;0.9;9.61;0.39;0.41
2002;4;16;106;3.8;0.3;-4.2;-3.1;-4.3;-5.6;0.5;0.1;0.42;3.7;1.5;128.61;316;99;72;49;87080;1.02;0.52;0.39;0.41
2002;4;17;107;5.2;1.7;-2.5;0;-2.4;-4.4;0.6;0;0.39;3.7;1.5;127.72;337;117;79;51;87261;1.07;0.73;0.39;0.41
2002;4;18;108;6.8;2.6;-3.6;0.6;-1.9;-5.4;0.1;0.3;0.37;3.7;1.5;125.34;485;148;103;65;87461;1.3;0.43;0.39;0.41
2002;4;19;109;7.2;1.7;-4.2;3.3;-0.2;-5.5;0.5;0.2;0.35;3.7;1.5;121.86;464;113;85;39;87670;0.82;8.02;0.39;0.41
2002;4;20;110;2.2;0.5;-1.9;1.3;-0.5;-2.4;0.4;-0.1;0.36;3.8;1.5;121.9;209;67;43;24;88131;0.73;8.04;0.39;0.41
2002;4;21;111;7.3;3.8;0.6;3.4;1.3;-1.9;-0.9;-0.4;0.36;3.8;1.5;119.53;339;105;52;25;88647;0.93;0.7;0.4;0.41
2002;4;22;112;8.9;4.9;1.1;4.6;2;-0.4;-0.1;0;0.34;3.8;1.5;112.39;486;155;86;53;88646;1.2;3.9;0.4;0.41
2002;4;23;113;9.1;4.7;-1.9;3.1;0.1;-2.7;0.6;0.4;0.33;3.8;1.5;105.34;457;142;83;47;88498;1.53;0.65;0.4;0.41
2002;4;24;114;3.4;2.9;2.5;3.2;2.4;0.2;0.8;0.5;0.34;3.8;1.5;102.12;56;17;6;-1;88177;0.15;31.39;0.41;0.41
2002;4;25;115;6.7;4.5;2.1;5.6;3.4;1.2;0.4;0.8;0.34;3.8;1.5;98.75;80;26;45;4;87889;0.19;6.92;0.41;0.42
2002;4;26;116;12.1;6.8;1.3;5.1;2.7;0.2;1.3;0.4;0.32;3.9;1.5;91.85;489;161;83;38;87117;2.02;6.16;0.41;0.42
2002;4;27;117;6.1;3.2;-0.5;3.2;-1.8;-5.4;2.3;-0.1;0.3;3.9;1.5;83.64;535;163;95;53;87030;2.5;5.24;0.41;0.42
2002;4;28;118;12.6;5.2;-3.4;2.9;-1.2;-5;0.2;0.4;0.3;3.9;1.5;78.67;610;187;105;67;86801;1.78;0.28;0.41;0.42
2002;4;29;119;9.3;3.9;-2.1;3.5;0.3;-3.3;1.1;0.4;0.28;3.9;1.6;72.78;392;126;68;43;86959;1.56;3.28;0.41;0.42
2002;4;30;120;13.6;6.9;0.6;4.7;1.3;-1.3;-0.2;0.2;0.26;3.9;1.6;66.5;649;209;104;72;87267;2.18;0;0.4;0.42
2002;5;1;121;15.4;8.1;-0.1;6.4;3.7;-1.6;-0.1;-0.2;0.25;3.9;1.6;58.94;543;184;86;57;86903;1.85;0.32;0.4;0.42
2002;5;2;122;14.3;8.8;4.3;7.6;5.6;3.5;-0.2;-1;0.24;4;1.6;51.38;531;173;80;40;86705;1.69;2.72;0.4;0.42
2002;5;3;123;16.8;8.7;4.6;8.9;6.3;4.1;-0.2;-0.6;0.23;4;1.6;42.92;592;163;86;27;86671;2.15;8;0.4;0.42
2002;5;4;124;5.9;4.5;2.7;5.5;4.3;2.5;0.5;-0.8;0.23;4;1.6;36.85;196;48;26;6;86769;0.96;13.65;0.4;0.42
2002;5;5;125;6.3;3.3;0.9;2;1.3;0.8;0.4;-0.6;0.24;4;1.6;33.85;359;105;50;20;87175;1.54;7.64;0.4;0.42
2002;5;6;126;7.5;4.6;1.1;5.3;3;0.4;-0.3;-0.4;0.25;4;1.6;30.66;437;141;71;34;87669;1.57;4.1;0.4;0.42
2002;5;7;127;14.1;8.3;-0.8;5.5;2.7;-2;-0.8;-0.1;0.25;4;1.6;25.27;667;232;106;82;87569;2.6;0;0.4;0.42
2002;5;8;128;17;10.6;1.4;6;3.3;-1.3;-0.8;1.2;0.24;4.1;1.6;18.69;593;212;95;66;87055;2.84;0;0.39;0.42
2002;5;9;129;18.5;11.8;5.2;10.7;6.1;2.8;0;0.7;0.21;4.1;1.6;11.54;679;198;94;51;86856;2.76;1.43;0.39;0.42
2002;5;10;130;13.2;9.1;3.7;8.4;6.9;3.1;0.2;0.2;0.17;4.1;1.6;6.1;544;165;89;50;86898;2.13;4.26;0.39;0.42
2002;5;11;131;12.5;7.1;1.5;7.6;5.2;0.7;0.6;0.4;0.15;4.1;1.6;3.42;574;173;80;49;86918;2.74;13.09;0.39;0.42
2002;5;12;132;11.6;7.8;4;8.9;6.4;3.4;0.4;-0.1;0.13;4.1;1.6;1.84;561;162;67;33;87280;2.5;5.83;0.39;0.42
2002;5;13;133;15.8;10.1;4.8;8.7;6.4;4.6;-0.5;0;0.12;4.1;1.7;0.88;623;192;89;51;87515;2.72;0.38;0.39;0.42
2002;5;14;134;12.3;8.3;2.6;8.1;5.4;1.6;1.1;0.3;0.12;4.2;1.7;0.41;437;167;83;53;87939;2.51;3.8;0.38;0.42
2002;5;15;135;15.1;9.7;2.4;6.2;4;1.5;0.2;-0.2;0.12;4.2;1.7;0.2;737;259;114;80;88446;3.72;0.01;0.38;0.42
2002;5;16;136;19.5;12.3;1.6;10.8;6.3;0.8;-0.1;0.2;0.12;4.2;1.7;0.09;775;258;120;83;88152;3.92;0;0.37;0.42
2002;5;17;137;20.4;13.3;4.5;11.5;6.8;3.6;0.2;0.5;0.12;4.2;1.7;0.03;729;262;117;83;87581;4.32;0.02;0.36;0.42
2002;5;18;138;19.2;12;5.6;11.7;8.6;4.4;0.6;0;0.12;4.2;1.7;0;761;218;111;54;87434;3.61;24.08;0.36;0.42
2002;5;19;139;8.8;7.6;6.9;7.1;6.5;5.8;0.2;-0.4;0.12;4.2;1.7;0;186;46;20;8;87854;1.36;2.63;0.37;0.42
2002;5;20;140;12;8.7;6.5;7.4;6.1;5;-0.8;-0.3;0.12;4.2;1.7;0;458;145;78;40;87532;2.6;4.02;0.37;0.41
2002;5;21;141;17.7;10.9;2;8.7;5.2;1.8;0;0.3;0.12;4.2;1.7;0;801;275;125;83;87020;4.17;0.31;0.37;0.41
2002;5;22;142;20.2;13.5;4.4;11.4;7;2.9;-0.1;0.8;0.12;4.2;1.7;0;723;253;114;75;86716;4.29;0.19;0.36;0.41
2002;5;23;143;17.8;11.3;5.9;12;8.4;5.4;0.5;0;0.12;4.3;1.7;0;643;172;102;48;86696;3.36;21.04;0.36;0.41
2002;5;24;144;11.3;7.9;4.9;6.6;4.8;4;0.6;-0.2;0.12;4.3;1.7;0;381;107;82;30;87232;2.28;1.5;0.37;0.41
2002;5;25;145;13.5;7.9;3.1;9.2;5.6;2.2;0.1;0;0.12;4.3;1.7;0;446;124;69;38;87359;2.07;12.3;0.37;0.41
2002;5;26;146;9.9;7.1;2.6;6.4;4.9;2.6;-0.3;-0.4;0.12;4.3;1.7;0;319;103;40;23;87059;1.64;1.93;0.38;0.41
2002;5;27;147;8.9;6.8;3.5;7.5;5.5;3.4;0.4;-0.6;0.12;4.3;1.7;0;218;68;25;12;86686;2;10.2;0.38;0.41
2002;5;28;148;8.5;5;2.9;5.8;3.7;2.6;1.1;0.4;0.12;4.3;1.7;0.15;309;87;56;23;87037;2.26;8.26;0.38;0.41
2002;5;29;149;11.6;7.6;1.8;5.9;4.1;0.7;0.9;-0.1;0.12;4.3;1.7;0.08;486;201;79;52;87640;2.82;2.24;0.38;0.41
2002;5;30;150;14.8;10.2;6;7;5.3;4.5;-0.3;-0.7;0.12;4.3;1.7;0;666;215;96;50;88128;3.39;0.25;0.38;0.41
2002;5;31;151;15.3;11.3;5.7;7.9;5.9;4.5;0.5;-0.5;0.12;4.3;1.7;0;670;241;99;68;88267;3.53;0.4;0.37;0.41
2002;6;1;152;16.7;12.3;6.2;7.6;6.2;4.5;-0.2;-0.6;0.12;4.3;1.7;0;774;281;117;86;88157;4.07;0.16;0.37;0.41
2002;6;2;153;16;11.6;6.9;7.4;5.9;4.8;-0.7;-0.5;0.12;4.3;1.7;0;744;280;113;89;87871;3.97;0.13;0.36;0.41
2002;6;3;154;18.5;12.5;4;10;6.5;2.9;0.1;0.1;0.12;4.4;1.8;0;723;244;114;74;87381;3.92;0.5;0.36;0.41
2002;6;4;155;19.2;13.6;6.1;10.5;8;5.8;-0.4;0.1;0.12;4.4;1.8;0;751;263;116;74;87095;4.27;0.2;0.35;0.41
2002;6;5;156;21.5;14.1;8.1;11.3;9.3;6.1;0;1.1;0.12;4.4;1.8;0;710;213;96;57;86293;4.01;16.76;0.35;0.41
2002;6;6;157;15.8;11.4;8.7;11.4;9.7;8;-0.3;-0.4;0.12;4.4;1.8;0;571;183;81;39;86159;3.65;14.5;0.36;0.41
2002;6;7;158;9.1;8.3;5.7;8.8;7.5;5.2;1.5;0.3;0.12;4.4;1.8;0;149;47;52;18;86529;1.68;17.6;0.38;0.41
2002;6;8;159;13.6;9.4;3.9;8.5;6.5;3.7;-0.2;-0.2;0.12;4.4;1.8;0;522;167;66;37;86877;2.74;6.19;0.38;0.41
2002;6;9;160;11.2;9.2;7.4;9.7;8.5;7.3;0.1;-0.5;0.12;4.4;1.8;0;272;84;26;16;86856;2.02;13.64;0.39;0.41
2002;6;10;161;11;8.1;6.1;7.5;5.9;3.4;1.6;-0.1;0.12;4.4;1.8;0;506;131;78;31;87280;2.7;15.7;0.4;0.41
2002;6;11;162;14.1;9.9;3.9;6.8;4.2;2.3;0.7;-0.3;0.12;4.4;1.8;0;590;224;88;60;87764;3.39;0;0.4;0.41
2002;6;12;163;18.3;13.1;7.3;11.6;8;5.7;0.3;0.2;0.12;4.4;1.8;0;641;258;102;75;87967;3.86;0.16;0.39;0.41
2002;6;13;164;19.5;14.4;6.4;11.3;8.8;5.4;1;0.4;0.12;4.4;1.8;0;625;231;94;68;87986;4;0.16;0.39;0.41
2002;6;14;165;21.5;15.8;7.5;15.1;9.8;6.3;0.4;0.2;0.12;4.4;1.8;0;778;287;117;87;88022;4.83;0;0.38;0.41
2002;6;15;166;24.1;16.7;7.5;16.7;10.9;6.3;0.2;0.6;0.12;4.5;1.8;0;732;257;118;81;87961;4.54;0.43;0.37;0.41
2002;6;16;167;20.6;16;11.7;16.1;12.8;9.9;0.4;0.3;0.12;4.5;1.8;0;632;201;101;57;88108;3.34;3.65;0.37;0.4
2002;6;17;168;24.5;17.9;9.5;18.3;12.9;8.5;0.1;0.4;0.12;4.5;1.8;0;750;270;105;78;88242;4.8;0;0.37;0.4
2002;6;18;169;27.2;20;9.6;16.9;11.9;8.4;-0.2;0.4;0.12;4.5;1.8;0;799;284;129;86;88150;5.43;0;0.36;0.4
2002;6;19;170;24.9;19;13.7;17.7;14.8;11.7;0.1;0.5;0.12;4.5;1.8;0;771;223;115;62;88180;3.99;4.47;0.36;0.4
2002;6;20;171;25.3;18.2;11.9;16.6;14.1;10.7;0.5;0.7;0.12;4.5;1.8;0;783;237;106;66;88100;4.46;4.68;0.36;0.4
2002;6;21;172;24.4;18.1;12.9;16.3;14.1;11.6;0;0.4;0.12;4.5;1.8;0;707;216;97;64;88235;3.88;6.26;0.35;0.4
2002;6;22;173;22.3;18;12.3;17.7;14.5;11.6;0.1;0.1;0.12;4.5;1.8;0;601;227;81;62;88292;4.05;0.31;0.35;0.4
2002;6;23;174;23.7;18.9;12.6;17.7;14.9;11.5;0.1;0.3;0.12;4.5;1.8;0;614;232;89;64;88082;4.11;1.74;0.35;0.4
2002;6;24;175;17.6;14.9;12.5;15.6;14;12.4;0.4;-0.2;0.12;4.5;1.8;0;319;90;51;27;88086;2.35;21.61;0.35;0.4
2002;6;25;176;15.9;13.1;11.5;13.3;11.6;9.8;-0.3;-0.7;0.12;4.5;1.8;0;448;126;68;29;88344;2.67;7.99;0.37;0.4
2002;6;26;177;19.2;14.8;9.3;11.9;9.4;8;0;0;0.12;4.5;1.8;0;749;272;111;74;88136;4.63;0.12;0.37;0.4
2002;6;27;178;19.1;14.7;8.9;13.6;10.5;7.8;0.8;0.4;0.12;4.5;1.8;0;606;221;89;64;87628;3.95;6.41;0.36;0.4
2002;6;28;179;11.4;9.4;5.6;11.1;8.1;4.3;0.7;-0.4;0.12;4.5;1.8;0;261;78;65;25;87466;2.6;18.43;0.37;0.4
2002;6;29;180;11.7;8.4;4.3;7.5;5.6;3.7;0.5;-0.4;0.12;4.5;1.8;0;608;218;84;63;87914;3.61;3.85;0.38;0.4
2002;6;30;181;16.4;11.7;6.3;10.8;7.2;5;0.2;0;0.12;4.5;1.9;0;677;247;97;76;87688;3.85;1.25;0.37;0.4
2002;7;1;182;17.9;13.4;6.4;12.1;8.8;5.7;0;0.2;0.12;4.6;1.9;0;608;226;81;65;87341;3.75;0.46;0.37;0.4
2002;7;2;183;15.9;12.8;10.6;13.8;11.2;8.9;0.1;-0.5;0.12;4.6;1.9;0;456;130;59;27;87071;2.62;10.75;0.37;0.4
2002;7;3;184;20.5;14.3;11.2;14.7;11.9;9.7;-0.1;-0.3;0.12;4.6;1.9;0;666;194;82;37;87002;3.6;26.77;0.38;0.4
2002;7;4;185;12.1;9.8;6.9;9.7;6.1;3.4;1.5;-0.1;0.12;4.6;1.9;0;671;183;90;47;87624;3.93;16.21;0.4;0.4
2002;7;5;186;18.5;13.5;6.9;12.5;8.6;5;-0.5;-0.3;0.12;4.6;1.9;0;754;263;108;75;87592;3.98;0.35;0.4;0.4
2002;7;6;187;12.5;10.7;8.7;11.3;9.9;7.7;0.4;0.1;0.12;4.6;1.9;0;208;82;53;30;87534;1.83;15.06;0.4;0.4
2002;7;7;188;16.7;12.8;8.8;11.8;10;8.2;0.1;-0.3;0.11;4.6;1.9;0;546;190;92;50;87908;3.16;1.76;0.4;0.4
2002;7;8;189;23.2;16.5;7;15.5;10.6;6;-0.3;0.2;0.11;4.6;1.9;0;802;287;119;83;87730;5.06;0;0.4;0.4
2002;7;9;190;24.1;17;9.9;16.4;12.9;8.7;0.3;0.6;0.11;4.6;1.9;0;768;264;109;71;87390;4.86;7.39;0.39;0.4
2002;7;10;191;24;15;10.5;14.4;11.3;9;0.5;0.3;0.11;4.6;1.9;0;764;220;108;56;87302;4.24;9.79;0.4;0.4
2002;7;11;192;13.9;12;10.5;10.3;9.2;7.4;-0.4;-0.3;0.11;4.6;1.9;0;318;83;56;27;87987;2.11;3.43;0.4;0.4
2002;7;12;193;19.3;15;10.3;13;10.4;8;-0.5;-0.1;0.11;4.6;1.9;0;704;219;94;58;87907;3.72;1.26;0.4;0.4
2002;7;13;194;13.2;11.8;10.4;12.6;11;9.4;0.7;0.2;0.11;4.6;1.9;0;245;73;53;22;87529;2.05;14.97;0.4;0.4
2002;7;14;195;14.7;12.5;9.8;10.9;10;9.4;0;-0.5;0.11;4.6;1.9;0;272;100;36;23;87791;2.07;0.73;0.4;0.4
2002;7;15;196;17.7;14.5;11.4;13.7;12.2;10.7;-1.2;-0.9;0.11;4.6;1.9;0;575;163;60;28;87469;3.25;9.18;0.4;0.4
2002;7;16;197;18.2;14.3;12.2;14.7;12.9;11.3;0.5;-0.1;0.11;4.6;1.9;0;526;154;64;35;87092;2.94;9.67;0.4;0.4
2002;7;17;198;15.9;12.8;10.6;13.2;11.7;10.5;1.4;0.1;0.11;4.6;1.9;0;390;110;53;19;87182;2.74;15.92;0.41;0.4
2002;7;18;199;14.1;11.2;9.4;11.4;9.6;7.8;0.9;-0.5;0.11;4.6;1.9;0;552;161;64;33;87514;3.64;9.4;0.42;0.4
2002;7;19;200;15.9;12.1;7.3;9.2;8.3;7.3;0;-0.7;0.11;4.6;1.9;0;496;189;79;55;87654;3.31;0.54;0.42;0.4
2002;7;20;201;19.7;14.4;6.7;10.8;8.5;5.8;0.5;0.2;0.11;4.6;1.9;0;750;280;120;89;87777;4.7;0;0.41;0.4
2002;7;21;202;21.4;14.1;7.4;13.5;10.1;5.9;0.7;0.4;0.11;4.6;1.9;0;587;170;91;58;87604;3.28;3.41;0.4;0.4
2002;7;22;203;14.9;12.2;9.5;11;8.9;7.1;0.6;-0.7;0.11;4.6;1.9;0;536;172;77;43;87814;3.34;6.61;0.4;0.4
2002;7;23;204;19.8;14.5;7.5;11;8.6;6.5;0.5;-0.1;0.11;4.6;1.9;0;795;287;121;89;87647;4.7;0;0.4;0.4
2002;7;24;205;17.2;12.6;8.9;10.5;8.7;6.6;1.6;0.2;0.11;4.6;1.9;0;591;187;81;52;87510;3.5;6.39;0.39;0.4
2002;7;25;206;12.8;10;8.3;10.4;9.1;8.1;1.1;0;0.11;4.6;1.9;0;386;113;60;26;87594;3.2;21;0.4;0.4
2002;7;26;207;12.5;10.3;7;9.1;8.1;6.5;0.8;0;0.11;4.6;1.9;0;315;107;59;30;87873;2.26;2.44;0.41;0.4
2002;7;27;208;15.8;12.5;10.1;11.5;10.1;8.3;-0.6;-0.1;0.11;4.6;1.9;0;368;96;89;39;88017;1.43;0.31;0.41;0.4
2002;7;28;209;21;15;6.7;14.1;11.1;6.3;-0.2;0;0.11;4.6;1.9;0;767;251;112;75;87932;3.9;0.01;0.4;0.4
2002;7;29;210;20.6;15.4;9.7;14.9;12.4;8.7;0.1;0.4;0.11;4.6;1.9;0;647;214;92;63;87860;3.41;3.32;0.4;0.4
2002;7;30;211;21.7;16.1;9.4;15.4;12.3;8.4;0;0.4;0.11;4.6;1.9;0;706;222;95;67;87393;3.77;1.8;0.39;0.4
2002;7;31;212;20;15.4;11.1;15.4;13;9.6;0.4;0.2;0.11;4.5;1.9;0;609;199;91;52;87108;3.36;12.23;0.39;0.4
2002;8;1;213;17.7;14.5;12;14.2;13.1;11.8;0.6;-0.2;0.11;4.5;1.9;0;474;138;64;25;87250;2.93;20.6;0.41;0.4
2002;8;2;214;17.4;14;11.3;11.6;10.4;9.2;-0.3;-0.4;0.11;4.5;1.9;0;520;175;81;44;87594;3.5;2.69;0.41;0.4
2002;8;3;215;19;14.6;8.8;13.7;11.4;7.7;0;0.1;0.11;4.5;1.9;0;677;204;89;61;87542;3.39;2.45;0.41;0.4
2002;8;4;216;16.9;13.4;11;14.2;12.4;10.5;0.2;0;0.11;4.5;1.8;0;445;130;56;33;87445;2.67;13.66;0.41;0.4
2002;8;5;217;15.3;12.6;9.1;11.7;10.3;8.8;0.2;0.2;0.11;4.5;1.8;0;403;120;75;45;87517;2.35;1.5;0.41;0.41
2002;8;6;218;13.3;11;9;12.1;10.3;8.3;0.7;-0.1;0.11;4.5;1.8;0;222;65;48;22;87276;1.91;31.7;0.42;0.41
2002;8;7;219;12.6;10.4;8.6;10.9;9.3;8.1;1.2;-0.2;0.11;4.5;1.8;0;347;104;45;22;87463;2.91;13.03;0.43;0.41
2002;8;8;220;15.8;11.9;8.7;10.4;8.6;7.7;0.1;-0.1;0.11;4.5;1.8;0;587;184;87;50;87357;3.23;1.63;0.42;0.41
2002;8;9;221;15.7;11.8;8.6;12.2;10.3;7.4;0.1;0.1;0.11;4.5;1.8;0;525;136;65;40;86852;2.29;12.95;0.42;0.41
2002;8;10;222;15.5;11.5;8.6;12.7;10.4;8.4;0.2;-0.3;0.11;4.5;1.8;0;532;134;54;29;86445;2.77;28.61;0.42;0.41
2002;8;11;223;10.1;9.3;8.7;9.8;9.1;8.5;1.4;0.4;0.11;4.5;1.8;0;88;24;8;5;86423;1.36;41.5;0.43;0.42
2002;8;12;224;12.5;9.9;8.4;9.8;8.6;7.5;2.5;0.1;0.11;4.5;1.8;0;457;125;57;25;87042;3.73;27.56;0.43;0.43
2002;8;13;225;14.2;11;8.6;10;8.7;8;1.4;-0.2;0.11;4.5;1.8;0;536;146;59;32;87816;2.86;3.74;0.42;0.43
2002;8;14;226;16;12.1;8.1;9.3;8;7;-0.2;-0.3;0.11;4.5;1.8;0;566;183;86;53;87979;3.04;0.24;0.41;0.43
2002;8;15;227;18.2;13.1;6.7;11.5;8.7;5.7;-0.5;-0.1;0.11;4.5;1.8;0;662;217;105;74;87830;3.32;0.08;0.4;0.43
2002;8;16;228;17.9;13.4;6.9;11.3;9.2;6;-0.3;0.1;0.11;4.5;1.8;0;584;200;90;65;87864;3.24;0.42;0.39;0.43
2002;8;17;229;19;13.8;7.1;13.7;10.3;6.2;-0.6;0.2;0.11;4.4;1.8;0;623;214;101;72;87704;3.37;1.01;0.38;0.43
2002;8;18;230;20.3;14.2;8;14.3;10.9;6.9;0;0.5;0.11;4.4;1.8;0;645;203;87;70;87597;3.18;0.48;0.37;0.43
2002;8;19;231;21.9;15.1;7;15.1;9.8;6.5;0.1;0.5;0.11;4.4;1.8;0;690;233;113;80;87793;4.05;0;0.37;0.43
2002;8;20;232;21.8;15.5;8.5;15;10.7;7.2;0.3;0.3;0.11;4.4;1.8;0;628;204;100;63;87716;3.72;7.84;0.36;0.43
2002;8;21;233;15.2;12.4;9.3;12.2;10.7;7.6;0.7;0;0.11;4.4;1.8;0;461;125;75;37;87628;2.95;17.55;0.37;0.43
2002;8;22;234;16.7;12.2;6.2;10.2;8.2;5.5;-0.3;-0.1;0.11;4.4;1.8;0;616;196;92;67;87623;3.1;0.05;0.37;0.42
2002;8;23;235;18.3;12.8;8.5;13.5;10.7;7.2;-0.1;0.3;0.11;4.4;1.8;0;606;164;84;57;87712;2.39;5.39;0.36;0.42
2002;8;24;236;18.9;13;6.9;14.1;11.4;6.7;0.2;0.6;0.11;4.4;1.8;0;560;162;82;48;87911;2.6;6.48;0.36;0.42
2002;8;25;237;18.9;13.6;7.5;15.4;12.1;7.3;-0.2;0.3;0.11;4.4;1.8;0;571;163;85;50;88002;2.62;5.35;0.36;0.42
2002;8;26;238;21.4;15.3;8.5;14.7;11.1;6.7;0.1;0.6;0.11;4.4;1.8;0;676;203;103;68;87645;3.56;0.25;0.36;0.42
2002;8;27;239;15.3;12.8;9.6;13.7;11.7;9.5;0.4;0.3;0.11;4.4;1.8;0;322;97;53;36;87548;2.05;16.45;0.37;0.42
2002;8;28;240;16.4;12.3;7.4;12.7;10.3;7.2;-0.1;0.2;0.11;4.4;1.8;0;433;143;75;50;87489;2.43;1.22;0.37;0.42
2002;8;29;241;17.3;13.1;9.5;12.9;11.1;9;-0.1;0.1;0.11;4.3;1.8;0;501;158;74;48;87658;2.46;2.02;0.36;0.42
2002;8;30;242;19.2;13.9;7.5;12.7;10.4;7.3;-0.3;0.1;0.1;4.3;1.8;0;621;196;105;62;87909;3.16;0.14;0.36;0.42
2002;8;31;243;18.6;13.5;8.2;12.8;10.9;7.2;0.5;0.1;0.1;4.3;1.8;0;550;171;82;53;87863;2.73;8.3;0.36;0.42
2002;9;1;244;13.2;11.8;10.5;13;11.7;10.5;0.2;-0.8;0.1;4.3;1.8;0;206;46;16;5;88101;1.3;18.66;0.37;0.42
2002;9;2;245;16.7;12.9;10.4;11;10.3;9.3;-1.4;-0.8;0.1;4.3;1.7;0;505;151;79;29;88209;2.89;2.18;0.37;0.42
2002;9;3;246;15.6;11;6.5;11.9;9.6;6.2;-0.4;0;0.1;4.3;1.7;0;475;117;81;43;87698;2.33;15.71;0.38;0.42
2002;9;4;247;18.1;11.3;4.8;12.4;8.5;4.3;0.1;0.6;0.1;4.3;1.7;0;639;171;100;58;87549;3.01;9.32;0.38;0.41
2002;9;5;248;16;12.5;9.3;10;8.4;6.8;-0.1;-0.2;0.1;4.3;1.7;0;616;187;105;65;87537;3.26;4.37;0.39;0.41
2002;9;6;249;15.5;11.3;6.4;11.1;9;5.6;0.1;0;0.1;4.3;1.7;0;548;160;97;58;87674;2.22;3.84;0.38;0.41
2002;9;7;250;17.1;12.1;6.4;11.5;8.6;5.7;-0.4;0.4;0.1;4.3;1.7;0;576;181;104;69;87494;2.99;0.39;0.38;0.41
2002;9;8;251;18.5;12.6;6.6;12.3;8.9;5.6;-0.3;0.4;0.1;4.3;1.7;0;590;190;106;74;87391;2.92;0.65;0.38;0.41
2002;9;9;252;19.9;12.7;6.4;12.3;8.7;4.3;0.4;0.9;0.1;4.3;1.7;0;641;177;108;65;87404;3.01;8.03;0.37;0.41
2002;9;10;253;11;9.5;6.4;10.3;9.1;6.4;0.8;0;0.1;4.2;1.7;0;230;50;53;20;87797;1.67;24.85;0.39;0.41
2002;9;11;254;11.7;9;6.2;7.4;6.5;5.7;-0.8;-0.5;0.1;4.2;1.7;0;284;87;41;27;87996;1.91;0.88;0.39;0.41
2002;9;12;255;14.9;10.4;7;7.6;6.4;4.6;-1.6;-0.6;0.1;4.2;1.7;0;636;192;121;74;87886;2.75;0;0.39;0.41
2002;9;13;256;13.2;8.4;3.3;5;4.2;3.2;-1.1;-0.4;0.1;4.2;1.7;0;672;208;130;91;87833;2.68;0;0.38;0.41
2002;9;14;257;13.1;8.7;4.2;6.6;4.5;3.5;0;-0.1;0.1;4.2;1.7;0;654;196;123;78;87755;2.46;0;0.38;0.41
2002;9;15;258;8.8;6.7;4.1;7.1;4.6;3.3;0.5;0.1;0.1;4.2;1.7;0;382;77;70;36;87623;1.62;6.34;0.38;0.41
2002;9;16;259;11.4;6.9;1.7;5;2.9;1.4;-0.1;-0.1;0.1;4.2;1.7;0;591;164;99;63;87570;2.16;0.01;0.38;0.41
2002;9;17;260;13.8;9;4.9;6.7;5;3.5;0.2;-0.3;0.1;4.2;1.7;0;621;193;123;90;87530;2.25;0;0.37;0.41
2002;9;18;261;16.6;9.3;1.1;9.1;4.6;0;0.2;0.5;0.1;4.1;1.7;0;647;197;132;93;87510;2.71;0;0.37;0.41
2002;9;19;262;14.7;10;3.8;11.4;7.6;2.7;0.2;0.9;0.1;4.1;1.7;0;339;87;60;35;87565;1.29;2.24;0.37;0.41
2002;9;20;263;15.3;10.5;6.5;11;8.8;5.3;0.9;0.5;0.1;4.1;1.7;0;421;113;81;41;87671;2.01;11.2;0.37;0.41
2002;9;21;264;12.6;9.5;6.4;11.5;8.6;6.2;0;-0.3;0.1;4.1;1.6;0;329;90;45;28;87374;1.66;7.42;0.37;0.41
2002;9;22;265;8;6.7;4.5;7.4;6.3;3.9;0.4;-0.3;0.1;4.1;1.6;0;114;34;49;17;86756;1.09;13.26;0.38;0.41
2002;9;23;266;4.5;3.2;2;4;2.9;2;0.8;-0.1;0.11;4;1.6;0.33;201;41;58;17;86511;1.43;17.7;0.39;0.41
2002;9;24;267;2.7;0.8;-0.9;2.6;0.7;-1.3;-0.5;-1.4;0.32;4;1.6;8.15;60;18;11;5;86666;0.69;27.69;0.41;0.41
2002;9;25;268;2.1;0.1;-1.5;-0.5;-1.5;-2.5;0.9;-0.4;0.44;4;1.6;13.91;197;50;27;16;87128;0.91;2.43;0.41;0.41
2002;9;26;269;4;1.6;-0.8;2.5;0.3;-2.5;0.9;0.8;0.42;4;1.6;13.76;105;26;33;12;87408;0.45;5.42;0.41;0.41
2002;9;27;270;6.1;3.5;2.2;4.2;2.7;1.6;1.1;0.2;0.34;4;1.6;10;231;51;37;13;87763;0.74;11.63;0.41;0.41
2002;9;28;271;6.1;2.9;0.1;1.9;-0.2;-2.1;-0.5;-0.6;0.26;4;1.6;6.53;395;107;88;53;88197;1.49;0.72;0.42;0.41
2002;9;29;272;8.9;2.8;-2.7;1.6;-1.4;-4.6;-0.9;0.2;0.2;3.9;1.6;4.41;522;152;119;85;88363;1.47;0;0.41;0.41
2002;9;30;273;11.3;4.2;-2.4;3.9;-0.3;-4.5;-0.1;0.5;0.16;3.9;1.6;2.68;552;160;123;89;88311;1.6;0;0.41;0.41
2002;10;1;274;14.2;5.8;-2.4;5.2;0.7;-4;0;0.6;0.13;3.9;1.6;1.43;565;163;129;90;88178;1.91;0;0.41;0.41
2002;10;2;275;15.2;6.9;-1.6;7;2.5;-2.8;0.1;0.6;0.11;3.9;1.6;0.68;569;156;129;82;88136;1.83;0;0.4;0.41
2002;10;3;276;14;7.6;1.4;6.9;3.8;0.4;0.5;0.6;0.1;3.9;1.6;0.31;461;136;112;66;88160;1.68;0;0.4;0.41
2002;10;4;277;9.8;6.5;2.9;8.4;5.5;1.8;0.4;0.2;0.09;3.8;1.5;0.12;230;51;47;21;88105;0.79;8.69;0.4;0.41
2002;10;5;278;8.9;6.1;4.4;5.5;3.7;2.6;0.8;-0.4;0.09;3.8;1.5;0.06;363;79;59;26;87967;1.5;2.41;0.4;0.41
2002;10;6;279;7;4.8;3.7;5.3;4;2.8;1.6;0.4;0.09;3.8;1.5;0.02;205;46;43;17;87055;1.83;19.56;0.4;0.41
2002;10;7;280;5.7;3.7;2.1;3.8;1.8;0.4;0.1;-0.7;0.09;3.8;1.5;0.23;348;86;63;29;87295;1.53;3.75;0.41;0.41
2002;10;8;281;8.9;4.3;0.9;1.5;0.7;-0.1;-0.4;-0.2;0.09;3.8;1.5;0.12;489;132;104;71;87052;1.35;0;0.41;0.41
2002;10;9;282;13.4;5.5;-1.4;6;2.2;-2.5;-0.6;0.5;0.09;3.7;1.5;0.04;534;143;120;79;86781;1.5;0;0.41;0.41
2002;10;10;283;15;7.4;1.3;8.1;4.9;0.3;-0.6;0.2;0.09;3.7;1.5;0;518;133;109;54;86552;1.43;0.57;0.4;0.41
2002;10;11;284;9.7;6.6;4.8;7.4;5.8;4.6;-0.5;-0.7;0.09;3.7;1.5;0;328;73;48;18;86706;0.85;0.99;0.4;0.41
2002;10;12;285;5;4.6;4;4.8;4.5;4;0.6;-0.5;0.09;3.7;1.5;0;50;10;10;4;86836;0.55;12.35;0.4;0.41
2002;10;13;286;8.4;5.4;1.2;4.9;3.7;0.5;0.4;-0.1;0.09;3.7;1.5;0;342;93;96;46;87065;1.34;1.69;0.41;0.41
2002;10;14;287;7.8;5.2;0.5;7.6;4.7;0.1;0.1;0.8;0.09;3.6;1.5;0;94;21;40;10;87188;0.37;7.74;0.41;0.41
2002;10;15;288;16.1;9.9;5.2;10.5;7.4;4.6;-0.1;0.5;0.09;3.6;1.5;0;465;97;95;35;87270;1.33;1.32;0.41;0.41
2002;10;16;289;17;9.9;3.7;10.3;6.5;2.8;0;0.9;0.09;3.6;1.5;0;493;127;106;68;86760;1.57;0.02;0.4;0.41
2002;10;17;290;7.9;5.7;2.5;7.3;4.7;2.3;0.4;0.3;0.09;3.6;1.4;0.09;112;23;47;18;86382;1.01;21.1;0.4;0.41
2002;10;18;291;5.9;2.6;0.2;2.3;-0.7;-3.4;1.4;0.5;0.11;3.6;1.4;1.21;435;91;88;46;86835;1.83;3.66;0.42;0.41
2002;10;19;292;4.4;1;-1.6;0;-2.2;-5.1;1.2;0.4;0.12;3.6;1.4;1.29;399;93;84;60;87417;1.33;3.11;0.41;0.41
2002;10;20;293;7.9;3.2;-0.6;1.5;-2.2;-6.4;-0.3;0.5;0.11;3.6;1.4;1.06;401;105;95;64;87479;1.09;0;0.41;0.41
2002;10;21;294;11.9;5.9;0.7;9;2.6;-3.4;-0.1;1.5;0.1;3.6;1.4;0.68;238;57;61;38;86706;0.6;1.08;0.41;0.41
2002;10;22;295;12.7;6.8;3.2;7.5;4.3;1.7;0.2;1.1;0.09;3.6;1.4;0.38;417;106;97;58;86146;1.36;2.28;0.41;0.41
2002;10;23;296;12.4;5;1.5;5.6;2.2;-0.3;1.1;0.7;0.09;3.5;1.4;0.19;435;98;96;47;86422;1.82;6.7;0.4;0.41
2002;10;24;297;6.4;2.5;-2.2;1;-1.8;-3.8;0.6;0.1;0.09;3.5;1.4;0.1;375;97;105;65;87167;1.39;0.28;0.41;0.41
2002;10;25;298;11;6;1.7;5.4;2.6;-1.5;0;1.2;0.08;3.5;1.4;0.07;324;71;66;33;86918;1.35;5.4;0.4;0.41
2002;10;26;299;8.5;5.8;4;3.3;0.8;-0.6;2.2;0.4;0.08;3.5;1.4;0.05;352;92;89;68;87553;1.37;0.14;0.4;0.41
2002;10;27;300;15.6;6.6;-0.8;5.1;0.8;-2.6;1.7;0.9;0.08;3.5;1.4;0.01;371;87;97;55;87568;1.94;2;0.4;0.41
2002;10;28;301;4.4;2.3;1;0;-2;-3.9;2.4;0.2;0.09;3.5;1.4;0.16;345;88;93;69;88412;1.31;1.62;0.4;0.41
2002;10;29;302;10.9;3.6;-1.8;3.1;-1.9;-4.9;-0.2;1;0.09;3.5;1.4;0.16;433;108;115;79;87966;1.05;0.04;0.39;0.41
2002;10;30;303;11.7;5.2;-0.8;5.1;-0.1;-6;0.4;0.8;0.08;3.5;1.4;0.08;370;92;94;60;87433;1.02;0.85;0.39;0.41
2002;10;31;304;9.2;4.2;0.2;6.7;2.4;-1.2;0.3;0.9;0.08;3.5;1.4;0.05;304;68;70;40;87585;0.88;3.38;0.39;0.41
2002;11;1;305;12.2;5.5;-0.5;7.2;3.7;-1.2;0.2;0.5;0.08;3.5;1.4;0.01;405;93;106;55;87785;1.03;0.02;0.39;0.41
2002;11;2;306;6.5;4.6;2.4;6.1;4;1.3;0.8;1;0.08;3.5;1.4;0;60;14;66;12;87414;0.41;18.05;0.39;0.41
2002;11;3;307;8.1;5.4;2.5;7.4;4.8;1.7;0.8;0.8;0.08;3.4;1.4;0;79;16;39;11;86924;0.82;13.64;0.41;0.41
2002;11;4;308;2.3;1.3;-0.5;2.1;1;-0.6;1.3;0.3;0.12;3.4;1.4;1.55;123;28;43;15;87122;0.99;15.62;0.41;0.41
2002;11;5;309;0.7;-0.7;-1.8;0.4;-1.1;-2.3;0.7;-0.1;0.39;3.4;1.4;11.65;134;26;47;20;87716;0.29;14.28;0.42;0.41
2002;11;6;310;1.9;-0.5;-2.3;-0.9;-2.3;-4.9;-0.2;-0.1;0.43;3.4;1.4;13.83;190;41;95;46;87606;0.44;0.74;0.42;0.41
2002;11;7;311;1.7;-0.8;-2.9;-1.5;-4.4;-8.9;1.1;0.4;0.43;3.4;1.4;14.66;186;33;65;29;86682;0.43;9.8;0.41;0.41
2002;11;8;312;-0.5;-3.5;-11.1;-2.2;-6.1;-14.4;1.1;0.4;0.51;3.4;1.4;24.43;157;38;88;45;87148;0.46;3.37;0.41;0.41
2002;11;9;313;3.7;-1.5;-10.8;1.5;-3.8;-14.4;1.3;0.8;0.5;3.4;1.4;24.51;89;14;42;4;86166;0.16;13.42;0.41;0.41
2002;11;10;314;1.6;-0.3;-2.8;0.1;-1.7;-3.8;0.5;0.4;0.49;3.4;1.4;27.3;127;26;56;22;86759;0.14;6.68;0.42;0.41
2002;11;11;315;6.6;2.8;0;4.6;1.5;-1.7;1.2;1;0.45;3.4;1.4;24.12;119;21;54;15;86658;0.01;11.64;0.42;0.41
2002;11;12;316;7.3;1;-5;1.8;-1.8;-6.2;0;0.9;0.4;3.4;1.4;20.25;242;57;100;62;87096;0.31;0;0.42;0.42
2002;11;13;317;7.7;0.4;-4.2;1.9;-2.7;-6;-0.2;1.5;0.38;3.3;1.4;18.79;192;39;84;45;86352;0.21;0;0.42;0.42
2002;11;14;318;10.1;2.5;-2.7;5.7;0.6;-4.2;-0.2;0.8;0.34;3.3;1.3;16.71;184;45;71;36;85521;0.12;5.01;0.41;0.42
2002;11;15;319;8.9;2.9;-0.9;8.5;2.3;-1.9;-0.4;1;0.3;3.3;1.3;14.54;135;33;59;37;85534;-0.03;7.85;0.42;0.42
2002;11;16;320;11.5;4.4;-0.9;10.6;3.8;-1.6;0.4;0.8;0.28;3.3;1.3;12.82;236;47;65;33;85699;0.18;11.4;0.42;0.42
2002;11;17;321;7.1;2.7;-1.1;4.3;1.4;-1.9;-0.2;0.5;0.25;3.3;1.3;10.43;233;50;85;51;86985;0.39;1.42;0.42;0.42
2002;11;18;322;3.2;1.2;-0.8;3;0.6;-2.2;0.1;0.4;0.25;3.3;1.3;10.15;63;12;53;12;86970;0.07;8.66;0.42;0.42
2002;11;19;323;2.2;1.5;0.6;2;1.3;0.4;0.6;0.2;0.27;3.3;1.3;10.77;55;11;27;11;86715;0.14;6.59;0.42;0.42
2002;11;20;324;7.2;1.4;-2.4;3.5;-0.3;-4.2;-0.4;0.8;0.26;3.3;1.3;10.08;250;57;102;59;86984;0.4;0;0.42;0.42
2002;11;21;325;7.9;2.1;-2.6;2.5;-1.2;-4.7;-0.4;1.7;0.25;3.3;1.3;8.96;251;54;88;51;86111;0.4;0.01;0.42;0.42
2002;11;22;326;0.7;0.2;-1.1;0.5;-0.7;-2.1;1;0.8;0.27;3.3;1.3;10.16;40;10;36;15;86074;0.29;8.82;0.41;0.42
2002;11;23;327;5.3;-0.4;-5.2;0.4;-3.5;-6.9;-0.1;1.3;0.29;3.3;1.3;11.44;258;58;107;65;86784;0.5;0;0.41;0.42
2002;11;24;328;7.1;1.7;-2.4;3.4;-1.1;-6;-0.2;1.1;0.27;3.3;1.3;10.88;205;42;72;41;86728;0.19;1.17;0.41;0.42
2002;11;25;329;10.1;3.9;-0.7;7.9;2.6;-2.3;-0.3;0.9;0.26;3.3;1.3;10.12;207;44;75;35;86424;0.15;0.95;0.4;0.42
2002;11;26;330;4.1;3.3;2.3;3.8;3.1;2.1;-0.1;-0.4;0.24;3.3;1.3;8.57;60;13;16;1;87013;0.14;4.66;0.4;0.42
2002;11;27;331;8.4;4;1;6.9;3.4;0.1;-0.3;0.5;0.21;3.3;1.3;6.6;179;35;65;28;87320;0.24;2.3;0.41;0.42
2002;11;28;332;9.2;3.1;-0.9;5.7;1.3;-2.1;0.1;1.1;0.19;3.3;1.3;5.39;254;56;91;51;87257;0.39;0;0.4;0.42
2002;11;29;333;1.7;0.7;-0.1;1.7;0.1;-1;0.6;0.5;0.23;3.3;1.3;6.99;41;8;27;7;87136;0.18;14.81;0.4;0.42
2002;11;30;334;1.9;-0.2;-2.5;0.5;-1;-3.2;0.8;0.2;0.3;3.3;1.3;10.3;146;29;75;27;87477;0.48;4.12;0.41;0.42
2002;12;1;335;1.7;-2.7;-6.8;-1.4;-4.6;-10.2;-0.1;1.1;0.3;3.3;1.3;10.88;231;48;103;59;87110;0.44;0.04;0.4;0.42
2002;12;2;336;0.3;-2.1;-7.1;-1.8;-4.6;-11.1;0.3;0.4;0.33;3.3;1.3;12.94;76;16;58;20;86337;0.17;3.99;0.4;0.42
2002;12;3;337;-0.6;-2.2;-4.2;-2.3;-3.1;-4.6;0.1;-0.7;0.42;3.3;1.3;18.56;82;16;68;20;86476;0.15;5.83;0.4;0.42
2002;12;4;338;-0.3;-2.4;-5.2;-2.8;-3.9;-5.6;0.1;-0.1;0.45;3.3;1.3;20.2;124;22;49;18;86942;0.15;0.5;0.39;0.42
2002;12;5;339;-0.2;-1.7;-3.2;-1.9;-3;-4.4;-0.4;-0.3;0.45;3.3;1.3;20.77;80;17;27;15;86937;0.12;1.05;0.39;0.42
2002;12;6;340;0.5;-0.8;-2.3;-0.9;-1.6;-2.6;-1;-0.5;0.45;3.3;1.3;21.88;80;16;41;16;87257;0.11;0.99;0.39;0.42
2002;12;7;341;0.6;-2.2;-3.8;-1.5;-3.2;-4.5;-0.7;-0.2;0.45;3.3;1.4;22.16;150;32;73;48;87199;0.09;0.16;0.38;0.42
2002;12;8;342;-0.6;-3.6;-5.6;-3.3;-5.1;-6.6;-0.7;-0.2;0.44;3.3;1.4;22.01;168;34;79;44;87311;0.14;0.06;0.38;0.42
2002;12;9;343;-2.6;-5.2;-7;-6.3;-7.5;-8.7;-0.8;-0.1;0.44;3.3;1.4;22.05;113;24;83;40;87285;0.17;0.24;0.38;0.42
2002;12;10;344;-0.5;-6.2;-10.6;-6.1;-9.7;-13.9;-0.3;0.7;0.43;3.3;1.4;21.92;184;39;100;62;87372;0.14;0;0.37;0.42
2002;12;11;345;-0.1;-5.9;-10.1;-6.2;-10;-13.7;-0.3;0.7;0.42;3.3;1.4;21.52;184;38;97;57;87395;0.14;0;0.37;0.42
2002;12;12;346;3.2;-5.3;-10.2;-3.2;-9.1;-13.6;0.2;1.3;0.41;3.3;1.4;21.07;185;39;96;52;87567;0.12;0;0.37;0.42
2002;12;13;347;1.6;-4;-8.1;-2.2;-7;-11.1;0.3;1;0.4;3.3;1.4;20.71;134;26;69;40;87859;0.09;0.01;0.37;0.42
2002;12;14;348;2.2;-4.8;-9.1;-3.8;-8.8;-12.6;-0.1;1.2;0.39;3.3;1.4;20.41;192;40;100;58;87472;0.15;0;0.37;0.42
2002;12;15;349;2;-2.7;-6.7;-1.6;-6.4;-12.9;0.2;1.2;0.38;3.3;1.4;20.42;100;19;55;20;87263;0.13;1.04;0.36;0.42
2002;12;16;350;2.6;-2.2;-6.6;0.8;-3.8;-9.3;0.2;1;0.38;3.3;1.3;21;140;28;61;29;87331;0.09;6.21;0.36;0.42
2002;12;17;351;0.9;-0.6;-1.7;-0.3;-1.2;-2.4;0.1;-0.2;0.47;3.3;1.3;29.64;73;14;28;10;87325;0.1;10.71;0.36;0.41
2002;12;18;352;-1.5;-2.8;-5.1;-1.6;-3.5;-5.9;-0.5;-0.8;0.48;3.3;1.3;33.51;83;17;54;19;87853;0.07;1.9;0.36;0.41
2002;12;19;353;-0.8;-4.7;-7.1;-4.8;-7.5;-12.2;-0.5;0.5;0.48;3.3;1.3;33.89;158;33;99;56;88050;0.1;0;0.36;0.41
2002;12;20;354;1.6;-4.8;-11.2;-3.7;-10.6;-18.4;0.4;1.3;0.48;3.3;1.3;33.49;160;33;89;36;87722;0.2;0.71;0.36;0.41
2002;12;21;355;2.5;0.7;-1.5;1.2;-0.6;-3.9;1;1;0.46;3.2;1.3;34.11;47;9;21;6;87564;0.03;11.51;0.36;0.41
2002;12;22;356;2.6;0.6;-2.9;1.7;-0.5;-4.1;0.4;1.4;0.42;3.2;1.3;32.92;75;14;55;16;87219;-0.04;8.67;0.37;0.41
2002;12;23;357;6.3;2.3;-4.7;4.9;1.3;-6.1;0.7;0.7;0.37;3.2;1.3;28.98;119;22;67;30;87184;-0.14;1.49;0.38;0.41
2002;12;24;358;3.9;-0.4;-4.9;2.3;-1.9;-6.4;0.2;1;0.35;3.2;1.3;27.2;91;18;34;13;87227;0.01;0.58;0.38;0.41
2002;12;25;359;3.6;1.3;-2;2.4;0;-2.7;0;0.5;0.34;3.2;1.3;26.5;81;18;41;23;87361;0.01;0;0.38;0.41
2002;12;26;360;2.6;-1.6;-5.7;-0.4;-3.9;-7.5;0.1;1.5;0.32;3.2;1.3;26.07;158;29;66;39;87071;0.16;0.15;0.38;0.41
2002;12;27;361;3.3;-1.3;-5.3;-0.7;-4.4;-8;-0.2;2;0.31;3.2;1.3;25.74;108;24;67;39;86306;0.19;0;0.37;0.41
2002;12;28;362;1.9;0.3;-1.2;1.2;-0.9;-3.4;0.5;1;0.32;3.2;1.3;27.04;41;8;25;10;86037;0;13.98;0.37;0.41
2002;12;29;363;2.4;0.6;-1.5;-0.1;-1;-2.3;1.2;0.8;0.37;3.2;1.3;30.92;148;27;72;23;86745;0.46;6.73;0.38;0.41
2002;12;30;364;4.5;2.5;0.6;2.4;0.2;-2.2;1.5;1.2;0.35;3.2;1.3;31.03;63;12;31;15;86495;0.34;3.54;0.39;0.41
2002;12;31;365;2.2;0.6;-0.7;1.9;-0.1;-1.4;1;0.4;0.34;3.2;1.3;30.9;70;16;47;14;86527;0.08;7.67;0.39;0.41
2003;1;1;1;3.7;0.2;-2.2;1.2;-1.6;-5.2;0.4;1.1;0.34;3.1;1.3;31.92;184;36;102;37;86731;0.37;1.86;0.39;0.41
2003;1;2;2;2.6;0.5;-1.4;1.9;-2.5;-6.1;0.9;1.7;0.33;3.1;1.3;32.32;86;14;74;30;85862;0.43;4.47;0.39;0.41
2003;1;3;3;3.4;0.1;-2.6;-2;-4.2;-7.2;1.4;1;0.31;3.1;1.3;32.2;195;41;87;62;86018;0.4;0.83;0.39;0.41
2003;1;4;4;1.9;-0.9;-2.4;0.1;-2.4;-7.6;0.6;0.3;0.38;3.1;1.3;37.09;142;22;59;19;85894;0.18;13.29;0.39;0.41
2003;1;5;5;-3.1;-5.9;-7.6;-5.1;-9.3;-12.1;1.2;-0.6;0.45;3.1;1.3;43.58;67;15;46;27;86198;0.37;2.59;0.39;0.41
2003;1;6;6;-4.1;-6.9;-8.9;-9.9;-11.3;-12.3;-0.5;-0.6;0.46;3.1;1.3;44.85;170;34;89;47;86232;0.11;1.12;0.39;0.41
2003;1;7;7;-9;-11.2;-17.7;-12.2;-14.3;-19.4;-0.6;-0.9;0.49;3.1;1.3;47.59;94;19;58;29;86389;0.18;3.2;0.39;0.41
2003;1;8;8;-7.8;-14.4;-21.8;-13.8;-18.6;-25;-0.5;0.9;0.5;3.1;1.3;48.77;170;36;89;55;86268;0.09;0;0.38;0.41
2003;1;9;9;-7.5;-12.5;-18.3;-11.9;-15.6;-21.2;-0.2;-0.1;0.5;3.1;1.3;48.73;113;24;47;30;86315;0.07;0.09;0.38;0.41
2003;1;10;10;-8.9;-12.7;-20.7;-13.3;-15.3;-22.9;-0.3;-0.1;0.5;3.1;1.2;48.82;140;28;75;39;86855;0.07;0.12;0.38;0.41
2003;1;11;11;-9.8;-15.8;-22.7;-13.1;-18.4;-25;-0.9;0.3;0.49;3.1;1.2;48.87;139;31;74;46;87609;0.05;0.09;0.38;0.41
2003;1;12;12;-7.2;-18.3;-29.9;-15.8;-23.2;-33.1;-0.2;1;0.49;3;1.2;48.85;184;39;101;61;87954;0.1;0;0.38;0.41
2003;1;13;13;-3;-12.5;-24.9;-5.1;-17.3;-29.6;0.9;1.3;0.49;3;1.2;50.08;104;18;38;9;88145;0.12;6.13;0.37;0.41
2003;1;14;14;1.9;-1.7;-6.9;-2.5;-4.3;-8.9;0.9;0.7;0.51;3;1.2;55.66;134;23;76;26;88628;0.05;1.12;0.37;0.41
2003;1;15;15;5;-5.3;-12.8;-1.6;-9.3;-16;0.2;1.3;0.51;3;1.2;55.56;172;38;90;57;88275;0.05;0;0.37;0.41
2003;1;16;16;-0.4;-4.6;-9.1;-3;-7.9;-14.5;0.4;0.6;0.5;3;1.2;55.44;75;18;48;20;88222;0.05;0.47;0.37;0.41
2003;1;17;17;2.3;-5.9;-12.5;-5.8;-10.4;-15.6;0.1;1.2;0.5;3;1.2;55.49;182;40;97;60;87792;0.09;0;0.37;0.41
2003;1;18;18;0.9;-7;-14;-6.6;-12.8;-19.2;0.1;1;0.49;3;1.2;55.23;165;37;89;49;87440;0.1;0;0.37;0.41
2003;1;19;19;1.4;-8.1;-17;-5.3;-13.3;-20.8;0.2;1.5;0.49;3;1.2;55.06;190;42;94;54;86857;0.13;0.01;0.37;0.41
2003;1;20;20;3;-4.4;-8.8;-5.3;-10.5;-15.4;-0.1;1.3;0.49;3;1.2;54.64;183;41;92;51;86654;0.14;0.02;0.36;0.41
2003;1;21;21;1.5;-4.2;-9.1;-3.1;-8.6;-14.1;-0.1;1.6;0.47;3;1.2;54.19;116;30;75;35;85610;0.11;0.04;0.36;0.41
2003;1;22;22;2.1;-2.2;-6.8;-1.5;-4.6;-9;0.3;0.8;0.47;3;1.2;55.36;150;32;80;36;85899;0.05;2.32;0.36;0.41
2003;1;23;23;-1.3;-4.8;-7.7;-3.3;-7;-10.6;1;0.8;0.49;3;1.2;58.13;87;20;68;29;87032;0.07;6.05;0.36;0.41
2003;1;24;24;-1.9;-3.5;-5;-3;-4.4;-6.6;0.6;-0.4;0.52;3;1.2;69.74;62;14;13;4;88363;0.05;13.79;0.36;0.4
2003;1;25;25;-1.8;-5;-12.8;-4;-6.7;-14.6;-0.2;0.2;0.53;3;1.2;75.56;161;37;77;49;88426;0.05;0.2;0.36;0.4
2003;1;26;26;-2.7;-9.3;-16.6;-5.4;-11.8;-19;0.4;1;0.53;3;1.2;76.69;75;18;55;22;88192;0;1.83;0.36;0.4
2003;1;27;27;1.6;-3.9;-13.7;-0.6;-6.1;-16;0.9;1.2;0.53;3;1.2;81.84;30;6;37;-6;88116;0;8.81;0.36;0.4
2003;1;28;28;2.5;-0.5;-4.8;0.1;-3.1;-8;2.2;0.7;0.52;3;1.2;86.28;74;17;86;38;87185;0.26;7.02;0.36;0.4
2003;1;29;29;-3.9;-6.2;-7.9;-8.1;-9.7;-10.9;1.2;1.1;0.52;3;1.2;90.15;106;25;88;40;85764;0.19;5.41;0.36;0.4
2003;1;30;30;-5;-7.2;-9.7;-8.2;-9.8;-12.2;1.2;0.3;0.53;3;1.2;99.92;114;26;47;26;85523;0.08;10.61;0.36;0.4
2003;1;31;31;-8;-10.9;-13.7;-11.5;-13.2;-16;0.7;-0.3;0.53;3;1.2;105.27;119;28;43;29;86230;0.02;4.34;0.36;0.4
2003;2;1;32;-8.3;-14.1;-20.3;-15.1;-18;-23.3;0.2;0.6;0.53;3;1.2;107.82;192;45;87;61;87130;0.03;0.11;0.35;0.4
2003;2;2;33;-4.3;-11.5;-20.4;-8.7;-15.3;-23.1;0.6;1.2;0.53;3;1.2;108.44;115;27;62;20;86778;0;0.98;0.35;0.4
2003;2;3;34;-1.1;-6.2;-12.2;-6.1;-9.7;-15.7;0.3;1.5;0.53;3;1.2;111.33;137;29;37;14;85698;0.08;9.4;0.35;0.4
2003;2;4;35;-4.5;-5.7;-8.1;-5.9;-7.3;-10.1;0.4;-0.5;0.54;3;1.2;123.94;89;19;31;15;85035;0.09;11.69;0.35;0.4
2003;2;5;36;-6.2;-7.8;-9.7;-8.9;-10.5;-13;1.8;0.2;0.54;3;1.2;133.4;150;27;47;22;85775;0.15;13.6;0.35;0.4
2003;2;6;37;-5.8;-7.8;-8.7;-8.2;-9.7;-10.5;1.5;-0.2;0.54;3;1.2;148.95;103;22;62;20;86899;0.07;10.1;0.35;0.4
2003;2;7;38;-4.5;-8;-14.8;-9.4;-12.4;-17.2;0.6;0.7;0.54;3;1.2;153.45;199;44;79;37;87631;0.07;1.37;0.35;0.4
2003;2;8;39;-1.8;-4.2;-6.7;-3.4;-5.8;-9.1;0.7;0.2;0.54;3;1.2;158.79;87;20;11;2;87649;-0.02;12.37;0.35;0.4
2003;2;9;40;-1.3;-3.8;-6.5;-4.1;-6.3;-8.9;-0.5;-0.1;0.54;3;1.2;167.38;205;50;98;55;87374;0.12;0.61;0.35;0.4
2003;2;10;41;-1.6;-5.6;-8.6;-6.9;-9.4;-13.2;0.1;0.3;0.53;3;1.2;167.44;213;53;91;63;87466;-0.01;0;0.34;0.4
2003;2;11;42;-3;-7.8;-13.3;-8.2;-11.3;-16.8;-0.3;0.3;0.53;3;1.2;167.45;232;56;94;64;87735;-0.06;0;0.34;0.4
2003;2;12;43;-6.8;-9.8;-12.1;-10.4;-12.4;-14.9;-0.6;0;0.53;3;1.2;167.55;217;53;82;60;87646;-0.04;0.08;0.34;0.4
2003;2;13;44;-6.8;-10.9;-17.3;-11.5;-14.1;-19.4;-0.2;0.3;0.52;3;1.2;167.7;221;55;87;50;87395;-0.03;0.03;0.34;0.4
2003;2;14;45;-6.1;-10.1;-16.6;-10.3;-13.1;-18.7;-0.1;0.2;0.52;3;1.2;167.75;235;57;88;59;87499;-0.03;0;0.34;0.4
2003;2;15;46;-6.3;-10.7;-18.7;-10.6;-13.8;-20.9;-0.3;0;0.52;3;1.2;167.86;249;63;88;52;87807;-0.03;0.37;0.34;0.4
2003;2;16;47;-7;-10.7;-13.4;-11.3;-13.5;-14.9;-1.4;-0.5;0.52;3;1.2;168.4;220;54;80;46;87842;0.1;0.42;0.34;0.4
2003;2;17;48;-6.8;-10.6;-15.1;-11.7;-13.7;-16.7;-0.8;0;0.51;3;1.2;168.6;241;61;85;64;87929;0;0.01;0.34;0.4
2003;2;18;49;-5.2;-11;-18.6;-11.2;-15;-20.9;-0.6;0.4;0.51;3;1.2;168.6;265;68;95;67;87528;-0.01;0;0.34;0.4
2003;2;19;50;-2.3;-9.9;-18.4;-9.2;-15;-21.2;-0.6;0.8;0.51;3;1.2;168.62;273;70;95;66;87065;0;0;0.34;0.4
2003;2;20;51;1.3;-7.9;-17.6;-6.5;-12.9;-19.7;-0.1;0.8;0.5;3;1.2;168.66;273;72;94;65;86840;0;0;0.34;0.4
2003;2;21;52;1.4;-6.5;-15.4;-5.4;-10.8;-17.3;-0.1;0.7;0.5;3;1.2;168.66;283;72;102;67;87416;0;0;0.34;0.4
2003;2;22;53;2.1;-6.3;-15.4;-4.9;-10.8;-17.2;0;0.8;0.5;3;1.2;168.69;289;76;103;72;87898;-0.01;0;0.33;0.4
2003;2;23;54;2.7;-5.1;-15;-5.7;-10.5;-16.9;0.2;0.8;0.49;3;1.2;168.7;294;77;105;73;88324;0.03;0;0.33;0.4
2003;2;24;55;3.2;-5.9;-15.3;-4.8;-10.8;-17;-0.2;0.9;0.49;3.1;1.2;168.66;301;80;113;78;88190;0.03;0;0.33;0.4
2003;2;25;56;6.4;-5.2;-14.7;-3.3;-10.4;-16.6;0;1.3;0.49;3.1;1.3;168.65;309;83;120;85;87678;0.04;0;0.33;0.4
2003;2;26;57;6;-4.5;-12.1;-4.6;-9.7;-15;-0.1;1.6;0.48;3.1;1.3;168.54;308;83;112;83;87282;0.19;0;0.33;0.39
2003;2;27;58;5.6;-3.3;-11;-5.5;-9.7;-13.7;0.2;1.1;0.48;3.1;1.3;168.31;315;85;113;80;87305;0.21;0;0.33;0.39
2003;2;28;59;5.7;-3.5;-11.6;-2.7;-8.3;-13.6;0.1;1.1;0.47;3.1;1.3;168.2;311;83;99;68;87952;0.08;0;0.33;0.39
2003;3;1;60;5.6;-1.5;-7.7;-1.6;-5.4;-9.1;-0.1;0.9;0.47;3.1;1.3;167.86;262;71;84;49;87710;0.09;0;0.33;0.39
2003;3;2;61;5.6;0.1;-4.2;-0.5;-2.6;-4.9;0.3;0.5;0.46;3.1;1.3;168.14;269;63;83;32;87108;0.12;5.54;0.33;0.39
2003;3;3;62;0.7;-1.6;-3.4;-2.7;-3.8;-5.1;1.1;0;0.48;3.1;1.3;171.11;217;57;70;38;87315;0.39;2.19;0.33;0.39
2003;3;4;63;2.6;-2;-6.9;-2.8;-5.7;-8.7;0;0.5;0.47;3.1;1.3;171.68;320;87;104;70;87738;0.2;0;0.33;0.39
2003;3;5;64;6.7;-1.2;-8.6;-0.7;-5.6;-10.1;-0.2;0.8;0.47;3.1;1.3;171.14;321;87;93;64;87583;0.14;0;0.33;0.39
2003;3;6;65;6.8;-0.9;-9;0.2;-3.7;-10.4;0.6;0.6;0.46;3.1;1.3;170.41;216;60;60;36;87132;0.11;6.6;0.33;0.39
2003;3;7;66;2;-1.1;-6.2;-1.3;-3.5;-7.7;0.1;-0.1;0.48;3.2;1.3;174.71;249;66;92;44;87673;0.34;2.38;0.33;0.39
2003;3;8;67;3.1;-2.1;-7.6;-1.6;-5.6;-10.4;0.8;0.6;0.47;3.2;1.3;174.42;235;71;84;63;87853;0.24;0.02;0.33;0.39
2003;3;9;68;5.2;-1.1;-8.4;-1.6;-5.7;-10.3;0.7;1.2;0.46;3.2;1.3;173.97;252;65;69;42;88023;0.28;0;0.33;0.39
2003;3;10;69;9.2;0.1;-7.3;3.5;-4.5;-9.3;0.3;1.2;0.46;3.2;1.3;172.1;354;101;105;75;88273;0.2;0;0.33;0.39
2003;3;11;70;11.3;1.7;-6;5.5;-2.1;-7.5;0.3;1.3;0.45;3.2;1.3;167.57;297;86;91;53;87972;0.01;0;0.34;0.39
2003;3;12;71;6.3;0.6;-2.7;1.9;-2.1;-6.1;1;0.4;0.44;3.2;1.3;163.93;264;52;63;32;87777;0.17;12.91;0.34;0.39
2003;3;13;72;0.8;-2.4;-5.3;-2.9;-4.8;-7.5;0.4;-0.9;0.48;3.2;1.3;170.14;292;77;79;43;88279;0.67;5.03;0.35;0.39
2003;3;14;73;-1.6;-5.1;-8.3;-7.4;-8.7;-10;-1.2;-0.8;0.48;3.2;1.3;171.31;298;82;72;58;88174;0.45;0.3;0.35;0.39
2003;3;15;74;-0.6;-5.1;-8.4;-7.5;-8.9;-10.1;-1.7;-0.5;0.48;3.2;1.3;171.09;309;91;88;57;88614;0.47;0.15;0.35;0.39
2003;3;16;75;1;-3.9;-8.3;-4.7;-7.6;-10.7;-1.2;-0.1;0.48;3.2;1.3;170.8;319;94;89;68;88961;0.26;0.01;0.35;0.39
2003;3;17;76;4.7;-2.4;-13.8;-3.8;-8.6;-16.7;0.2;0.2;0.47;3.3;1.3;170.54;348;102;103;78;88485;0.17;0;0.35;0.39
2003;3;18;77;3.8;-1.6;-9;-3.1;-6.3;-11.8;-0.7;0.2;0.47;3.3;1.3;170.25;368;110;112;81;88228;0.21;0;0.35;0.39
2003;3;19;78;4.4;-1.3;-8.9;-2;-6.1;-12.5;0.3;0.3;0.46;3.3;1.3;169.64;381;113;110;80;88067;0.14;0;0.35;0.39
2003;3;20;79;5.6;-0.3;-8.4;-2.6;-6.3;-11.1;0.8;0.2;0.46;3.3;1.3;168.36;395;118;119;85;87892;0.28;0;0.35;0.39
2003;3;21;80;4.9;-1;-7;-2.9;-5.7;-9.6;-0.7;0;0.45;3.3;1.3;166.86;394;116;116;83;87688;0.3;0;0.35;0.39
2003;3;22;81;5.2;-0.5;-5.3;-2.3;-4.8;-7.5;-0.8;-0.1;0.45;3.3;1.3;165.11;410;123;121;90;87796;0.27;0;0.35;0.39
2003;3;23;82;5.9;0.2;-7.2;-1.7;-5.7;-9.9;-0.2;0.3;0.44;3.3;1.3;162.88;415;125;127;88;88113;0.22;0;0.35;0.39
2003;3;24;83;8.3;2.4;-6.3;-1.8;-5.2;-9;0.5;0.5;0.43;3.4;1.4;159.43;421;128;115;81;88365;0.23;0;0.35;0.39
2003;3;25;84;7.8;2.8;-5.7;-0.8;-4.2;-7.8;-0.2;0.3;0.42;3.4;1.4;154.25;428;130;110;79;87968;0.22;0;0.35;0.39
2003;3;26;85;8.1;3;-4.8;0.4;-2.6;-6.7;-0.3;0.4;0.41;3.4;1.4;147.39;417;123;97;68;87553;0.16;0.24;0.36;0.39
2003;3;27;86;11.3;3.7;-4.9;1.2;-2.8;-7;0.2;0.7;0.4;3.4;1.4;138.91;403;121;96;61;87534;0.15;0.14;0.36;0.39
2003;3;28;87;12.3;4.7;-4.3;3.3;-1.9;-6.2;0.1;0.6;0.39;3.4;1.4;129.15;433;126;99;57;87298;0.14;0.27;0.37;0.39
2003;3;29;88;9.8;4.4;-2.1;5.3;0.5;-4;0.2;0.5;0.38;3.4;1.4;118.48;338;106;75;44;87237;0.09;0.79;0.38;0.39
2003;3;30;89;10.6;4.7;-2.9;5.5;1.5;-4;0.2;0.4;0.36;3.4;1.4;108.21;403;115;76;42;87246;0.27;2.86;0.39;0.39
2003;3;31;90;5.9;3.3;0.3;4.7;1.4;-1.7;-0.1;-0.2;0.34;3.5;1.4;99.8;241;75;63;28;87580;0.25;5.85;0.4;0.39
2003;4;1;91;10.5;4.1;-4.2;2.2;-1.1;-5.3;0.6;0.6;0.33;3.5;1.4;91.98;531;166;117;80;87451;0.75;0.01;0.4;0.39
2003;4;2;92;0.8;-0.7;-3.2;0.1;-2.3;-4.9;1;0.2;0.38;3.5;1.4;92.68;180;45;41;23;86292;0.55;16.22;0.41;0.39
2003;4;3;93;0;-2.4;-4.2;-2.3;-4;-5.8;0.3;-1;0.49;3.5;1.4;102.75;255;72;51;27;86953;0.43;9.33;0.4;0.39
2003;4;4;94;0.4;-2;-4.6;-4.7;-6.4;-7.8;-0.1;-0.8;0.5;3.5;1.4;106.6;280;87;63;42;87796;0.5;1.58;0.4;0.4
2003;4;5;95;3.3;-0.1;-4.1;-0.4;-4.4;-8.8;1.7;-0.3;0.5;3.5;1.4;106.72;281;82;65;37;87571;0.39;6.7;0.4;0.4
2003;4;6;96;-1.6;-4.3;-7.6;-2.3;-7.9;-12.9;0.8;-1.8;0.52;3.5;1.4;116.07;275;67;64;32;87258;0.77;9.79;0.4;0.4
2003;4;7;97;-5.7;-7.8;-9.8;-12.2;-13.6;-15.7;0;-1.2;0.53;3.6;1.4;123.06;333;91;88;52;87236;0.47;4.21;0.4;0.4
2003;4;8;98;-1.9;-6;-12.8;-10;-13;-17.6;-0.3;-0.1;0.53;3.6;1.4;123.99;390;122;105;73;87269;0.25;0.13;0.39;0.4
2003;4;9;99;-0.4;-3.4;-6.6;-5.5;-8;-10.9;0.1;-0.2;0.53;3.6;1.4;126.19;306;87;60;28;86621;0.25;3.64;0.39;0.4
2003;4;10;100;2.2;-1.3;-4.1;-1.3;-4.5;-7.5;0.2;-0.1;0.52;3.6;1.4;127.9;168;62;47;25;85989;0.17;4.13;0.39;0.4
2003;4;11;101;2.7;-1.1;-4.2;-5.5;-6.8;-8.6;0.3;-0.3;0.52;3.6;1.4;129.66;365;120;107;69;86678;0.45;0.34;0.39;0.4
2003;4;12;102;4.8;0.3;-5.7;0.1;-3.6;-9.3;0.3;0.3;0.51;3.6;1.4;128.22;263;77;61;37;87185;0.05;1.27;0.39;0.4
2003;4;13;103;7.3;2.2;-3.7;0.6;-1.8;-4.5;-0.7;0.3;0.49;3.6;1.4;124.66;404;131;95;67;87766;0.18;0.02;0.39;0.4
2003;4;14;104;11.3;4;-5.7;2.1;-2.1;-8.4;-0.7;0.4;0.45;3.7;1.5;118.25;465;153;115;82;87518;0.55;0;0.4;0.4
2003;4;15;105;11.7;5.1;-4.5;2.8;-0.7;-6.4;-0.9;0.1;0.4;3.7;1.5;111.11;511;166;109;77;87768;0.87;0;0.4;0.4
2003;4;16;106;11.9;5.8;-3.4;3.4;0.3;-4.5;-0.8;-0.1;0.36;3.7;1.5;103.56;538;176;108;76;87894;0.97;0;0.4;0.4
2003;4;17;107;10.6;6;-0.1;2.8;0.1;-2.7;-0.8;-0.5;0.34;3.7;1.5;95.43;548;180;104;75;88071;1.06;0;0.4;0.4
2003;4;18;108;8.5;4.1;-1.5;-0.1;-2.1;-3.5;0.1;-0.9;0.33;3.7;1.5;88.97;530;173;118;69;87773;1.26;0.22;0.41;0.4
2003;4;19;109;6.1;1.9;-1.8;1.2;-1.1;-3.4;-1;-0.6;0.32;3.7;1.5;85.41;385;115;81;43;86899;0.86;1.68;0.4;0.4
2003;4;20;110;11.6;4.8;-2.6;1;-1.9;-4.6;-0.6;1.6;0.31;3.8;1.5;80.17;557;183;101;75;86874;1.57;0.02;0.41;0.4
2003;4;21;111;10.1;4.2;-1.2;4.6;0.6;-3.6;0.5;0.8;0.29;3.8;1.5;73.71;499;143;96;56;87111;1.07;3.23;0.41;0.4
2003;4;22;112;9.6;4.3;-1.8;5.5;2;-3;0.5;0.4;0.28;3.8;1.5;67.75;497;150;72;46;87221;1.25;8.31;0.41;0.4
2003;4;23;113;10.3;5.2;-2.2;4.4;1.3;-3.1;0.4;0.2;0.26;3.8;1.5;60.78;567;182;84;58;87181;1.47;1.28;0.41;0.41
2003;4;24;114;11.1;6.3;-1;3.4;0;-2.6;0.2;0;0.25;3.8;1.5;54.42;522;189;95;69;87536;1.79;0.14;0.41;0.41
2003;4;25;115;14.8;7.6;-2.6;6.6;1.4;-3.5;-0.2;0.5;0.24;3.8;1.5;48.38;637;197;105;67;87566;1.89;0.15;0.41;0.41
2003;4;26;116;17.1;8.7;0.1;7.2;3.5;-1.4;0.7;0.5;0.23;3.9;1.5;41.54;625;169;96;42;87180;2.12;7.08;0.41;0.41
2003;4;27;117;9.8;6.3;3.1;3.9;2.2;0.6;1.5;0.3;0.23;3.9;1.5;34.58;567;165;75;46;87340;1.94;2;0.41;0.41
2003;4;28;118;16.8;9.1;-0.6;7.3;2.2;-1.6;-0.3;0.7;0.23;3.9;1.5;28.68;527;182;96;62;87150;2.14;0;0.4;0.41
2003;4;29;119;16.1;10.1;1.8;8.4;4.6;-0.4;0.1;0.4;0.23;3.9;1.6;21.75;627;191;92;61;87407;2.06;1.2;0.4;0.42
2003;4;30;120;18.7;10.6;4.2;9.9;6.4;2.9;0.6;0.7;0.21;3.9;1.6;14.68;571;167;94;41;87306;2.54;14.93;0.4;0.42
2003;5;1;121;13.3;8.7;4;4.6;2.8;1.3;0.1;-0.1;0.19;3.9;1.6;8.17;505;174;73;46;87910;2.51;0.35;0.4;0.42
2003;5;2;122;16.4;9.7;3.4;10.4;6;1.6;-0.1;0.3;0.15;4;1.6;4.6;558;152;97;55;87518;1.89;6.43;0.4;0.42
2003;5;3;123;11.9;7.4;3.6;5;1.3;-2;1.3;0;0.14;4;1.6;2.69;687;198;127;59;88020;3.36;6.98;0.4;0.42
2003;5;4;124;20.2;10.7;-1.8;10;3.2;-3.3;-0.4;0.4;0.13;4;1.6;1.4;780;273;133;96;87978;3.92;0;0.4;0.42
2003;5;5;125;24.1;13.9;2.3;12;6.6;0.8;-0.4;1.4;0.12;4;1.6;0.55;761;259;125;88;87604;4.32;0.48;0.39;0.42
2003;5;6;126;23.4;15.6;6.7;12.5;8.4;5;0.2;0.3;0.12;4;1.6;0.18;773;263;130;82;87696;4.45;0.55;0.38;0.42
2003;5;7;127;22.1;16.1;10.2;13.9;10.8;8.2;-0.4;-0.4;0.11;4;1.6;0.05;763;264;119;82;87971;3.87;0.2;0.37;0.42
2003;5;8;128;21.5;13.8;6.4;13;9.7;4.9;0.3;0.4;0.11;4.1;1.6;0;703;242;114;76;87829;3.7;5.52;0.37;0.42
2003;5;9;129;15.9;10.9;6.8;10.7;8.8;6.4;0.3;0.3;0.11;4.1;1.6;0;566;170;93;48;87735;2.87;12.19;0.37;0.42
2003;5;10;130;13.9;10;5.2;10.3;8;4.7;-0.2;-0.3;0.11;4.1;1.6;0;498;153;87;36;87795;2.53;13.87;0.37;0.42
2003;5;11;131;14.3;10.3;5.6;10.4;8.6;5.5;-0.2;-0.2;0.11;4.1;1.6;0;580;155;75;37;87799;2.65;13.74;0.39;0.42
2003;5;12;132;13.4;9.1;3.5;9.4;6.3;3.2;0.3;0.3;0.11;4.1;1.6;0;468;138;78;47;87661;2.5;4.63;0.39;0.42
2003;5;13;133;9.7;5.8;2.3;9;5.3;2.1;0.9;0.1;0.11;4.1;1.7;0.02;204;51;51;18;87448;1.57;17.91;0.39;0.42
2003;5;14;134;6.4;2.9;-0.6;2.8;0.4;-2.7;0.9;-0.2;0.12;4.2;1.7;0.31;532;185;78;59;87738;2.85;5.27;0.4;0.42
2003;5;15;135;7;2.7;-2.9;1.7;-0.4;-4.1;0.1;-0.2;0.13;4.2;1.7;0.46;705;239;98;78;87844;2.92;2.97;0.4;0.42
2003;5;16;136;12.9;6.3;-2;3.7;0.1;-3.2;-0.2;0.1;0.12;4.2;1.7;0.3;769;278;123;92;87443;3.56;0.01;0.39;0.41
2003;5;17;137;13.7;7.6;0.7;7.7;3.4;-1.2;0.2;0.5;0.12;4.2;1.7;0.08;565;195;92;60;87395;2.8;3.38;0.39;0.41
2003;5;18;138;14.6;8.7;0.6;8.5;5.4;0.3;0.5;0.6;0.12;4.2;1.7;0;585;194;85;55;87673;2.89;0.57;0.38;0.41
2003;5;19;139;20;12.1;4.4;13.3;7.2;3;0.6;0.3;0.12;4.2;1.7;0;772;249;113;63;87520;4.45;7.79;0.38;0.41
2003;5;20;140;8.3;6.2;3.3;5.9;3.8;1.3;1.3;0.1;0.12;4.2;1.7;0;396;110;64;34;87681;2.63;9.93;0.39;0.41
2003;5;21;141;7.6;4.6;2;4;1.4;-0.2;1.6;0;0.12;4.2;1.7;0.02;575;196;79;53;88064;3.66;7.8;0.39;0.41
2003;5;22;142;8.6;5.7;1.6;5.4;2.6;-0.1;1.3;0.3;0.12;4.2;1.7;0.01;389;133;61;28;88289;2.35;5.31;0.39;0.41
2003;5;23;143;17.8;11.4;5.9;9.6;6.6;4;0.4;0.4;0.12;4.3;1.7;0;697;226;120;58;87830;3.76;0.99;0.39;0.41
2003;5;24;144;21.2;13.7;3;12.5;7.1;2.2;0;0.7;0.12;4.3;1.7;0;763;273;117;85;87024;4.49;0.15;0.38;0.41
2003;5;25;145;14.1;11.3;8.6;9.9;8.8;6.5;0.1;-0.8;0.12;4.3;1.7;0;350;127;53;29;87281;2.34;6.85;0.38;0.41
2003;5;26;146;13.6;10.5;8.2;10.4;9.3;8;-0.1;-1;0.12;4.3;1.7;0;373;100;42;9;87740;1.79;2.17;0.38;0.41
2003;5;27;147;15.9;12.5;9.9;12.5;10.6;9.4;-0.7;-0.8;0.12;4.3;1.7;0;493;141;53;24;87928;2.49;4.48;0.38;0.41
2003;5;28;148;17.4;12.7;9.4;12.3;10.4;9.3;-0.5;-0.3;0.12;4.3;1.7;0;603;173;67;34;87837;3.15;6.53;0.38;0.41
2003;5;29;149;18.2;12.5;7.9;12.7;10.5;7.8;-0.4;0.2;0.12;4.3;1.7;0;659;191;81;44;87590;3.1;4.16;0.38;0.41
2003;5;30;150;18.8;13.1;5.5;13.5;10.2;5.1;0.1;0.4;0.12;4.3;1.7;0;618;230;112;66;87523;3.5;2.21;0.38;0.41
2003;5;31;151;19.2;13.4;6.9;12.4;9.9;6.1;0.5;0.5;0.12;4.3;1.7;0;654;226;96;66;87482;3.66;6.26;0.37;0.41
2003;6;1;152;18.4;13.8;6.9;12.3;9.3;6;-0.3;0.1;0.12;4.3;1.7;0;649;234;95;66;87383;4.06;1.56;0.37;0.41
2003;6;2;153;20.2;14.6;6.2;12.9;8.3;4.9;0.1;0.2;0.12;4.3;1.7;0;755;271;115;84;87342;4.57;0.17;0.37;0.41
2003;6;3;154;20.7;15.7;8.2;10.8;8.7;6.6;-0.4;0;0.12;4.4;1.8;0;797;278;120;81;87556;4.79;0.02;0.36;0.41
2003;6;4;155;21.9;15.7;8.5;15.2;11.5;7.2;0;0.6;0.12;4.4;1.8;0;725;235;114;69;87788;3.89;2.38;0.36;0.41
2003;6;5;156;22.9;15.9;9.6;15.1;12.1;8.4;0.2;0.5;0.12;4.4;1.8;0;700;211;100;59;88027;3.88;7.3;0.35;0.41
2003;6;6;157;20.1;14.8;9.3;15.4;12.6;9;-0.2;0.1;0.12;4.4;1.8;0;610;201;83;49;88084;3.52;4.91;0.36;0.41
2003;6;7;158;21.6;15.6;8.5;15.4;12.5;8.3;-0.4;0.2;0.12;4.4;1.8;0;669;237;99;60;87933;3.96;0.97;0.35;0.41
2003;6;8;159;21.8;15.9;9.2;16.1;12.5;9;0.5;0.7;0.12;4.4;1.8;0;652;233;92;59;87747;4.16;3.93;0.35;0.41
2003;6;9;160;19.4;15.3;11.7;14.9;12.8;9.7;0;0;0.12;4.4;1.8;0;577;185;71;52;88062;3.11;4.99;0.35;0.41
2003;6;10;161;24.2;17.6;8.4;16.2;12.1;7.6;0;0.6;0.12;4.4;1.8;0;709;262;108;75;87992;4.82;0.13;0.35;0.4
2003;6;11;162;22.5;17.8;12.7;16.6;13.7;10.8;0.2;0.3;0.12;4.4;1.8;0;624;217;80;62;88196;3.81;0.99;0.34;0.4
2003;6;12;163;26.1;19.4;11.4;18.3;13.2;9.7;0;0.5;0.12;4.4;1.8;0;739;253;109;71;88148;4.79;0.02;0.34;0.4
2003;6;13;164;22.1;17.6;13.5;16;13.7;12.1;0.5;0.4;0.12;4.4;1.8;0;602;221;99;61;88236;3.88;3.06;0.34;0.4
2003;6;14;165;23.9;17.6;11.4;16.2;12.6;10.5;0.2;0.4;0.12;4.4;1.8;0;757;262;110;72;88098;4.82;2.06;0.33;0.4
2003;6;15;166;19.7;15.7;11.9;14.3;12.6;11.1;0.6;0;0.12;4.5;1.8;0;542;196;75;52;87879;3.63;13.24;0.34;0.4
2003;6;16;167;18.9;15.6;12.4;14;11.7;10.2;0.1;-0.2;0.12;4.5;1.8;0;604;200;90;60;87576;3.45;2.03;0.34;0.4
2003;6;17;168;21.1;16.2;9.6;15.6;11.8;8.7;0.1;0.1;0.12;4.5;1.8;0;704;247;97;70;87438;4.07;1.61;0.34;0.4
2003;6;18;169;16.3;13.3;9.8;12.3;10.5;8.1;1.4;0;0.12;4.5;1.8;0;559;153;74;40;87874;3.36;13.24;0.34;0.4
2003;6;19;170;16.5;13;7.8;10.8;9.2;7.4;1.2;0.1;0.12;4.5;1.8;0;414;145;73;43;88303;2.92;0.85;0.34;0.4
2003;6;20;171;17.9;14.2;9.8;11.3;10.1;8.2;1.9;-0.1;0.12;4.5;1.8;0;518;192;78;47;87976;3.49;4.23;0.34;0.4
2003;6;21;172;18.2;14.1;10.2;10.8;8.5;6.6;0.9;-0.7;0.12;4.5;1.8;0;679;239;117;64;87816;4.47;1.33;0.34;0.4
2003;6;22;173;22.7;16.8;9.8;15.8;10.2;7.1;-0.1;0.1;0.12;4.5;1.8;0;785;294;124;93;87593;4.93;0;0.33;0.4
2003;6;23;174;26.2;18.3;9.4;16;12.2;7.5;0.4;1.1;0.12;4.5;1.8;0;791;271;119;83;87568;4.91;2.02;0.33;0.4
2003;6;24;175;22.6;17.8;12.4;15.1;12.5;9.9;0.6;-0.2;0.12;4.5;1.8;0;696;236;99;66;87960;4.27;2.01;0.33;0.4
2003;6;25;176;21.6;16.9;12.4;15.9;13.7;11.1;0.6;0.2;0.12;4.5;1.8;0;626;223;87;60;87998;3.86;7.38;0.32;0.4
2003;6;26;177;20.2;15.6;10.9;15.4;13.3;10.1;0.5;0.3;0.12;4.5;1.8;0;549;209;82;59;87693;3.72;14.67;0.33;0.4
2003;6;27;178;18.6;14.5;10.4;13.4;12.1;10.1;0.7;0.3;0.12;4.5;1.8;0;557;203;79;54;87565;4.05;19.18;0.34;0.4
2003;6;28;179;18.3;14.4;8.8;13.6;11.8;8.7;0;0.2;0.12;4.5;1.8;0;622;192;78;56;87507;3.32;1.93;0.35;0.4
2003;6;29;180;20.9;16.2;10.4;15.6;11.4;9.3;0.2;0.3;0.12;4.5;1.8;0;699;249;103;77;87241;4.34;0.24;0.35;0.4
2003;6;30;181;25.2;18.9;10.3;17.9;11.6;6.9;0.1;0.6;0.12;4.5;1.9;0;727;254;117;78;86973;4.91;0.16;0.34;0.4
2003;7;1;182;16.7;12.4;8;14.2;10.9;6.1;0.3;0.2;0.12;4.6;1.9;0;199;58;55;25;86794;2.5;20.08;0.35;0.39
2003;7;2;183;15.5;11.5;6.5;8.1;6.2;3.9;1;0.3;0.12;4.6;1.9;0;607;226;90;63;86956;4.21;1.33;0.35;0.39
2003;7;3;184;14;10.7;7.6;10;7.7;6.1;1;0.4;0.12;4.6;1.9;0;502;155;88;53;87212;3.07;5.05;0.35;0.39
2003;7;4;185;12.2;10;8;7.5;5.8;4.5;1.5;0.1;0.12;4.6;1.9;0;424;158;63;48;87488;2.91;2.58;0.35;0.39
2003;7;5;186;13.9;10.9;7.7;8.8;6.9;4.8;1.3;0;0.12;4.6;1.9;0;556;194;72;50;87658;3.18;2.02;0.35;0.39
2003;7;6;187;15.7;12.3;8;10.9;7.9;6.5;0.4;-0.4;0.12;4.6;1.9;0;633;218;89;58;87890;3.42;1.72;0.35;0.39
2003;7;7;188;17;13.8;8.6;12.1;9.2;7.3;0.2;-0.3;0.11;4.6;1.9;0;614;228;87;63;88122;3.63;1.2;0.34;0.39
2003;7;8;189;16.4;14;10.2;12.6;9.8;8.6;0.3;-0.3;0.11;4.6;1.9;0;519;194;76;55;88068;3.17;1.31;0.34;0.39
2003;7;9;190;19.2;14.4;8.5;12.2;9.1;7.5;0.6;-0.2;0.11;4.6;1.9;0;648;225;89;60;87881;4.03;0.91;0.34;0.39
2003;7;10;191;17.8;14.8;10.7;10.7;9.3;8.3;1;-0.3;0.11;4.6;1.9;0;569;218;84;64;87902;3.82;1.07;0.34;0.39
2003;7;11;192;19.5;15.4;10.2;12.7;9.4;7.9;0.7;0.1;0.11;4.6;1.9;0;613;224;94;63;87963;4.03;0.08;0.33;0.39
2003;7;12;193;20.2;16;9.5;11.5;9.9;8;0.7;-0.1;0.11;4.6;1.9;0;541;214;83;61;87986;3.88;0.08;0.33;0.39
2003;7;13;194;19.6;15.9;12.6;10.5;9.5;7.4;-0.2;-0.8;0.11;4.6;1.9;0;748;258;107;76;87856;4.18;0.07;0.32;0.39
2003;7;14;195;21.7;16.3;10.3;10.5;9.3;7.3;-1;-0.4;0.11;4.6;1.9;0;811;298;125;96;87552;4.72;0;0.32;0.39
2003;7;15;196;23.7;17.4;8.9;16.1;10.9;7.7;0.2;0.2;0.11;4.6;1.9;0;790;292;120;91;87420;4.72;0;0.31;0.39
2003;7;16;197;26.2;18.4;10.9;15.4;12.6;9.7;0;0.8;0.11;4.6;1.9;0;739;234;106;68;87404;4.36;8.52;0.31;0.39
2003;7;17;198;16.5;13.4;10.4;15.1;12.7;10.1;0.5;0.1;0.11;4.6;1.9;0;332;82;53;27;87942;2.27;23.73;0.32;0.39
2003;7;18;199;18.7;13.9;8.4;11.3;9.5;8.3;-0.1;-0.3;0.11;4.6;1.9;0;702;243;109;68;88299;4.41;0.77;0.33;0.39
2003;7;19;200;22.5;16.7;9;13.1;10.6;7.9;-0.6;0;0.11;4.6;1.9;0;802;293;122;92;88151;5.05;0;0.33;0.39
2003;7;20;201;24.6;18.1;9.5;16.8;11.8;8.5;0;0.5;0.11;4.6;1.9;0;784;288;122;90;87887;5.22;0;0.32;0.39
2003;7;21;202;25.1;17.8;10.8;17.3;13.3;9.5;0.1;0.8;0.11;4.6;1.9;0;675;211;101;69;87897;3.87;1.7;0.32;0.39
2003;7;22;203;22.1;17.6;12.7;15.1;12.7;11.2;0.3;0.2;0.11;4.6;1.9;0;674;226;96;62;88095;4.11;1.87;0.32;0.39
2003;7;23;204;19.6;16.1;12.2;14.8;12.5;10.8;0.4;0.3;0.11;4.6;1.9;0;655;217;95;65;87960;4.02;8.38;0.32;0.39
2003;7;24;205;20.2;13.6;9.8;13.5;11.2;8.6;0.6;0.3;0.11;4.6;1.9;0;530;121;88;46;87674;2.68;25.87;0.33;0.39
2003;7;25;206;19.1;14.3;8;12.6;9.6;7.2;0.1;0.2;0.11;4.6;1.9;0;663;251;109;75;87678;4.43;0.06;0.34;0.39
2003;7;26;207;21.6;17.1;11.6;17.1;13.1;10;-0.1;0.4;0.11;4.6;1.9;0;658;217;85;55;87639;3.77;0.76;0.33;0.39
2003;7;27;208;25.9;18.2;11.9;16.8;14.2;10.6;0.1;0.4;0.11;4.6;1.9;0;717;233;98;60;87595;4.59;19.16;0.33;0.39
2003;7;28;209;14.4;13;11.1;13.9;12.3;10.6;0.6;-0.3;0.11;4.6;1.9;0;205;67;37;17;88104;2.23;17.73;0.35;0.38
2003;7;29;210;15.3;12.2;7.7;10.2;7.3;5.1;0.4;0.1;0.11;4.6;1.9;0;604;187;101;59;88313;3.75;0.1;0.35;0.38
2003;7;30;211;17.7;13.2;7.2;10.9;6.9;5.5;0.1;0.2;0.11;4.6;1.9;0;674;247;106;78;87958;4.26;0;0.35;0.38
2003;7;31;212;16.5;13;9.5;13.1;10;7.9;0.4;0.1;0.11;4.5;1.9;0;536;163;67;46;87662;2.85;4.29;0.35;0.38
2003;8;1;213;18.1;14.4;11.1;13.2;11.2;9.3;0;0.1;0.11;4.5;1.9;0;363;134;87;42;87965;2.55;0.48;0.35;0.38
2003;8;2;214;22;16.6;9.4;15.2;12.3;9.1;-0.4;0.2;0.11;4.5;1.9;0;707;243;96;70;88148;4.14;0.17;0.34;0.38
2003;8;3;215;25.1;18.1;9.4;17;12.9;8.7;-0.2;0.4;0.11;4.5;1.9;0;778;270;115;85;88313;4.86;0;0.34;0.38
2003;8;4;216;25.5;19;10.5;19.1;14.1;9.8;-0.2;0.5;0.11;4.5;1.8;0;742;254;112;81;88463;4.59;0;0.34;0.38
2003;8;5;217;25.4;19.5;12.1;19;14.8;11.1;0;0.5;0.11;4.5;1.8;0;641;219;98;70;88471;4.02;0.22;0.33;0.38
2003;8;6;218;25.5;19.4;12.8;16.7;13.7;11.5;0.4;0.5;0.11;4.5;1.8;0;733;244;101;71;88387;4.67;1.62;0.33;0.38
2003;8;7;219;24.4;18.5;12.1;15.8;11.9;9.9;0.2;0.3;0.11;4.5;1.8;0;736;261;119;88;88311;4.88;0.01;0.32;0.38
2003;8;8;220;24.7;18.6;10.7;17;10.9;8;0.1;0.8;0.11;4.5;1.8;0;691;250;119;86;88237;4.61;0;0.32;0.38
2003;8;9;221;24.4;19.1;12.6;17.5;12.8;9.2;0.3;0.6;0.11;4.5;1.8;0;544;205;97;70;88210;3.7;0.27;0.31;0.38
2003;8;10;222;25.3;19.5;12.3;15.3;12.2;10;0.6;0.8;0.11;4.5;1.8;0;633;227;105;75;88044;4.19;0.09;0.31;0.38
2003;8;11;223;24.9;19.2;12.4;17.6;12.2;8.6;0.5;0.5;0.11;4.5;1.8;0;672;240;110;83;88127;4.09;0;0.31;0.38
2003;8;12;224;25.3;19.3;12.3;16.8;11.9;8.9;0.3;0.6;0.11;4.5;1.8;0;708;246;117;84;88439;4.17;0;0.3;0.38
2003;8;13;225;27.1;20.2;12.2;14.8;10;7;0.6;0.8;0.11;4.5;1.8;0;676;242;126;87;88304;4.3;0.04;0.3;0.38
2003;8;14;226;24;17.6;12.9;14.3;11.8;9.4;0.5;0.9;0.11;4.5;1.8;0;560;185;99;69;87846;3.31;2.58;0.3;0.38
2003;8;15;227;19;15.4;12.3;14.3;12.4;10.3;0.6;0.3;0.11;4.5;1.8;0;414;142;74;52;87691;2.75;6.7;0.3;0.38
2003;8;16;228;21.4;16;10.2;15.1;12.5;9.7;0;0.3;0.11;4.5;1.8;0;699;196;90;62;87763;3.15;1.15;0.3;0.38
2003;8;17;229;23.5;17.3;11.1;16.2;13;9.8;-0.1;0.8;0.11;4.4;1.8;0;642;192;96;64;87810;3.15;1.47;0.3;0.38
2003;8;18;230;20.3;15.5;12.1;14.9;13;10.8;0.5;0.7;0.11;4.4;1.8;0;580;164;86;56;87934;2.82;10.66;0.3;0.38
2003;8;19;231;19.4;15;10.3;11.7;9.9;8.8;0.7;0.2;0.11;4.4;1.8;0;675;210;97;69;88148;3.56;0.35;0.3;0.38
2003;8;20;232;20.9;15.9;9;14;10.4;7.9;0.2;0.2;0.11;4.4;1.8;0;598;198;96;72;87969;3.2;0.1;0.3;0.38
2003;8;21;233;20.9;16.3;12.5;14.4;12.3;11.1;0.2;0.2;0.11;4.4;1.8;0;625;184;89;58;87837;2.92;1.27;0.3;0.38
2003;8;22;234;20.1;16;11.3;13.4;11.4;9.9;0.6;0.3;0.11;4.4;1.8;0;580;176;83;63;87974;2.76;0.53;0.29;0.38
2003;8;23;235;22.3;16.9;9.6;12.9;9.9;7.9;0.5;0;0.11;4.4;1.8;0;713;237;116;84;88008;3.56;0;0.29;0.38
2003;8;24;236;21.9;17.3;10.3;13;9.8;8.4;0;-0.2;0.11;4.4;1.8;0;729;235;118;86;87786;3.31;0;0.29;0.38
2003;8;25;237;20.3;16.3;12.1;11.5;9.8;8.9;-0.4;-0.5;0.11;4.4;1.8;0;678;221;109;83;87487;2.87;0.06;0.28;0.38
2003;8;26;238;20.3;15.2;8.9;11.3;8.5;6.8;1;0.4;0.11;4.4;1.8;0;593;196;105;75;87465;2.92;0;0.28;0.38
2003;8;27;239;21.2;15.9;8.7;10.6;7.9;6.7;1;0.1;0.11;4.4;1.8;0;652;211;107;80;87353;3;0.01;0.28;0.38
2003;8;28;240;23.1;16.5;9.2;14.7;10.4;7.4;0;0.5;0.11;4.4;1.8;0;630;197;105;71;87101;2.74;0.76;0.28;0.37
2003;8;29;241;19.5;14.2;10.8;14;11.7;8.6;0.4;0.7;0.11;4.3;1.8;0;445;118;74;46;86704;2.07;15.22;0.28;0.37
2003;8;30;242;16;12;9.7;10.7;9;7.6;1.1;0.2;0.1;4.3;1.8;0;554;161;83;60;87301;2.95;5.6;0.29;0.37
2003;8;31;243;9.6;7.8;5.3;8.6;6.6;3.7;0.6;0;0.1;4.3;1.8;0;422;81;83;32;87608;2.64;27.23;0.31;0.37
2003;9;1;244;10.6;7.2;4;5;4.1;2.9;0.5;0;0.1;4.3;1.8;0;428;116;71;51;87657;2.07;3.53;0.31;0.37
2003;9;2;245;9.1;6;2.3;7.4;4.2;2.1;0.3;0;0.1;4.3;1.7;0;477;152;72;55;88041;2.6;4.3;0.32;0.37
2003;9;3;246;11.7;7.2;1.3;3.4;1.7;0.4;-0.9;-0.2;0.1;4.3;1.7;0;617;210;122;85;88425;2.89;0;0.32;0.37
2003;9;4;247;15.5;9.7;2.6;6.7;3.4;1.3;-0.5;0.1;0.1;4.3;1.7;0;702;226;128;96;88564;3.16;0;0.31;0.37
2003;9;5;248;18.4;11.8;2.7;8.4;5.9;1.7;-0.2;0.2;0.1;4.3;1.7;0;692;216;125;83;88098;3.18;0.12;0.31;0.37
2003;9;6;249;15.4;11.8;8;10.2;8.1;6.9;0.3;0.3;0.1;4.3;1.7;0;452;129;77;50;87892;2.05;0.85;0.31;0.37
2003;9;7;250;16.8;11.2;6.4;10.7;8.2;5.4;-0.3;0.5;0.1;4.3;1.7;0;612;169;103;64;87579;2.4;1.16;0.31;0.37
2003;9;8;251;11.9;9.1;5.9;9.7;7.5;5.1;0.2;0.3;0.1;4.3;1.7;0;239;73;59;38;86976;1.26;5.89;0.31;0.37
2003;9;9;252;13.7;9.3;4.6;10.4;7.9;4.5;0.1;-0.4;0.1;4.3;1.7;0;464;124;74;29;86822;2.32;11.68;0.31;0.37
2003;9;10;253;12.5;9.4;4.7;8.7;6.6;4.7;1.1;0.3;0.1;4.2;1.7;0;527;137;69;45;87510;2.35;1.73;0.32;0.37
2003;9;11;254;9.3;7.2;4.4;7.1;4.6;2.2;1.8;0.4;0.11;4.2;1.7;0.07;466;88;74;27;87592;2.72;21.41;0.33;0.37
2003;9;12;255;9.6;7.2;5.4;8.1;6.5;5;1.5;-0.1;0.1;4.2;1.7;0.06;274;67;37;17;88291;1.95;12.69;0.34;0.37
2003;9;13;256;11.5;7.6;3.6;8.7;6.4;3.6;0.3;-0.3;0.1;4.2;1.7;0.01;433;112;64;34;88539;2.32;9.95;0.35;0.37
2003;9;14;257;12.8;7.9;3.9;5.4;4.7;3.8;-1.4;-0.2;0.1;4.2;1.7;0;570;158;105;62;88545;2.48;0.07;0.35;0.37
2003;9;15;258;16.3;9.7;1.4;8.3;5.3;1.2;-0.5;0.1;0.1;4.2;1.7;0;667;204;134;96;88359;2.66;0;0.35;0.37
2003;9;16;259;17.6;10.9;2.6;10.9;6.7;1;0.3;0.3;0.1;4.2;1.7;0;642;194;128;91;88319;2.53;0;0.34;0.37
2003;9;17;260;18.8;11.6;4.1;10.8;7.4;3.1;-0.2;0.4;0.1;4.2;1.7;0;635;197;123;88;88291;2.71;0;0.34;0.37
2003;9;18;261;20.2;12.8;4.3;14;8.8;3.3;0.1;0.6;0.1;4.1;1.7;0;627;191;118;84;88216;2.72;0;0.34;0.37
2003;9;19;262;21.2;14;6;14.7;10;5;-0.1;0.6;0.1;4.1;1.7;0;617;184;112;77;88280;2.72;0;0.34;0.37
2003;9;20;263;21.4;14.8;7.2;15.1;10.9;6.2;0;0.5;0.1;4.1;1.7;0;589;177;108;73;88386;2.63;0;0.33;0.37
2003;9;21;264;19.3;14.2;8.5;13.3;10.8;7.5;0.1;0.6;0.1;4.1;1.6;0;422;142;87;61;88297;2.08;0.12;0.33;0.37
2003;9;22;265;19.4;13.3;7.2;10.7;8.6;6.2;0.3;0.7;0.1;4.1;1.6;0;580;169;112;76;87593;2.58;0.01;0.33;0.37
2003;9;23;266;12;8.7;6.2;10.9;7.8;5.4;0.6;0.1;0.1;4;1.6;0;171;52;66;26;87484;1.58;14.88;0.33;0.37
2003;9;24;267;7.1;5.8;3.6;5.8;4;1.5;-0.8;-0.8;0.09;4;1.6;0;229;58;92;25;88367;1.69;4.36;0.34;0.37
2003;9;25;268;14.4;8;1.5;6.5;3.9;0.8;-0.8;0;0.09;4;1.6;0;619;184;132;97;88401;2.21;0;0.34;0.37
2003;9;26;269;16.4;9.2;1.2;9.7;4.3;0;0.3;0.7;0.09;4;1.6;0;599;178;123;86;88063;2.44;0;0.34;0.37
2003;9;27;270;14.8;10.2;5.9;8.7;6.3;4.2;0;0.4;0.09;4;1.6;0;426;128;81;55;87748;1.79;0.05;0.34;0.37
2003;9;28;271;15.8;10;5.1;9.7;7;4;0.2;0.2;0.09;4;1.6;0;496;136;100;54;87224;2;10.44;0.34;0.37
2003;9;29;272;9.5;7.7;5.3;7.6;5;2.1;0.9;-0.2;0.09;3.9;1.6;0;360;92;82;38;87303;2.03;4.86;0.35;0.37
2003;9;30;273;14;7.9;1.6;7.3;4.8;1.2;-0.7;0.1;0.09;3.9;1.6;0;568;158;106;77;87352;1.79;0.02;0.34;0.37
2003;10;1;274;15.6;8.9;3.3;9.9;5.9;2.4;-0.1;1.3;0.09;3.9;1.6;0;354;78;62;44;87191;1.26;3.94;0.34;0.37
2003;10;2;275;17;10.7;4.6;11.1;7.8;3.7;0;0.8;0.09;3.9;1.6;0;440;122;86;57;87432;1.79;0;0.34;0.37
2003;10;3;276;14.2;9.8;6.1;12.2;8.3;5.1;0.4;0.9;0.09;3.9;1.6;0;278;72;55;41;87169;1.12;5.19;0.34;0.37
2003;10;4;277;11;7.9;5.8;7.9;7;5.7;0.7;0.2;0.09;3.8;1.5;0;234;58;48;21;86705;1.76;19.29;0.35;0.37
2003;10;5;278;5.4;1.5;-0.4;5.3;1.3;-0.6;1.2;-0.3;0.34;3.8;1.5;12.73;48;11;11;4;86350;0.69;60.96;0.38;0.37
2003;10;6;279;4.1;0.7;-2.3;-0.3;-2.9;-5.6;1.2;0.6;0.52;3.8;1.5;36.62;276;73;94;51;87191;0.87;5.09;0.39;0.37
2003;10;7;280;4.5;1.3;-2.3;1.7;-0.4;-4.9;1.4;0.9;0.5;3.8;1.5;35.18;128;34;34;12;86572;0.22;18.92;0.39;0.37
2003;10;8;281;1.6;0.1;-1.7;-0.7;-2.4;-3.3;2.1;0.8;0.5;3.8;1.5;40.22;117;25;64;23;87063;0.61;9.97;0.4;0.37
2003;10;9;282;5.1;3.9;2.1;4.2;3.2;0.2;1.9;0.3;0.48;3.7;1.5;36.91;84;16;17;2;87457;-0.29;20.4;0.42;0.37
2003;10;10;283;10.4;7.4;5;6.6;5.1;3.2;1.1;0.1;0.41;3.7;1.5;26.2;305;80;71;32;87894;0.52;0.39;0.42;0.37
2003;10;11;284;11.1;7.9;3.5;6.4;4.5;2.3;0.3;0;0.34;3.7;1.5;18.37;363;90;86;50;88112;0.81;0;0.42;0.38
2003;10;12;285;11.7;7.3;3.5;6.8;5.2;3.4;-0.6;-0.3;0.29;3.7;1.5;13.22;331;85;78;52;88054;0.57;0.18;0.42;0.38
2003;10;13;286;11;5.6;2.2;5.7;3.8;1.9;-0.5;-0.3;0.26;3.7;1.5;9.1;349;97;90;61;87890;0.63;0;0.42;0.38
2003;10;14;287;7.4;3.4;0.3;3.8;1.3;-0.4;-1.1;-0.4;0.22;3.6;1.5;5.97;405;100;89;51;87996;0.79;0.05;0.41;0.39
2003;10;15;288;7.9;2.7;-1.7;0.2;-0.7;-2;-1.3;-0.3;0.18;3.6;1.5;3.94;478;130;127;94;88160;1.16;0;0.41;0.39
2003;10;16;289;7.7;2;-1.3;0;-1.2;-2.5;-1.3;-0.3;0.14;3.6;1.5;2.77;486;130;126;94;88087;1.03;0;0.41;0.39
2003;10;17;290;8;2;-2.6;0.8;-1.7;-3.9;-1;-0.1;0.13;3.6;1.4;1.99;491;133;127;95;87737;1;0;0.4;0.39
2003;10;18;291;9.6;3;-2.5;3.5;-0.4;-4.1;-0.2;0.5;0.12;3.6;1.4;1.4;492;132;129;90;87043;0.95;0;0.4;0.39
2003;10;19;292;9.9;4;-1;2.4;-0.6;-3.6;0;0.5;0.1;3.6;1.4;0.96;480;127;119;71;86603;1.2;0;0.4;0.39
2003;10;20;293;7.5;4.4;1.4;5.8;2.9;-0.4;0;0.4;0.1;3.6;1.4;0.64;274;64;57;30;85880;0.84;4.63;0.4;0.39
2003;10;21;294;4;1.6;0;3.7;0.6;-1.7;0.7;0;0.1;3.6;1.4;0.86;259;51;57;34;86342;0.99;4.62;0.4;0.39
2003;10;22;295;1.7;0;-1.6;-1.3;-2.3;-3.1;-0.8;-0.5;0.13;3.6;1.4;1.86;171;45;65;39;86753;0.69;1.25;0.4;0.39
2003;10;23;296;2.4;-1.2;-3.7;-0.3;-2.6;-4.8;-0.9;-1;0.2;3.5;1.4;4.45;250;52;66;32;86235;0.44;11.16;0.39;0.39
2003;10;24;297;-3.2;-5;-7.1;-4.9;-7.5;-8.8;-0.1;-0.9;0.48;3.5;1.4;14.86;148;37;63;28;86939;0.42;3.11;0.39;0.39
2003;10;25;298;-0.9;-6.2;-15.5;-7.6;-10.8;-16.8;0.8;0.6;0.48;3.5;1.4;15.17;268;68;99;64;87469;0.48;0;0.39;0.39
2003;10;26;299;1.2;-3.3;-10.5;-4.6;-9.4;-15.6;0.1;0.5;0.46;3.5;1.4;14.6;244;61;95;59;87068;0.41;0;0.39;0.39
2003;10;27;300;1.1;-3.6;-7.7;-4.5;-6.9;-9.3;-0.5;0.3;0.44;3.5;1.4;14.04;285;74;114;69;87252;0.31;0;0.39;0.39
2003;10;28;301;5.1;-3.4;-9.7;-3;-8.4;-13.3;0;0.9;0.42;3.5;1.4;13.32;293;74;112;68;87267;0.28;0;0.39;0.39
2003;10;29;302;6.2;-0.8;-7.6;0.1;-4.2;-10.7;0.2;0.9;0.38;3.5;1.4;12.1;261;51;78;34;86174;0.16;3.31;0.39;0.39
2003;10;30;303;0.8;-2.2;-7.4;0.2;-3.3;-9;0.4;0.8;0.39;3.5;1.4;13.23;100;28;91;40;85400;0.34;4.37;0.39;0.39
2003;10;31;304;5.7;0.1;-6.6;1;-2.9;-8.6;-0.5;1.7;0.37;3.5;1.4;12.91;208;50;57;36;84892;0.45;1.34;0.39;0.39
2003;11;1;305;1.9;0.6;-1.2;1.7;-0.1;-2;0.4;0.7;0.37;3.5;1.4;13.72;50;13;36;17;85594;0.01;13;0.4;0.39
2003;11;2;306;5.4;0.7;-3.3;2.4;-1.2;-5;0.4;0.8;0.36;3.5;1.4;13.31;243;57;91;47;86739;0.49;0.13;0.4;0.39
2003;11;3;307;9.5;2.5;-4.3;1.4;-1.9;-7.3;0.6;0.9;0.32;3.4;1.4;11.12;261;54;74;39;87549;0.46;0.02;0.4;0.39
2003;11;4;308;8.2;3.9;-0.4;2.5;-0.2;-2.5;0;0.3;0.29;3.4;1.4;9.01;303;75;101;63;88597;0.52;0;0.4;0.39
2003;11;5;309;10.8;3.3;-1.8;5.4;-0.2;-5;-0.4;0.7;0.25;3.4;1.4;7.05;329;81;110;73;88630;0.41;0;0.4;0.39
2003;11;6;310;8.1;2;-1.7;1.8;-1.4;-5.1;-0.3;0;0.21;3.4;1.4;5.38;332;79;106;62;88400;0.53;0.04;0.4;0.39
2003;11;7;311;3.6;-0.6;-2.7;-2.1;-3.3;-5.5;-1.5;-0.3;0.2;3.4;1.4;4.78;302;73;105;67;87971;0.6;0.15;0.4;0.4
2003;11;8;312;4.2;-0.2;-2.9;2.1;-3;-6.2;-0.4;1.1;0.19;3.4;1.4;4.61;244;51;72;51;87605;0.26;1.84;0.4;0.4
2003;11;9;313;9.8;2.2;-4;6.4;0.5;-5.5;-0.1;0.9;0.18;3.4;1.4;3.96;345;82;104;67;88042;0.48;0;0.4;0.4
2003;11;10;314;8.1;2.3;-1.7;3.9;0.2;-3.7;-0.1;0.4;0.15;3.4;1.4;2.96;302;73;92;61;87864;0.32;0;0.4;0.4
2003;11;11;315;7.5;1.8;-1.8;2.1;-1;-4.2;0;0.4;0.13;3.4;1.4;2.33;336;80;109;68;87764;0.39;0;0.39;0.4
2003;11;12;316;6.4;1.1;-3.3;1.3;-1.8;-5;0.3;0.5;0.12;3.4;1.4;1.89;355;79;108;56;87653;0.27;1.41;0.39;0.4
2003;11;13;317;2.8;1.5;-0.2;2.8;1.2;-1.1;0.5;0.5;0.17;3.3;1.4;3.35;68;12;34;4;88034;0.16;20.69;0.4;0.4
2003;11;14;318;6;0.8;-3.3;2;-0.9;-4.3;0.1;0.6;0.17;3.3;1.3;3.44;308;66;95;48;87816;0.61;0.16;0.41;0.4
2003;11;15;319;6.4;1.6;-1.9;1.2;-1.4;-4.6;-0.2;0.7;0.16;3.3;1.3;3.05;291;66;95;48;87464;0.54;0.19;0.41;0.4
2003;11;16;320;8.2;1.5;-3.2;2.2;-2.9;-7.6;0.1;1.3;0.15;3.3;1.3;2.57;308;70;93;53;87148;0.46;0.85;0.4;0.4
2003;11;17;321;3.1;0.3;-4;0.7;-1.5;-5.5;0.9;0.2;0.17;3.3;1.3;3.54;214;42;79;34;87902;0.68;5.82;0.41;0.4
2003;11;18;322;4.7;0.8;-4.9;2.1;-1.7;-6.9;0.6;1.2;0.18;3.3;1.3;3.71;55;14;51;13;88248;0.16;0.75;0.4;0.4
2003;11;19;323;9.8;2;-2.8;7.4;0.6;-3.8;0.3;1.2;0.16;3.3;1.3;3.03;288;65;92;55;88184;0.3;0;0.4;0.4
2003;11;20;324;11.1;1.8;-3.7;7.5;-0.3;-5.3;0.1;1.3;0.14;3.3;1.3;2.24;311;70;102;63;87762;0.3;0;0.4;0.4
2003;11;21;325;11;2.4;-2.8;5.5;-1.1;-5.5;0;1.5;0.12;3.3;1.3;1.67;315;71;104;64;87386;0.33;0;0.4;0.4
2003;11;22;326;9.8;2.8;-2;4.4;-0.3;-3.8;-0.1;1.8;0.11;3.3;1.3;1.26;295;63;93;57;87143;0.34;0;0.4;0.4
2003;11;23;327;10.2;4;0.5;4.7;0.8;-1.5;-0.2;1.9;0.1;3.3;1.3;0.96;271;60;96;56;86908;0.45;0;0.4;0.4
2003;11;24;328;10.6;5;1.9;5.4;1.9;0;-0.1;1.7;0.09;3.3;1.3;0.71;243;53;85;42;86764;0.43;0.02;0.39;0.4
2003;11;25;329;9.4;4.9;1.7;4.2;2.1;-0.5;0.1;0.4;0.09;3.3;1.3;0.55;295;60;85;34;86960;0.48;0.44;0.39;0.4
2003;11;26;330;6.4;2.6;-1;5.1;1.6;-1.9;0;0.9;0.09;3.3;1.3;0.42;177;37;57;43;86399;0.22;0.69;0.39;0.4
2003;11;27;331;6.4;1.4;-2.2;2.6;-0.3;-3.6;-0.1;0.5;0.08;3.3;1.3;0.32;216;45;80;46;85617;0.43;1.86;0.39;0.4
2003;11;28;332;0.3;-0.5;-1.5;0;-1.2;-2.8;1.4;0.3;0.3;3.3;1.3;8.72;57;11;14;10;86279;0.47;19.69;0.39;0.4
2003;11;29;333;0.7;-2.8;-12.2;-2.3;-4.4;-13.4;0.6;0.6;0.51;3.3;1.3;21.59;108;21;77;32;86930;0.22;4.07;0.39;0.4
2003;11;30;334;1.6;-5.1;-13.2;-1.2;-7.5;-14.9;0;1.7;0.5;3.3;1.3;22.07;133;26;56;29;86825;0.25;0.03;0.39;0.4
2003;12;1;335;3.6;-0.5;-3.5;0.1;-3.3;-5.9;-0.2;2.1;0.49;3.3;1.3;21.07;162;35;84;54;86642;0.3;0;0.39;0.4
2003;12;2;336;4.8;1.6;-0.8;2.4;-1;-3.3;-0.2;2.1;0.46;3.3;1.3;19.05;132;28;76;46;87224;0.05;0;0.39;0.4
2003;12;3;337;7.7;2.2;-2.1;5.2;-0.1;-4;-0.2;1.4;0.42;3.3;1.3;16.65;138;29;77;44;87630;-0.04;0;0.39;0.4
2003;12;4;338;9;1.9;-3.2;4.9;-1.1;-5.3;0.1;1.2;0.38;3.3;1.3;14.87;180;38;88;47;87747;0.07;0;0.39;0.4
2003;12;5;339;7.8;2;-1.8;2.2;-1.1;-4.6;0.2;0.7;0.35;3.3;1.3;13.09;202;43;93;53;88123;0.22;0;0.39;0.4
2003;12;6;340;4.4;-0.5;-5;-0.2;-3.2;-6.4;0.3;-0.3;0.34;3.3;1.3;12.7;192;39;81;42;87625;0.35;3.75;0.39;0.4
2003;12;7;341;-2.8;-5.3;-7.4;-6.8;-9.6;-11.4;-1.5;-0.4;0.38;3.3;1.4;14.66;187;40;112;66;87840;0.39;0.13;0.39;0.4
2003;12;8;342;1.1;-3.6;-7.7;-6.8;-10.6;-14.5;-0.3;0.6;0.37;3.3;1.4;14.39;205;44;108;67;87827;0.13;0;0.39;0.4
2003;12;9;343;4.5;-3.7;-9.6;-1.3;-8.8;-15.7;-0.1;1.1;0.36;3.3;1.4;13.88;205;44;103;62;87282;0.06;0;0.39;0.4
2003;12;10;344;2.3;-4;-8.5;-2.7;-8.7;-13.3;0;1.5;0.35;3.3;1.4;13.46;205;43;104;58;87107;0.1;0;0.39;0.4
2003;12;11;345;4.4;-1.6;-5;-0.8;-5.3;-8.8;0.1;1;0.34;3.3;1.4;12.96;207;43;99;50;87458;0.05;0.04;0.38;0.4
2003;12;12;346;2.7;-0.7;-4.9;1.6;-2;-6;0.4;0.8;0.33;3.3;1.4;12.9;58;10;56;19;87857;0.03;2.13;0.38;0.4
2003;12;13;347;4.3;-0.8;-6;1.4;-3.8;-9;0.4;1.5;0.31;3.3;1.4;12.24;103;22;53;28;87659;0.14;0.08;0.38;0.4
2003;12;14;348;3;-0.4;-3.3;2.3;-1.6;-5.3;2.4;0.3;0.32;3.3;1.4;12.94;95;18;59;25;86816;0.5;13.92;0.39;0.4
2003;12;15;349;-3.3;-4.9;-6.5;-5.1;-7.4;-9.3;2.5;-0.4;0.47;3.3;1.4;23.25;74;15;62;27;87014;0.38;15.01;0.39;0.4
2003;12;16;350;-5.6;-6.9;-8;-8;-8.9;-10.3;1.9;-0.3;0.53;3.3;1.3;36.39;64;13;49;25;87811;0.18;8.76;0.39;0.4
2003;12;17;351;-2.8;-7.8;-14.4;-6.2;-10.6;-16.2;-0.1;1;0.53;3.3;1.3;39.5;113;23;53;34;88001;0.06;0.01;0.39;0.4
2003;12;18;352;0.3;-9.5;-17.1;-4.2;-12.9;-19.4;0.1;1.5;0.52;3.3;1.3;39.46;149;31;78;47;87755;0.04;0;0.39;0.4
2003;12;19;353;-0.6;-7.5;-15.5;-3.9;-10.4;-17.6;0.3;1.6;0.52;3.3;1.3;39.44;117;24;56;27;87726;0.1;0.07;0.39;0.4
2003;12;20;354;2.8;-4.1;-8.7;-1.2;-6.8;-11.2;0.1;1.5;0.51;3.3;1.3;39.19;147;30;81;39;87634;0.09;0.14;0.38;0.4
2003;12;21;355;0.9;-1.9;-4.7;-1.7;-4.9;-7.1;1.2;1.1;0.51;3.2;1.3;40.64;109;17;78;29;86567;0.36;5.89;0.38;0.4
2003;12;22;356;-4.6;-6.8;-10.1;-6.6;-9;-12.4;1.4;-0.1;0.52;3.2;1.3;48.5;72;14;59;27;86872;0.12;10.53;0.38;0.4
2003;12;23;357;-9.4;-14.2;-25.2;-12.7;-18.3;-28.3;0.7;0.7;0.53;3.2;1.3;55.86;146;31;100;62;87814;0.1;1.8;0.38;0.4
2003;12;24;358;-10.2;-21.7;-30.9;-16.5;-26.2;-34.1;0;1.5;0.53;3.2;1.3;56.11;159;34;86;55;88094;-0.01;0;0.38;0.4
2003;12;25;359;-1.9;-14.8;-25.5;-7.8;-18.9;-28.9;0.2;1.6;0.52;3.2;1.3;56.11;147;30;61;31;88018;0;0;0.38;0.4
2003;12;26;360;-0.4;-10.4;-16.8;-4.2;-13;-19;0.1;1.7;0.52;3.2;1.3;56.12;150;31;76;42;87352;0.05;0;0.38;0.4
2003;12;27;361;1.4;-6.5;-12;-3.6;-9.7;-14.2;0.1;1.5;0.52;3.2;1.3;56.06;128;25;60;36;86629;0.02;0;0.38;0.4
2003;12;28;362;-0.2;-4.9;-11.1;-3.2;-7.6;-13.3;0.3;1.4;0.51;3.2;1.3;56.16;102;21;52;27;85933;0;2.25;0.37;0.4
2003;12;29;363;-2.2;-3.6;-6.3;-3.2;-4.7;-7.4;-0.2;-0.5;0.52;3.2;1.3;62.6;82;17;52;24;86571;0.01;5.51;0.37;0.4
2003;12;30;364;-1.8;-4.5;-6.5;-4.1;-6.2;-9;0.1;0.1;0.52;3.2;1.3;64.31;86;17;38;20;86565;0;1.39;0.37;0.4
2003;12;31;365;-3.2;-4.7;-6.1;-4.6;-5.6;-6.9;0.4;-0.2;0.53;3.2;1.3;69.04;48;10;24;8;87098;-0.04;7.17;0.37;0.4
2004;1;1;1;-3.5;-6;-8.6;-6.2;-7.5;-9.7;-0.3;0.1;0.53;3.1;1.3;72.46;124;26;62;37;86705;0;0.54;0.37;0.4
2004;1;2;2;-5.7;-8;-10;-8.1;-9.5;-11.6;-0.4;-0.3;0.53;3.1;1.3;74.61;89;17;30;13;86494;-0.01;2.62;0.37;0.4
2004;1;3;3;-8.8;-11.4;-16.7;-11.4;-13.2;-18.2;-0.4;0.1;0.53;3.1;1.3;75.55;140;28;85;50;87067;-0.01;0.1;0.37;0.4
2004;1;4;4;-6.1;-13.3;-23.9;-9.1;-17.2;-27.4;0.9;1;0.53;3.1;1.3;75.93;134;24;51;22;87012;0;1.49;0.37;0.4
2004;1;5;5;-3.3;-5.1;-6.7;-6.1;-7.7;-9.2;1.5;0.5;0.53;3.1;1.3;78.31;95;18;48;16;87470;0.04;2.75;0.37;0.4
2004;1;6;6;1.1;-3.4;-7.1;-3.2;-6;-9.4;0.2;1;0.52;3.1;1.3;80.23;116;23;62;18;87605;0.01;3.44;0.36;0.4
2004;1;7;7;1.2;-1;-4.3;-1.2;-2.6;-5.8;0.3;0.6;0.52;3.1;1.3;86.81;55;10;47;18;87486;0;5.31;0.36;0.4
2004;1;8;8;2;-5.3;-11;-3;-8.3;-13;0.1;1.4;0.51;3.1;1.3;87.97;152;32;72;47;86885;0.08;0.43;0.36;0.4
2004;1;9;9;0.5;-2.2;-4.3;-2.1;-4.3;-6.8;1;1;0.51;3.1;1.3;91.61;119;24;53;23;86469;0.1;9.91;0.36;0.4
2004;1;10;10;-1.9;-3.2;-5.2;-4.1;-5.2;-7.6;1.5;0.3;0.53;3.1;1.2;104.77;102;19;57;29;87078;0.21;8.9;0.36;0.4
2004;1;11;11;0.9;-2.8;-7.4;-2.7;-6;-9.9;0.3;1.7;0.53;3.1;1.2;106.82;118;24;51;26;87052;0.09;3.16;0.36;0.4
2004;1;12;12;2;0.5;-1.2;-0.3;-2;-4.3;1.3;1;0.51;3;1.2;111.4;123;19;54;28;86377;0.22;11.01;0.36;0.4
2004;1;13;13;3.8;1.5;-0.6;0.5;-1.2;-3.6;1.3;1.5;0.5;3;1.2;114.25;18;4;45;17;85750;0.18;15.23;0.37;0.4
2004;1;14;14;2.4;-1.4;-5.6;1;-4.1;-7.7;1.5;0.4;0.49;3;1.2;116.11;165;34;96;48;85952;0.44;8.29;0.38;0.4
2004;1;15;15;-2.5;-4.6;-8.6;-4.2;-7.3;-12;2.2;0.6;0.51;3;1.2;122.1;59;12;75;33;86291;0.34;7.71;0.38;0.4
2004;1;16;16;-2.7;-7.8;-13.8;-8.3;-12.1;-16.7;0.1;1.9;0.52;3;1.2;125.24;113;26;82;37;86060;0.22;1.43;0.38;0.4
2004;1;17;17;-1.7;-5.3;-10.2;-4.8;-8;-12.6;0.5;1;0.53;3;1.2;131.82;111;22;86;33;85861;0.08;7.56;0.38;0.4
2004;1;18;18;-3.9;-7.3;-11.9;-5.3;-9;-14;-0.2;-0.2;0.53;3;1.2;135.17;85;17;45;14;86683;-0.01;4.48;0.38;0.4
2004;1;19;19;-3.7;-5.9;-8.1;-6.7;-9.3;-11.5;0.8;0.6;0.53;3;1.2;138.51;151;34;85;40;87119;0.14;0.28;0.37;0.4
2004;1;20;20;-1.3;-3.2;-5.8;-2.8;-5;-8.9;1.6;0.1;0.54;3;1.2;149.86;31;5;44;10;86341;0.06;19.12;0.37;0.4
2004;1;21;21;-5.8;-7.4;-9.5;-6.6;-9.1;-11;0.2;-0.9;0.54;3;1.2;159.76;101;21;38;23;86956;0.14;4.07;0.37;0.4
2004;1;22;22;-6.5;-10;-16.1;-10.8;-12.7;-18.6;0.1;0.3;0.54;3;1.2;162.21;152;35;83;54;87272;0.04;0.73;0.37;0.39
2004;1;23;23;-5.3;-13.8;-20.8;-12;-18.3;-23.4;0;1.1;0.53;3;1.2;162.32;177;41;88;62;87084;0.04;0;0.37;0.39
2004;1;24;24;-3.1;-13.1;-22.3;-10.2;-17.4;-25.4;0.2;1.3;0.53;3;1.2;162.46;179;39;63;32;86887;0.02;2.42;0.37;0.39
2004;1;25;25;-4.5;-6.6;-11;-7.1;-8.7;-13.2;1;0.4;0.53;3;1.2;170.04;119;26;64;24;86814;-0.05;7.55;0.37;0.39
2004;1;26;26;-5.7;-10.9;-16.8;-10.3;-14.3;-19.3;-0.2;1.6;0.53;3;1.2;172.53;117;26;64;35;85921;0.03;0.61;0.37;0.39
2004;1;27;27;-3.7;-7.2;-10.5;-6.9;-10.1;-13.7;0.8;0.7;0.53;3;1.2;173.53;123;26;31;16;85479;0;2.48;0.37;0.39
2004;1;28;28;-6.1;-7.9;-9.4;-8.2;-10.8;-12.4;1.3;0.1;0.53;3;1.2;178.33;140;31;75;30;85714;0.15;4.33;0.36;0.39
2004;1;29;29;-7.3;-10.7;-15.9;-10.5;-14.1;-18.8;1.2;1;0.53;3;1.2;180.89;90;21;85;37;85927;0.02;3.52;0.36;0.39
2004;1;30;30;-3.2;-10.6;-14.8;-12.2;-16;-18.5;0.5;1.4;0.53;3;1.2;183.05;201;46;92;66;87144;0.11;0.04;0.36;0.39
2004;1;31;31;-1.5;-8.5;-15.8;-8.2;-13.4;-18.7;0.1;2;0.53;3;1.2;183.02;201;47;78;48;87193;0.03;0;0.36;0.39
2004;2;1;32;2.9;-3.3;-9.5;-4.8;-8.7;-12.6;1.1;1.2;0.52;3;1.2;183;214;49;94;59;87836;0.01;0;0.36;0.39
2004;2;2;33;3.4;-2.7;-10.4;-4.8;-8.7;-13;1.1;1.4;0.52;3;1.2;182.91;156;39;78;43;88204;0.25;0.01;0.36;0.39
2004;2;3;34;7.5;-0.6;-7.6;-0.3;-5.4;-9.5;0.4;1.3;0.51;3;1.2;182.67;216;51;93;57;88724;0.07;0;0.36;0.39
2004;2;4;35;6.8;-4.5;-11.5;0.3;-7.8;-13.6;0.2;1.7;0.51;3;1.2;182.34;218;52;92;65;88788;0.16;0;0.36;0.39
2004;2;5;36;6.9;-3.3;-11.5;-1.5;-8.7;-14.3;0.7;1.6;0.5;3;1.2;182.19;228;55;98;67;88606;0.13;0;0.36;0.39
2004;2;6;37;7.4;-2.2;-8.7;0.4;-5.7;-10.9;0.3;1.7;0.5;3;1.2;182.08;219;52;87;52;88123;0.12;0;0.36;0.39
2004;2;7;38;1.8;-1.8;-6.3;-0.6;-4.6;-8.6;1.7;0.8;0.49;3;1.2;183.81;78;21;59;32;87492;0.24;6.37;0.36;0.39
2004;2;8;39;-0.6;-2.8;-4.4;-4.7;-6.5;-8.5;2.9;0.7;0.51;3;1.2;189.99;125;33;69;42;87170;0.65;9.16;0.36;0.39
2004;2;9;40;-4.5;-6;-7.9;-8;-9.4;-10.5;2.9;-0.2;0.53;3;1.2;198.95;204;43;72;44;88051;0.51;4.13;0.35;0.39
2004;2;10;41;-1.4;-6.4;-10;-8;-10.3;-12.6;0.8;0.7;0.53;3;1.2;200.27;214;51;87;48;88323;0.08;0.56;0.35;0.39
2004;2;11;42;-2;-3.2;-5.4;-3.6;-5.3;-9.1;1.7;0.3;0.53;3;1.2;208.08;45;10;12;4;87653;0.02;15.23;0.35;0.39
2004;2;12;43;-4.1;-5.2;-6.7;-5.5;-6.6;-7.4;0.2;-0.5;0.54;3;1.2;216.66;81;18;32;17;88232;0.09;2.02;0.35;0.39
2004;2;13;44;0.2;-2.8;-5.5;-2.8;-4.6;-7;0.4;0.2;0.53;3;1.2;218.06;133;25;55;20;88424;0;0.59;0.35;0.39
2004;2;14;45;1;-2.4;-7.3;-2.6;-4.1;-8.3;-0.1;-0.1;0.53;3;1.2;218.42;193;48;71;50;87910;-0.03;0.25;0.35;0.39
2004;2;15;46;-0.5;-3.1;-8.3;-3.5;-5.5;-10.3;0.1;0;0.53;3;1.2;218.85;194;42;58;29;87693;0.02;0.43;0.35;0.39
2004;2;16;47;0.7;-2.2;-7.8;-3;-4.4;-8.8;-0.4;-0.1;0.52;3;1.2;219.07;203;48;82;44;87898;0.08;0.04;0.35;0.39
2004;2;17;48;3.1;-4.6;-12.9;-3.8;-8.9;-15.1;0.4;0.7;0.52;3;1.2;218.98;254;64;97;67;87831;0.17;0.15;0.35;0.39
2004;2;18;49;-1.9;-4.5;-6.5;-5.3;-6.5;-8.5;0.5;-0.3;0.52;3;1.2;221.25;176;39;67;23;87355;0.07;4.51;0.35;0.39
2004;2;19;50;-2.7;-5.8;-8.3;-7.1;-8.4;-10.4;-1.8;-0.6;0.52;3;1.2;224.31;168;40;77;37;86815;0.25;1.31;0.35;0.39
2004;2;20;51;2.6;-4.7;-12.7;-4;-9.1;-15;-0.6;0.8;0.52;3;1.2;224.71;266;69;97;71;87207;0.06;0.01;0.35;0.39
2004;2;21;52;2.3;-2.4;-8.5;-1.6;-5.4;-11.2;-0.3;2;0.52;3;1.2;224.95;148;37;53;33;86825;-0.07;0.67;0.34;0.39
2004;2;22;53;8.3;2.4;-1.8;0.8;-1.3;-4;0.1;0.6;0.51;3;1.2;225.27;250;57;67;34;86255;0.04;0.97;0.34;0.39
2004;2;23;54;-0.6;-5;-9;-1.2;-6.3;-10.9;0.3;-1.1;0.52;3;1.2;234.08;75;15;28;13;86330;0.6;18.06;0.34;0.39
2004;2;24;55;-6.8;-10;-16.4;-11.3;-13.7;-19.2;0.7;-0.1;0.53;3.1;1.2;245.34;198;49;87;44;86808;0.35;4;0.34;0.39
2004;2;25;56;-0.3;-10.1;-20.9;-9.9;-16.6;-23.9;0.2;0.9;0.53;3.1;1.3;246.06;274;74;97;71;86312;0.16;0;0.34;0.39
2004;2;26;57;-3.5;-9.8;-19.1;-6.7;-13;-21.7;0.1;0;0.53;3.1;1.3;246.78;264;61;77;37;85670;-0.04;4.63;0.34;0.39
2004;2;27;58;-6.8;-8.8;-11.6;-9.2;-11.3;-13.5;0.4;-0.6;0.53;3.1;1.3;253.13;151;40;49;22;85359;0.13;4.34;0.34;0.39
2004;2;28;59;-6.8;-10.8;-17.7;-12.3;-15.3;-20.3;0.1;0.2;0.53;3.1;1.3;254.88;289;72;104;61;85734;0.12;0.31;0.34;0.39
2004;2;29;60;-6.2;-9.2;-12.1;-10.3;-12.3;-14.1;0;-0.3;0.53;3.1;1.3;256.85;195;52;58;30;86582;0.09;3.78;0.34;0.39
2004;3;1;61;-6.5;-9.5;-11.8;-11.2;-12.5;-13.9;-0.3;-0.8;0.53;3.1;1.3;260.16;222;56;57;33;87553;0.13;2.39;0.34;0.39
2004;3;2;62;-3.9;-8.2;-13;-7.4;-11;-15.7;1;0.6;0.53;3.1;1.3;262.12;181;45;44;20;88059;0.05;2.79;0.34;0.39
2004;3;3;63;-0.9;-4.6;-9.2;-6.8;-8.5;-11.4;1.2;0.2;0.53;3.1;1.3;264.16;226;63;66;42;88200;0.13;0.43;0.34;0.39
2004;3;4;64;-0.3;-5.4;-13.9;-7;-10.2;-16.4;0.4;0.4;0.53;3.1;1.3;264.14;292;78;87;69;87816;0.06;0;0.34;0.39
2004;3;5;65;-0.4;-6.4;-14.8;-6;-10.4;-17.2;-0.5;0.6;0.52;3.1;1.3;264.09;311;86;105;72;87332;0.01;0;0.34;0.39
2004;3;6;66;2;-3;-9.2;-1.6;-5.6;-10.8;0.3;0.2;0.52;3.2;1.3;264.72;192;46;32;14;87221;-0.05;3.58;0.34;0.39
2004;3;7;67;-0.9;-2.8;-4.3;-2.9;-4.7;-6;-0.1;-0.9;0.52;3.2;1.3;269.72;189;51;52;28;87540;0.17;3.41;0.34;0.39
2004;3;8;68;-3;-5;-6.3;-5.5;-6.7;-7.8;0;-1;0.53;3.2;1.3;274.63;189;47;43;25;87613;0.22;8.79;0.34;0.39
2004;3;9;69;-3.8;-6.7;-11.4;-7.1;-10.2;-13.7;-0.1;-0.6;0.53;3.2;1.3;280.62;230;65;79;47;87655;0.33;1.64;0.34;0.39
2004;3;10;70;-2;-8.4;-18;-8.3;-12.8;-20.1;-0.5;0.1;0.53;3.2;1.3;280.82;310;86;88;65;87216;0.14;0.35;0.33;0.39
2004;3;11;71;-2;-5.4;-9.1;-6;-8.1;-11.4;0.3;-0.1;0.53;3.2;1.3;282.27;210;53;68;32;87087;-0.02;1.96;0.33;0.39
2004;3;12;72;6.6;-3.4;-12.6;-2.4;-8.5;-15.1;-0.3;1.3;0.53;3.2;1.3;283.05;313;85;86;59;87162;0.03;0;0.33;0.39
2004;3;13;73;8.3;0.8;-6.4;0.2;-3.8;-9.4;0.2;0.6;0.52;3.2;1.3;283.05;267;79;66;46;87565;0;0;0.33;0.39
2004;3;14;74;6.3;1.6;-4.2;1.3;-0.8;-5.2;0.2;0.3;0.51;3.2;1.3;282.75;261;67;79;38;88369;-0.04;0.44;0.33;0.39
2004;3;15;75;7.9;0;-8.3;2.6;-3.5;-9.7;0.3;0.9;0.5;3.2;1.3;281.27;346;101;97;71;88811;0.24;0;0.33;0.39
2004;3;16;76;11.7;2;-6;5.5;-2.7;-7.4;0;1;0.48;3.2;1.3;279.15;362;106;102;76;88916;0.19;0;0.33;0.39
2004;3;17;77;14.6;3.2;-5.6;5.9;-2.5;-7.3;0.1;1.2;0.47;3.3;1.3;274.52;377;111;112;84;88731;0.19;0;0.34;0.39
2004;3;18;78;15.9;5.3;-4.7;3;-2.1;-6.8;0.2;0.9;0.46;3.3;1.3;267.99;388;114;114;76;88318;0.27;0;0.34;0.39
2004;3;19;79;9.7;4;-2.2;2.1;-0.7;-4.4;0.8;0.5;0.44;3.3;1.3;260.79;391;112;92;61;87991;0.07;0;0.35;0.39
2004;3;20;80;7.1;3.9;1.1;2.2;0.7;-1.4;1.3;0.9;0.43;3.3;1.3;252.45;184;46;51;16;87602;-0.07;0.94;0.36;0.39
2004;3;21;81;9.1;3.5;-0.2;2.3;0.2;-2.4;1.8;0.3;0.42;3.3;1.3;243.48;318;88;80;43;87002;0.06;2.24;0.37;0.38
2004;3;22;82;2.6;0.4;-1.5;-1.3;-4.1;-5.9;1.6;0;0.43;3.3;1.3;237.95;391;104;87;53;86897;0.98;2.19;0.37;0.39
2004;3;23;83;-0.4;-1.9;-3.2;-0.8;-2.7;-4;-0.1;-1;0.47;3.3;1.3;243.33;119;37;23;15;86463;0.35;14.49;0.37;0.39
2004;3;24;84;-1.2;-2.6;-3.4;-2.2;-3.3;-3.9;0.8;-0.8;0.52;3.4;1.4;264.19;111;29;16;8;86411;0.3;29.93;0.37;0.39
2004;3;25;85;-1.6;-3.2;-4.7;-3.6;-4.6;-5.5;0.3;-0.9;0.54;3.4;1.4;289.62;184;50;43;19;86808;0.37;12.04;0.37;0.39
2004;3;26;86;-2.8;-5.1;-7.7;-5.8;-7.4;-8.6;-0.6;-1.1;0.53;3.4;1.4;294.97;212;53;37;26;86778;0.45;3.89;0.37;0.39
2004;3;27;87;-0.8;-5.4;-9.7;-7;-8.6;-10.9;-0.6;-0.2;0.53;3.4;1.4;296.76;339;104;90;67;86820;0.26;0.07;0.37;0.39
2004;3;28;88;1.2;-4;-12.6;-3.6;-7.9;-15;0;0.3;0.53;3.4;1.4;296.67;365;113;95;75;87283;0.12;0;0.37;0.39
2004;3;29;89;4.4;-1.6;-11.3;-0.7;-5.8;-13.6;-0.4;0.4;0.53;3.4;1.4;296.7;377;118;103;78;87489;0.11;0;0.37;0.39
2004;3;30;90;7.8;-0.2;-10.4;0.6;-4.9;-11.9;-0.5;0.8;0.52;3.4;1.4;296.51;387;121;108;82;87124;0.23;0;0.37;0.39
2004;3;31;91;8.5;1.3;-7.3;1.1;-3.9;-9.2;0.1;0.7;0.51;3.5;1.4;295.43;383;118;93;64;87050;0.38;0;0.37;0.39
2004;4;1;92;8.3;1.4;-8.4;2;-2.7;-9.7;-0.4;0.6;0.5;3.5;1.4;293;381;116;86;62;86976;0.34;0.01;0.37;0.39
2004;4;2;93;12.6;3.3;-4.2;1.9;-2.6;-6.9;-0.2;1.3;0.48;3.5;1.4;288.66;384;125;94;73;87073;0.29;0;0.37;0.39
2004;4;3;94;5.9;2.4;-2.8;2.9;-0.3;-4.8;0.6;0.4;0.46;3.5;1.4;283.93;164;56;50;26;87891;-0.01;0.33;0.37;0.39
2004;4;4;95;6.6;2.9;-2.1;3;0.6;-2.7;0.7;0.4;0.45;3.5;1.4;278.46;233;69;57;32;87924;0.06;0.94;0.38;0.39
2004;4;5;96;4.3;1.2;-2.1;1.2;-1.1;-2.9;1.5;0.3;0.44;3.5;1.4;272.94;345;96;79;39;87286;0.35;6.82;0.39;0.39
2004;4;6;97;3.5;0.1;-2.4;-0.1;-2;-4.2;1.1;0.4;0.44;3.5;1.4;269.46;214;70;63;31;86423;0.42;5.71;0.39;0.39
2004;4;7;98;0.4;-2;-5;-2.6;-4.6;-8.2;1.3;0.2;0.47;3.6;1.4;272.86;331;89;82;50;86412;0.83;5.85;0.39;0.39
2004;4;8;99;2.3;-1.7;-6.9;-3;-6;-9.9;0.8;0.2;0.47;3.6;1.4;274.53;388;125;87;69;86872;0.75;1.23;0.39;0.39
2004;4;9;100;3.3;-0.3;-4.5;-2.8;-4.6;-6.7;-1.1;-0.6;0.46;3.6;1.4;274.83;311;91;72;43;86676;0.77;2.03;0.38;0.39
2004;4;10;101;2;-0.3;-1.9;0;-1.5;-3.2;-0.1;-1;0.48;3.6;1.4;279.35;237;53;35;13;86558;0.24;11.47;0.38;0.39
2004;4;11;102;2.8;-0.3;-4;1.1;-1.1;-4.4;0.1;-0.3;0.5;3.6;1.4;286.75;273;85;57;31;87181;0.26;5.9;0.38;0.39
2004;4;12;103;3.7;-0.4;-5.5;-2.8;-4;-6.2;-1.2;-0.3;0.48;3.6;1.4;286.2;356;93;65;42;87413;1.01;0.59;0.38;0.39
2004;4;13;104;2.6;0.6;-1.9;-0.7;-2.8;-3.9;-0.6;-0.8;0.47;3.6;1.4;286.46;206;67;40;27;87302;0.61;2.4;0.38;0.39
2004;4;14;105;5.6;1.5;-3;-1.2;-2.7;-5.3;-1.1;-0.3;0.45;3.7;1.5;285.55;386;117;94;52;87477;0.97;0.32;0.38;0.39
2004;4;15;106;8.7;2.5;-5;3.6;-1.7;-6.9;0;0.5;0.44;3.7;1.5;281.47;410;116;105;59;87593;0.61;0.97;0.38;0.39
2004;4;16;107;9.4;3.5;-3.8;-0.2;-2.1;-5.6;-0.7;0.7;0.43;3.7;1.5;273.55;474;159;104;72;87177;1.15;0.06;0.39;0.39
2004;4;17;108;8.2;4.4;-2.3;1.3;-0.6;-4.3;0.7;0.3;0.42;3.7;1.5;262.4;434;126;79;42;86423;0.78;0.49;0.4;0.39
2004;4;18;109;10;5.4;1.2;7.3;2.8;0;-0.2;0.2;0.41;3.7;1.5;247.83;412;122;75;37;85715;0.27;7.08;0.41;0.39
2004;4;19;110;2.4;0.1;-1.6;1.5;-1.1;-3.6;0.7;-0.4;0.44;3.7;1.5;243.32;126;40;50;16;85795;0.34;11.18;0.41;0.4
2004;4;20;111;6.7;2.1;-4.7;0.2;-2.6;-6.2;0.3;0.2;0.45;3.8;1.5;242.66;482;160;107;77;86665;1.14;0;0.41;0.4
2004;4;21;112;11.1;5.2;-4;2.8;-0.6;-5.4;-0.3;0.3;0.44;3.8;1.5;233.62;463;156;102;66;87402;1.03;0;0.41;0.4
2004;4;22;113;13.3;7;-3.1;4.1;1;-4.4;-0.1;0.1;0.42;3.8;1.5;219.75;492;159;95;63;87350;1.05;0;0.42;0.4
2004;4;23;114;12.8;6;-1;6.4;2.8;-2.4;0.5;0;0.41;3.8;1.5;204.22;415;135;72;37;87490;0.55;16.49;0.42;0.4
2004;4;24;115;5.1;3.4;1.9;4.1;1.4;-1.3;0.4;-0.7;0.4;3.8;1.5;190;259;65;57;15;87821;0.31;7.03;0.43;0.41
2004;4;25;116;5.2;2.4;0.1;2.8;0.4;-1.3;-0.3;-0.7;0.4;3.8;1.5;182.12;389;125;64;36;87916;0.42;3.5;0.43;0.41
2004;4;26;117;9.5;4;-1.6;2;0.1;-2.2;-1.2;-0.2;0.39;3.9;1.5;171.4;479;159;92;63;87598;1;0;0.42;0.41
2004;4;27;118;10.8;5.4;-2.9;6.2;1.5;-4.4;0.1;0.4;0.37;3.9;1.5;158.61;474;161;91;62;87126;0.96;1.54;0.42;0.42
2004;4;28;119;12.9;7.3;-2.4;4.7;1;-3.4;-0.4;0.5;0.34;3.9;1.5;144.92;489;172;95;61;86846;1.45;0.4;0.42;0.42
2004;4;29;120;14.2;7.8;-0.4;4.6;0.9;-2.3;-0.6;1.3;0.33;3.9;1.6;131.15;590;198;101;74;86409;1.74;0.02;0.42;0.42
2004;4;30;121;16;8.8;0.9;8.3;3;-1.6;-0.1;1;0.32;3.9;1.6;117.66;577;165;84;48;86083;1.42;1.12;0.42;0.42
2004;5;1;122;8.3;6.6;4;6.9;4.9;1.8;0.6;0.2;0.31;3.9;1.6;105.25;330;106;44;23;86616;0.79;13.01;0.42;0.42
2004;5;2;123;8.5;5.4;0.3;6.8;4.3;0.3;0;0.3;0.31;4;1.6;94.02;336;120;67;31;86797;0.86;6.52;0.42;0.43
2004;5;3;124;13.4;7;-1.9;6.6;1.9;-2.5;-0.2;0.7;0.3;4;1.6;84.22;450;142;81;47;86443;1.3;0.48;0.42;0.43
2004;5;4;125;13.8;8.5;1.4;7;3.5;-0.8;-0.2;0.5;0.29;4;1.6;74.66;372;131;64;38;85596;1.22;1.76;0.41;0.43
2004;5;5;126;8.5;4.2;0.6;6.3;3.3;0.6;0.5;-0.4;0.29;4;1.6;66.89;212;74;35;17;85072;0.77;12.29;0.41;0.43
2004;5;6;127;2.8;1;-0.2;0.5;0;-0.9;1.3;-0.1;0.37;4;1.6;68.88;184;57;23;12;85325;1.02;11.2;0.41;0.43
2004;5;7;128;5.8;2.4;-0.6;1.3;-0.8;-3;1.5;0.3;0.36;4;1.6;67.37;443;138;71;45;85928;1.52;2.19;0.41;0.43
2004;5;8;129;7;2.8;-2.1;-0.4;-2.2;-4.8;0.8;0.4;0.34;4.1;1.6;63.42;512;165;94;59;86215;1.51;1.56;0.41;0.43
2004;5;9;130;4.7;2.7;0.7;3.3;0.6;-1.1;1.2;0.1;0.32;4.1;1.6;60.08;282;105;59;29;86443;1.14;5.36;0.4;0.43
2004;5;10;131;7.3;4.1;0.3;4.2;1.3;-1.5;0.5;-0.2;0.31;4.1;1.6;55.54;385;130;65;38;86966;1.25;2.76;0.4;0.43
2004;5;11;132;9.9;5.7;-1.4;6;1.9;-2.6;0.3;0.2;0.28;4.1;1.6;49.27;543;181;90;61;87404;1.56;1.29;0.4;0.43
2004;5;12;133;10.8;6;-0.8;5.9;2.7;-2.2;-0.1;-0.2;0.26;4.1;1.6;42.73;546;175;106;50;87184;1.75;9.65;0.4;0.43
2004;5;13;134;5.2;4.1;3.3;4.4;3.8;2.8;0.3;-0.8;0.25;4.1;1.7;37.57;161;50;16;2;87192;0.77;14.91;0.41;0.43
2004;5;14;135;8.6;5.6;2.4;3.9;2.5;1.4;-0.3;-0.6;0.24;4.2;1.7;32.78;424;142;52;27;87795;1.68;1.99;0.41;0.43
2004;5;15;136;10.7;7.5;3.7;4;2.6;1.3;0.3;-0.6;0.24;4.2;1.7;26.95;520;160;73;39;88184;1.7;0.14;0.41;0.43
2004;5;16;137;7.5;5;1.9;5.6;3.9;1.7;0.6;0;0.23;4.2;1.7;22.37;314;79;65;22;88173;1.08;13.25;0.41;0.43
2004;5;17;138;12.6;7.3;-1.1;5.3;2.7;-1.5;-0.1;-0.1;0.22;4.2;1.7;17;692;233;103;66;88173;2.44;0;0.4;0.43
2004;5;18;139;15.6;9.7;-0.3;6.3;3.5;-1.3;0.7;0.2;0.19;4.2;1.7;10.14;720;250;109;75;88189;3.17;0.02;0.4;0.43
2004;5;19;140;15.1;10.2;2.6;9;5;1.1;1;0.1;0.16;4.2;1.7;5.06;580;220;89;63;88216;3.16;1.49;0.39;0.43
2004;5;20;141;18.5;11.8;2;9.9;6;1.1;0.3;0.2;0.13;4.2;1.7;2.31;789;274;123;80;87827;3.92;0.15;0.39;0.43
2004;5;21;142;14.6;9;3.9;10;7.2;3.1;0.7;0.3;0.12;4.2;1.7;0.97;525;140;87;38;87250;2.33;23.14;0.38;0.43
2004;5;22;143;6.2;4;2.5;6;2.8;0.2;0.1;-1.2;0.12;4.2;1.7;0.69;302;77;35;11;87501;2.14;16.89;0.4;0.42
2004;5;23;144;5;2.6;0.3;-0.3;-2.5;-4.5;1.2;-1;0.13;4.3;1.7;1.02;657;217;88;54;87795;3.24;3.42;0.4;0.42
2004;5;24;145;9.3;4.5;-1.8;0.4;-2.6;-4.6;0.1;-0.3;0.13;4.3;1.7;0.89;794;283;124;93;87957;3.15;0;0.39;0.42
2004;5;25;146;12.6;7.2;-1.1;4.3;0.8;-2.5;0.2;-0.3;0.12;4.3;1.7;0.29;819;291;128;93;87774;3.53;0;0.39;0.42
2004;5;26;147;14;8.5;-0.9;6.5;2.4;-1.9;0.7;0.3;0.12;4.3;1.7;0.06;718;241;114;74;87577;3.45;1.1;0.38;0.42
2004;5;27;148;10;7.5;5;7.3;5.4;2.6;-0.1;-0.6;0.12;4.3;1.7;0.01;390;122;64;30;87718;2.12;17.14;0.37;0.42
2004;5;28;149;10.3;6.3;2.4;5.9;4.2;2.1;-0.2;-0.6;0.12;4.3;1.7;0;536;163;73;39;87996;2.74;10.24;0.39;0.42
2004;5;29;150;11.9;6.5;-0.6;3.8;1.4;-0.9;-1.1;-0.1;0.12;4.3;1.7;0;705;267;112;79;88154;3.54;0.02;0.39;0.42
2004;5;30;151;15.8;9.4;-0.3;5.7;2.7;-1.5;-0.2;0;0.12;4.3;1.7;0;820;296;136;97;87975;4.16;0;0.38;0.42
2004;5;31;152;11.3;7.4;2.8;9.2;5.8;1.6;0.3;0.4;0.12;4.3;1.7;0;418;129;59;45;87747;2.18;10.81;0.37;0.42
2004;6;1;153;11.7;7.1;0.9;8.3;4.9;0.8;0.1;0.1;0.12;4.3;1.7;0;514;165;70;37;87527;2.69;9.8;0.38;0.42
2004;6;2;154;12.2;8.2;5.4;7.5;6.1;5.2;0.9;-0.2;0.12;4.3;1.7;0;528;183;75;36;87581;3.26;9.04;0.38;0.42
2004;6;3;155;7.8;6.9;6.1;7.7;6.6;4.8;1.1;-0.2;0.12;4.4;1.8;0;152;41;13;7;87727;1.05;45.42;0.4;0.42
2004;6;4;156;12.1;8.6;5.7;7.2;6.4;5.7;0.6;-0.4;0.12;4.4;1.8;0;369;120;45;22;87817;2.25;8.47;0.42;0.42
2004;6;5;157;11.4;7.7;5.3;8.4;6.5;5;1.1;-0.3;0.12;4.4;1.8;0;539;150;52;22;87466;3.35;24.19;0.42;0.42
2004;6;6;158;11.9;8.2;4.8;6.9;5.1;4;-0.2;-0.5;0.12;4.4;1.8;0;586;164;93;44;87754;2.72;3.14;0.42;0.42
2004;6;7;159;17.6;11.5;1.4;9.2;5.8;0.5;0.2;0;0.12;4.4;1.8;0;792;288;115;88;88047;4.15;0.08;0.41;0.42
2004;6;8;160;20.7;13.9;4;15.3;8.3;3.1;0.3;0.4;0.12;4.4;1.8;0;800;291;120;88;88280;4.56;0.26;0.41;0.42
2004;6;9;161;22.7;15.5;5.7;15.2;9.5;4.7;0.4;0.5;0.12;4.4;1.8;0;808;284;123;84;88341;4.81;0.34;0.4;0.42
2004;6;10;162;22;16.5;7.9;14.7;10.7;6.9;0.7;0.5;0.12;4.4;1.8;0;676;256;104;72;88237;4.6;0.29;0.39;0.42
2004;6;11;163;17.8;13.2;9.4;12.5;10.6;7.7;0.8;0.2;0.12;4.4;1.8;0;511;176;67;44;87943;3.16;12.92;0.38;0.42
2004;6;12;164;13.7;10.2;5.8;11.3;8.9;5.4;0.9;0;0.12;4.4;1.8;0;434;128;70;34;87833;3.22;17.68;0.4;0.42
2004;6;13;165;9.9;7.1;4.1;7.8;5.6;3.9;0.3;-0.5;0.12;4.4;1.8;0;468;145;61;32;88192;2.89;11.46;0.4;0.42
2004;6;14;166;14.2;9.8;5;7.4;5.3;3.9;-0.9;-0.4;0.12;4.4;1.8;0;566;204;96;56;88384;3.42;0.44;0.4;0.42
2004;6;15;167;16.6;11.5;4;8.7;7.1;3.1;0.3;0;0.12;4.5;1.8;0;662;223;86;60;87879;3.3;0.45;0.39;0.42
2004;6;16;168;11.5;10;8.9;9.7;8;5.5;0.7;-0.4;0.12;4.5;1.8;0;255;82;72;23;87628;1.85;9.63;0.39;0.42
2004;6;17;169;17.6;12.2;5.8;8.2;6.5;4.7;1.2;0;0.12;4.5;1.8;0;797;283;115;78;87397;4.38;0.03;0.39;0.42
2004;6;18;170;15.2;11.2;7.2;8.9;6.6;4.8;1.5;0.4;0.12;4.5;1.8;0;549;220;82;59;86915;3.79;5.61;0.39;0.42
2004;6;19;171;13.2;9.5;5.7;9.7;8.1;5.3;0.3;-0.2;0.12;4.5;1.8;0;479;113;63;29;86688;2.48;17.81;0.39;0.42
2004;6;20;172;8.2;6.5;2.7;7.3;5.7;2.6;0;0;0.12;4.5;1.8;0;230;62;79;26;86736;1.81;15.31;0.41;0.42
2004;6;21;173;12.6;8.1;0.9;7.9;4;0.8;0.4;0.3;0.12;4.5;1.8;0;712;209;90;56;87291;3.23;1.21;0.4;0.42
2004;6;22;174;14.9;10.6;4.3;10.3;7.2;3.1;-0.2;0.5;0.12;4.5;1.8;0;528;187;76;60;87690;2.88;2.51;0.4;0.42
2004;6;23;175;18.9;11.8;5.6;12.5;9;4;0.2;0.9;0.12;4.5;1.8;0;558;149;71;48;87368;2.51;5.65;0.4;0.42
2004;6;24;176;15.7;11.8;8.1;9.2;8;5.8;1.5;-0.4;0.12;4.5;1.8;0;593;211;68;39;87400;3.82;2.97;0.39;0.42
2004;6;25;177;13.6;10.3;7.9;7.7;6.7;5;0.9;-0.1;0.12;4.5;1.8;0;600;195;80;47;87757;3.63;5.04;0.39;0.42
2004;6;26;178;17.4;12.7;6.4;10.2;7.4;6;0.2;-0.3;0.12;4.5;1.8;0;777;294;116;83;88083;4.36;0;0.39;0.42
2004;6;27;179;22.1;16.2;9.4;11.7;9.3;6.6;1.2;0.6;0.12;4.5;1.8;0;770;261;111;61;88121;5;3.54;0.38;0.42
2004;6;28;180;16.2;13.7;10.3;13.2;11.4;9.9;1;-0.3;0.12;4.5;1.8;0;521;180;73;42;88326;3.78;18.89;0.39;0.42
2004;6;29;181;15.7;12.7;10;10.1;7.5;5.2;0.9;-0.5;0.12;4.5;1.8;0;650;205;93;52;88249;3.8;1.68;0.39;0.42
2004;6;30;182;19.9;14.4;6.5;12.5;8.3;4.9;-0.1;0;0.12;4.5;1.9;0;808;299;122;91;87882;4.78;0.01;0.38;0.41
2004;7;1;183;18.2;12.5;7.8;12.7;9.6;6.7;0.9;0.3;0.12;4.6;1.9;0;436;134;77;41;87511;2.74;6.94;0.38;0.41
2004;7;2;184;12.8;10.4;7.9;9.7;7.1;4.5;1.3;0.1;0.12;4.6;1.9;0;444;145;97;43;87578;3.41;6.25;0.38;0.41
2004;7;3;185;14.1;10.8;6.6;6.4;5.4;4.2;1.4;0;0.12;4.6;1.9;0;589;213;87;57;87779;3.48;0.77;0.38;0.41
2004;7;4;186;17.3;13.3;8.9;11.6;7.9;5;0.1;0.1;0.12;4.6;1.9;0;701;231;93;63;87843;3.7;0.07;0.37;0.41
2004;7;5;187;18;14.5;8.4;12.7;10.4;6.9;0.6;0.5;0.12;4.6;1.9;0;558;199;87;55;87868;3.46;2.73;0.37;0.41
2004;7;6;188;13.2;11.9;9.7;12.6;11.2;9.6;-0.2;-0.2;0.12;4.6;1.9;0;216;75;66;26;87936;1.66;8.58;0.37;0.41
2004;7;7;189;21.4;14.5;7.4;15.7;12.2;7.3;-0.5;0.3;0.11;4.6;1.9;0;694;212;100;59;87538;3.4;3.42;0.37;0.41
2004;7;8;190;23.6;15.8;9.2;15;11.7;7.8;0.2;0.3;0.11;4.6;1.9;0;765;248;107;60;87230;4.88;13.8;0.37;0.41
2004;7;9;191;12.7;10;6.4;9.3;6.4;4.3;1.2;0.2;0.11;4.6;1.9;0;476;152;68;40;87501;3.81;16.45;0.38;0.41
2004;7;10;192;11.6;8.7;6;6.5;4.8;3.1;0.8;0.1;0.11;4.6;1.9;0;552;143;97;52;87568;3.09;7.3;0.38;0.41
2004;7;11;193;11.2;8.4;6;5.8;4.3;2.2;1.1;0.1;0.11;4.6;1.9;0;536;189;86;47;87295;3.81;7.1;0.39;0.41
2004;7;12;194;10.6;7.9;5.3;6.6;4.8;3.3;1.3;0.2;0.11;4.6;1.9;0;545;198;89;50;87166;3.61;6.07;0.39;0.41
2004;7;13;195;10.9;7.9;5.4;8.1;6.3;3.9;1.1;0;0.11;4.6;1.9;0;482;154;79;34;87484;3.57;12.35;0.39;0.41
2004;7;14;196;13;9.7;5.4;8.1;6.6;5;1;-0.3;0.11;4.6;1.9;0;533;195;74;48;87854;3.2;3.21;0.39;0.41
2004;7;15;197;15.7;11.5;7.8;10.6;8.8;6.1;1.1;0.4;0.11;4.6;1.9;0;436;96;61;24;87875;2.18;4.64;0.39;0.41
2004;7;16;198;19.2;14.3;7.8;14.6;11;7;0.1;0.3;0.11;4.6;1.9;0;627;226;93;61;87833;3.53;0.82;0.39;0.41
2004;7;17;199;22.3;15.5;7.7;15.5;11.1;7.2;0;0.6;0.11;4.6;1.9;0;760;243;106;70;87846;4.27;0.51;0.38;0.41
2004;7;18;200;21.9;16.5;10.1;15.6;12;8.8;0.1;0.3;0.11;4.6;1.9;0;676;232;95;60;87957;4.22;4.16;0.38;0.41
2004;7;19;201;20;15.8;12.5;15.4;13.3;11.5;-0.2;0.3;0.11;4.6;1.9;0;678;196;89;49;88001;3.47;5.24;0.38;0.41
2004;7;20;202;22.5;15.6;10.1;15.5;12.5;8.7;0.3;0.7;0.11;4.6;1.9;0;662;203;96;58;87747;3.71;8.35;0.38;0.41
2004;7;21;203;20.9;15.8;9.2;16.1;12.8;8.8;-0.1;0.5;0.11;4.6;1.9;0;693;212;88;57;87940;3.8;2.73;0.38;0.41
2004;7;22;204;21.9;17.1;10.7;17.6;13.5;9.8;0.3;0.3;0.11;4.6;1.9;0;628;229;94;66;88131;3.82;0.85;0.38;0.41
2004;7;23;205;23.5;17.9;10.4;15.2;12.5;9.1;0.7;0.5;0.11;4.6;1.9;0;688;244;98;68;88120;4.71;2.24;0.37;0.41
2004;7;24;206;14.5;13.4;11.5;14.4;13;11.3;0.8;-0.2;0.11;4.6;1.9;0;147;46;33;14;88076;1.39;35.24;0.38;0.41
2004;7;25;207;16.9;13.8;10.9;12.5;11.1;9.4;0.4;-0.4;0.11;4.6;1.9;0;546;181;75;46;87867;3.37;3.53;0.4;0.41
2004;7;26;208;14.8;11.1;7.8;9.9;8.7;7.5;1.1;-0.5;0.11;4.6;1.9;0;496;147;65;37;87525;2.98;12.26;0.39;0.41
2004;7;27;209;13.1;10.3;6.7;11;7.9;6.3;0;-0.5;0.11;4.6;1.9;0;551;185;76;48;87785;3.11;3.66;0.4;0.41
2004;7;28;210;15.8;11.8;8.3;7.2;6;5;-0.9;-0.5;0.11;4.6;1.9;0;712;259;105;84;87868;3.94;0;0.4;0.41
2004;7;29;211;18.5;13.3;6.8;10.1;7.5;5.1;-0.7;-0.2;0.11;4.6;1.9;0;795;285;126;97;87745;4.38;0;0.39;0.41
2004;7;30;212;20.3;14.5;5.9;13.1;9;4.6;0.4;0.1;0.11;4.6;1.9;0;774;264;117;83;87974;4.4;0;0.39;0.41
2004;7;31;213;21;15.6;8.3;13.2;10.5;7.2;0.3;0.3;0.11;4.5;1.9;0;709;240;108;69;88109;4.19;0.01;0.38;0.41
2004;8;1;214;20.9;15.7;10.1;15.2;12.2;8.8;0.6;0.5;0.11;4.5;1.9;0;656;217;93;66;87910;3.78;3.71;0.38;0.41
2004;8;2;215;20;15.6;9.5;14.9;12;8.4;0.3;0.1;0.11;4.5;1.9;0;601;219;87;67;87663;3.68;1.02;0.37;0.41
2004;8;3;216;20.6;15.9;9.9;13.8;11.4;8.7;0.4;0.1;0.11;4.5;1.9;0;677;240;102;75;87371;4.09;0.25;0.37;0.41
2004;8;4;217;21.2;16.4;9.8;12.6;10.2;8.5;-0.6;0;0.11;4.5;1.8;0;715;249;109;77;87297;4.37;0.12;0.36;0.4
2004;8;5;218;20.4;15.6;9.9;15.8;12.7;8.4;0.1;0.3;0.11;4.5;1.8;0;644;204;96;63;87276;3.19;4.12;0.36;0.4
2004;8;6;219;19.5;15.5;11.5;14.5;13;10.7;0.5;0.2;0.11;4.5;1.8;0;544;178;71;48;87556;2.96;1.76;0.36;0.4
2004;8;7;220;20.9;15.1;8.9;14.4;12.2;8.8;-0.2;0.2;0.11;4.5;1.8;0;665;197;99;58;87573;3.26;1.67;0.35;0.4
2004;8;8;221;21.1;15.7;8.7;12.7;10.6;8.5;-0.4;0.1;0.11;4.5;1.8;0;721;231;105;72;87343;4.08;0.05;0.35;0.4
2004;8;9;222;21.9;15.9;8.5;11.5;9.7;8.1;-0.5;0.1;0.11;4.5;1.8;0;738;249;111;81;87405;4.43;0.11;0.35;0.4
2004;8;10;223;23.1;17.3;9.1;15.5;12.1;7.6;-0.4;0;0.11;4.5;1.8;0;646;210;103;70;87403;3.52;0.02;0.34;0.4
2004;8;11;224;18.6;15.6;12.4;15.8;14.1;11.8;0.2;0.5;0.11;4.5;1.8;0;385;109;49;31;87466;2.26;11.73;0.34;0.4
2004;8;12;225;23.5;15.9;10;16.8;13.3;9.9;0.5;0.2;0.11;4.5;1.8;0;661;190;95;44;87270;4.12;33.35;0.35;0.4
2004;8;13;226;17;13;8.6;10.3;8;6.9;1.8;0.3;0.11;4.5;1.8;0;617;209;98;71;87336;4.07;1.54;0.37;0.4
2004;8;14;227;11.9;10.1;8.6;9.5;8;6.3;1.8;0.7;0.11;4.5;1.8;0;279;75;63;27;87715;2.61;13.5;0.37;0.4
2004;8;15;228;16;12.4;9.4;11.3;10;8.5;0.3;0.2;0.11;4.5;1.8;0;510;133;91;40;88048;2.44;4.39;0.38;0.4
2004;8;16;229;21.8;14.8;6.5;14.9;9.8;5.6;0.2;0.7;0.11;4.5;1.8;0;641;210;101;72;87517;3.73;0.13;0.37;0.4
2004;8;17;230;20.8;15;9.5;16.1;12.1;8.4;-0.1;0.5;0.11;4.4;1.8;0;647;191;96;62;87278;3.11;3.16;0.37;0.4
2004;8;18;231;22;16;9.1;15.8;11.7;7.8;-0.4;0.8;0.11;4.4;1.8;0;669;203;101;70;87335;3.53;0.37;0.37;0.4
2004;8;19;232;20.7;15.6;10.1;15.1;12.4;8.5;-0.3;0.1;0.11;4.4;1.8;0;594;185;87;48;87513;3.29;8.78;0.36;0.4
2004;8;20;233;14.9;12.6;10.2;13.2;10.8;8.7;0.3;0.3;0.11;4.4;1.8;0;359;96;64;34;87385;2.58;14.26;0.38;0.4
2004;8;21;234;12.5;9.5;7.9;8.5;7;4.6;1.3;0.4;0.11;4.4;1.8;0;422;112;66;37;87551;3.01;11.87;0.38;0.4
2004;8;22;235;14.6;10.4;7;7.3;6.3;5.1;-0.2;-0.4;0.11;4.4;1.8;0;565;178;92;54;88053;3.31;1.86;0.39;0.4
2004;8;23;236;20.9;14;6.1;14.6;9.2;4.7;-0.2;0.6;0.11;4.4;1.8;0;707;218;113;78;87974;3.56;0.35;0.38;0.4
2004;8;24;237;18.3;13.2;9.2;13.6;10.9;7.6;0.6;0.5;0.11;4.4;1.8;0;450;120;67;41;87696;2.33;10.2;0.38;0.4
2004;8;25;238;13.6;11.7;9.7;10.3;9.5;8.8;0.5;-0.1;0.11;4.4;1.8;0;325;82;51;27;87460;1.92;5.94;0.38;0.4
2004;8;26;239;10.2;8.7;7.7;9;7.6;5.9;1.8;0.2;0.11;4.4;1.8;0;336;79;40;20;87476;3.02;15.56;0.39;0.4
2004;8;27;240;15.4;10.9;7.6;9.1;6.9;5.8;1.1;0.1;0.11;4.4;1.8;0;558;171;99;53;87705;3.27;1.55;0.4;0.4
2004;8;28;241;18.2;12.7;5;13.5;8.7;4;0.2;0.3;0.11;4.4;1.8;0;647;207;109;73;87602;3.07;1.91;0.39;0.4
2004;8;29;242;17.3;12.7;9.3;12.8;10.6;8.6;0.2;0.5;0.11;4.3;1.8;0;602;161;90;51;87701;2.81;7.71;0.39;0.4
2004;8;30;243;18.2;12.3;6.8;11.3;9.4;6;0.7;0;0.1;4.3;1.8;0;641;182;105;49;87575;3.55;7.79;0.39;0.4
2004;8;31;244;11.1;9.8;8.6;8.4;6.8;5.6;0.5;-0.2;0.1;4.3;1.8;0;258;75;47;26;87694;1.97;2.29;0.4;0.4
2004;9;1;245;16.4;11.9;8.2;8.7;7.3;6;-0.8;-0.3;0.1;4.3;1.8;0;635;205;105;73;87711;2.84;0;0.39;0.4
2004;9;2;246;19.8;13.5;6.1;13.2;9.7;5.1;-0.1;0.2;0.1;4.3;1.7;0;690;218;117;81;87874;3.13;0.01;0.39;0.4
2004;9;3;247;20.2;14.7;7.9;14.1;10.1;6.8;0.4;0.4;0.1;4.3;1.7;0;650;191;101;68;88372;3.18;0.12;0.39;0.4
2004;9;4;248;18.8;14.2;9.9;13;11.2;8.8;0;0.2;0.1;4.3;1.7;0;581;178;92;64;88695;2.6;1.2;0.38;0.4
2004;9;5;249;19.4;13.3;6.8;11.3;9.3;6.3;-0.9;0.1;0.1;4.3;1.7;0;664;214;115;86;88516;3.35;0;0.38;0.4
2004;9;6;250;20.1;14.1;6.7;13.8;10.5;5.9;-0.3;0;0.1;4.3;1.7;0;678;197;115;78;88280;2.84;0.03;0.37;0.4
2004;9;7;251;19.2;13.8;8;12.4;10.2;7;-0.4;-0.1;0.1;4.3;1.7;0;613;198;109;81;88478;2.77;0;0.37;0.4
2004;9;8;252;17.8;12.8;6.5;10.2;7.9;6.4;-0.3;-0.1;0.1;4.3;1.7;0;672;204;120;77;88654;3.1;0;0.37;0.4
2004;9;9;253;17.9;12.2;6.9;8.8;7.5;6.1;-1;-0.2;0.1;4.3;1.7;0;672;210;124;92;88527;2.96;0;0.36;0.4
2004;9;10;254;20.8;13.1;4;13.3;8.2;3.2;0;0.6;0.1;4.2;1.7;0;669;216;127;91;88225;3.14;0;0.36;0.4
2004;9;11;255;19.7;13.5;7.7;12;9.8;6.7;0.4;1;0.1;4.2;1.7;0;554;147;94;58;88105;2.37;0.74;0.35;0.4
2004;9;12;256;12.2;10.1;6.7;11.7;9.1;6.6;0.7;0.7;0.1;4.2;1.7;0;269;52;77;33;87857;1.34;18.47;0.36;0.4
2004;9;13;257;15.7;10.6;4.4;10.7;7.6;4.3;0;0.5;0.1;4.2;1.7;0;521;147;81;56;87652;2.27;0.02;0.37;0.4
2004;9;14;258;18.4;11.8;6.5;12.3;8.9;5.1;0.2;0.3;0.1;4.2;1.7;0;564;147;97;48;87461;2.43;16.12;0.37;0.4
2004;9;15;259;11;9.1;6.5;10.1;8.6;6.3;0.6;-0.2;0.1;4.2;1.7;0;138;34;43;19;87730;1.2;11.99;0.38;0.4
2004;9;16;260;9.3;7.7;6.1;7.8;6.1;4.9;-0.7;-0.7;0.1;4.2;1.7;0;334;92;52;28;88170;2;3.69;0.39;0.4
2004;9;17;261;15.1;10;5.7;8.6;6.5;4.4;-0.8;-0.2;0.1;4.2;1.7;0;644;191;119;84;88152;2.37;0;0.39;0.4
2004;9;18;262;17.9;11.2;3.9;11.4;7.9;2.9;0.1;0.4;0.1;4.1;1.7;0;632;190;122;84;87872;2.42;0;0.38;0.4
2004;9;19;263;16.9;11.1;4.1;9.6;7.5;3.8;0.6;0;0.1;4.1;1.7;0;619;168;115;61;87768;2.42;0.41;0.38;0.4
2004;9;20;264;15.7;12.1;9.9;10.8;9.7;9.1;0.4;-0.2;0.1;4.1;1.7;0;408;110;67;39;87715;1.67;0.56;0.38;0.4
2004;9;21;265;12;9.9;7.7;9;6.4;4;2.2;-0.4;0.1;4.1;1.6;0;265;83;48;27;87690;1.64;0.82;0.37;0.4
2004;9;22;266;8.8;7.3;6;4.1;2.2;0.5;2.8;0.2;0.1;4.1;1.6;0;416;99;60;30;87651;2.23;1.94;0.37;0.4
2004;9;23;267;12.7;9.5;6.9;9.8;7.8;4.4;2.7;0.9;0.1;4;1.6;0;232;44;39;9;86957;2.84;22.56;0.38;0.4
2004;9;24;268;7.5;4.3;1.8;7.2;3.3;1.6;1.2;-0.2;0.11;4;1.6;0.37;405;110;72;33;87052;2.65;17.89;0.39;0.39
2004;9;25;269;3.9;2.8;1.3;3.6;2.6;1;1.1;0.5;0.14;4;1.6;1.34;182;39;48;17;87552;1.17;17.12;0.4;0.39
2004;9;26;270;6.4;4.2;2.6;3.7;2.7;2.1;1.1;0;0.13;4;1.6;1.24;308;71;41;19;87866;1.7;6.47;0.41;0.4
2004;9;27;271;10.5;6.8;3.8;4.9;3.7;2.4;0.9;0;0.12;4;1.6;0.69;439;106;69;32;88023;1.76;0.46;0.41;0.4
2004;9;28;272;11.9;8.5;6;7.6;5.5;3.9;0.5;0.2;0.1;4;1.6;0.33;320;78;65;30;87914;1.08;0.14;0.41;0.4
2004;9;29;273;14;8.3;2.2;8;5.7;2;1;0.3;0.1;3.9;1.6;0.13;481;120;87;47;87672;1.7;8.16;0.41;0.4
2004;9;30;274;12.7;9.3;6.1;9.8;7.9;5.9;0.6;0;0.09;3.9;1.6;0.03;396;103;82;40;87900;1.73;5.55;0.41;0.4
2004;10;1;275;13.6;8.2;3.9;9.2;6.6;3.6;0.5;0.8;0.09;3.9;1.6;0;376;104;76;47;87959;1.6;4.37;0.41;0.4
2004;10;2;276;14;8.8;3;8.3;6.2;2.4;0.6;0.2;0.09;3.9;1.6;0;409;116;84;46;88041;1.82;1.27;0.41;0.4
2004;10;3;277;13.3;9.7;5.7;8.9;7.3;4.8;0;0.1;0.09;3.9;1.6;0;389;93;93;45;88202;1.43;0.88;0.41;0.4
2004;10;4;278;19.3;11;3.4;12.4;7.1;2.6;0;1;0.09;3.8;1.5;0;534;147;110;72;87950;2.01;0;0.4;0.4
2004;10;5;279;20;12.1;4.8;11.4;7.7;3.5;-0.1;0.9;0.09;3.8;1.5;0;536;151;110;74;87845;2.23;0;0.4;0.4
2004;10;6;280;18.2;11.4;6.7;11.3;8.6;5.4;0.1;0.5;0.09;3.8;1.5;0;487;130;97;52;87797;1.89;5.72;0.4;0.4
2004;10;7;281;13.6;10.7;7.2;10.4;9.2;7.2;-0.3;-0.2;0.09;3.8;1.5;0;321;81;51;33;87794;1.45;1.73;0.4;0.4
2004;10;8;282;17.2;10.5;5.3;11.7;8.7;4.9;0.1;0.5;0.09;3.8;1.5;0;516;118;101;49;87501;1.49;1.06;0.4;0.4
2004;10;9;283;10.7;9;7.3;9.5;8.5;7.2;-0.5;-0.4;0.09;3.7;1.5;0;254;65;59;25;87295;1.13;7.08;0.4;0.4
2004;10;10;284;9.8;6.7;3.9;8.5;6.2;3.8;-0.9;-0.6;0.09;3.7;1.5;0;279;62;54;19;87000;1.22;9.43;0.4;0.4
2004;10;11;285;6.9;5.1;3.6;4.6;3.7;2.9;-1.2;-0.5;0.09;3.7;1.5;0;281;59;38;17;87402;1.11;1.12;0.4;0.4
2004;10;12;286;10.6;6.1;1.8;5.3;3.9;1.5;-0.4;-0.2;0.09;3.7;1.5;0;502;124;106;68;87596;1.21;0.21;0.4;0.4
2004;10;13;287;11.7;6.7;1.8;5.7;3.6;0.8;-0.1;0.2;0.09;3.7;1.5;0;482;123;107;69;87445;1.31;0.01;0.4;0.4
2004;10;14;288;11.4;6.1;1.5;4.8;2.5;-0.4;-0.2;0.5;0.09;3.6;1.5;0;462;118;105;71;86801;1.32;0.05;0.4;0.4
2004;10;15;289;11.2;6.2;1.8;3.9;2.6;1.4;-0.2;-0.1;0.09;3.6;1.5;0.01;486;125;109;60;86230;1.63;6.73;0.39;0.4
2004;10;16;290;4;1.8;0.1;1.1;-1;-3;0.4;0.6;0.21;3.6;1.5;3.43;241;56;82;43;86183;1.31;6.92;0.4;0.4
2004;10;17;291;5.4;1.6;-0.5;-0.5;-2.4;-4;1;0.6;0.22;3.6;1.4;3.89;382;93;95;63;86469;1.09;1.51;0.4;0.4
2004;10;18;292;6.9;2.9;-1.3;1.3;-1.3;-4.5;0.8;0.6;0.2;3.6;1.4;3.61;387;100;94;60;87010;1.26;1.54;0.4;0.4
2004;10;19;293;9.7;4.8;0.4;6.4;2.2;-1.6;-0.2;0.8;0.18;3.6;1.4;2.8;252;52;44;24;87025;0.59;1.5;0.4;0.4
2004;10;20;294;15.9;9.7;4.5;12;7.1;2.1;-0.2;1.2;0.13;3.6;1.4;1.56;320;78;71;30;86979;0.94;0.52;0.4;0.4
2004;10;21;295;13.2;9.1;4.9;11;7.8;3.8;0.3;0.7;0.11;3.6;1.4;0.69;302;59;52;25;87478;1;7.51;0.4;0.4
2004;10;22;296;13.6;9.4;4.1;9.5;7.6;4;-0.1;0.4;0.09;3.6;1.4;0.23;350;83;94;43;87869;1.1;0.56;0.4;0.4
2004;10;23;297;15.3;8.6;3.8;8.9;5.4;3;0.1;0.9;0.09;3.5;1.4;0.09;424;110;104;65;87814;1.35;0;0.4;0.4
2004;10;24;298;18.2;8.4;1.2;11.5;5.2;0.6;-0.1;1.2;0.08;3.5;1.4;0.05;461;118;126;80;87551;1.37;0;0.39;0.4
2004;10;25;299;14.8;8.6;2.8;9;5.6;1.5;-0.2;0.3;0.08;3.5;1.4;0.01;406;101;100;60;87363;1.16;0.38;0.39;0.4
2004;10;26;300;9.6;7.2;4.9;7.7;6.3;4.9;0;-1;0.08;3.5;1.4;0;264;54;56;23;86961;0.99;5.26;0.39;0.4
2004;10;27;301;12.5;7.2;4.1;8.2;5.8;3.8;-0.5;0;0.08;3.5;1.4;0;337;70;77;33;86573;1.11;0.59;0.39;0.4
2004;10;28;302;12.4;7.3;3.2;6.9;4;0.8;-0.3;1.3;0.08;3.5;1.4;0;235;55;93;44;86371;0.7;0.02;0.39;0.4
2004;10;29;303;13.5;7.6;3;7.9;5;0.8;-0.1;0.7;0.08;3.5;1.4;0;347;79;80;48;86204;1.03;1.04;0.39;0.4
2004;10;30;304;9.8;6.7;3.9;5.5;4.2;1.8;0.2;0.1;0.08;3.5;1.4;0;332;73;75;44;86698;0.82;0.86;0.39;0.4
2004;10;31;305;6.5;5.3;3.3;5.9;4.6;3.2;-0.9;-0.2;0.08;3.5;1.4;0;85;20;62;22;87186;0.43;11.49;0.39;0.4
2004;11;1;306;12.8;7.3;3.1;9.9;6.4;2.6;-0.5;0.3;0.08;3.5;1.4;0;310;63;78;38;87262;0.65;0.98;0.39;0.4
2004;11;2;307;13.8;8.6;5.6;10.1;7.2;5;-0.5;0.5;0.08;3.5;1.4;0;303;67;71;43;87487;0.74;0.42;0.39;0.4
2004;11;3;308;13.9;8.8;5.3;9.4;6.6;4.6;-0.1;0.9;0.08;3.4;1.4;0;299;70;80;45;87778;0.71;0.01;0.39;0.4
2004;11;4;309;13.8;8.8;5.3;9.4;6.6;3.8;0.1;0.6;0.08;3.4;1.4;0;277;70;80;47;87914;0.72;0.14;0.39;0.4
2004;11;5;310;8.4;6.4;3.1;8.3;6.2;2.7;0.4;-0.2;0.08;3.4;1.4;0;46;9;17;4;88123;0.41;6.65;0.39;0.4
2004;11;6;311;4.1;2.3;0.6;2.5;0.3;-1.6;0.9;-0.7;0.08;3.4;1.4;0.04;298;58;65;30;87816;1.3;2.24;0.39;0.4
2004;11;7;312;1;-1.3;-3.8;-0.8;-2.4;-4.8;0.8;-0.4;0.24;3.4;1.4;5.75;112;26;49;23;87389;0.72;14.94;0.39;0.4
2004;11;8;313;-2.2;-4.1;-9;-5.2;-6.1;-9.7;0.5;-0.3;0.5;3.4;1.4;14.64;163;38;72;37;87106;0.33;3.27;0.39;0.4
2004;11;9;314;-2.9;-6.8;-12;-6.3;-9.1;-13.6;0.7;0.5;0.51;3.4;1.4;15.77;126;30;55;33;86472;0.34;0.85;0.39;0.4
2004;11;10;315;-1.5;-6.3;-14.9;-4.5;-8.4;-15.9;-0.3;0;0.5;3.4;1.4;16.19;178;39;61;34;86450;0.38;1.3;0.39;0.4
2004;11;11;316;1.3;-1.7;-4.3;-1.8;-3.8;-6.1;-0.4;-0.2;0.5;3.4;1.4;16.69;208;45;88;47;87039;0.27;0.07;0.39;0.4
2004;11;12;317;5.8;1;-2.7;1.9;-1;-4.3;0.2;0.3;0.47;3.4;1.4;15.24;156;39;74;41;87497;0.06;0;0.39;0.4
2004;11;13;318;-0.8;-2.5;-5;-2.1;-3.9;-6.8;1.1;-0.3;0.47;3.3;1.4;17.6;96;18;70;28;87607;0.19;9.28;0.39;0.4
2004;11;14;319;-4.5;-6.3;-7.7;-7.1;-8.6;-10.2;-0.6;-1.2;0.51;3.3;1.3;25.97;159;32;64;30;87948;0.25;4.02;0.39;0.4
2004;11;15;320;-2;-4.5;-7.3;-6.1;-7.3;-9.4;-0.4;-0.2;0.51;3.3;1.3;26.92;190;43;103;53;87868;0.28;0.04;0.38;0.4
2004;11;16;321;1.1;-3.3;-8.2;-4.1;-7.3;-11.6;0.4;0.5;0.51;3.3;1.3;26.63;163;38;80;41;88078;0.27;0;0.38;0.4
2004;11;17;322;3.4;-0.3;-4.6;-0.6;-4.1;-7.4;0.8;0.5;0.5;3.3;1.3;25.8;169;35;77;39;88093;0.21;0;0.38;0.4
2004;11;18;323;3.6;0.1;-2.9;-0.7;-3.5;-6.5;1.2;0.4;0.49;3.3;1.3;24.39;172;40;85;50;87370;0.21;0;0.38;0.4
2004;11;19;324;1.4;-3.3;-6.8;-1.1;-5.9;-9.1;2.5;0;0.49;3.3;1.3;29.13;112;17;73;32;86672;0.44;15.27;0.38;0.4
2004;11;20;325;-4.7;-7;-8.8;-7.6;-9.7;-11.6;2;0.2;0.52;3.3;1.3;38.28;124;28;67;45;87474;0.3;5.12;0.38;0.4
2004;11;21;326;-2.1;-7.1;-11.1;-8;-11.4;-13.9;0.6;0.9;0.52;3.3;1.3;41.11;168;36;82;42;87929;0.22;0.55;0.38;0.4
2004;11;22;327;3.2;0.1;-6.8;-0.2;-3;-11;1.5;1.1;0.51;3.3;1.3;41.15;103;18;47;11;87814;0.23;1.56;0.38;0.4
2004;11;23;328;2.2;1.5;0.1;1.4;0.6;-0.7;1.7;0.3;0.49;3.3;1.3;38.71;43;10;17;8;87971;-0.1;12.14;0.39;0.4
2004;11;24;329;0.6;-1.5;-3.4;-0.6;-2.5;-5.5;-0.5;-0.3;0.48;3.3;1.3;38.48;140;29;99;48;88374;0.15;0.8;0.39;0.4
2004;11;25;330;5.5;-1.3;-5.4;1;-4.8;-9.9;0;0.8;0.47;3.3;1.3;37.9;183;40;89;55;88138;0.11;0;0.39;0.4
2004;11;26;331;5.7;-0.5;-5.4;-0.3;-4.9;-10.3;0.4;0.8;0.46;3.3;1.3;36.61;178;41;92;51;88051;0.17;0;0.39;0.4
2004;11;27;332;2.4;-0.2;-2.6;0;-2.9;-5.4;0.7;0.5;0.44;3.3;1.3;35.54;125;20;60;27;87988;0.11;0.68;0.39;0.4
2004;11;28;333;4.7;0.3;-3.5;-0.1;-4;-7.7;0.1;1;0.42;3.3;1.3;34.84;137;29;64;37;87335;0.09;0;0.39;0.4
2004;11;29;334;3;0.2;-1.7;-1;-2.9;-5.6;-0.5;0.3;0.41;3.3;1.3;34.29;116;23;60;29;86955;0.15;0.09;0.39;0.4
2004;11;30;335;4.8;0.7;-1.9;1;-1.3;-3.7;-0.4;0.1;0.4;3.3;1.3;33.57;193;37;82;45;86549;0.14;0.49;0.39;0.4
2004;12;1;336;3.7;-0.1;-3.2;-1.5;-3.6;-7.5;0.1;0.8;0.39;3.3;1.3;32.91;193;41;91;57;86601;0.19;0.05;0.39;0.4
2004;12;2;337;5.5;0.3;-4.4;0.6;-4.1;-8.8;0;0.9;0.37;3.3;1.3;32.15;158;35;75;45;86797;0.07;0.02;0.39;0.4
2004;12;3;338;4;0.1;-3.9;0.3;-2.5;-6.8;0.1;0.5;0.37;3.3;1.3;31.22;195;39;92;50;87470;0.09;0;0.39;0.4
2004;12;4;339;3.4;0.3;-1.2;0.1;-1.5;-3.5;-0.5;-0.3;0.36;3.3;1.3;30.34;182;39;80;46;88126;0.06;0.01;0.39;0.4
2004;12;5;340;2.5;-0.2;-1.4;-0.2;-1.5;-2.9;-0.1;-0.5;0.35;3.3;1.3;29.71;154;33;73;35;88116;0.07;0.14;0.38;0.4
2004;12;6;341;3.5;0;-2;0.2;-1.7;-4.4;-0.5;0.1;0.35;3.3;1.3;29.15;195;41;93;55;88236;0.04;0.04;0.38;0.4
2004;12;7;342;5.6;0.5;-3.7;0.7;-3.2;-7.3;-0.1;0.7;0.34;3.3;1.4;28.35;209;44;98;58;88199;0.09;0;0.38;0.4
2004;12;8;343;4.6;0;-2.9;0.2;-3.3;-5.7;-0.5;0.4;0.33;3.3;1.4;27.49;211;44;97;59;88158;0.08;0;0.38;0.4
2004;12;9;344;5.9;-1.4;-5.5;1.8;-4.4;-7.9;-0.3;1.3;0.32;3.3;1.4;26.59;212;45;105;64;87912;0.05;0;0.38;0.4
2004;12;10;345;5.4;-1.4;-5.6;1;-5.3;-11;0.2;1;0.31;3.3;1.4;25.77;221;47;110;70;87879;0.05;0;0.38;0.4
2004;12;11;346;5.9;-0.6;-4.2;0.4;-5.4;-10.1;0.2;1;0.3;3.3;1.4;25.15;224;47;108;68;88036;0.09;0;0.38;0.4
2004;12;12;347;5.6;-0.9;-4.9;0.6;-5.1;-10;0.2;1;0.29;3.3;1.4;24.59;226;48;106;69;88184;0.06;0;0.38;0.4
2004;12;13;348;5.3;-0.8;-4.7;-0.6;-5.3;-9.4;0.2;0.9;0.27;3.3;1.4;24.1;227;48;105;69;88313;0.08;0;0.38;0.4
2004;12;14;349;5.1;-1.1;-5.2;-0.9;-5.5;-9.4;0.1;1;0.27;3.3;1.4;23.72;232;49;111;71;88321;0.07;0;0.38;0.4
2004;12;15;350;4.8;-2;-5.9;-1.7;-6.8;-11.2;0.2;1.1;0.26;3.3;1.4;23.4;231;49;110;68;88003;0.05;0;0.38;0.4
2004;12;16;351;4.2;-2.3;-6.2;-2.9;-7.2;-10.9;0.1;1.2;0.25;3.3;1.3;23.17;229;48;102;61;87251;0.05;0.1;0.38;0.4
2004;12;17;352;1.9;-1.5;-4.7;-1.9;-5;-8.6;0.5;0.9;0.26;3.3;1.3;23.29;185;34;85;33;86106;0.11;1.55;0.37;0.4
2004;12;18;353;-1.1;-5.2;-12;-4.2;-8.3;-16.2;2.5;0.5;0.4;3.3;1.3;30.47;86;19;83;44;86430;0.39;8.64;0.37;0.4
2004;12;19;354;-3.6;-6.8;-12.9;-4.4;-9;-17;0;0.5;0.49;3.3;1.3;40.92;20;5;53;6;86080;0.12;19.31;0.37;0.4
2004;12;20;355;-6.7;-10.4;-20.6;-7.6;-12.8;-23.1;-0.8;0.4;0.53;3.3;1.3;51.92;155;31;104;64;87051;0.02;0.19;0.37;0.4
2004;12;21;356;-7.7;-17.2;-24.5;-13.5;-21;-27;0.3;1.5;0.53;3.2;1.3;51.92;150;31;78;50;87409;0.05;0;0.37;0.4
2004;12;22;357;-7.5;-15.5;-23.7;-13.8;-19.9;-27;0.4;1.5;0.52;3.2;1.3;51.89;152;31;78;37;87498;0.13;0.01;0.37;0.4
2004;12;23;358;1.3;-3.3;-12.7;-1;-6.7;-16.4;1.5;1;0.52;3.2;1.3;51.8;60;11;20;0;87144;0.14;1.06;0.37;0.4
2004;12;24;359;1.6;-2.1;-9.9;-1.8;-4.9;-11.9;1.1;0.8;0.51;3.2;1.3;51.3;110;25;80;50;86857;0.06;0.03;0.37;0.4
2004;12;25;360;-0.1;-6.1;-11.1;-4.6;-9.7;-13.7;0.2;1.5;0.5;3.2;1.3;51.12;149;31;75;41;85825;0.08;0.09;0.37;0.4
2004;12;26;361;-1.7;-3.3;-4.9;-2.8;-4.8;-8.6;0.5;0;0.5;3.2;1.3;53.27;77;16;29;13;85608;0.03;6;0.37;0.4
2004;12;27;362;-2.8;-3.9;-4.9;-3.8;-4.8;-5.6;0.6;-0.6;0.52;3.2;1.3;60.15;74;13;33;10;86609;0.11;5.24;0.36;0.4
2004;12;28;363;-2.1;-5.6;-10.7;-5.9;-7.9;-12.4;0.4;0.5;0.52;3.2;1.3;62.67;133;28;73;30;86540;0.06;2.78;0.36;0.4
2004;12;29;364;-4.2;-6;-8.6;-5.9;-8.2;-10.9;1.1;0.1;0.53;3.2;1.3;68.88;97;19;44;26;87656;0.11;5.12;0.36;0.4
2004;12;30;365;-4.3;-11.6;-17.3;-10.3;-15;-19.3;0.3;1.3;0.53;3.2;1.3;70.06;156;32;82;52;88414;0;0.01;0.36;0.4
2004;12;31;366;-0.1;-9.4;-16.9;-5.2;-13;-19.7;0.3;1.2;0.52;3.2;1.3;70.08;141;28;75;27;88136;0;0.53;0.36;0.4
2005;1;1;1;0.9;-2.8;-6.2;-1.8;-4.7;-8.3;0.6;0.9;0.52;3.1;1.3;72.43;92;19;64;20;88045;0;2.26;0.36;0.4
2005;1;2;2;0.9;-2.3;-6.3;-0.9;-4.5;-8.9;1.5;0.5;0.52;3.1;1.3;76.27;49;9;49;14;87826;0.18;10.78;0.36;0.4
2005;1;3;3;-2.7;-3.7;-5;-5.8;-6.6;-7.6;2;0.5;0.53;3.1;1.3;83.4;75;15;43;22;88574;0.28;2.63;0.36;0.4
2005;1;4;4;0.6;-4.6;-10;-4.8;-8.5;-12.5;0.9;1.3;0.52;3.1;1.3;84.28;145;31;89;55;88483;0.1;0;0.36;0.4
2005;1;5;5;0.7;-6.7;-13.4;-4.5;-10.5;-16.2;0.6;1.5;0.52;3.1;1.3;84.23;162;35;83;45;88309;0.08;0;0.36;0.4
2005;1;6;6;0.9;-0.8;-4.9;-0.7;-2.7;-8.4;1.5;0.7;0.51;3.1;1.3;87;52;9;65;13;88549;0.05;8.24;0.36;0.4
2005;1;7;7;2.7;-4.6;-9.6;-2.1;-7.4;-11.6;0.3;1.7;0.5;3.1;1.3;87.97;164;35;84;60;88701;0.19;0;0.36;0.4
2005;1;8;8;3.4;-4.6;-11.3;-0.9;-8.3;-13.4;0.5;1.6;0.5;3.1;1.3;87.75;173;37;90;59;88108;0.04;0;0.36;0.4
2005;1;9;9;2.6;-2;-7.8;-0.8;-4.9;-9.7;0.3;1;0.49;3.1;1.3;87.59;99;21;55;24;88409;0.04;0.51;0.36;0.4
2005;1;10;10;4;-5.4;-11.6;-0.6;-8.5;-14.3;0.2;1.6;0.49;3.1;1.2;87.27;163;36;89;58;88310;0.18;0;0.36;0.39
2005;1;11;11;3.9;-6.1;-12.4;-1.5;-9.8;-15.7;0.2;1.4;0.48;3.1;1.2;86.94;175;39;90;60;88352;0.06;0;0.36;0.39
2005;1;12;12;3.6;-5.5;-12.8;-2.9;-9.6;-16.3;0.3;1.4;0.48;3;1.2;86.82;173;36;77;41;88107;0.09;0.67;0.36;0.39
2005;1;13;13;-0.2;-2.4;-6.3;-2.2;-4.3;-7.6;1.1;0.2;0.49;3;1.2;90.37;128;23;77;28;88169;0.15;4.95;0.35;0.39
2005;1;14;14;-2.6;-5.8;-9.3;-5.8;-8.4;-12;0.3;0.4;0.49;3;1.2;92.07;145;29;80;52;88278;0.02;0.4;0.35;0.39
2005;1;15;15;0.4;-4.8;-7.9;-5.3;-9.8;-14.5;-0.4;0.6;0.49;3;1.2;92.2;188;41;101;64;88119;0;0;0.35;0.39
2005;1;16;16;4;-4.8;-11.2;-4.6;-12.3;-19.8;0.2;1.1;0.49;3;1.2;92.2;190;42;97;62;88098;0;0;0.35;0.39
2005;1;17;17;4.5;-5;-10.7;-6.7;-12.5;-18.2;0.1;1.1;0.48;3;1.2;92.15;191;42;98;60;87800;0.04;0;0.35;0.39
2005;1;18;18;1;-5.9;-12.8;-5.5;-11.3;-19.3;0.6;1.1;0.48;3;1.2;92.94;117;24;48;23;86246;0.09;4.91;0.35;0.39
2005;1;19;19;-3.2;-5.8;-8.6;-7;-9.6;-12.9;1.4;0.6;0.5;3;1.2;97.05;108;26;72;43;86747;0.2;0.69;0.35;0.39
2005;1;20;20;1.8;-2.5;-9.5;-0.9;-5.9;-13.9;2.1;1.5;0.5;3;1.2;99.34;64;12;31;5;86780;0.09;11.6;0.35;0.39
2005;1;21;21;1.7;-1.4;-4.3;-0.9;-3.4;-6.4;3.1;-0.1;0.51;3;1.2;112.52;80;14;59;24;86412;0.52;22.97;0.36;0.39
2005;1;22;22;-3.6;-5.7;-11;-5.8;-8;-13.3;2;0;0.53;3;1.2;124.44;134;31;72;49;86951;0.2;6.83;0.36;0.39
2005;1;23;23;-4.6;-10.6;-16.1;-9.2;-13.7;-18.6;0.5;0.7;0.53;3;1.2;127.23;156;34;75;46;86982;0.07;1.16;0.36;0.39
2005;1;24;24;-7.6;-10.1;-12.4;-9.8;-12.5;-15.2;0.9;0.2;0.53;3;1.2;132.85;106;22;54;20;86558;0.08;11.31;0.36;0.39
2005;1;25;25;-9.7;-11.9;-13.8;-13.1;-14.5;-15.7;0.4;-0.6;0.54;3;1.2;143.44;118;25;37;18;86684;0.12;8.17;0.36;0.39
2005;1;26;26;-10.7;-12.8;-14.6;-13.3;-15.1;-16.5;-0.2;-1;0.54;3;1.2;149.86;122;26;32;17;86769;0.04;6.44;0.36;0.39
2005;1;27;27;-11.4;-13.2;-15.6;-14.2;-15.8;-17.5;0.1;-0.5;0.54;3;1.2;154.95;165;36;71;43;86685;0.04;1.45;0.35;0.39
2005;1;28;28;-11.1;-15.3;-20.4;-15;-18.5;-23.1;0.1;0.4;0.54;3;1.2;155.76;162;32;58;32;86412;0;1.06;0.35;0.39
2005;1;29;29;-12.1;-15.6;-19.7;-15.9;-18.6;-22;-0.5;0.2;0.53;3;1.2;156.39;190;42;76;51;86995;0;0.25;0.35;0.39
2005;1;30;30;-8.5;-15.2;-22.4;-17;-20.4;-25.2;0.2;0.8;0.53;3;1.2;156.55;206;48;88;57;87793;0;0.01;0.35;0.39
2005;1;31;31;-4.3;-9.8;-18.3;-7.9;-14;-22;1.2;1.1;0.53;3;1.2;157.2;163;36;62;10;87746;-0.04;5.61;0.35;0.39
2005;2;1;32;-4.5;-5.8;-8;-6.4;-7.5;-9.5;1.7;-0.5;0.54;3;1.2;171.17;101;24;72;22;87414;0.01;14.47;0.35;0.39
2005;2;2;33;-4.4;-6.4;-9.2;-6.2;-8.8;-11.4;1.7;0.7;0.54;3;1.2;181.04;54;12;47;10;87915;0.04;11.92;0.35;0.39
2005;2;3;34;-2.4;-3.9;-4.9;-4.6;-5.3;-6.3;1.3;-0.2;0.54;3;1.2;191.88;103;20;37;13;88142;0.03;6.94;0.35;0.39
2005;2;4;35;-2.1;-4.3;-7.8;-4;-6.2;-9.1;-0.6;-0.3;0.54;3;1.2;196.01;171;40;83;48;88215;0.05;0.72;0.35;0.39
2005;2;5;36;-0.9;-8.3;-14.5;-9;-12.7;-16.8;-0.1;0.8;0.53;3;1.2;196.13;222;52;99;73;87693;0;0;0.35;0.39
2005;2;6;37;-1;-9.9;-17.7;-8.9;-14.4;-19.8;0;0.9;0.53;3;1.2;196.12;218;52;86;62;87752;-0.02;0;0.35;0.39
2005;2;7;38;-0.2;-10;-17.5;-8.3;-14.5;-19.5;0.1;1.1;0.53;3;1.2;196.14;226;55;91;65;87821;-0.03;0;0.35;0.39
2005;2;8;39;0.7;-9.8;-16.9;-7.5;-14.1;-19.1;0.2;1.4;0.52;3;1.2;196.16;227;56;86;60;88188;-0.03;0;0.35;0.39
2005;2;9;40;1.9;-7.9;-16.1;-6;-12.1;-18;0.1;1.2;0.52;3;1.2;196.21;228;55;83;57;88452;-0.04;0;0.34;0.39
2005;2;10;41;0.8;-6.1;-14.1;-5.9;-10.5;-15.8;0.7;1.2;0.52;3;1.2;196.34;222;49;69;35;88436;0.01;1.17;0.34;0.39
2005;2;11;42;2.3;-0.4;-2.6;-1.6;-3.1;-5.8;1.1;0.9;0.52;3;1.2;199.03;103;24;20;7;87955;0;4.81;0.34;0.39
2005;2;12;43;5.1;2.5;0.2;0.8;-0.6;-1.7;1.8;1.2;0.5;3;1.2;200.78;102;22;51;10;86776;0.06;12.88;0.35;0.39
2005;2;13;44;-0.5;-3.3;-6.7;-0.9;-6.3;-8.4;2.7;0.3;0.52;3;1.2;208.6;147;34;61;38;85643;0.95;13.86;0.36;0.39
2005;2;14;45;-4.4;-6.8;-8.7;-7.6;-9.2;-11.4;1.7;0.3;0.53;3;1.2;217.36;140;32;73;38;85769;0.23;7.08;0.35;0.39
2005;2;15;46;-6.4;-8.5;-10;-9;-10.8;-12.9;0.7;-0.3;0.53;3;1.2;224.04;160;36;63;30;85995;0.11;6.7;0.35;0.39
2005;2;16;47;-7.6;-9;-9.8;-10.1;-10.6;-11.1;0.8;-0.7;0.54;3;1.2;234.46;94;22;23;11;86671;0.07;13.88;0.35;0.39
2005;2;17;48;-6.8;-8.9;-11.7;-9.9;-11.4;-13.2;0.1;-0.2;0.54;3;1.2;241.32;194;46;52;30;87247;0.07;0.68;0.35;0.39
2005;2;18;49;-5.5;-8.6;-12.6;-9.9;-11.6;-14;0.2;0.2;0.54;3;1.2;241.63;222;57;74;51;87171;0.07;0.07;0.35;0.39
2005;2;19;50;-3.8;-8.8;-16.2;-7.8;-12.4;-18.5;0.4;0.5;0.53;3;1.2;241.94;202;46;63;33;86389;0;1.41;0.35;0.39
2005;2;20;51;-4.6;-7.1;-9;-8.3;-9.5;-10.9;0.4;-0.2;0.53;3;1.2;244.78;174;42;46;23;86102;0.04;4.06;0.35;0.39
2005;2;21;52;-6.5;-7.9;-9;-8.7;-9.3;-10;-0.1;-0.9;0.53;3;1.2;249.74;112;28;44;18;85772;0.01;4.76;0.35;0.39
2005;2;22;53;-5.4;-7.8;-9.5;-9.4;-10.4;-11.4;0.7;-0.4;0.53;3;1.2;253.66;147;37;52;23;85701;0.13;2.89;0.35;0.39
2005;2;23;54;-5.6;-8.5;-12.4;-10.3;-11.6;-14.2;0.2;-0.1;0.53;3;1.2;255.12;204;50;56;39;86098;0.05;1.27;0.35;0.39
2005;2;24;55;-5;-9.3;-16.3;-9.6;-12.7;-18.1;-0.3;0.1;0.53;3.1;1.2;255.83;267;69;88;69;86453;0;0.01;0.35;0.39
2005;2;25;56;-5.5;-9.7;-16.3;-9.6;-12.6;-18.2;-0.2;0.1;0.53;3.1;1.3;255.94;242;61;75;44;86575;-0.02;0.3;0.35;0.39
2005;2;26;57;-5.3;-8.6;-11.8;-9.7;-11.4;-13.6;0.1;-0.2;0.52;3.1;1.3;256.24;254;62;80;44;86407;0.03;0.34;0.35;0.39
2005;2;27;58;-8.2;-11.4;-14;-11.6;-13.8;-15.7;0;-0.6;0.52;3.1;1.3;258.73;162;41;53;23;86266;0.15;6.13;0.35;0.39
2005;2;28;59;-12.2;-15.3;-19.1;-16.3;-19.9;-22.9;-0.6;-0.5;0.53;3.1;1.3;262.65;264;70;95;67;86807;0.22;0.39;0.34;0.39
2005;3;1;60;-6.4;-14.5;-24.8;-18;-22.4;-27.4;0.1;0.6;0.53;3.1;1.3;262.64;302;82;102;76;86284;0.06;0;0.34;0.39
2005;3;2;61;-3.2;-12.9;-22.9;-14.2;-20.3;-25.4;0;0.9;0.52;3.1;1.3;262.62;307;84;100;70;86039;0;0;0.34;0.39
2005;3;3;62;-2.1;-9.2;-18.9;-10.6;-15.3;-21.2;-0.2;0.8;0.52;3.1;1.3;262.65;255;66;67;38;86126;0;0.29;0.34;0.39
2005;3;4;63;-3.2;-7.2;-12;-10;-12;-15.3;0.5;0.2;0.52;3.1;1.3;262.95;264;74;80;55;86319;0.06;0.22;0.34;0.39
2005;3;5;64;-3.9;-8.8;-15.2;-9.3;-12.5;-17.2;0.4;0.2;0.52;3.1;1.3;263.92;260;71;85;42;85872;0.06;3.71;0.34;0.39
2005;3;6;65;-7.6;-9.5;-12.5;-10.9;-12.3;-14.1;0.3;-0.9;0.53;3.1;1.3;270.26;207;54;51;28;86566;0.22;5.95;0.34;0.39
2005;3;7;66;-7.2;-10.9;-14;-13.6;-15.1;-16.4;1.4;0.1;0.53;3.2;1.3;273.15;237;67;78;42;87170;0.28;1.6;0.34;0.39
2005;3;8;67;-3.2;-6.5;-10.8;-7.4;-9.9;-13.8;1.7;0.7;0.53;3.2;1.3;275.72;174;38;34;12;87442;0.07;3.73;0.34;0.39
2005;3;9;68;-2.1;-4;-5.4;-4.5;-6.1;-7.5;2;-0.2;0.53;3.2;1.3;282.23;169;45;45;17;87737;0.08;11.39;0.34;0.39
2005;3;10;69;-2;-4.3;-6.6;-5.3;-6.7;-8.7;0.5;-0.5;0.54;3.2;1.3;292.82;258;58;98;45;87872;0.13;5.6;0.34;0.39
2005;3;11;70;1.8;-5;-15;-7.9;-10.7;-16.6;1.6;0.8;0.54;3.2;1.3;294.06;322;90;101;82;86945;0.19;0;0.34;0.38
2005;3;12;71;-0.2;-3.7;-6.4;-5.5;-7.8;-9.5;2.8;0.4;0.53;3.2;1.3;295.62;246;63;67;45;86138;0.47;6.95;0.34;0.38
2005;3;13;72;-1.3;-5;-8.7;-8.8;-10.1;-12;1;0.2;0.53;3.2;1.3;300.51;249;80;104;72;86759;0.27;0.32;0.34;0.38
2005;3;14;73;4.3;-2.8;-13.1;-5;-9.1;-14.7;0.2;0.7;0.53;3.2;1.3;300.47;321;89;91;55;87100;0.06;0.11;0.34;0.38
2005;3;15;74;6.6;0.3;-5.3;-1.6;-4.1;-6.5;0.7;0.9;0.52;3.2;1.3;300.71;292;82;90;45;87949;0.06;0.25;0.34;0.38
2005;3;16;75;11;0.9;-6.1;1.8;-4.3;-7.2;0.2;1.2;0.51;3.2;1.3;300.05;340;100;100;76;88455;0.17;0;0.34;0.38
2005;3;17;76;8.7;1.7;-6.1;-0.4;-3.8;-7.5;1.1;1.3;0.5;3.3;1.3;298.08;346;102;94;72;88574;0.25;0;0.34;0.38
2005;3;18;77;8.7;2.8;-3;1.6;-2.1;-5.7;0.9;1.2;0.49;3.3;1.3;293.89;354;104;90;65;88519;-0.06;0;0.34;0.38
2005;3;19;78;8.3;3.5;-1.1;3.6;0.7;-4.4;0.7;0.7;0.47;3.3;1.3;288.21;199;57;41;13;88038;-0.18;8.59;0.35;0.38
2005;3;20;79;4.8;2.3;-1.6;2.7;1.4;-1.8;-0.5;-0.2;0.45;3.3;1.3;280.47;260;70;57;21;87611;-0.19;0.43;0.36;0.38
2005;3;21;80;7.1;1.8;-3.5;2.8;-0.5;-4.6;-0.5;0.4;0.44;3.3;1.3;272.32;399;117;101;66;87330;-0.02;0;0.37;0.38
2005;3;22;81;12.7;3.9;-5.6;3.6;-0.8;-7.4;0.2;0.6;0.43;3.3;1.3;264.47;389;113;104;62;87282;-0.08;0.11;0.37;0.38
2005;3;23;82;8.7;4.5;-0.4;4.5;2.6;-1.2;-0.3;0.5;0.42;3.3;1.3;253.4;324;73;81;25;87691;-0.3;2.26;0.38;0.38
2005;3;24;83;11.7;5;-1.8;6.2;1.9;-2.9;0;0.5;0.41;3.4;1.4;240.31;410;117;88;48;87543;-0.27;2.35;0.39;0.39
2005;3;25;84;6.6;3;-3;4.8;1.8;-4;0.3;0.6;0.41;3.4;1.4;228.42;254;58;82;24;87484;-0.27;12.59;0.41;0.39
2005;3;26;85;8.9;2.2;-5;3;-0.8;-6.3;-0.2;0.6;0.41;3.4;1.4;219.09;362;104;74;54;86818;-0.03;0;0.41;0.39
2005;3;27;86;7.5;2.2;-3.4;4;0.4;-4.7;0.3;0.4;0.4;3.4;1.4;210.59;328;83;52;31;86564;-0.23;4.1;0.41;0.39
2005;3;28;87;7.5;3.5;-1.1;3.4;1.5;-2.6;0.5;0.5;0.4;3.4;1.4;198.84;296;91;69;36;87057;-0.17;1.45;0.42;0.4
2005;3;29;88;8.5;3.2;-4.4;4.6;0.1;-6.2;0.1;0.3;0.4;3.4;1.4;187.92;386;110;87;51;87134;-0.17;1.19;0.42;0.4
2005;3;30;89;5.3;2.6;-1.5;3.4;1.2;-2.8;0.4;0.5;0.4;3.4;1.4;178.49;251;67;44;21;87236;-0.21;9.17;0.42;0.4
2005;3;31;90;6.1;2.8;-0.7;3.8;1.5;-0.9;-0.4;0.1;0.4;3.5;1.4;167.67;324;84;62;27;87663;-0.22;5.25;0.43;0.41
2005;4;1;91;6.4;1.3;-4.1;-0.4;-3.3;-6.1;-0.9;0.2;0.39;3.5;1.4;158.14;483;150;118;80;87986;0.66;0;0.42;0.41
2005;4;2;92;8.4;2.3;-6.2;-0.2;-4;-8.7;-0.4;0.5;0.39;3.5;1.4;150.6;496;156;122;91;87915;0.35;0;0.42;0.41
2005;4;3;93;9.5;3;-5.9;0.5;-3.5;-8.4;-0.1;0.4;0.38;3.5;1.4;141.47;489;151;107;78;88074;0.37;0.02;0.42;0.41
2005;4;4;94;10.8;3.3;-5.4;0.4;-3.4;-7.6;0.2;0.4;0.38;3.5;1.4;131.64;482;152;109;76;88132;0.44;0.03;0.42;0.41
2005;4;5;95;9;3.1;-4.8;0.7;-2.1;-6.5;0.7;0.5;0.37;3.5;1.4;121.79;495;152;109;69;88201;0.9;0.01;0.42;0.41
2005;4;6;96;12.4;5.5;-3.9;2.8;-1.9;-5.3;0;0.6;0.35;3.5;1.4;111.54;490;154;93;66;87860;0.83;0.03;0.42;0.42
2005;4;7;97;10.1;4.9;-1.2;5.5;1.3;-3.5;0.2;0.4;0.33;3.6;1.4;102.14;329;90;58;32;86886;0.32;1.68;0.42;0.42
2005;4;8;98;5.8;2.4;-0.9;3.5;1.5;-1.1;0.5;-0.3;0.34;3.6;1.4;96.55;250;64;38;19;86267;0.33;13.62;0.42;0.42
2005;4;9;99;1.3;-0.9;-2.4;0.3;-1.6;-2.7;0.4;-0.9;0.46;3.6;1.4;104.55;198;52;26;14;86654;0.44;17.8;0.42;0.42
2005;4;10;100;0.7;-2;-4.7;-3;-6;-7.4;-0.2;-0.8;0.51;3.6;1.4;114.32;303;91;55;36;87722;0.96;1.58;0.41;0.42
2005;4;11;101;3.4;-0.5;-5.1;-1.7;-3.7;-7.4;-1.4;-0.2;0.49;3.6;1.4;113.66;296;81;44;28;87831;0.56;0.29;0.41;0.42
2005;4;12;102;7.2;3.1;-2.5;4.5;0.5;-4.2;-0.3;-0.5;0.46;3.6;1.4;109.84;408;110;103;37;87387;0.35;2.81;0.4;0.42
2005;4;13;103;6.6;4.1;1.4;3.6;2.2;0.9;0.4;-0.1;0.41;3.6;1.4;101.6;264;82;43;15;87008;0.47;1.71;0.41;0.42
2005;4;14;104;10.4;5.2;-1.4;3.1;0.8;-2.2;-0.1;0.3;0.37;3.7;1.5;93.44;429;141;92;54;86692;0.8;1.05;0.41;0.42
2005;4;15;105;13.4;6.3;-3.1;3.4;-0.5;-4.7;0.1;0.6;0.35;3.7;1.5;85.08;534;171;102;71;86380;1.13;0.4;0.41;0.42
2005;4;16;106;11.9;5.3;-2.6;2.3;-0.2;-4.3;-0.5;0.9;0.33;3.7;1.5;76.84;536;154;100;62;85758;1.23;0.93;0.41;0.42
2005;4;17;107;6.9;2.9;-1.7;1;-0.4;-3.9;0.7;0;0.31;3.7;1.5;71.06;508;150;106;60;85648;1.18;6.78;0.41;0.42
2005;4;18;108;5.8;3.1;-0.8;3.7;1.3;-1.3;0.9;0.2;0.34;3.7;1.5;70.07;213;63;28;12;86094;0.7;7.89;0.41;0.42
2005;4;19;109;3.3;2.5;1;3;2;0.9;1.1;0.3;0.33;3.7;1.5;66.59;153;41;17;6;86266;0.51;18;0.42;0.42
2005;4;20;110;3;0.6;-0.5;2.8;0.4;-0.7;1.3;0.3;0.36;3.8;1.5;67.76;205;43;14;6;86491;0.67;20.65;0.42;0.43
2005;4;21;111;2.1;0;-1.2;-0.8;-3.2;-6.8;-0.2;-0.9;0.43;3.8;1.5;73.48;373;96;71;38;87141;1.15;4.83;0.42;0.43
2005;4;22;112;6.4;2.3;-1.9;-1.3;-4.2;-6.3;-0.1;-0.2;0.4;3.8;1.5;72.67;526;178;122;85;87237;1.14;0;0.41;0.43
2005;4;23;113;9.3;3.5;-4.6;1.8;-1.9;-6.6;0.1;0.1;0.36;3.8;1.5;69.67;407;113;71;45;87100;0.95;2.67;0.41;0.43
2005;4;24;114;11.5;6;-2.7;6.3;2.3;-3.7;-0.2;0.2;0.33;3.8;1.5;64.46;421;128;53;39;86966;1.02;1.12;0.41;0.43
2005;4;25;115;6.9;4.2;2.1;5.3;2.7;0.5;1.3;0.5;0.3;3.8;1.5;58.71;194;62;34;20;86773;1.02;10.48;0.41;0.43
2005;4;26;116;9.1;5.6;1.5;2.3;1.3;-1;1.4;0.2;0.28;3.9;1.5;53.21;490;152;85;45;87438;2.11;2.34;0.41;0.43
2005;4;27;117;10.2;4.9;-2.1;5.7;2.3;-3.3;0.9;0.3;0.26;3.9;1.5;48.11;428;122;75;38;87668;1.18;5.02;0.41;0.43
2005;4;28;118;10.8;7;1.1;4.1;2.4;0.4;0.5;-0.1;0.25;3.9;1.5;42.76;524;173;84;48;88004;2.06;0.99;0.41;0.43
2005;4;29;119;11.7;7.4;3.1;7.1;3.9;1.6;0.2;0.6;0.24;3.9;1.6;37.56;363;81;62;23;87995;0.93;0.58;0.41;0.43
2005;4;30;120;16.1;9.7;0.8;8.7;4.2;-0.2;0.1;0.3;0.23;3.9;1.6;31.73;578;188;89;57;87711;2.28;0.01;0.4;0.43
2005;5;1;121;18.6;11.5;1.3;10.8;4.9;0;0.3;0.6;0.23;3.9;1.6;24.27;594;202;90;63;87610;2.44;0.05;0.4;0.43
2005;5;2;122;21.3;13.2;2;13.8;6.1;0.8;0.2;0.6;0.23;4;1.6;15.93;663;215;101;66;87746;2.61;0.66;0.39;0.43
2005;5;3;123;14.9;9.7;5.9;10.2;7;3.8;0.6;0.5;0.2;4;1.6;9.23;359;108;72;29;87635;1.8;13.89;0.39;0.43
2005;5;4;124;11.2;7.3;3.9;5.4;3.1;2.1;1.5;0.2;0.16;4;1.6;5.05;649;200;94;56;87328;2.83;3.45;0.39;0.43
2005;5;5;125;8.7;5;3.1;7.1;3.9;1.7;1;-0.1;0.14;4;1.6;3.07;445;122;49;23;87232;2.41;14.37;0.39;0.43
2005;5;6;126;6.6;3.6;2.3;3.4;2.4;1.7;1.9;0;0.13;4;1.6;2.07;419;104;44;18;87281;2.62;11.38;0.4;0.43
2005;5;7;127;8.1;4.1;0.6;3.6;1.7;-0.5;2.2;0.3;0.13;4;1.6;1.62;485;154;56;30;86903;3.17;18.75;0.4;0.42
2005;5;8;128;5.5;2.1;-1.4;1.2;-1.5;-5.6;1.5;-0.2;0.21;4.1;1.6;3.91;607;192;90;54;86905;2.74;6.09;0.4;0.42
2005;5;9;129;6.4;2.6;-0.9;2.7;-0.7;-4.3;0.7;-0.1;0.22;4.1;1.6;3.97;568;165;79;48;86968;2.33;6.47;0.4;0.42
2005;5;10;130;7.3;2.8;-1.4;3.6;0.5;-3.1;0.1;-0.3;0.18;4.1;1.6;2.64;565;161;79;45;87170;1.9;6.95;0.4;0.42
2005;5;11;131;7;3.1;-0.7;0.7;-1.3;-2.5;0.1;-0.6;0.18;4.1;1.6;2.27;645;209;104;65;87649;2.84;2.07;0.4;0.42
2005;5;12;132;11.8;6.2;0;2.7;0.5;-2.1;-1;-0.4;0.15;4.1;1.6;1.12;773;277;121;93;87554;2.86;0.12;0.39;0.42
2005;5;13;133;13.8;8;0.6;7.2;3.3;-0.7;-0.2;0.1;0.13;4.1;1.7;0.38;594;209;99;61;87469;2.61;0.24;0.39;0.42
2005;5;14;134;15.3;7.9;1.1;8.4;4.6;0.2;0.6;0.8;0.12;4.2;1.7;0.11;618;170;88;51;87193;2.86;7.8;0.38;0.42
2005;5;15;135;12;7.8;2.2;5;3.1;1;1.2;0.1;0.12;4.2;1.7;0.02;576;208;86;56;87392;3.24;0.97;0.38;0.42
2005;5;16;136;11;7.3;3.7;7.6;5.3;2.8;0.1;-0.4;0.12;4.2;1.7;0;400;125;58;31;87099;2.27;25.5;0.38;0.42
2005;5;17;137;11.6;6.9;1.3;5.3;3.3;1.2;-0.2;-0.3;0.12;4.2;1.7;0;558;195;75;48;87056;3.12;5.26;0.39;0.42
2005;5;18;138;4.8;4.2;2.7;4.7;4;2.6;0.6;-1;0.12;4.2;1.7;0.07;147;41;18;7;87369;1.18;32.44;0.4;0.42
2005;5;19;139;11.1;6.2;2;3;1.3;0.3;-0.3;-0.6;0.12;4.2;1.7;0.22;653;221;111;59;88021;3.2;0.62;0.41;0.42
2005;5;20;140;17;9.8;-0.9;8.3;3.3;-2.2;0.2;0.3;0.12;4.2;1.7;0.03;760;286;122;92;87960;4.07;0;0.41;0.42
2005;5;21;141;17.2;11.4;2.3;10.6;6.7;1.2;-0.3;0.5;0.12;4.2;1.7;0;679;224;96;65;87625;3.29;0.65;0.4;0.42
2005;5;22;142;15.4;10.6;7.4;10.6;8.8;6.6;-0.2;0.2;0.12;4.2;1.7;0;566;148;85;37;87406;2.63;14.45;0.4;0.42
2005;5;23;143;10.4;7.2;4.8;9.1;6.8;4.5;0.6;-0.3;0.12;4.3;1.7;0;221;61;33;11;87650;1.94;21.76;0.41;0.42
2005;5;24;144;12.6;8.4;3.9;6.8;4.3;3.1;-0.2;-0.2;0.12;4.3;1.7;0;454;175;92;50;88284;2.86;0.31;0.41;0.42
2005;5;25;145;17.6;11.2;1.7;8.9;5.4;1.1;-0.3;0;0.12;4.3;1.7;0;801;290;121;86;88463;4.21;0;0.41;0.42
2005;5;26;146;21;14;3.5;12.3;8;2.6;-0.1;0.1;0.12;4.3;1.7;0;792;283;119;86;88213;4.47;0;0.4;0.42
2005;5;27;147;22.6;15.5;5.4;14.1;9.2;4.6;-0.2;0.2;0.12;4.3;1.7;0;803;281;122;87;87953;4.72;0;0.39;0.42
2005;5;28;148;22.8;16.4;7.3;16.3;9.8;6.4;0.4;0.3;0.12;4.3;1.7;0;803;284;126;86;87939;4.81;0.2;0.38;0.42
2005;5;29;149;23.2;16.5;7;14.9;10.2;6;-0.1;0.5;0.12;4.3;1.7;0;720;259;114;79;87867;4.52;0.38;0.38;0.42
2005;5;30;150;19.3;13.4;8.3;13;10.4;7.2;1;0;0.12;4.3;1.7;0;576;197;99;47;87838;3.9;25.39;0.37;0.42
2005;5;31;151;11.9;8.6;6;6.8;4;2.6;0.3;-1.1;0.12;4.3;1.7;0;490;170;61;34;88193;3.25;1.4;0.39;0.42
2005;6;1;152;12.5;9.3;6.1;5.3;4.2;3.7;-0.2;-0.9;0.12;4.3;1.7;0;604;191;92;56;87977;2.89;0.58;0.38;0.42
2005;6;2;153;15.9;11.1;3.7;7.7;5.3;2.7;0.1;-0.1;0.12;4.3;1.7;0;672;247;99;76;87764;3.71;0.09;0.38;0.42
2005;6;3;154;20.4;13.9;3.8;11.9;7.7;2.9;0.1;0.3;0.12;4.4;1.8;0;778;283;118;84;87523;4.64;1;0.37;0.42
2005;6;4;155;13.3;10.9;7.7;11.7;8.7;5.4;0.9;0.4;0.12;4.4;1.8;0;348;100;66;32;87580;2.4;12.21;0.38;0.41
2005;6;5;156;12.6;9.2;6.1;7.3;5.8;4.4;1.3;-0.5;0.12;4.4;1.8;0;643;201;81;45;87743;3.11;2.74;0.37;0.41
2005;6;6;157;11.9;8.4;6.1;7.8;6.5;4.8;1;-0.4;0.12;4.4;1.8;0;595;164;65;31;87756;3.28;18.14;0.38;0.41
2005;6;7;158;7.1;4.9;1.1;6.6;3.5;-0.7;0.7;-0.8;0.12;4.4;1.8;0.12;411;121;73;23;88302;2.92;18.72;0.39;0.41
2005;6;8;159;7.4;4.2;-0.1;2.2;-1.2;-3.2;0;-0.5;0.14;4.4;1.8;0.58;610;213;78;58;88669;3.08;1.37;0.39;0.41
2005;6;9;160;7.2;4.6;1.9;3.3;0.9;-1.2;-0.2;-0.6;0.13;4.4;1.8;0.49;628;229;95;62;88281;2.89;3.68;0.39;0.41
2005;6;10;161;10;6;1.1;1.9;0.7;-0.6;0.3;-0.1;0.13;4.4;1.8;0.28;529;198;68;54;87742;2.97;1.03;0.39;0.41
2005;6;11;162;13.4;8.7;2.2;5.7;2.1;-0.2;0.9;-0.2;0.12;4.4;1.8;0.1;631;239;93;70;87186;3.58;0.03;0.38;0.41
2005;6;12;163;13.9;8.9;5.4;9.6;6.6;4.1;0.2;0.1;0.12;4.4;1.8;0.03;684;154;79;47;86990;2.25;3.28;0.38;0.41
2005;6;13;164;18.1;11.3;4.8;11;7.6;3.6;0.1;1;0.12;4.4;1.8;0;709;232;103;67;87012;3.59;3.07;0.38;0.41
2005;6;14;165;17.7;11.7;5.1;13.5;9.3;4.4;0.1;0.1;0.12;4.4;1.8;0;611;173;83;44;87261;2.99;26.4;0.38;0.41
2005;6;15;166;13.6;11;8.8;11.1;9.7;7.9;0.7;0;0.12;4.5;1.8;0;371;104;56;23;87875;2.21;25.55;0.41;0.41
2005;6;16;167;16.5;12.8;6.5;10.5;8.1;6.2;0.2;0;0.12;4.5;1.8;0;499;202;105;52;88327;3.48;0.31;0.41;0.41
2005;6;17;168;17.3;14.2;10.4;11.9;10.1;8.4;0.5;-0.3;0.12;4.5;1.8;0;498;176;60;43;88642;2.91;0.77;0.4;0.41
2005;6;18;169;17.6;14.1;10.5;12.4;11.3;9.5;0;-0.3;0.12;4.5;1.8;0;485;146;67;30;88412;2.61;2.27;0.4;0.41
2005;6;19;170;19.6;14.8;8.8;10.6;9;7.1;-0.8;-0.4;0.12;4.5;1.8;0;801;292;121;84;88019;4.82;0;0.39;0.41
2005;6;20;171;21.4;15.5;6.9;12.2;8.9;5.3;-0.6;-0.1;0.12;4.5;1.8;0;806;302;124;95;87847;5.04;0;0.39;0.41
2005;6;21;172;21.8;16;7.6;16.2;10.5;6.4;0.2;0.3;0.12;4.5;1.8;0;751;283;129;87;87949;4.68;0.03;0.38;0.41
2005;6;22;173;22.2;16.4;9;16;12;7.5;0.5;0.4;0.12;4.5;1.8;0;711;247;107;68;88163;4.29;4.16;0.37;0.41
2005;6;23;174;22.5;18;11.8;14.9;13.2;11;-0.2;-0.2;0.12;4.5;1.8;0;730;271;103;79;88143;4.76;0.06;0.37;0.41
2005;6;24;175;24.6;18.4;10;17.7;12.9;9;0.3;0.4;0.12;4.5;1.8;0;734;250;109;77;87889;4.41;0.15;0.36;0.41
2005;6;25;176;21.2;17;12.2;15.5;13.4;10.9;0.5;0.5;0.12;4.5;1.8;0;647;215;86;57;87890;4;7.18;0.36;0.41
2005;6;26;177;19.7;16.1;11;16.1;13.8;10;0.3;0.1;0.12;4.5;1.8;0;557;212;83;58;88240;3.7;4.16;0.36;0.41
2005;6;27;178;21.7;16.9;10.9;15.9;13.4;9.8;0.3;0.2;0.12;4.5;1.8;0;684;250;92;69;88151;4.51;2.48;0.36;0.41
2005;6;28;179;22.1;17.6;10.3;17.6;13.5;8.9;0.4;0.4;0.12;4.5;1.8;0;666;249;91;69;87839;4.2;1.07;0.35;0.41
2005;6;29;180;22.3;16.9;11.8;14.9;12.8;10.7;0.5;0.8;0.12;4.5;1.8;0;631;192;91;57;87266;3.69;8.95;0.35;0.41
2005;6;30;181;17.7;14.4;11.4;11.5;10.8;10;1.1;0.1;0.12;4.5;1.9;0;599;213;76;57;87239;4.06;2.96;0.35;0.41
2005;7;1;182;13.1;10.3;7.8;9.9;8.3;6.7;1.6;0.3;0.12;4.6;1.9;0;398;119;67;29;87549;3.33;17.46;0.36;0.41
2005;7;2;183;13.1;11.1;8;10.3;8.6;6.8;1;0;0.12;4.6;1.9;0;369;142;67;37;88124;2.66;2.42;0.36;0.41
2005;7;3;184;19;14.3;7.3;11;8.9;6.8;-0.5;-0.1;0.12;4.6;1.9;0;675;252;100;69;87904;4.33;0;0.36;0.41
2005;7;4;185;23.1;15.5;8.1;15.4;11.5;7.2;0.4;-0.1;0.12;4.6;1.9;0;739;237;109;60;87305;4.58;25.46;0.36;0.41
2005;7;5;186;10.6;8.1;5.5;9.8;6.7;4;0.2;0.2;0.12;4.6;1.9;0;390;99;88;35;87435;3.24;25.42;0.39;0.41
2005;7;6;187;16;10.3;3.2;10.4;5.7;1.7;0.6;0.3;0.12;4.6;1.9;0;798;249;113;68;87257;4.09;2.73;0.39;0.41
2005;7;7;188;10.4;8.6;5.4;8.4;7.3;5.1;0.7;0.2;0.11;4.6;1.9;0;327;100;47;29;87288;2.77;12.7;0.39;0.4
2005;7;8;189;11.8;8.5;4.3;7.4;5.9;3.6;0.2;0;0.11;4.6;1.9;0;540;194;76;57;87432;3.25;3.06;0.39;0.4
2005;7;9;190;13.6;10;3.8;7.2;6;3.7;-0.6;-0.2;0.11;4.6;1.9;0;544;170;71;48;87676;2.73;0.83;0.39;0.4
2005;7;10;191;10.6;9.3;7.3;10.2;8.6;6;0.8;0.4;0.11;4.6;1.9;0;228;67;47;19;87842;1.7;25.51;0.4;0.4
2005;7;11;192;13.4;10.3;7.7;12.5;10;7.7;0.6;-0.6;0.11;4.6;1.9;0;289;76;28;13;88114;1.92;48.14;0.42;0.4
2005;7;12;193;15.9;11.9;8;12.1;10.5;7.9;-0.1;-0.3;0.11;4.6;1.9;0;503;157;60;31;88242;3.26;12.58;0.43;0.41
2005;7;13;194;18.6;13;5.9;10.5;8.3;5.7;-0.7;0;0.11;4.6;1.9;0;713;266;107;71;88143;4.59;0.05;0.42;0.41
2005;7;14;195;20.3;14.5;5.8;11.9;8.7;4.9;-0.3;0.2;0.11;4.6;1.9;0;781;286;120;91;88129;4.81;0;0.41;0.42
2005;7;15;196;21.5;15.6;6.5;14.6;9.8;5.6;0.7;0.7;0.11;4.6;1.9;0;681;241;110;74;87972;4.52;1.39;0.4;0.42
2005;7;16;197;21.9;16.1;9.6;13.9;10.8;7;0.9;1.1;0.11;4.6;1.9;0;614;220;92;61;87786;4.33;3.35;0.4;0.42
2005;7;17;198;21.4;16.4;10.8;15;10.5;8.3;1.1;0.5;0.11;4.6;1.9;0;760;269;105;76;87739;5.03;0.19;0.39;0.42
2005;7;18;199;25.1;16.7;9.2;17.1;12.8;8.2;0.1;0.7;0.11;4.6;1.9;0;687;210;100;58;87389;4.15;23.71;0.39;0.42
2005;7;19;200;15.5;13.2;11.3;12.2;10;8.5;1.8;0.1;0.11;4.6;1.9;0;605;187;77;44;87857;3.98;8.44;0.4;0.42
2005;7;20;201;17.8;13.8;10.9;9.9;8.1;7.2;1.7;-0.2;0.11;4.6;1.9;0;752;255;107;64;88148;4.59;2.63;0.4;0.42
2005;7;21;202;15.4;11.7;8.7;9.6;7.8;6.2;1.7;-0.1;0.11;4.6;1.9;0;558;164;71;39;87770;3.71;10.53;0.4;0.42
2005;7;22;203;14.3;11.5;8.7;9.4;8.5;7.5;1.4;-0.2;0.11;4.6;1.9;0;521;182;70;43;87353;3.3;7.07;0.4;0.41
2005;7;23;204;15;11.3;6.4;10;8.4;5.9;0.7;0;0.11;4.6;1.9;0;589;181;75;53;87191;3.01;2.51;0.4;0.41
2005;7;24;205;17.7;13.2;7.9;11.1;8.8;6.7;0.3;0.5;0.11;4.6;1.9;0;519;153;72;44;87240;2.88;1.94;0.39;0.41
2005;7;25;206;20.6;15.3;10.2;16.3;12.9;8.7;0.1;0.5;0.11;4.6;1.9;0;538;164;78;49;87217;3;3;0.39;0.41
2005;7;26;207;19.1;15.4;12.1;15.6;13.7;12;0.2;0;0.11;4.6;1.9;0;456;152;62;33;87452;2.75;5.15;0.39;0.41
2005;7;27;208;23.7;17.1;9.1;17.5;13.4;8.9;-0.2;0.6;0.11;4.6;1.9;0;688;231;92;61;87579;4.38;0.72;0.39;0.41
2005;7;28;209;25.9;19.6;11.5;18.6;14.3;9.8;-0.3;0.4;0.11;4.6;1.9;0;771;265;104;76;87708;5.01;0.22;0.38;0.41
2005;7;29;210;27;19.9;12.1;18.7;15.3;11.2;0.2;0.1;0.11;4.6;1.9;0;761;238;112;67;87611;4.53;5.85;0.38;0.41
2005;7;30;211;16;14.5;12.4;15.2;13.3;11.5;0.3;-0.3;0.11;4.6;1.9;0;312;70;36;17;87633;2.15;11.53;0.38;0.41
2005;7;31;212;13.3;12.2;11.3;12.1;10.9;9.1;0.2;0.2;0.11;4.5;1.9;0;236;52;42;23;87647;1.54;2.88;0.38;0.41
2005;8;1;213;18.1;14.1;9.3;11.7;10.1;8.8;-0.7;-0.4;0.11;4.5;1.9;0;608;180;81;47;87693;3.21;0.7;0.38;0.41
2005;8;2;214;16.8;13.5;9.6;14.5;12.7;9.5;-0.1;-0.4;0.11;4.5;1.9;0;464;117;58;29;87521;2.19;22.18;0.38;0.41
2005;8;3;215;12.5;10.9;8.6;12.4;10.7;8.4;1;-0.3;0.11;4.5;1.9;0;128;30;40;9;87863;1.27;15.99;0.4;0.41
2005;8;4;216;13.1;9.7;6.9;10.4;7.8;6;0.8;0;0.11;4.5;1.8;0;546;177;87;50;88243;3.29;6.95;0.41;0.41
2005;8;5;217;15.9;11.4;6.2;7.7;5.7;4.4;0.5;0.2;0.11;4.5;1.8;0;600;226;104;69;88085;3.81;0.82;0.4;0.41
2005;8;6;218;13.3;10.5;8;10.4;8.6;6.6;1.2;-0.2;0.11;4.5;1.8;0;530;130;60;27;87673;2.88;13.07;0.4;0.41
2005;8;7;219;9.5;7;4.1;7.5;5.6;3.2;1.2;-0.1;0.11;4.5;1.8;0;465;125;66;34;87277;3.56;21.4;0.41;0.41
2005;8;8;220;10.9;7.1;2.4;6.9;4.2;1.8;1.1;0;0.11;4.5;1.8;0;588;202;82;61;87514;3.51;5.22;0.42;0.41
2005;8;9;221;14.8;9.8;2.9;6.6;4.4;1.6;0.7;0.1;0.11;4.5;1.8;0;693;246;109;85;87494;3.59;0.06;0.41;0.41
2005;8;10;222;16.5;11.6;4.6;9.1;6.9;3.3;0.8;0;0.11;4.5;1.8;0;657;211;93;73;87398;3.16;0.69;0.41;0.41
2005;8;11;223;16.4;12.1;5.8;9.1;7.8;5.5;0.4;-0.5;0.11;4.5;1.8;0;611;196;91;54;87442;2.98;0.44;0.4;0.41
2005;8;12;224;17.1;12.8;6.1;9.6;7.4;5.9;0.4;-0.1;0.11;4.5;1.8;0;738;226;109;73;87546;3.59;0.07;0.4;0.41
2005;8;13;225;14.4;11.1;8;11.2;9.1;7.3;0.4;0;0.11;4.5;1.8;0;515;125;79;43;87805;2.33;4.48;0.39;0.41
2005;8;14;226;16.2;9.9;5.8;10.5;7.5;5.4;0.8;0.5;0.11;4.5;1.8;0;584;133;92;46;87552;2.57;8.44;0.39;0.41
2005;8;15;227;11.4;7.9;5.1;7.5;6.1;3.9;1.5;0;0.11;4.5;1.8;0;550;150;61;33;87681;3.18;14.66;0.4;0.41
2005;8;16;228;10.3;8.4;6.6;9.9;8.1;6.2;0.4;0.1;0.11;4.5;1.8;0;203;49;50;14;87848;1.36;17.49;0.41;0.41
2005;8;17;229;16.4;11.2;5.9;10.8;8.6;5.5;-1.3;-0.1;0.11;4.4;1.8;0;483;172;91;50;87834;2.78;0.26;0.41;0.41
2005;8;18;230;20.7;13.9;5.2;14.6;10.3;4.8;-0.2;0.1;0.11;4.4;1.8;0;683;228;109;73;87643;3.43;0.43;0.41;0.41
2005;8;19;231;19;13.9;7.8;14.4;11;7.6;0.3;0.2;0.11;4.4;1.8;0;611;202;97;59;87680;3.22;6.06;0.4;0.41
2005;8;20;232;13.8;11.8;9.6;11.9;9.7;8.2;-0.3;-0.3;0.11;4.4;1.8;0;415;110;63;29;87686;2.47;8.56;0.41;0.41
2005;8;21;233;11;10.4;9.6;10.8;10;8.6;0;-0.4;0.11;4.4;1.8;0;77;22;17;4;87281;0.81;15.32;0.41;0.41
2005;8;22;234;12.5;11;9.7;12.3;10.9;9.7;0.6;-0.6;0.11;4.4;1.8;0;89;26;14;3;86954;0.77;56.42;0.43;0.41
2005;8;23;235;10.9;9.8;6.8;10.6;9.6;6.4;1.3;0.2;0.11;4.4;1.8;0;81;16;42;11;87328;0.73;69.46;0.44;0.43
2005;8;24;236;16.5;11.1;4.9;10.2;7.6;4.6;0.4;0.3;0.11;4.4;1.8;0;554;186;95;60;87503;3.12;0.73;0.42;0.43
2005;8;25;237;19.5;12.8;6.2;14.2;10;5.3;0.1;0.3;0.11;4.4;1.8;0;581;128;86;42;87250;2.02;3.75;0.41;0.43
2005;8;26;238;13.1;11.8;10.5;11.3;9.6;8.3;0.2;-0.6;0.11;4.4;1.8;0;274;67;28;16;87774;1.61;2.8;0.41;0.43
2005;8;27;239;15.9;12.7;10.5;11.5;10.2;9.7;-0.5;-0.4;0.11;4.4;1.8;0;414;120;53;29;87776;2.03;5.81;0.4;0.43
2005;8;28;240;15.8;12.4;9.7;11.6;10.1;8.9;-0.4;-0.3;0.11;4.4;1.8;0;492;135;74;36;88024;2.37;4.37;0.4;0.43
2005;8;29;241;20.5;14.8;7;14.5;11.2;6.4;-0.4;0;0.11;4.3;1.8;0;679;211;100;67;88306;3.13;0.01;0.39;0.43
2005;8;30;242;21.4;15.8;9.7;14.5;12.4;8.8;-0.6;0;0.1;4.3;1.8;0;708;216;111;73;88398;3.3;0.05;0.38;0.43
2005;8;31;243;21.2;15.6;8.5;15.4;12.4;7.7;0;0.3;0.1;4.3;1.8;0;598;191;96;69;87942;2.94;0.31;0.37;0.43
2005;9;1;244;21.3;15.6;8.7;15.1;11.4;7.8;0.4;0.5;0.1;4.3;1.8;0;595;186;102;67;87901;3.21;1.22;0.37;0.43
2005;9;2;245;18.6;14.4;10.6;14.9;12.8;9.6;0.2;0.2;0.1;4.3;1.7;0;485;144;80;51;88361;2.2;6.52;0.36;0.43
2005;9;3;246;18.9;13.6;9.2;14;11.5;8.9;-0.4;0.1;0.1;4.3;1.7;0;564;164;83;53;88527;2.6;1.9;0.36;0.42
2005;9;4;247;18.8;13.4;7.7;10.9;9.4;6.8;-0.7;-0.1;0.1;4.3;1.7;0;663;212;114;83;88291;3.26;0.09;0.36;0.42
2005;9;5;248;19.8;13.3;5.6;11.6;8.5;4.8;-0.2;0.4;0.1;4.3;1.7;0;672;210;119;86;87789;3.35;0;0.35;0.42
2005;9;6;249;20.2;13.5;6.4;12;8.6;5.1;-0.4;0.5;0.1;4.3;1.7;0;680;209;118;84;87433;3.35;0;0.34;0.42
2005;9;7;250;20.9;14.1;5.9;13.3;8.4;4.1;0.1;0.7;0.1;4.3;1.7;0;679;201;119;79;87500;3.27;0.08;0.34;0.42
2005;9;8;251;20.5;14.7;8.4;13;10;7.3;-0.4;0.5;0.1;4.3;1.7;0;571;173;98;69;87706;2.88;0.01;0.33;0.42
2005;9;9;252;20.7;14.6;10.6;14.9;11.2;7.9;0.2;0.6;0.1;4.3;1.7;0;541;145;89;46;87302;2.56;7.99;0.33;0.42
2005;9;10;253;14.2;12;8.8;13.1;11.2;8.6;0.7;0.5;0.1;4.2;1.7;0;267;66;56;27;87234;1.77;10.7;0.34;0.42
2005;9;11;254;15.1;10.9;6.5;13.5;10.2;6.4;0.4;0.3;0.1;4.2;1.7;0;401;114;58;35;87066;1.82;10.06;0.34;0.42
2005;9;12;255;13.8;10.5;7.4;11;9.3;7.4;0.5;0.2;0.1;4.2;1.7;0;422;117;69;43;87472;2.17;10.85;0.35;0.42
2005;9;13;256;13.8;10.6;6.3;10.6;9.1;6.2;0.1;0;0.1;4.2;1.7;0;345;91;55;29;88152;1.86;2.28;0.35;0.42
2005;9;14;257;15.7;12.2;8.3;10.9;9.6;8.1;0.8;-0.2;0.1;4.2;1.7;0;372;122;73;39;88303;1.96;1.22;0.35;0.41
2005;9;15;258;16.5;12.6;8.9;10.5;9.4;7.7;0.8;0.1;0.1;4.2;1.7;0;468;133;96;53;87950;2.13;0.1;0.35;0.41
2005;9;16;259;17.5;11.6;6.2;10.4;8.3;5;1;0.1;0.1;4.2;1.7;0;537;157;95;56;86916;2.62;11.17;0.35;0.41
2005;9;17;260;7.4;4.3;2.9;7.3;4.1;2.8;-0.5;-1.2;0.11;4.2;1.7;0.27;114;28;16;9;87331;1.92;22.22;0.36;0.41
2005;9;18;261;7.2;4.7;2.7;2.8;2.3;1.5;-1.8;-0.8;0.14;4.1;1.7;1.28;286;70;33;19;87808;1.98;4.26;0.37;0.41
2005;9;19;262;8.7;6.2;3.2;5;3.9;1.4;-1.1;-0.6;0.12;4.1;1.7;0.74;265;76;50;26;87821;1.01;0.98;0.37;0.41
2005;9;20;263;8.2;6.7;5.5;4.8;4;3;-0.1;-0.5;0.11;4.1;1.7;0.36;235;50;35;16;87964;1.07;0.78;0.37;0.41
2005;9;21;264;11.1;8.1;5.9;4.4;3.7;2.8;-1;-0.3;0.1;4.1;1.6;0.16;370;115;77;44;87862;1.66;0;0.37;0.41
2005;9;22;265;13.6;9.1;3.7;8.1;6;2.6;-0.2;-0.1;0.1;4.1;1.6;0.04;547;149;95;60;87788;1.76;0;0.36;0.41
2005;9;23;266;14.8;9.6;3.2;9.7;6.6;2.4;0.2;0.4;0.1;4;1.6;0;533;144;102;66;87752;1.85;0.3;0.36;0.41
2005;9;24;267;15.5;9.6;3.6;8.3;6;2.9;0.1;0.5;0.09;4;1.6;0;519;150;101;67;87771;2.06;0.03;0.36;0.41
2005;9;25;268;16.3;9.7;3.1;10.9;6.9;2.3;0.2;0.6;0.09;4;1.6;0;580;155;106;71;87554;2.01;1.29;0.35;0.41
2005;9;26;269;15.1;9.6;3.9;10.7;7.2;3.2;0.3;0.5;0.09;4;1.6;0;471;132;94;58;87975;1.82;1.58;0.35;0.41
2005;9;27;270;12.4;9.4;6.8;11.2;8.5;6.1;0;0.7;0.09;4;1.6;0;223;61;50;30;88072;1.11;4.68;0.35;0.41
2005;9;28;271;14.1;9.6;5;9.8;7;4.2;0.5;0.1;0.09;4;1.6;0;377;108;68;38;88034;1.87;2.29;0.35;0.41
2005;9;29;272;10.3;7.8;3.8;8.5;6.5;3.5;1.2;-0.1;0.09;3.9;1.6;0;333;63;59;22;87780;2.04;17.49;0.36;0.41
2005;9;30;273;7.8;5;2.2;3.6;2.3;0.9;0.6;-0.1;0.09;3.9;1.6;0.03;461;127;85;51;88106;1.97;2.42;0.37;0.41
2005;10;1;274;9.1;7.4;4.7;8.9;5.2;1.4;0.2;0.6;0.09;3.9;1.6;0;107;25;18;8;87552;0.57;9.09;0.36;0.41
2005;10;2;275;7.9;5.2;2.6;7.7;5.1;2.5;0.3;-0.4;0.1;3.9;1.6;0.3;100;23;12;6;87450;1.06;28.82;0.38;0.41
2005;10;3;276;9;5.9;2.7;6.3;4.6;2.6;-0.4;-0.3;0.13;3.9;1.6;1.48;304;71;59;18;87745;1.23;8.51;0.39;0.41
2005;10;4;277;13.3;8.7;4.2;8.9;6.6;3.7;-0.4;0;0.11;3.8;1.5;0.63;475;108;86;39;87697;1.53;4.86;0.4;0.41
2005;10;5;278;13.2;8.5;3.8;9.9;6.7;3.5;-0.2;0.2;0.1;3.8;1.5;0.24;439;101;77;45;87877;1.4;2.37;0.4;0.41
2005;10;6;279;15.4;8.9;2.5;8.9;6.4;2.4;0.1;0.2;0.09;3.8;1.5;0.09;485;134;96;59;87888;1.84;0.71;0.4;0.41
2005;10;7;280;15.3;9.1;3.2;7.9;5.9;2.8;-0.1;0.6;0.09;3.8;1.5;0.03;494;126;96;65;87803;1.74;0.1;0.39;0.41
2005;10;8;281;14;8.8;3.8;8.3;5.6;1.9;0.2;0.2;0.09;3.8;1.5;0;486;119;98;58;87877;1.4;0.14;0.39;0.41
2005;10;9;282;13.7;8.6;4.7;8.6;6.4;4.3;0;0.5;0.09;3.7;1.5;0;442;109;83;54;88207;1.41;0.93;0.39;0.41
2005;10;10;283;15.2;8.2;2.1;8;5.2;1.8;-0.3;0.4;0.09;3.7;1.5;0;539;144;130;82;88111;1.72;0;0.39;0.41
2005;10;11;284;13.9;7.5;2.1;6.8;3.6;1.1;-0.2;0.7;0.09;3.7;1.5;0;482;131;108;76;87848;1.63;0;0.38;0.4
2005;10;12;285;13.1;6.5;0.6;5.7;2.1;-1;-0.1;0.6;0.09;3.7;1.5;0;522;143;121;86;87749;1.69;0;0.38;0.4
2005;10;13;286;12.4;6.2;0.2;5.6;2.6;-1.6;0.2;0.4;0.09;3.7;1.5;0;507;135;116;82;87746;1.45;0;0.38;0.4
2005;10;14;287;13.1;6.6;0.5;6.3;3.4;-0.2;-0.3;0.4;0.09;3.6;1.5;0;507;136;124;84;88260;1.42;0;0.37;0.4
2005;10;15;288;14.8;7;0.3;7.1;3.1;-1.7;-0.4;0.5;0.09;3.6;1.5;0;506;134;124;85;88380;1.52;0;0.37;0.4
2005;10;16;289;13.1;6.8;2.1;6.4;3.8;0.1;-0.3;0.1;0.09;3.6;1.5;0;494;131;117;80;88183;1.29;0;0.37;0.4
2005;10;17;290;10.5;4.3;0.7;3.4;1.7;0.3;-0.9;-0.1;0.09;3.6;1.4;0;509;133;129;83;87941;1.27;0;0.37;0.4
2005;10;18;291;11.5;4.9;0.6;4.6;1.7;-0.4;-0.6;0.2;0.08;3.6;1.4;0;504;133;129;93;87730;1.19;0;0.36;0.4
2005;10;19;292;13.3;5.4;-1;8.8;2.9;-2.7;0;0.8;0.08;3.6;1.4;0;401;100;98;63;87625;0.92;0.36;0.36;0.4
2005;10;20;293;12.9;7.1;2;8.5;5;0.9;0;0.7;0.08;3.6;1.4;0;321;75;70;43;87428;0.81;0.01;0.36;0.4
2005;10;21;294;13.7;8.1;3.1;8.3;4.9;2;0;0.8;0.08;3.6;1.4;0;355;92;93;56;87054;1.04;0;0.36;0.4
2005;10;22;295;14.9;7.5;1.3;8.5;3.3;0.1;-0.1;1;0.08;3.6;1.4;0;443;113;111;70;87046;1.36;0;0.35;0.4
2005;10;23;296;12.3;6.3;2;7.1;4;0.7;0.7;0.6;0.08;3.5;1.4;0;353;69;77;42;87488;0.87;2.54;0.35;0.4
2005;10;24;297;12.6;6.2;0.9;7;3.9;0.7;0.2;0.8;0.08;3.5;1.4;0;445;110;105;64;87928;1.33;0;0.35;0.4
2005;10;25;298;15.6;7.2;0.9;9.2;4;-0.4;0.2;1.2;0.08;3.5;1.4;0;329;91;103;64;87754;0.99;0;0.35;0.4
2005;10;26;299;13.8;8.6;3.7;7;4.6;2.3;0.4;0.9;0.08;3.5;1.4;0;262;64;80;42;88097;0.85;0;0.35;0.4
2005;10;27;300;17.9;8.5;0.7;11;5.6;0.3;-0.1;0.9;0.08;3.5;1.4;0;442;114;119;77;88063;1.14;0;0.35;0.4
2005;10;28;301;17.2;8.5;1.1;11;5.8;0.6;0;0.8;0.08;3.5;1.4;0;442;112;123;78;87992;1.08;0;0.34;0.4
2005;10;29;302;17.3;8.3;2.2;9.8;4.9;1.1;0;0.9;0.08;3.5;1.4;0;441;111;128;80;87948;1.19;0;0.34;0.4
2005;10;30;303;16.5;7.4;0.5;8.6;3.8;-0.3;0;0.9;0.08;3.5;1.4;0;437;110;129;82;87830;1.18;0;0.34;0.4
2005;10;31;304;16.1;6.8;-0.4;8.1;3.3;-1.1;-0.1;1.1;0.08;3.5;1.4;0;429;107;124;80;87528;1.16;0;0.34;0.4
2005;11;1;305;11.3;6.2;1.8;8.5;5;1;0.4;0.6;0.08;3.5;1.4;0;272;44;56;28;87707;0.62;8.8;0.34;0.4
2005;11;2;306;11.7;6.7;1.6;7.6;4.9;1.3;-0.1;1;0.08;3.5;1.4;0;370;65;81;35;87860;0.86;0;0.34;0.4
2005;11;3;307;13.9;7.7;3.8;9.9;5.8;2.7;-0.1;1.1;0.08;3.4;1.4;0;364;71;103;50;87812;0.86;1.72;0.34;0.4
2005;11;4;308;12.3;7.1;2.9;7.7;5.1;2.2;0;0.7;0.08;3.4;1.4;0;277;61;67;41;87585;0.64;0.12;0.34;0.4
2005;11;5;309;7.1;4.9;3.3;6;4.6;3;0.3;-0.3;0.08;3.4;1.4;0;42;10;23;10;88104;0.54;14.41;0.35;0.4
2005;11;6;310;5.7;3.9;2.4;4.2;3.3;2.3;-0.4;-0.2;0.09;3.4;1.4;0.2;144;33;45;23;88212;0.64;2.18;0.35;0.4
2005;11;7;311;10.1;4.7;-0.4;4.9;2.3;-1.2;0.2;0.5;0.09;3.4;1.4;0.27;379;90;110;73;88237;0.91;0;0.35;0.4
2005;11;8;312;12;3.6;-2.1;5.4;0.6;-3.2;-0.2;1.1;0.08;3.4;1.4;0.17;385;92;117;79;88183;0.83;0;0.35;0.4
2005;11;9;313;11.6;4;-1.5;4.2;0.2;-3.3;0.2;0.9;0.08;3.4;1.4;0.12;386;91;118;77;88052;0.81;0;0.35;0.4
2005;11;10;314;8.8;4.1;-0.2;4;1.5;-2;0.2;0.2;0.08;3.4;1.4;0.1;370;87;112;56;88796;0.65;0.02;0.35;0.4
2005;11;11;315;9.7;4.6;-0.4;4.4;2.3;-1.7;-0.2;0.4;0.08;3.4;1.4;0.06;371;88;113;70;88533;0.67;0;0.35;0.4
2005;11;12;316;10.1;2.8;-2.9;2.7;-0.5;-3.6;-0.3;0.7;0.08;3.4;1.4;0.06;371;88;115;78;87689;0.76;0;0.34;0.4
2005;11;13;317;9.5;2.9;-2.1;3.4;0.3;-3.6;-0.3;0.4;0.08;3.3;1.4;0.06;362;83;111;75;87579;0.59;0;0.34;0.4
2005;11;14;318;7.1;2.8;-0.1;2.9;0.7;-2;-0.4;0.1;0.08;3.3;1.3;0.06;328;77;97;69;87710;0.42;0;0.34;0.4
2005;11;15;319;10.2;3.2;-2;4.6;-0.6;-5.3;0.3;1;0.08;3.3;1.3;0.03;353;82;108;66;86971;0.49;0.01;0.34;0.4
2005;11;16;320;6.2;2.2;-1.7;3.7;0.7;-2.7;1.3;0.2;0.09;3.3;1.3;0.5;189;44;63;22;86110;0.76;8.02;0.34;0.4
2005;11;17;321;-0.4;-2.6;-3.7;-3.3;-5.6;-7.1;1.4;-0.4;0.23;3.3;1.3;5.41;219;52;85;53;86678;0.79;2.98;0.34;0.4
2005;11;18;322;-2.3;-4.3;-6.7;-4.6;-6.5;-8;1;-0.4;0.39;3.3;1.3;11.37;124;25;56;32;87263;0.23;9.57;0.34;0.39
2005;11;19;323;-4.3;-6.3;-7.4;-8.2;-9;-9.9;0.6;-0.2;0.51;3.3;1.3;17.02;143;31;80;40;87925;0.23;0.84;0.34;0.39
2005;11;20;324;-2.1;-5.2;-8.8;-6.8;-9.3;-12.9;0.7;0.4;0.51;3.3;1.3;17.04;189;40;98;38;88230;0.23;1.39;0.34;0.39
2005;11;21;325;-1.9;-3.1;-5.7;-3;-4.7;-6.8;0.8;-0.2;0.52;3.3;1.3;26.06;24;5;29;9;87999;0.13;17.55;0.34;0.39
2005;11;22;326;-5.4;-7.1;-8.2;-7.8;-8.9;-10.3;-0.4;-0.7;0.53;3.3;1.3;36.48;139;29;66;29;88209;0.19;2.94;0.34;0.39
2005;11;23;327;-7.2;-8.5;-11.8;-8.1;-10.5;-13;-1;-0.6;0.53;3.3;1.3;39.35;114;23;55;23;87899;0.21;1.57;0.34;0.39
2005;11;24;328;-7.3;-10.8;-16.3;-10.8;-13.4;-17.8;0.1;0.5;0.52;3.3;1.3;39.93;160;35;75;49;86792;0.1;0.26;0.34;0.39
2005;11;25;329;-4.5;-8.3;-16.8;-7.1;-10.8;-18.9;0.3;0.8;0.52;3.3;1.3;43.25;62;14;32;9;85224;0.1;6.9;0.34;0.39
2005;11;26;330;-3;-6.6;-12.6;-7.3;-9.8;-15.2;0;0.5;0.53;3.3;1.3;47.25;116;24;52;28;85243;0.1;1.86;0.34;0.39
2005;11;27;331;-3;-5.2;-8.7;-7.3;-9;-12.2;0.1;0.2;0.53;3.3;1.3;49.47;154;34;83;46;85361;0.18;0.98;0.33;0.39
2005;11;28;332;-2.6;-6.6;-12.2;-9.2;-11.9;-15.8;0.4;0.8;0.52;3.3;1.3;49.74;124;28;57;32;85778;0.14;0.42;0.33;0.39
2005;11;29;333;-0.3;-4.4;-8;-5.5;-9.2;-13.3;-0.1;0.7;0.52;3.3;1.3;50.16;115;24;55;33;86147;0.1;0.62;0.33;0.39
2005;11;30;334;-2.6;-4.9;-6.9;-5;-7.5;-10.2;-0.2;0.1;0.52;3.3;1.3;50.69;113;22;57;28;86691;0.07;0.14;0.33;0.39
2005;12;1;335;-1.3;-6.9;-13.1;-6.6;-10.2;-16.7;-0.3;0.7;0.51;3.3;1.3;50.76;167;36;88;60;86591;0.1;0;0.33;0.39
2005;12;2;336;1.6;-7.7;-16.2;-7.6;-13.2;-20.4;-0.2;2;0.51;3.3;1.3;50.76;172;37;82;47;86059;0.17;0.01;0.33;0.39
2005;12;3;337;-0.6;-2.8;-5.9;-1.5;-4.9;-8.3;0.2;1.1;0.51;3.3;1.3;54.55;42;8;65;20;86133;0;7.04;0.33;0.39
2005;12;4;338;0.7;-3.9;-9.4;-2.8;-7.1;-12.5;-0.1;1.7;0.51;3.3;1.3;58.36;111;21;61;33;86143;0.24;1.88;0.33;0.39
2005;12;5;339;1.6;-2.5;-6.1;-2.1;-5;-7.8;0.2;0.8;0.51;3.3;1.3;61.36;134;29;68;39;85979;0.2;3.51;0.33;0.39
2005;12;6;340;-1.9;-5.1;-10;-4.3;-6.7;-11.2;0.6;0.4;0.51;3.3;1.3;65.15;100;20;58;28;86207;0.09;4.09;0.33;0.39
2005;12;7;341;-2.8;-6.5;-10.5;-6.2;-9.3;-12.1;0.9;0.9;0.51;3.3;1.4;66.89;117;24;67;27;87010;0.14;0.85;0.33;0.39
2005;12;8;342;-1.7;-6.5;-13.9;-7;-10.9;-16.1;0.1;0.9;0.51;3.3;1.4;67.4;114;24;54;30;87215;0.05;0.18;0.33;0.39
2005;12;9;343;-2.5;-4.3;-5.5;-5.1;-7.1;-8.6;-0.6;-0.4;0.51;3.3;1.4;67.72;142;27;67;28;88209;0.1;0.26;0.33;0.39
2005;12;10;344;-3.5;-5.2;-7.4;-6.4;-7.5;-9.7;-1.1;-0.5;0.51;3.3;1.4;67.86;152;31;82;50;88784;0.08;0.02;0.33;0.39
2005;12;11;345;-1.6;-7.9;-14.8;-7.7;-12;-19.1;-0.6;0.6;0.5;3.3;1.4;67.9;159;34;90;60;88603;0.04;0;0.33;0.39
2005;12;12;346;-0.2;-8.5;-16.5;-7.6;-13.9;-22.2;-0.2;0.6;0.5;3.3;1.4;67.98;164;35;80;43;87995;0.03;1.09;0.33;0.39
2005;12;13;347;-1.6;-4;-6.5;-4.2;-5.6;-8.4;-0.4;-0.2;0.51;3.3;1.4;71.78;119;22;52;14;88125;0.03;3.23;0.33;0.39
2005;12;14;348;-2.7;-4.1;-5.8;-4.6;-5.7;-7.5;0;-0.4;0.51;3.3;1.4;72.56;100;18;47;22;87725;0.1;0.54;0.33;0.39
2005;12;15;349;-2.1;-5.8;-9.7;-7.3;-9.6;-12.5;1.2;0.7;0.51;3.3;1.4;72.83;139;30;75;39;87361;0.18;0.44;0.32;0.39
2005;12;16;350;0.2;-1.4;-3.5;-2.2;-4;-7.1;3.2;0.6;0.52;3.3;1.3;81.1;22;5;28;9;86208;0.39;23.22;0.32;0.39
2005;12;17;351;-3.6;-6.8;-8.9;-5.5;-9;-11.1;2.4;-0.9;0.54;3.3;1.3;104.93;81;14;58;24;86135;0.43;18.03;0.32;0.39
2005;12;18;352;-6.9;-8.5;-9.9;-10.6;-11.2;-12.6;1.6;0.1;0.54;3.3;1.3;116.18;113;21;52;24;87218;0.19;4.41;0.32;0.39
2005;12;19;353;-5.5;-8.9;-15.1;-7.3;-12;-18.4;0.7;1;0.54;3.3;1.3;118.77;86;18;62;18;87665;0.07;3.29;0.32;0.39
2005;12;20;354;-2.5;-5.4;-8.9;-6.6;-8.2;-12.4;0.8;0.5;0.54;3.3;1.3;121.97;140;27;77;39;88155;0.06;0.8;0.32;0.39
2005;12;21;355;-3.4;-9.8;-15.9;-8;-13.4;-18.7;0.2;1.1;0.53;3.2;1.3;122.16;131;28;74;45;88319;0.06;0.12;0.32;0.39
2005;12;22;356;-4.9;-10;-17.1;-6.4;-12.8;-19.9;0.6;1.2;0.53;3.2;1.3;123.48;67;12;49;5;88213;0.02;4.33;0.32;0.39
2005;12;23;357;-1.2;-3.4;-5.7;-2.7;-4.8;-7.6;0.6;0.7;0.53;3.2;1.3;131.55;49;10;51;9;88081;-0.02;7.28;0.32;0.39
2005;12;24;358;0.3;-5.4;-9.2;-3.9;-8.1;-11.3;0.4;1;0.53;3.2;1.3;133.86;127;26;65;38;87762;0.03;0.07;0.32;0.39
2005;12;25;359;-2.1;-5.4;-9;-4.2;-7.1;-11;0.2;0.4;0.53;3.2;1.3;134.38;94;17;34;14;87316;0.02;0.9;0.32;0.39
2005;12;26;360;-4.9;-6.3;-8.9;-5.5;-8;-10.5;0.5;0.2;0.53;3.2;1.3;136.09;112;23;56;30;86554;0.05;2.66;0.32;0.38
2005;12;27;361;-6.5;-8.4;-10;-8.5;-10.1;-11.5;-0.1;0;0.53;3.2;1.3;138.34;129;24;64;29;85839;0.04;1.83;0.32;0.38
2005;12;28;362;-8.4;-9.6;-11.1;-9.6;-11.5;-13.7;1.1;-0.3;0.53;3.2;1.3;141.95;77;14;19;11;85891;0.16;6.05;0.32;0.38
2005;12;29;363;-9.8;-13;-20.2;-13.9;-16.8;-23.1;0.7;0.7;0.53;3.2;1.3;145.72;117;23;79;47;86645;0.15;0.54;0.32;0.38
2005;12;30;364;-11.3;-18.8;-24.2;-18;-23.1;-27.1;0.1;1.6;0.53;3.2;1.3;145.78;153;32;83;51;86791;0.09;0.92;0.32;0.38
2005;12;31;365;0.4;-5.6;-14.2;-4;-8.5;-18.7;0.3;1.6;0.53;3.2;1.3;153.27;128;26;64;3;86281;-0.02;11.38;0.32;0.38
2006;1;1;1;-1.8;-4.2;-6.1;-3.9;-6.2;-8.2;0;0.8;0.53;3.1;1.3;160.27;60;13;45;20;86260;0;3.35;0.32;0.38
2006;1;2;2;-4.3;-5.5;-7;-5.4;-6.8;-9.3;0.6;-0.2;0.54;3.1;1.3;165.87;45;10;38;8;86982;-0.04;12.81;0.32;0.38
2006;1;3;3;-4;-5.4;-6.5;-5.8;-6.5;-7.1;0.4;-0.6;0.54;3.1;1.3;177.58;70;15;34;16;87814;0.06;5.26;0.32;0.38
2006;1;4;4;-5.2;-6.7;-9.5;-7.1;-8.1;-10.4;-0.9;-0.4;0.54;3.1;1.3;179.78;103;22;49;30;87652;0.05;0.62;0.32;0.38
2006;1;5;5;-3.6;-8.5;-12.4;-8.6;-11.3;-14.9;-0.1;0.6;0.53;3.1;1.3;180.22;123;26;62;45;86987;0.08;0.06;0.32;0.38
2006;1;6;6;-3.6;-10.5;-15.4;-9.2;-14.3;-18;0.2;1.2;0.53;3.1;1.3;180.26;151;32;69;49;87173;0.03;0;0.32;0.38
2006;1;7;7;-3.5;-11.5;-17.4;-9.2;-15.2;-19.5;0.2;1.2;0.53;3.1;1.3;180.28;161;34;70;46;87625;0.02;0;0.32;0.38
2006;1;8;8;-4.1;-13;-18.1;-10.3;-16.7;-20.4;0.1;1.4;0.52;3.1;1.3;180.29;163;35;77;50;87842;0.03;0;0.31;0.38
2006;1;9;9;-4.2;-13.6;-19.5;-10.1;-17.3;-21.9;0.2;1.3;0.52;3.1;1.3;180.3;164;35;78;50;87952;0.01;0;0.31;0.38
2006;1;10;10;-5;-14.8;-20.7;-11.4;-18.7;-23.3;0.2;1.5;0.52;3.1;1.2;180.3;171;37;80;54;88157;0.03;0;0.31;0.38
2006;1;11;11;-5.2;-15.8;-21.6;-11.8;-19.6;-24.2;0.2;1.6;0.51;3.1;1.2;180.34;175;38;83;55;88140;0;0;0.31;0.38
2006;1;12;12;-5.2;-14.4;-20.2;-11.8;-18.8;-22.9;-0.1;1.4;0.51;3;1.2;180.36;162;34;70;46;88257;0;0;0.31;0.38
2006;1;13;13;-5.8;-16.5;-22.2;-12.1;-20.1;-24.8;0.2;1.7;0.51;3;1.2;180.37;182;40;86;61;88169;-0.01;0;0.31;0.38
2006;1;14;14;-4.6;-15;-22.5;-11;-19.3;-25.1;0.2;1.5;0.5;3;1.2;180.36;182;40;80;57;88047;0;0;0.31;0.38
2006;1;15;15;-5.6;-16.3;-22.9;-13;-20.5;-25.6;0.2;1.6;0.5;3;1.2;180.38;187;41;86;57;87656;0.01;0;0.31;0.38
2006;1;16;16;-7.3;-16.5;-22.1;-14;-20.5;-24.9;0.2;1.7;0.5;3;1.2;180.43;186;41;80;53;87424;0.03;0;0.31;0.38
2006;1;17;17;-5.5;-9.5;-17.6;-8;-12.9;-20.2;0.1;1.7;0.5;3;1.2;181.69;86;19;23;-4;86754;0;4.79;0.31;0.38
2006;1;18;18;-2.5;-3.8;-5.6;-3.8;-5.2;-7.8;1.6;0;0.53;3;1.2;195.75;25;5;26;1;86591;-0.1;20.69;0.31;0.38
2006;1;19;19;0;-3.5;-9;-4.8;-6.4;-11.2;0.3;0.4;0.54;3;1.2;206.46;169;37;87;50;87720;0.09;0.5;0.31;0.38
2006;1;20;20;2.6;-5.3;-12;-3.9;-9.1;-13.7;0.4;1.2;0.53;3;1.2;206.55;174;39;78;47;87685;0.04;0.03;0.31;0.38
2006;1;21;21;-1.3;-3.1;-4.5;-4.3;-5.3;-6.1;1.6;0.1;0.53;3;1.2;210.56;130;30;67;22;87659;0.08;8.79;0.31;0.38
2006;1;22;22;-3.3;-5.2;-7.9;-5.4;-6.7;-9.6;0.5;-0.8;0.54;3;1.2;220.19;122;24;50;21;88169;0.15;7.49;0.31;0.38
2006;1;23;23;-7.6;-9.6;-13.6;-9.4;-12.4;-16;-1;-0.4;0.54;3;1.2;222.83;186;40;101;66;88448;0.26;0.21;0.31;0.38
2006;1;24;24;-4.4;-13.6;-19.7;-11.8;-17.8;-22.1;-0.3;1.2;0.53;3;1.2;222.79;193;44;95;75;88173;0.06;0;0.31;0.38
2006;1;25;25;-7.3;-14.1;-19.9;-13.3;-18;-22.4;0.3;1.5;0.53;3;1.2;222.79;139;31;60;33;87251;0.05;0.18;0.31;0.38
2006;1;26;26;-5.8;-10.3;-14.7;-11.6;-14.2;-16.6;-0.3;0.7;0.53;3;1.2;223.2;155;37;81;36;86679;0.04;0.29;0.31;0.38
2006;1;27;27;-3.1;-10.1;-14.6;-9.3;-14.2;-17.8;-0.3;1.4;0.52;3;1.2;223.44;164;38;62;43;87053;0.04;0.24;0.31;0.38
2006;1;28;28;-1.3;-8.4;-13.1;-6.4;-11.5;-15.4;-0.3;1.8;0.52;3;1.2;223.63;189;44;78;50;87476;0;0;0.31;0.38
2006;1;29;29;2.1;-4.9;-9.4;-3.5;-8.1;-11.3;-0.3;1.3;0.52;3;1.2;223.74;202;47;80;46;87743;0.01;0;0.31;0.38
2006;1;30;30;1.8;-4.6;-9.3;-3.4;-7.8;-11.5;-0.3;1;0.51;3;1.2;223.84;204;47;80;53;87786;0.05;0;0.31;0.38
2006;1;31;31;3.7;-5.9;-12.8;-2.3;-9.3;-14.5;0;1.1;0.51;3;1.2;223.9;210;50;93;67;87683;0.04;0;0.31;0.38
2006;2;1;32;2.8;-7.1;-15;-3.1;-10.8;-16.8;0.2;1.3;0.51;3;1.2;223.96;224;53;101;70;87556;0.03;0;0.31;0.38
2006;2;2;33;1.1;-6.1;-13.9;-5.4;-10.5;-16.1;0.1;0.9;0.5;3;1.2;224.05;222;53;93;63;87299;0.05;0;0.31;0.38
2006;2;3;34;0.6;-6.7;-14.6;-6.4;-10.6;-16.8;0;0.6;0.5;3;1.2;224.08;227;53;98;64;87047;0.03;0;0.31;0.38
2006;2;4;35;-4;-7.6;-11.3;-8.4;-10.8;-15.2;-0.1;0.1;0.5;3;1.2;224.23;223;52;94;53;87348;-0.02;0.45;0.31;0.38
2006;2;5;36;-5;-7.7;-9.8;-9.6;-10.3;-11.1;-0.1;-0.3;0.5;3;1.2;224.88;232;53;102;41;87753;0.07;0.86;0.31;0.38
2006;2;6;37;-3.9;-6.7;-9.1;-7.9;-9.1;-10.6;0.7;0;0.51;3;1.2;227.22;131;29;43;16;87811;0.07;2.72;0.31;0.38
2006;2;7;38;-1.5;-4;-7;-5;-6.5;-9;1.6;0.6;0.51;3;1.2;230.38;88;19;25;9;87524;0.07;3.97;0.31;0.38
2006;2;8;39;-0.3;-3.3;-6.3;-4.5;-6.1;-8.8;1.5;0.2;0.51;3;1.2;233.35;202;42;80;42;86529;0.12;5.34;0.31;0.37
2006;2;9;40;-2.9;-5;-6.7;-6.3;-8.2;-10;2.5;0.1;0.53;3;1.2;241.58;190;44;82;44;86348;0.48;8.36;0.31;0.37
2006;2;10;41;-5.1;-6.3;-7.2;-7.8;-9.5;-10.5;2.3;0.2;0.53;3;1.2;248.14;112;28;27;18;86870;0.43;9.8;0.31;0.37
2006;2;11;42;-5.2;-7.5;-9.8;-8.9;-10.3;-11.9;0.1;-0.3;0.54;3;1.2;255.77;181;43;84;48;87640;0.21;1.2;0.31;0.37
2006;2;12;43;-4.7;-9.1;-15.3;-10.4;-12.7;-17;0.1;0.3;0.53;3;1.2;255.96;227;58;90;69;87700;0.07;0;0.3;0.37
2006;2;13;44;-2;-9.9;-17.5;-9.9;-14.9;-19.6;0.1;0.9;0.53;3;1.2;255.98;243;61;92;67;87548;0.08;0;0.3;0.37
2006;2;14;45;0.7;-8.3;-16.8;-7.2;-12.6;-18.7;0.2;1.2;0.53;3;1.2;256.04;216;51;65;37;87481;0.02;0.01;0.3;0.37
2006;2;15;46;1.1;-4.4;-11.1;-3.8;-7;-12.4;0.2;1.3;0.53;3;1.2;256.89;127;30;41;15;86652;-0.06;2.81;0.3;0.37
2006;2;16;47;1.7;-1.2;-4.2;-0.7;-3.3;-5.8;0.4;1.3;0.52;3;1.2;264.06;94;21;72;17;85505;0.05;7.81;0.3;0.37
2006;2;17;48;1;-2.1;-6.1;-3.6;-5.9;-8.5;1.2;0.6;0.52;3;1.2;269.35;232;52;93;57;85693;0.47;3.5;0.3;0.37
2006;2;18;49;1.8;-2.4;-6.2;-2.7;-4.9;-7.5;0;1.3;0.51;3;1.2;271.3;167;39;69;40;85998;0.15;2.18;0.3;0.37
2006;2;19;50;3.2;-2.2;-7.3;-3.5;-5.7;-8.4;-0.5;1.3;0.51;3;1.2;271.9;264;65;98;61;86057;0.31;0.03;0.3;0.37
2006;2;20;51;2.6;-1;-4.4;-1.4;-3.6;-6.7;0.2;0.5;0.5;3;1.2;272.91;235;58;78;43;86069;0.12;3.5;0.3;0.37
2006;2;21;52;1.9;-1.4;-3.9;-2.3;-3.4;-5;-0.4;0;0.5;3;1.2;275.8;242;56;71;47;86650;0.19;1.22;0.3;0.37
2006;2;22;53;-0.2;-2.5;-4.3;-2.1;-3.3;-4.7;-0.6;-0.6;0.5;3;1.2;276.91;156;34;57;24;87133;0.12;2.22;0.3;0.37
2006;2;23;54;-0.3;-2.6;-4.6;-3.5;-4.1;-5.3;-0.7;-0.9;0.5;3;1.2;278.94;194;44;45;23;87050;0.42;1.17;0.3;0.37
2006;2;24;55;0.5;-2.8;-5;-2.3;-4.1;-5.6;-1;-0.7;0.5;3.1;1.2;279.46;172;45;51;30;86524;0.17;0.53;0.3;0.37
2006;2;25;56;-0.7;-2.9;-4.4;-3;-4.2;-5.2;-0.1;-0.6;0.5;3.1;1.3;280.62;159;38;51;23;86322;0.16;2.92;0.3;0.37
2006;2;26;57;-3;-4.9;-8.1;-4.8;-6.4;-9.4;0.2;-1.1;0.52;3.1;1.3;285.85;155;41;34;16;86580;0.46;6.75;0.3;0.37
2006;2;27;58;-6.1;-8.8;-11.7;-9.6;-13;-15.2;-0.1;-0.5;0.52;3.1;1.3;289.51;225;62;94;55;86699;0.48;0.9;0.3;0.37
2006;2;28;59;-5;-10.2;-17.2;-10.7;-14.3;-20;0.7;0.8;0.52;3.1;1.3;289.62;198;53;73;43;86085;0.2;0.72;0.3;0.37
2006;3;1;60;-5.4;-9.1;-13.1;-10.1;-13.4;-16.6;1.3;0.6;0.52;3.1;1.3;291.98;187;52;87;52;86011;0.16;3.07;0.3;0.37
2006;3;2;61;-5.7;-11.7;-18.8;-12.2;-16.7;-21.3;0.7;1;0.52;3.1;1.3;293.4;235;61;74;62;86053;0.17;0.92;0.3;0.37
2006;3;3;62;0.2;-6.6;-15.3;-7.5;-11.4;-18.6;0.2;1.7;0.53;3.1;1.3;296.61;234;54;75;28;85597;0.07;4.85;0.3;0.37
2006;3;4;63;-2.2;-3.6;-5.2;-3.4;-5.3;-8;-0.3;-0.5;0.54;3.1;1.3;308.8;115;24;17;5;85330;0.04;19.1;0.3;0.37
2006;3;5;64;-4.8;-6.5;-9.2;-6.6;-9.3;-12.2;0.2;-0.7;0.54;3.1;1.3;325.46;158;34;81;30;85896;0.32;10.63;0.3;0.37
2006;3;6;65;-5.3;-8;-10.1;-9.7;-11.4;-13.1;1.4;0.1;0.54;3.1;1.3;329.65;237;62;59;36;86753;0.27;5.05;0.3;0.37
2006;3;7;66;-5.3;-8;-10.7;-8.7;-10.5;-13.1;1.2;-0.2;0.54;3.2;1.3;336.8;165;44;74;35;87144;0.17;6.17;0.3;0.37
2006;3;8;67;0.2;-6.4;-15.3;-4.7;-10.9;-17;0;1.3;0.54;3.2;1.3;341.29;242;52;78;32;86572;0.03;10.73;0.3;0.37
2006;3;9;68;3.2;0.3;-2.1;-0.6;-2.5;-4.4;1.5;1;0.53;3.2;1.3;356.09;114;31;63;18;86102;0.24;10.75;0.3;0.37
2006;3;10;69;1;-1.5;-4.7;-2.7;-4.3;-6.8;1.8;0.2;0.51;3.2;1.3;359.37;278;71;81;51;86189;0.71;2.57;0.3;0.37
2006;3;11;70;-1.1;-3.6;-5.6;-5;-6.5;-7.9;1.6;0.1;0.51;3.2;1.3;361.49;253;74;80;51;86162;0.54;7.91;0.3;0.37
2006;3;12;71;-7.7;-9.9;-12.4;-9.7;-12.9;-14.4;0.5;-1.3;0.53;3.2;1.3;372.58;250;67;67;42;87311;0.65;7.38;0.3;0.37
2006;3;13;72;-6.6;-10.2;-13.1;-13.1;-13.8;-14.6;-1.2;-0.5;0.53;3.2;1.3;374.77;300;81;87;57;87735;0.26;0.36;0.3;0.37
2006;3;14;73;-3.4;-7.7;-12.1;-8.3;-10.9;-14.1;-0.8;-0.2;0.53;3.2;1.3;374.8;313;91;87;65;87514;0.04;0;0.3;0.37
2006;3;15;74;-1.7;-6.2;-13;-5.8;-8.9;-14.9;-0.5;-0.1;0.52;3.2;1.3;374.85;300;88;80;58;87112;-0.02;0.05;0.3;0.37
2006;3;16;75;-1.4;-5.2;-8.1;-5.9;-7.4;-10.1;-0.5;-0.4;0.52;3.2;1.3;375;288;83;73;50;87180;0.04;0.13;0.3;0.37
2006;3;17;76;-0.3;-4.3;-8.1;-5.4;-6.9;-9.6;-0.5;-0.4;0.52;3.3;1.3;375.13;311;88;84;57;87261;0.1;0.08;0.3;0.37
2006;3;18;77;1.4;-3.4;-7.5;-3.9;-6.1;-8.8;-1;-0.2;0.51;3.3;1.3;375.16;350;101;104;72;87014;0.11;0;0.3;0.37
2006;3;19;78;3.8;-2.3;-11.2;-2.3;-6.5;-12.7;-0.1;0.4;0.51;3.3;1.3;375.19;361;105;107;79;86712;0.09;0;0.3;0.37
2006;3;20;79;6.3;-1.2;-10.3;-1.3;-6.3;-11.7;0.3;0.7;0.51;3.3;1.3;375.17;362;108;104;75;86622;0.17;0;0.3;0.37
2006;3;21;80;7.2;0.8;-7.1;0.1;-3.4;-8;0.1;0.5;0.5;3.3;1.3;375.29;330;95;77;50;86383;0.28;1.89;0.3;0.37
2006;3;22;81;4.2;0.5;-4;0.9;-1.3;-5.1;0;-0.2;0.49;3.3;1.3;376.43;292;81;62;32;86344;0.11;2.25;0.3;0.37
2006;3;23;82;1.7;-0.6;-4.4;-0.5;-1.8;-5;-0.7;-0.3;0.47;3.3;1.3;375.41;197;55;80;29;86516;0.33;1.07;0.3;0.37
2006;3;24;83;8.1;1;-4.9;1.8;-2.1;-5.7;-0.1;1.1;0.45;3.4;1.4;374.36;275;80;64;48;86345;0.43;0.14;0.3;0.37
2006;3;25;84;5.7;1.3;-2.8;1;-1.6;-4;0.8;1.1;0.44;3.4;1.4;372.68;328;85;69;36;86998;0.52;4.76;0.31;0.37
2006;3;26;85;6.8;2.2;-1.6;3.2;0;-2.8;0.3;1.4;0.43;3.4;1.4;366.75;213;52;51;16;87473;0.2;3.05;0.32;0.37
2006;3;27;86;13.8;5;-1.8;5.4;0.9;-3;0.3;1.2;0.42;3.4;1.4;355.02;401;118;72;43;87094;0.35;1.99;0.33;0.37
2006;3;28;87;3.5;1.2;-0.4;1.2;0.1;-2.2;0.7;0.6;0.43;3.4;1.4;345.5;95;27;36;7;86661;0.03;12.46;0.35;0.37
2006;3;29;88;3.3;0.3;-3.9;-1.2;-3;-5.9;1.6;0.4;0.44;3.4;1.4;344.04;342;105;78;54;87002;0.95;1.24;0.35;0.37
2006;3;30;89;5.1;0.6;-5.4;1.4;-2;-7.4;0.3;1.4;0.44;3.4;1.4;342.35;170;49;69;30;87139;0.33;4.79;0.35;0.37
2006;3;31;90;8.1;3.8;-1.1;2.4;-0.5;-3.9;1.6;0.8;0.42;3.5;1.4;334.85;427;119;89;50;87219;0.88;2.97;0.37;0.37
2006;4;1;91;9.2;3.4;-2.8;1.8;-0.8;-4.4;0.5;0.7;0.42;3.5;1.4;324.4;391;111;78;45;87323;0.73;2.3;0.37;0.37
2006;4;2;92;8.2;3.4;-2.6;1.5;-1;-3.9;0.8;0.6;0.41;3.5;1.4;314.69;433;131;91;57;87310;0.79;1.15;0.38;0.37
2006;4;3;93;4;1.2;-2.5;1.4;-1.4;-4.4;1.4;0.3;0.41;3.5;1.4;307.04;363;106;79;46;87476;0.59;8.04;0.4;0.37
2006;4;4;94;5.5;0.6;-5.7;-1.6;-3.9;-7.2;0.6;0;0.42;3.5;1.4;304.91;428;129;109;72;87170;1.26;1.76;0.4;0.37
2006;4;5;95;1.2;-0.8;-2.9;-0.5;-1.8;-3.3;-0.3;-0.7;0.45;3.5;1.4;308.57;122;36;36;14;86353;0.33;16.06;0.4;0.37
2006;4;6;96;0.1;-3.2;-8.5;-3.4;-6.6;-10.4;-0.7;-0.8;0.5;3.5;1.4;320.16;289;88;85;47;86908;1.3;1.82;0.39;0.37
2006;4;7;97;3.9;-2;-10.5;-3.1;-6.4;-11.5;0.2;0.2;0.49;3.6;1.4;319.9;422;134;110;83;87069;0.97;0;0.39;0.37
2006;4;8;98;7.9;1.6;-7.3;-1.4;-4.8;-9.7;0.3;0.5;0.48;3.6;1.4;319.69;424;137;106;75;87030;0.95;0;0.39;0.37
2006;4;9;99;5;1.2;-3.9;1.7;-0.6;-5.4;0;-0.4;0.47;3.6;1.4;319.04;265;78;57;26;86929;0.14;3.05;0.39;0.37
2006;4;10;100;5.1;1.3;-1.8;3.3;0.6;-2;0;-0.9;0.46;3.6;1.4;317.27;277;68;49;20;86507;0.03;17.81;0.39;0.37
2006;4;11;101;-1.1;-2.7;-4.7;-2.7;-3.8;-6.2;0.6;-0.8;0.53;3.6;1.4;339.19;184;56;74;25;87088;0.69;18.19;0.4;0.37
2006;4;12;102;0.9;-2.8;-6.7;-2.9;-5.7;-8.1;1.2;0.6;0.51;3.6;1.4;345.08;203;63;72;35;87008;0.86;2.96;0.39;0.37
2006;4;13;103;2.9;-0.2;-4.7;-1.2;-3.4;-6.7;1.6;0.6;0.51;3.6;1.4;347.91;271;77;61;28;87182;0.64;5.42;0.39;0.37
2006;4;14;104;7.7;4.2;0.5;1.7;0.4;-1.4;1.4;0.1;0.49;3.7;1.5;347.9;338;106;82;47;87283;0.62;0.38;0.39;0.37
2006;4;15;105;11.7;5.6;-3.6;6.4;1.7;-4.8;-0.2;0.4;0.47;3.7;1.5;340.28;376;101;70;37;87173;0.41;2.49;0.4;0.37
2006;4;16;106;8.7;4.2;0.5;2.9;1;-0.4;1.8;0.6;0.45;3.7;1.5;327.65;432;124;81;39;87167;0.77;5.18;0.41;0.38
2006;4;17;107;7.5;4.4;-1.3;3.1;1.3;-2.7;0.5;0.1;0.44;3.7;1.5;313.36;407;138;99;53;87128;0.51;2.13;0.42;0.38
2006;4;18;108;6.4;3.4;-0.8;3.5;1.5;-2.3;0.1;0.1;0.43;3.7;1.5;301.06;344;107;59;36;87169;0.16;3.82;0.42;0.38
2006;4;19;109;7.7;3.6;-1.8;3.7;0.9;-2.4;-0.1;0.2;0.42;3.7;1.5;288.16;440;141;93;53;87236;0.62;2.95;0.42;0.39
2006;4;20;110;9.3;4.4;-3.6;5.3;0.3;-5.1;0.1;0.4;0.41;3.8;1.5;274.24;457;157;94;71;87360;0.66;1.38;0.43;0.39
2006;4;21;111;12.5;5.7;-4.2;6;-0.8;-5.7;0.1;0.5;0.41;3.8;1.5;259.41;495;165;101;72;87436;1.1;0.29;0.43;0.4
2006;4;22;112;10.6;5.5;-3.4;6.3;0.6;-5.1;0.5;0.4;0.4;3.8;1.5;244.26;460;156;85;61;87479;0.96;0.6;0.43;0.4
2006;4;23;113;9.7;6.1;-0.9;4.2;1.5;-2.5;0.6;0.5;0.4;3.8;1.5;227.84;433;141;78;49;87418;0.65;1.62;0.43;0.4
2006;4;24;114;12.9;7.3;-2.1;7.1;1.5;-4;-0.1;0.4;0.4;3.8;1.5;210.53;463;159;84;58;87597;0.86;0.85;0.43;0.41
2006;4;25;115;13.2;7.3;-0.7;7.8;2.9;-2.2;0.2;0.6;0.4;3.8;1.5;192.08;421;124;73;37;87664;0.45;1.81;0.43;0.41
2006;4;26;116;9.1;5.9;1.9;6.8;3.8;0.2;0.5;0.8;0.39;3.9;1.5;175.15;277;84;44;18;87596;-0.03;10.26;0.43;0.42
2006;4;27;117;8.3;5.7;3.6;6.4;4.6;2.6;0.7;0.4;0.38;3.9;1.5;159.73;210;55;20;0;87411;-0.16;7.17;0.43;0.42
2006;4;28;118;6.7;4.5;3.3;5.8;4.1;3.3;0.7;-0.1;0.38;3.9;1.5;146.33;142;33;9;-6;87112;-0.13;33.73;0.43;0.43
2006;4;29;119;3.2;0.8;-2.9;3.1;0.3;-3.9;0.6;-0.5;0.39;3.9;1.6;138.84;156;48;53;12;86901;0.22;12.8;0.42;0.43
2006;4;30;120;5.6;0.8;-5.5;-2.2;-4.2;-6.3;-0.1;-0.2;0.43;3.9;1.6;138.19;483;166;103;71;86905;1.6;0.5;0.41;0.43
2006;5;1;121;8.7;3.6;-4.9;0.4;-2;-6.8;0;0.3;0.41;3.9;1.6;131.82;481;168;101;62;86993;1.5;0.19;0.41;0.43
2006;5;2;122;10.7;5.9;-0.3;4.4;1.2;-1.9;0.1;0.7;0.39;4;1.6;119.54;458;159;86;54;87461;1.38;1.35;0.41;0.43
2006;5;3;123;15;8;-1.7;5.2;1.8;-2.8;-0.4;0.2;0.36;4;1.6;105.23;546;189;95;67;87729;1.81;0;0.41;0.43
2006;5;4;124;15;9;-0.5;7.1;3.9;-1.6;-0.4;0;0.33;4;1.6;89.84;578;191;96;65;87645;1.69;0.04;0.41;0.43
2006;5;5;125;11.4;7.8;2.1;6.7;4.4;0.7;0.6;0.5;0.32;4;1.6;75.78;463;156;81;48;87795;1.27;3.5;0.42;0.43
2006;5;6;126;10.6;6.2;0.8;5.9;3.7;-0.3;-0.5;0.3;0.31;4;1.6;64.17;525;168;83;57;87751;1.3;6.12;0.41;0.43
2006;5;7;127;12.2;6.4;-2.2;4.6;1.6;-3;-0.9;-0.1;0.3;4;1.6;53.29;617;215;106;78;87617;2.03;0.28;0.41;0.43
2006;5;8;128;12.1;7.9;-0.4;7.4;3.3;-1.8;-0.5;0.2;0.28;4.1;1.6;43.11;499;156;84;52;87234;1.42;1.62;0.41;0.43
2006;5;9;129;5.1;3.4;2;3.1;2.2;1.5;1.2;0.2;0.28;4.1;1.6;36.78;194;58;27;11;87199;1.06;9.82;0.41;0.43
2006;5;10;130;10.6;6.2;2.2;4.1;2.8;1.3;-0.8;-0.2;0.27;4.1;1.6;30.57;469;147;75;36;87347;1.72;0.25;0.41;0.43
2006;5;11;131;12.6;7;-1.1;3.4;1.5;-1.3;-0.6;-0.1;0.25;4.1;1.6;21.87;647;234;110;78;87514;2.35;0;0.4;0.43
2006;5;12;132;13.8;8.3;-1.8;8.1;3.4;-2.8;0.2;0.6;0.22;4.1;1.6;13.78;622;212;98;68;87696;2.45;1.47;0.4;0.43
2006;5;13;133;13.2;9.2;5;7.8;5.6;3.3;0.9;0.1;0.18;4.1;1.7;7.82;617;173;82;40;87723;2.29;5.56;0.39;0.43
2006;5;14;134;10.9;6.7;2.2;7.3;5.7;2.1;0.8;0.3;0.15;4.2;1.7;4.46;467;121;74;28;87913;2.03;12.68;0.4;0.43
2006;5;15;135;16.8;9.5;-0.4;8.6;4;-1.2;0.2;0.5;0.13;4.2;1.7;2.48;757;237;114;69;87806;3.44;0;0.39;0.43
2006;5;16;136;17.7;10.8;3.9;10.4;7.3;3;0.7;0.6;0.12;4.2;1.7;1.08;575;178;79;41;87781;2.74;7.62;0.39;0.43
2006;5;17;137;15.3;11.6;7.3;9.9;8.2;5.3;1.2;0.1;0.12;4.2;1.7;0.43;609;190;76;44;87913;3.15;9.46;0.39;0.43
2006;5;18;138;19.2;12.3;5.8;14.2;9.7;3.9;0.4;0.5;0.12;4.2;1.7;0.17;408;129;64;31;87623;2.36;24.59;0.39;0.43
2006;5;19;139;13;9.8;7;8.6;5.2;3.3;1.8;-0.5;0.12;4.2;1.7;0.07;582;178;86;37;87402;3.37;5.32;0.4;0.43
2006;5;20;140;13.9;8.7;4.4;9.5;6;3.1;0.4;0.2;0.12;4.2;1.7;0.03;462;143;61;38;86811;2.63;7.49;0.39;0.42
2006;5;21;141;11.2;7.9;4.2;7.6;5.9;3.3;0.6;0;0.12;4.2;1.7;0;330;88;92;31;86998;1.89;3.33;0.39;0.42
2006;5;22;142;21.2;12.4;2.8;10.8;6.7;2;0.3;0.9;0.12;4.2;1.7;0;770;271;114;73;86861;4.73;7.35;0.39;0.42
2006;5;23;143;8.2;6.9;5.6;5.9;4.6;3.2;0.4;0.1;0.12;4.3;1.7;0;252;81;34;23;87665;2.2;6.23;0.39;0.42
2006;5;24;144;8.5;6.1;3.9;4.6;3.5;1.4;0.2;-0.3;0.12;4.3;1.7;0;503;148;79;41;87948;2.48;4.38;0.39;0.42
2006;5;25;145;12;7.6;2.8;5.4;2.5;0.8;1.2;0.1;0.12;4.3;1.7;0;615;170;91;51;87994;2.81;3.02;0.38;0.42
2006;5;26;146;14.3;10.3;6.7;7.6;6.2;3.3;2;0.4;0.12;4.3;1.7;0;394;116;53;24;88091;2.46;3.67;0.38;0.42
2006;5;27;147;14.6;11.6;8.8;10.8;9.1;7.5;2;0.2;0.12;4.3;1.7;0;446;147;76;34;88185;3.27;8.77;0.38;0.42
2006;5;28;148;14.1;10;7.2;10.6;8.1;6.3;1.7;0;0.12;4.3;1.7;0;277;79;53;27;87772;1.91;18.25;0.38;0.42
2006;5;29;149;9.4;6.4;3.3;7.1;5.2;2.5;0.8;-0.1;0.12;4.3;1.7;0;363;75;29;18;87028;2.18;16.48;0.39;0.42
2006;5;30;150;4.4;1.6;-1.6;1.8;0.4;-2.7;1.4;-0.2;0.16;4.3;1.7;1.88;522;151;71;38;86787;3.07;17.59;0.4;0.42
2006;5;31;151;4.8;1.3;-2.4;3;-0.7;-3.6;1;0;0.26;4.3;1.7;5.32;499;159;80;47;87266;2.23;7.02;0.41;0.42
2006;6;1;152;5.5;1.8;-1.4;3.4;0.3;-2.4;1;0;0.23;4.3;1.7;4.32;445;132;55;29;87682;2.33;15.14;0.41;0.42
2006;6;2;153;6.3;2.5;-2.4;1.7;-0.4;-3.2;-0.1;-0.9;0.25;4.3;1.7;4.94;578;195;92;42;88006;2.77;7.16;0.41;0.42
2006;6;3;154;8.5;4.6;1.2;5.4;3.2;0.6;0.8;-0.5;0.22;4.4;1.8;3.89;460;142;58;28;88111;2.29;10.5;0.42;0.42
2006;6;4;155;8.8;5.5;3.5;7;4.5;2.9;1.3;-0.1;0.16;4.4;1.8;1.73;399;125;65;24;87874;2.52;13.3;0.42;0.42
2006;6;5;156;9.7;6;3.2;4.5;3.3;1.8;1;-0.3;0.13;4.4;1.8;0.63;571;187;74;38;87858;2.93;6.02;0.42;0.42
2006;6;6;157;8.8;5.1;1.1;6.8;3.6;0.6;0.3;-0.2;0.13;4.4;1.8;0.3;547;170;65;43;88057;2.97;10.35;0.42;0.42
2006;6;7;158;10;5.5;-1.1;2.9;1;-1.7;-0.3;-0.1;0.12;4.4;1.8;0.14;692;225;97;68;88274;3.22;0.97;0.42;0.42
2006;6;8;159;12.9;7.6;-0.3;3.9;1.6;-1.1;-0.8;-0.3;0.12;4.4;1.8;0.03;744;258;116;79;88295;3.49;0;0.41;0.42
2006;6;9;160;14.4;9.1;1.4;5.2;2.4;-0.1;-1;-0.2;0.12;4.4;1.8;0;792;280;117;87;88232;3.99;0;0.4;0.42
2006;6;10;161;16;10.3;1.6;8;4.5;0.2;-0.5;-0.1;0.12;4.4;1.8;0;735;261;113;74;88149;3.83;0.02;0.4;0.42
2006;6;11;162;16.5;11.5;5.9;7.2;5.7;4.4;-1.4;-0.3;0.12;4.4;1.8;0;823;307;129;100;88324;4.32;0;0.39;0.42
2006;6;12;163;19.3;13.1;3.1;10.4;7.2;2.1;-0.2;0;0.12;4.4;1.8;0;799;285;122;87;88391;4.41;0;0.38;0.42
2006;6;13;164;20.2;14.4;5.4;10.2;7.3;4.3;0.2;0;0.12;4.4;1.8;0;801;292;120;90;88245;4.7;0;0.37;0.42
2006;6;14;165;20.9;14.6;5.3;12.4;7.5;4.2;0.3;0.3;0.12;4.4;1.8;0;805;294;125;93;87925;4.77;0;0.37;0.42
2006;6;15;166;23.2;16.3;5.9;12.5;7.7;5;-0.1;0.3;0.12;4.5;1.8;0;790;285;127;87;87878;4.91;0;0.36;0.42
2006;6;16;167;23.2;16.2;8.4;15.1;10.7;6.7;0.3;0.6;0.12;4.5;1.8;0;749;243;107;70;87854;4.01;1.53;0.35;0.42
2006;6;17;168;20.4;15.5;9.6;14.6;11.4;8.3;0.5;0.2;0.12;4.5;1.8;0;674;214;82;58;87877;3.69;4.2;0.35;0.42
2006;6;18;169;22.2;17.1;10;13.4;11.5;8.8;0.2;0.4;0.12;4.5;1.8;0;698;244;99;63;87885;4.14;2.22;0.34;0.42
2006;6;19;170;22;15.7;9.5;15.4;12.3;8.4;0.3;0.7;0.12;4.5;1.8;0;689;212;100;64;87825;3.71;4.3;0.34;0.42
2006;6;20;171;24.8;17.9;9.8;16.6;12.3;8.2;-0.2;0.6;0.12;4.5;1.8;0;783;247;104;69;87919;4.44;1.74;0.34;0.42
2006;6;21;172;23.2;16.3;11.2;15.7;13.6;9.9;0.3;0.5;0.12;4.5;1.8;0;699;204;102;52;87704;3.49;17.65;0.34;0.42
2006;6;22;173;18.2;14.8;11.7;14.8;13.3;11.4;0.2;0;0.12;4.5;1.8;0;494;167;60;34;87628;3.46;17.43;0.35;0.41
2006;6;23;174;16.3;14.1;12;12.6;12;11.3;-0.6;-0.9;0.12;4.5;1.8;0;409;117;40;21;87740;2.5;2.34;0.36;0.41
2006;6;24;175;22.5;16.7;9.6;16.1;13.4;9.4;-0.1;0.3;0.12;4.5;1.8;0;662;231;94;57;87685;3.95;2.15;0.35;0.41
2006;6;25;176;24.2;18.1;12;16.5;13.6;10.8;-0.3;0.8;0.12;4.5;1.8;0;757;249;99;67;87514;4.55;0.88;0.35;0.41
2006;6;26;177;20.2;16.6;13.3;14.3;12.7;11.6;0.1;0.1;0.12;4.5;1.8;0;488;194;74;49;87766;3.59;2.92;0.35;0.41
2006;6;27;178;22.5;16.5;10.6;17;13.9;10.5;0;0.5;0.12;4.5;1.8;0;706;212;96;61;87965;3.58;5.12;0.35;0.41
2006;6;28;179;18;15;11.6;15.2;13.3;10.7;0.1;0.4;0.12;4.5;1.8;0;474;160;85;48;87876;2.75;10.03;0.35;0.41
2006;6;29;180;16.8;13.2;10;14.5;12;9.4;0.4;0.6;0.12;4.5;1.8;0;350;110;60;41;87913;2.44;13.22;0.36;0.41
2006;6;30;181;17.8;13.6;8.4;12.9;10.7;8.4;-0.1;-0.4;0.12;4.5;1.9;0;535;210;83;58;88250;3.43;1.27;0.36;0.41
2006;7;1;182;17.3;13.4;8;10.6;9.4;8;-1.2;-0.3;0.12;4.6;1.9;0;726;245;95;74;88254;3.96;0.97;0.35;0.41
2006;7;2;183;18.6;13.8;7.8;11;9.5;7.4;-1.3;-0.4;0.12;4.6;1.9;0;753;258;109;76;87985;4.07;0;0.35;0.41
2006;7;3;184;20.9;16;8.3;13.4;10.7;7.5;-0.3;-0.1;0.12;4.6;1.9;0;719;263;105;82;87733;4.4;0.12;0.34;0.41
2006;7;4;185;21.1;16.6;10.2;15.8;11.8;8.9;0.2;0.2;0.12;4.6;1.9;0;667;242;91;68;87846;4.19;0.42;0.34;0.41
2006;7;5;186;22.2;17.4;10.1;14.9;12.3;8.9;0.2;0.3;0.12;4.6;1.9;0;629;244;100;68;87915;4.32;1.71;0.34;0.41
2006;7;6;187;21.8;16.2;12.8;15.3;13.4;11.6;0;0.2;0.12;4.6;1.9;0;674;199;92;54;87892;3.64;13.88;0.33;0.41
2006;7;7;188;15.4;13.2;10.7;13.3;12;10;0.8;0.1;0.12;4.6;1.9;0;421;122;42;25;87840;3.27;13.3;0.34;0.41
2006;7;8;189;17.7;13.5;9.7;14.1;12.1;9.4;0.3;0.1;0.11;4.6;1.9;0;540;168;69;34;87984;3.07;9.21;0.35;0.41
2006;7;9;190;20.2;15.3;8.2;13.2;10;8.1;0.4;0.2;0.11;4.6;1.9;0;667;243;96;59;88062;4.69;0.49;0.35;0.4
2006;7;10;191;20.2;16.1;9.2;13.8;10.8;7.8;0.1;0;0.11;4.6;1.9;0;667;226;85;64;88466;4.01;0.14;0.35;0.4
2006;7;11;192;22.7;17.7;10.2;15.7;12.4;9.3;0.5;0.2;0.11;4.6;1.9;0;745;260;100;70;88372;4.68;0.22;0.34;0.4
2006;7;12;193;21.7;17.3;13;15.8;13.6;11.4;-0.1;0.1;0.11;4.6;1.9;0;655;219;82;58;88293;3.93;2.8;0.34;0.4
2006;7;13;194;21.7;16.9;10.9;16.3;12.9;10;-0.3;0.1;0.11;4.6;1.9;0;674;241;98;70;88137;4.19;0.8;0.33;0.4
2006;7;14;195;21.8;16;10.9;15;13;9.9;-0.3;-0.1;0.11;4.6;1.9;0;701;214;96;62;88284;3.62;5.82;0.33;0.4
2006;7;15;196;20;15.9;12.7;13.4;12.6;10.5;-1.2;-0.7;0.11;4.6;1.9;0;675;224;88;55;88445;3.93;0.64;0.33;0.4
2006;7;16;197;20;15.1;8.8;11.4;9.6;8.7;-1.2;-0.5;0.11;4.6;1.9;0;809;293;123;88;88436;4.83;0;0.33;0.4
2006;7;17;198;21;15.9;10;10.6;9.2;7.9;-1;-0.4;0.11;4.6;1.9;0;814;301;129;102;88346;4.9;0;0.32;0.4
2006;7;18;199;22.9;16.9;8.1;11.1;9.1;6.9;-0.6;0;0.11;4.6;1.9;0;819;302;135;104;88249;5.03;0;0.32;0.4
2006;7;19;200;24.9;18.2;9.1;15;10.9;7.6;-0.2;0.3;0.11;4.6;1.9;0;761;273;120;88;88255;4.76;0;0.31;0.4
2006;7;20;201;24.8;19.4;11.3;15.4;11.5;8.5;0.3;0.4;0.11;4.6;1.9;0;654;246;103;77;88252;4.44;0.03;0.31;0.4
2006;7;21;202;24.5;19;13.7;16.5;13.3;11.1;0.2;0.4;0.11;4.6;1.9;0;738;231;102;70;88278;3.96;1.32;0.3;0.4
2006;7;22;203;25;19.1;11.5;15.7;11.4;8.4;0;0.2;0.11;4.6;1.9;0;735;261;109;80;87995;4.58;0.02;0.3;0.4
2006;7;23;204;22.4;17.7;14.1;16.5;13.8;11.3;0.5;0.2;0.11;4.6;1.9;0;624;212;89;60;88085;3.46;7.13;0.3;0.4
2006;7;24;205;23;18.2;11.4;14;12;10.7;-0.4;0.1;0.11;4.6;1.9;0;684;250;101;75;88087;4.22;0.05;0.3;0.4
2006;7;25;206;25.3;19.5;11.3;13.9;11.2;9.8;-0.4;0;0.11;4.6;1.9;0;757;268;114;83;87959;4.6;0.11;0.29;0.4
2006;7;26;207;24.9;19.5;11.7;16.6;11.4;9.2;0.3;0.3;0.11;4.6;1.9;0;622;235;104;74;87955;3.98;0;0.29;0.39
2006;7;27;208;25.7;20;13.6;15.5;11.6;9.1;0.1;0;0.11;4.6;1.9;0;714;248;111;75;87877;4.22;0.89;0.28;0.39
2006;7;28;209;23.1;17.7;13.5;16.1;13;11.1;0.2;0.3;0.11;4.6;1.9;0;618;177;86;58;87470;2.92;6.63;0.28;0.39
2006;7;29;210;18.9;14.8;11.6;14.4;12.9;10.5;0.6;0.5;0.11;4.6;1.9;0;490;118;69;37;87319;2.57;9.57;0.29;0.39
2006;7;30;211;21.4;16.4;9.7;13.9;11.1;8.9;0.1;0.2;0.11;4.6;1.9;0;665;233;97;66;87643;3.96;0.12;0.29;0.39
2006;7;31;212;22.3;17.5;13.8;15.6;12.8;11.1;0.5;0.1;0.11;4.5;1.9;0;594;197;94;53;87678;3.51;5.9;0.29;0.39
2006;8;1;213;16.2;14.3;10.8;14.2;12.7;10.4;0.8;-0.2;0.11;4.5;1.9;0;298;112;54;31;87324;2.94;16.9;0.3;0.39
2006;8;2;214;15.7;12.6;9.9;10.3;8.6;7.5;1.3;-0.2;0.11;4.5;1.9;0;585;202;84;52;87201;3.83;3.44;0.3;0.39
2006;8;3;215;10.7;9.1;7.2;9.8;8.6;6.8;0.2;0.2;0.11;4.5;1.9;0;81;28;37;19;86736;1.52;31.25;0.32;0.39
2006;8;4;216;11.2;8.7;6.8;8.8;7.5;6;0.8;0.1;0.11;4.5;1.8;0;318;87;63;24;87089;2.5;19.27;0.34;0.39
2006;8;5;217;14.5;9.8;5.2;10.4;7.7;4.1;0.7;0.1;0.11;4.5;1.8;0;552;182;77;51;87430;3.1;10.84;0.35;0.39
2006;8;6;218;11.4;9.7;8.5;10.4;8.9;8.2;1.3;0.3;0.11;4.5;1.8;0;245;63;26;11;87563;2.2;23.56;0.36;0.39
2006;8;7;219;14.7;11;8.7;12.4;9.7;8.3;1.2;0.1;0.11;4.5;1.8;0;431;125;64;25;87560;2.63;27.26;0.39;0.39
2006;8;8;220;15.8;11.4;8;11.8;9.8;7.8;0.6;-0.2;0.11;4.5;1.8;0;569;170;64;37;87449;3.11;15.81;0.39;0.39
2006;8;9;221;13.3;10.3;7.4;9.8;9;6.5;0;-0.2;0.11;4.5;1.8;0;396;100;71;31;87406;2.2;6.54;0.4;0.39
2006;8;10;222;13.8;8.9;4.9;8.7;6.7;4.6;0.8;0.4;0.11;4.5;1.8;0;452;151;72;53;87324;2.73;8.37;0.4;0.39
2006;8;11;223;12.2;8.3;4.2;6.9;5.7;4.1;1;0.2;0.11;4.5;1.8;0;564;173;73;46;87129;3.33;6.63;0.41;0.39
2006;8;12;224;10;7.4;4.5;8.1;5.8;3.5;0.5;-0.1;0.11;4.5;1.8;0;411;135;81;42;86817;2.84;9.62;0.41;0.39
2006;8;13;225;12.5;7.6;3.4;7.9;5;2.4;0.3;0.3;0.11;4.5;1.8;0;569;165;94;52;86797;2.69;6.59;0.41;0.39
2006;8;14;226;12.8;7.7;2;8.2;4.9;1.6;0.6;0.6;0.11;4.5;1.8;0;570;180;78;66;87050;3.27;5.5;0.41;0.39
2006;8;15;227;15.4;10.1;3.7;8.3;5.2;1.8;0.4;0.4;0.11;4.5;1.8;0;665;207;96;63;87245;3.4;0.05;0.41;0.39
2006;8;16;228;15.5;11.6;6.5;11.1;8.3;4.9;0;0.3;0.11;4.5;1.8;0;480;151;70;50;86924;2.29;1.49;0.4;0.39
2006;8;17;229;20.2;14.6;8.1;14.2;10.4;6.4;-0.4;0.6;0.11;4.4;1.8;0;613;214;96;62;86916;3.61;0.7;0.4;0.39
2006;8;18;230;17.6;13.9;10.6;11.9;10.2;9.3;0.3;0.3;0.11;4.4;1.8;0;533;164;72;45;87210;3.07;2.37;0.4;0.39
2006;8;19;231;20.5;14.5;8.6;14.8;11.5;7.3;0.3;0.3;0.11;4.4;1.8;0;569;182;83;54;87693;3.15;17.58;0.39;0.39
2006;8;20;232;14.4;12;9.2;12;9.9;7.5;0.5;0.6;0.11;4.4;1.8;0;382;101;78;38;88076;2.47;4.86;0.41;0.39
2006;8;21;233;14.7;11.3;8;8.6;7.1;6.5;1.2;0.3;0.11;4.4;1.8;0;626;182;92;60;88010;2.8;0.95;0.4;0.4
2006;8;22;234;13.6;10.3;7;9.7;7.8;6;1.1;0.3;0.11;4.4;1.8;0;440;132;80;44;87775;2.88;8.97;0.41;0.4
2006;8;23;235;15.8;11.4;7;8.8;7.4;6.1;0;-0.1;0.11;4.4;1.8;0;555;179;93;60;87610;2.73;0.27;0.4;0.4
2006;8;24;236;17.9;11.1;6.3;10.9;8.4;5.2;0.4;0.6;0.11;4.4;1.8;0;608;144;92;53;87231;2.53;8.96;0.4;0.4
2006;8;25;237;14;9.8;4.4;7.3;4.8;3.2;0.8;0.1;0.11;4.4;1.8;0;654;196;107;69;87108;3.37;0.05;0.4;0.4
2006;8;26;238;14.5;10;5.3;7.8;5;3.2;0.8;0.2;0.11;4.4;1.8;0;558;184;97;61;87143;3.01;4.02;0.4;0.4
2006;8;27;239;12.1;9.2;6.8;9;7.2;5.9;1.5;0.4;0.11;4.4;1.8;0;401;119;71;36;87371;2.77;7.29;0.4;0.4
2006;8;28;240;13.9;9.2;5.9;9.6;7.4;5.5;1;0.4;0.11;4.4;1.8;0;528;113;70;34;87130;2.67;20.39;0.4;0.4
2006;8;29;241;10.4;6.6;3.7;5.7;4.1;3.1;1.7;0.1;0.11;4.3;1.8;0;525;148;78;44;86987;3.03;11.83;0.41;0.4
2006;8;30;242;8.6;5.4;2.9;6.2;3.9;2.3;1.8;0.4;0.11;4.3;1.8;0.11;356;105;60;26;87590;2.76;11.69;0.42;0.4
2006;8;31;243;12.4;8;4.1;5.8;3.7;2.3;0.9;-0.1;0.11;4.3;1.8;0.07;554;172;105;61;88264;2.99;1.03;0.42;0.4
2006;9;1;244;18.1;11;2.3;10.7;5.9;1.1;0;0.4;0.11;4.3;1.8;0.03;691;224;115;84;88001;3.34;0;0.41;0.4
2006;9;2;245;19.4;13.1;5.4;11.9;8.1;4.3;0.4;0.7;0.1;4.3;1.7;0;606;182;105;60;87778;3.04;0.06;0.41;0.4
2006;9;3;246;19.3;14.2;10.1;12.2;10.3;8.3;0.9;0.7;0.1;4.3;1.7;0;389;112;76;38;88027;2.02;0.09;0.4;0.4
2006;9;4;247;21.4;16.1;10.9;13.9;12;9;1.7;0;0.1;4.3;1.7;0;616;199;95;60;88493;3.26;0.12;0.4;0.4
2006;9;5;248;20.6;16.2;13.1;14.3;13.1;11.9;0.4;-0.6;0.1;4.3;1.7;0;595;180;103;54;88507;3.08;1.45;0.39;0.4
2006;9;6;249;22.4;16;8.5;15.8;12.5;8.1;-0.4;0.3;0.1;4.3;1.7;0;667;199;116;72;88025;3.05;0.08;0.39;0.4
2006;9;7;250;22.7;16.3;9.4;15.1;12.2;8.2;0.6;0.3;0.1;4.3;1.7;0;599;182;101;63;87706;3.12;4.81;0.38;0.4
2006;9;8;251;13.8;11.2;7.7;13.2;8.3;5.1;-0.4;-0.9;0.1;4.3;1.7;0;483;123;117;52;88296;2.51;8.57;0.39;0.4
2006;9;9;252;18.1;11.7;5.6;10.1;7.1;4.4;-0.9;0;0.1;4.3;1.7;0;689;218;136;102;88336;3.1;0;0.39;0.4
2006;9;10;253;20.4;12.9;4.1;11.9;7.5;3;0;0.5;0.1;4.2;1.7;0;680;211;135;94;88326;3.35;0;0.38;0.4
2006;9;11;254;19.8;13.6;6.6;12.6;9.2;5.2;-0.1;0.4;0.1;4.2;1.7;0;577;171;105;69;88218;2.78;0.14;0.38;0.4
2006;9;12;255;19.5;13.3;7;13.6;10;5.9;0.2;0.5;0.1;4.2;1.7;0;632;178;107;73;87994;2.63;0.49;0.37;0.4
2006;9;13;256;19.6;13.3;6.7;12.1;8.8;5.1;-0.1;0.6;0.1;4.2;1.7;0;630;186;110;78;87744;2.94;0.22;0.37;0.4
2006;9;14;257;20.1;13.7;6.5;11.3;7.9;4.6;-0.5;1.3;0.1;4.2;1.7;0;581;169;96;67;87151;2.87;0;0.37;0.4
2006;9;15;258;16.7;13.4;10.7;14.4;10.9;7;-0.4;1.2;0.1;4.2;1.7;0;253;76;75;42;86650;1.26;1.67;0.36;0.4
2006;9;16;259;17.3;13.2;8.7;12.4;10;6.9;0.1;0.3;0.1;4.2;1.7;0;379;117;66;46;86962;1.8;3.24;0.36;0.4
2006;9;17;260;15.5;12;9;12.6;11;8.6;0.4;-0.1;0.1;4.2;1.7;0;456;106;65;32;86947;2.04;9.94;0.37;0.4
2006;9;18;261;13.9;10.6;8;11.4;9.8;7.6;0.8;0.1;0.1;4.1;1.7;0;311;76;43;20;87269;1.97;16.94;0.37;0.4
2006;9;19;262;12.6;10;7.7;10.3;9.1;6.9;0.8;0.1;0.1;4.1;1.7;0;302;70;64;25;87614;1.76;8.54;0.38;0.4
2006;9;20;263;16.6;11;6;9.5;7.6;5.5;-0.3;0.2;0.1;4.1;1.7;0;600;173;110;73;87816;2.57;0;0.38;0.4
2006;9;21;264;20.1;12.4;4.4;12.2;8.4;3.6;-0.4;0.5;0.1;4.1;1.6;0;618;185;121;84;87668;2.72;0;0.38;0.4
2006;9;22;265;20.6;13.2;5.4;13.6;9.5;4.7;-0.2;0.5;0.1;4.1;1.6;0;612;180;119;82;87513;2.57;0;0.38;0.4
2006;9;23;266;20.9;13.5;6.2;14.3;10.3;5.2;-0.2;0.4;0.1;4;1.6;0;606;178;122;84;87386;2.43;0;0.37;0.4
2006;9;24;267;19.6;13.6;7.9;13.4;10;6.8;-0.1;0.6;0.09;4;1.6;0;589;157;104;67;87190;2.37;0.1;0.37;0.4
2006;9;25;268;17.3;12.9;9.4;12.5;10.1;7.3;0.2;0.2;0.09;4;1.6;0;438;118;78;41;87012;2.02;15.76;0.37;0.4
2006;9;26;269;10.6;9.5;9;10.6;9.4;8.9;0.8;-0.1;0.09;4;1.6;0;61;12;6;2;87482;0.77;11.47;0.38;0.4
2006;9;27;270;12.2;10;8.6;11;9.6;8.5;0.2;-0.2;0.09;4;1.6;0;282;55;49;20;87516;1.21;9.93;0.39;0.4
2006;9;28;271;14.9;10.5;5.7;10;8.3;5.6;-0.3;-0.1;0.09;4;1.6;0;461;121;84;45;87294;1.74;0;0.39;0.4
2006;9;29;272;17;11.7;7.5;10.9;9.1;6.5;0.1;0.4;0.09;3.9;1.6;0;487;134;96;61;87344;1.9;1.53;0.39;0.4
2006;9;30;273;16.6;10.9;5.6;11.5;8.6;4.9;0;0.8;0.09;3.9;1.6;0;553;138;99;57;87497;2.07;1.45;0.39;0.4
2006;10;1;274;17.3;12.2;8.4;11.7;9.6;6.9;0.2;0.6;0.09;3.9;1.6;0;477;112;84;39;87582;1.92;8.71;0.39;0.4
2006;10;2;275;17.1;12.4;9;12.6;10.4;8.2;0.1;0.7;0.09;3.9;1.6;0;397;104;77;45;87442;1.69;1.49;0.39;0.4
2006;10;3;276;19.5;12.5;6;12.6;9.3;5.5;0.3;0.6;0.09;3.9;1.6;0;460;124;87;48;86545;2.7;19.03;0.39;0.4
2006;10;4;277;8.5;6.2;4.2;5.5;4.2;3;0.8;0;0.09;3.8;1.5;0;331;73;58;39;87167;1.94;5.62;0.4;0.4
2006;10;5;278;8.7;5.2;1.4;3.9;2.6;0.6;0.6;0.3;0.09;3.8;1.5;0;409;116;93;66;87806;1.68;1.2;0.4;0.4
2006;10;6;279;13.4;6.7;-0.1;6.2;2;-1.7;0.2;0.6;0.09;3.8;1.5;0;476;129;105;67;87714;1.8;0;0.4;0.4
2006;10;7;280;9.5;6;2.8;7.3;3.9;1.3;0.9;0.7;0.09;3.8;1.5;0;275;57;68;37;87567;1.23;4.35;0.4;0.4
2006;10;8;281;13.6;6.8;0.6;6.4;3.8;0.4;-0.4;0.4;0.09;3.8;1.5;0;544;149;122;82;88019;1.92;0.03;0.4;0.4
2006;10;9;282;16.4;8.5;0.2;7.9;3.7;-0.5;0;0.7;0.09;3.7;1.5;0;537;147;130;86;88038;1.89;0;0.39;0.4
2006;10;10;283;16.7;9.1;2.1;8.6;5;0.8;-0.1;0.6;0.09;3.7;1.5;0;518;143;115;79;87952;1.86;0;0.39;0.4
2006;10;11;284;17.6;9.9;1.9;10.1;6.1;1.3;0;0.6;0.09;3.7;1.5;0;520;143;120;80;87535;1.81;0;0.39;0.4
2006;10;12;285;15.4;9.9;4.4;9.2;6.9;3.5;0.2;0.3;0.09;3.7;1.5;0;476;122;98;64;87995;1.43;0.01;0.38;0.4
2006;10;13;286;15;9.5;4.9;9;7.1;4.7;-0.5;0.1;0.09;3.7;1.5;0;448;116;92;53;88431;1.4;0;0.38;0.4
2006;10;14;287;12.5;7.8;4.2;8.8;6.6;4.1;-0.6;0.2;0.09;3.6;1.5;0;365;90;78;46;88228;1.07;1.44;0.38;0.4
2006;10;15;288;13.3;7.2;2.8;6.1;4.4;1.8;-0.4;0.3;0.09;3.6;1.5;0;496;130;114;76;88178;1.54;0;0.38;0.4
2006;10;16;289;12.5;6.6;2.7;5.7;3.8;1.5;-0.8;0.1;0.09;3.6;1.5;0;502;129;123;85;87993;1.32;0.01;0.38;0.4
2006;10;17;290;14.4;6.4;-1;7.5;3;-1.9;0;0.6;0.09;3.6;1.4;0;497;132;124;86;87618;1.45;0.01;0.37;0.4
2006;10;18;291;14.8;6.7;-1;8.3;3.4;-1.4;-0.2;0.9;0.08;3.6;1.4;0;433;112;103;74;87114;1.29;0;0.37;0.4
2006;10;19;292;14.8;8.2;3;7.9;4.7;1.4;-0.2;1;0.08;3.6;1.4;0;395;98;94;55;86562;1.23;0.34;0.37;0.4
2006;10;20;293;13;8;3.9;6.8;4.4;1.9;-0.1;0.9;0.08;3.6;1.4;0;415;94;85;56;86461;1.11;0.04;0.37;0.4
2006;10;21;294;12.5;8;3.8;7;4.6;2.7;0.1;0.7;0.08;3.6;1.4;0;317;90;83;52;86768;1.09;0.22;0.36;0.4
2006;10;22;295;15.2;8.6;4.3;7.6;5;3.1;-0.4;1;0.08;3.6;1.4;0;459;116;111;66;86916;1.44;0.16;0.36;0.4
2006;10;23;296;16.6;10;4.4;8.9;5.7;2.9;-0.3;1.3;0.08;3.5;1.4;0;447;102;103;50;86560;1.4;0;0.36;0.4
2006;10;24;297;12.3;9;6.5;10.5;6.7;3.7;0.8;0.7;0.08;3.5;1.4;0;219;50;72;30;86724;1.2;8.92;0.36;0.4
2006;10;25;298;15.1;7.8;1.7;9.6;5;1.7;-0.4;1;0.08;3.5;1.4;0;434;101;102;65;87321;1.27;0;0.36;0.4
2006;10;26;299;19.8;10.8;4.1;14.2;7.3;2.8;-0.1;1.6;0.08;3.5;1.4;0;432;111;110;72;87488;1.32;0;0.36;0.4
2006;10;27;300;17.1;10.1;3.6;10.6;6.7;2.2;0.5;0.8;0.08;3.5;1.4;0;427;107;101;64;88289;1.28;0.11;0.36;0.4
2006;10;28;301;14.6;9.8;5.8;9.1;6;4.8;1;0.6;0.08;3.5;1.4;0;363;85;83;49;88484;1.16;0.1;0.36;0.4
2006;10;29;302;9.4;8.1;5.7;7.7;6.2;3.6;1.8;0.4;0.08;3.5;1.4;0;62;13;40;16;87951;1.03;12.52;0.36;0.4
2006;10;30;303;9.3;5.9;2.2;5.4;3.6;0.6;0;-0.3;0.08;3.5;1.4;0;325;76;90;48;87869;1.19;0.73;0.36;0.4
2006;10;31;304;15.3;7.4;-0.1;6.8;3.2;-1.6;0.6;0.9;0.08;3.5;1.4;0;374;90;101;59;87166;1.09;0.01;0.36;0.4
2006;11;1;305;7.9;1.8;-3.3;6.2;0.7;-4.7;2.1;-0.4;0.12;3.5;1.4;1.46;138;31;70;29;87249;1.7;17.94;0.37;0.4
2006;11;2;306;-3.7;-5.2;-7.1;-5.1;-9.2;-12.1;2;-0.5;0.43;3.5;1.4;10.95;236;55;105;54;87934;0.88;6.86;0.37;0.4
2006;11;3;307;-2.1;-4.6;-7.6;-3.9;-6.6;-8.3;1.2;-0.2;0.52;3.4;1.4;17.98;132;30;72;38;88110;0.29;6.88;0.37;0.4
2006;11;4;308;0.5;-5.1;-15;-4;-8.3;-16.7;0.9;0.7;0.52;3.4;1.4;20.04;165;33;69;37;88478;0.41;0.05;0.37;0.4
2006;11;5;309;2.9;-0.5;-5;-1.7;-4.8;-9.3;1;0.7;0.51;3.4;1.4;19.54;106;20;56;26;88397;0.3;0.67;0.37;0.4
2006;11;6;310;8;2.3;-3;0.6;-2;-4.9;0.5;0.5;0.49;3.4;1.4;17.8;206;48;90;53;88366;0.28;0;0.37;0.4
2006;11;7;311;12.4;2.8;-4.7;7.5;-0.4;-6.6;0.1;1.1;0.43;3.4;1.4;14.54;247;59;104;62;88139;0.28;0;0.37;0.4
2006;11;8;312;9.9;3;-3.7;1.9;-1.5;-5.7;0.7;1;0.36;3.4;1.4;11.35;260;61;95;52;88211;0.54;0;0.37;0.39
2006;11;9;313;5.8;3.8;2;5;2;-2.2;1.6;0.2;0.3;3.4;1.4;8.48;123;24;40;10;88336;0.4;11.65;0.37;0.39
2006;11;10;314;3.4;0.7;-2.5;1.6;-1.7;-5.9;0.1;-0.3;0.25;3.4;1.4;6.5;250;60;112;55;88694;0.82;1.34;0.38;0.39
2006;11;11;315;7.1;1.3;-4.1;2;-3.1;-10.3;1.2;1.2;0.23;3.4;1.4;5.84;245;43;74;33;87824;0.77;4.24;0.38;0.39
2006;11;12;316;2.9;0.9;-1.4;2.3;0.2;-2.7;2.7;-0.1;0.25;3.4;1.4;6.7;119;24;61;22;87299;1.29;16.2;0.39;0.39
2006;11;13;317;4.5;1.8;-2;1.9;-1.1;-2.8;1.6;0.8;0.33;3.3;1.4;9.88;153;33;44;20;87311;0.74;2.48;0.4;0.39
2006;11;14;318;8.8;5;0.4;7.4;3.8;-0.9;0.8;0.8;0.28;3.3;1.3;7.28;89;19;48;16;87486;0.14;3.85;0.4;0.39
2006;11;15;319;12.2;3.6;-1.6;7.6;1.6;-2.5;-0.1;1.5;0.23;3.3;1.3;5.36;290;66;96;57;87576;0.49;0;0.4;0.39
2006;11;16;320;10.8;3.4;-1.4;5;0.3;-2.8;-0.1;1.9;0.19;3.3;1.3;4.03;298;68;101;65;87141;0.56;0;0.4;0.39
2006;11;17;321;11.3;5.4;0.7;6.9;2.6;-1.4;-0.1;1.2;0.16;3.3;1.3;3.09;262;51;73;37;87153;0.42;0.07;0.4;0.39
2006;11;18;322;8.4;4.8;0.8;5;2.7;-1;0;0.5;0.14;3.3;1.3;2.33;234;49;59;32;87555;0.38;1.28;0.4;0.4
2006;11;19;323;10.1;4.9;0.4;6;3.1;-0.3;0.2;0.5;0.12;3.3;1.3;1.67;304;69;97;53;87731;0.7;1.62;0.4;0.4
2006;11;20;324;4.5;1.7;-1.7;2.5;-0.2;-3.5;0.3;0;0.14;3.3;1.3;2.2;243;54;95;45;87474;0.8;3.36;0.4;0.4
2006;11;21;325;4.6;1;-2.3;1.2;-2.3;-6.1;0.2;0.8;0.13;3.3;1.3;2.16;134;32;54;34;86242;0.26;3.44;0.4;0.4
2006;11;22;326;0.3;-1.1;-3.7;0.1;-2.2;-6.6;0.8;0.2;0.29;3.3;1.3;7.64;108;25;75;35;86102;0.41;8.31;0.4;0.4
2006;11;23;327;6.9;0.4;-4.4;3.2;-3;-9.5;0;1.6;0.3;3.3;1.3;7.78;145;28;50;29;86187;0.23;0.05;0.4;0.4
2006;11;24;328;7.8;2.1;-2.1;3.4;-1.2;-4.8;-0.2;1.7;0.26;3.3;1.3;6.5;247;50;84;46;86642;0.3;0;0.4;0.4
2006;11;25;329;11.8;5;0.4;6.5;1.9;-1.7;-0.2;2;0.22;3.3;1.3;5.1;250;54;87;48;87013;0.34;0;0.4;0.4
2006;11;26;330;12.4;4.6;-1.2;7.5;1.9;-2.2;0.1;1.2;0.18;3.3;1.3;3.76;282;62;101;59;87851;0.36;0;0.4;0.4
2006;11;27;331;11.5;2.8;-2.5;7.7;0.5;-4.1;0.1;1.2;0.15;3.3;1.3;2.88;292;64;113;68;88110;0.26;0;0.4;0.4
2006;11;28;332;9.1;1.6;-3.2;6.1;-0.9;-4.9;0.3;1.2;0.14;3.3;1.3;2.3;244;50;87;59;87951;0.16;0;0.4;0.4
2006;11;29;333;4.7;1.3;-3;2.6;-0.6;-4.7;0;0.4;0.13;3.3;1.3;1.93;69;15;54;12;88465;0.03;0.54;0.39;0.4
2006;11;30;334;7.1;2.9;-2.3;3.7;1.6;-3.5;-0.6;0.3;0.12;3.3;1.3;1.58;231;51;79;48;88702;0.39;0;0.39;0.4
2006;12;1;335;7.6;0.7;-3.3;2.5;-2.1;-5.2;0;0.9;0.11;3.3;1.3;1.3;302;65;115;77;88455;0.29;0;0.39;0.4
2006;12;2;336;7.6;0.2;-4.4;3.2;-2.6;-6.5;0;1.1;0.1;3.3;1.3;1.11;298;65;114;76;87877;0.11;0;0.39;0.4
2006;12;3;337;6.8;0.4;-3.5;1.8;-2.6;-5.9;0;1.4;0.1;3.3;1.3;0.97;235;49;77;49;87257;0.1;0;0.39;0.4
2006;12;4;338;5.4;1.5;0.3;2.9;0;-1.8;0.6;1.1;0.1;3.3;1.3;1.04;257;34;76;21;86978;0.31;5.9;0.39;0.4
2006;12;5;339;9.7;3.4;-0.6;8.2;2.5;-1.8;0.1;1.3;0.1;3.3;1.3;1.05;243;54;98;47;87071;0.3;0.33;0.39;0.4
2006;12;6;340;7.6;1.8;-0.8;4.6;0.7;-2.1;0.3;0.6;0.1;3.3;1.3;1.05;215;36;64;31;86777;0.31;7.65;0.39;0.4
2006;12;7;341;6.7;2;-1.6;4.2;0.7;-2;-0.1;0.7;0.15;3.3;1.4;2.8;266;56;95;48;86884;0.45;1.09;0.4;0.4
2006;12;8;342;9.5;3.2;-1.3;2.9;-0.1;-3;0;1.2;0.14;3.3;1.4;2.46;262;55;97;48;86116;0.46;2.7;0.39;0.4
2006;12;9;343;0.6;-0.8;-1.7;0.5;-1.2;-2.4;0.8;-0.3;0.41;3.3;1.4;18.6;15;3;17;7;86634;0.17;31.4;0.4;0.4
2006;12;10;344;-1;-3.6;-13.4;-2.5;-5.1;-14.7;0.5;0.3;0.52;3.3;1.4;36.71;98;19;77;33;88147;0.22;4.84;0.39;0.4
2006;12;11;345;0.8;-6.9;-15.4;-3.3;-10.7;-17.3;0.2;1.3;0.52;3.3;1.4;37.43;160;34;95;48;88176;0.08;0;0.39;0.4
2006;12;12;346;1.2;-2.1;-6.7;-3.2;-7.5;-13.1;0.3;0.9;0.51;3.3;1.4;37.31;70;14;56;22;88008;0.14;0.08;0.39;0.4
2006;12;13;347;3.4;-2.4;-8.2;-0.2;-5.7;-11.2;0.2;1;0.51;3.3;1.4;37;154;32;87;53;88431;0.07;0;0.39;0.4
2006;12;14;348;6.4;-3.6;-9.9;2.6;-6.9;-13.5;0.1;1.6;0.5;3.3;1.4;36.29;156;33;87;50;88603;-0.01;0;0.39;0.4
2006;12;15;349;5.6;-3.6;-8.7;1.9;-6.8;-12.2;0.2;1.6;0.49;3.3;1.4;35.09;160;34;92;56;88484;-0.02;0;0.39;0.4
2006;12;16;350;3.5;-3.7;-9.4;0.1;-7;-12.7;0.2;1.6;0.49;3.3;1.3;33.8;153;33;82;46;88146;0.12;0.31;0.39;0.4
2006;12;17;351;2.3;-0.5;-3;0.7;-1.5;-5.7;0.2;0.1;0.48;3.3;1.3;34.6;110;21;47;15;88024;0.06;5.63;0.39;0.4
2006;12;18;352;-1.8;-3.5;-4.8;-2;-4.8;-6;-0.7;-1.1;0.48;3.3;1.3;37.74;112;21;60;29;87917;0.22;2.52;0.39;0.4
2006;12;19;353;-3.1;-4.7;-7;-6;-7.4;-10.5;-1.6;-1.1;0.49;3.3;1.3;39.24;113;22;80;36;88136;0.33;0.88;0.39;0.4
2006;12;20;354;-1.9;-4;-6.7;-6.5;-8;-10.3;-0.8;-0.5;0.49;3.3;1.3;39.35;161;34;93;60;88514;0.15;0;0.39;0.4
2006;12;21;355;-0.9;-3.4;-4.6;-4.3;-6.1;-7.8;-0.9;-0.4;0.48;3.2;1.3;39.23;151;31;92;44;88790;0.07;0;0.39;0.4
2006;12;22;356;0;-3.4;-5.8;-5.1;-6.9;-9.5;-0.8;0.1;0.48;3.2;1.3;39.14;148;32;86;53;88857;0.11;0;0.39;0.4
2006;12;23;357;3.7;-3.3;-7;-2.3;-8.6;-13.1;-0.5;0.8;0.47;3.2;1.3;38.86;161;33;90;51;88850;0.12;0;0.38;0.4
2006;12;24;358;3.4;-3.6;-9.6;-2.3;-8.4;-14.1;-0.1;0.8;0.47;3.2;1.3;38.39;161;34;85;50;88633;0.12;0;0.38;0.4
2006;12;25;359;2.7;-2.3;-5.1;-2.1;-6.5;-10.1;-0.5;0.5;0.47;3.2;1.3;37.86;156;32;83;50;88533;0.08;0;0.38;0.4
2006;12;26;360;2.7;-2.7;-5.6;-3.2;-7;-10.2;-0.3;0.6;0.46;3.2;1.3;37.33;160;33;91;51;88531;0.1;0;0.38;0.4
2006;12;27;361;4;-4.4;-9.1;-3.3;-9.9;-14.7;0.2;1.2;0.45;3.2;1.3;36.8;170;36;98;56;88515;0.1;0;0.38;0.4
2006;12;28;362;3.4;-4.7;-10.7;-4.5;-11.4;-16.1;0.6;1.2;0.44;3.2;1.3;36.28;175;37;98;55;88249;0.16;0;0.38;0.4
2006;12;29;363;3.8;-2.7;-6.6;-3.7;-8.4;-12;0;1;0.43;3.2;1.3;35.86;154;29;96;39;88266;0.13;0.02;0.38;0.4
2006;12;30;364;4.5;-3.4;-8.3;-1.6;-8.4;-13.1;0.2;1.6;0.42;3.2;1.3;35.27;182;38;95;55;88275;0.12;0;0.38;0.4
2006;12;31;365;6.2;-0.3;-4.4;2.4;-3.2;-9.8;0.6;1.3;0.41;3.2;1.3;34.91;178;33;95;38;88585;0.03;1.25;0.38;0.4
2007;1;1;1;2.5;-0.8;-5.1;1.3;-2.9;-7.8;1.1;1.2;0.4;3.1;1.3;35.15;69;11;88;27;87783;0.24;7.35;0.38;0.4
2007;1;2;2;-2.5;-4;-5.5;-4;-6.4;-7.8;1.7;0.6;0.46;3.1;1.3;40.77;101;17;56;24;87521;0.23;11.16;0.38;0.4
2007;1;3;3;-1.5;-4;-6.4;-4.2;-6.3;-9.2;1.1;0.7;0.52;3.1;1.3;49.66;89;17;63;22;88270;0.1;4.64;0.38;0.4
2007;1;4;4;2.5;-0.6;-3.8;-0.8;-2.9;-7.2;1;1;0.51;3.1;1.3;52.03;87;17;57;18;87414;0.18;5.67;0.38;0.4
2007;1;5;5;0.6;-0.8;-2.1;-2;-2.7;-4.3;1.4;0.5;0.5;3.1;1.3;55.51;99;19;48;26;87825;0.25;3.16;0.38;0.4
2007;1;6;6;1.8;-1.9;-5.4;-0.1;-3.8;-7.1;0.4;1.3;0.48;3.1;1.3;56.01;68;14;65;24;87917;0.09;0.45;0.38;0.4
2007;1;7;7;3.3;-1.1;-6.3;1;-2.7;-7.5;0.4;1;0.47;3.1;1.3;55.67;78;16;54;23;87697;-0.02;0.88;0.38;0.4
2007;1;8;8;1.9;-3.6;-8.5;-0.8;-5.7;-9.8;0.3;1.4;0.46;3.1;1.3;54.93;124;26;53;37;87152;0.04;0.04;0.38;0.4
2007;1;9;9;3.5;0.3;-4;1.8;-1.5;-6;0.5;1.4;0.45;3.1;1.3;54.27;62;13;57;15;87624;0;5.23;0.38;0.4
2007;1;10;10;7.8;-0.7;-7;5.2;-2.2;-8;0.3;1.4;0.42;3.1;1.2;52.34;168;36;71;43;87839;-0.12;0.32;0.39;0.4
2007;1;11;11;5.1;2;-1.5;2.4;-0.7;-3.9;1.3;0.8;0.39;3.1;1.2;50.96;135;29;78;25;87792;0.15;2.92;0.39;0.4
2007;1;12;12;2.8;1.8;0.2;1.3;-1.2;-4;2.3;0.5;0.37;3;1.2;50.42;140;22;51;28;88139;0.6;6.05;0.39;0.4
2007;1;13;13;7.3;0.7;-4.4;2.3;-3;-6.5;0.6;1.1;0.36;3;1.2;49.8;203;44;91;58;88189;0.14;0;0.39;0.4
2007;1;14;14;3.7;-0.3;-4.7;1.3;-2.7;-7.8;0.9;0.8;0.35;3;1.2;49.22;128;22;72;34;88456;0.05;0.55;0.39;0.4
2007;1;15;15;4.7;-3.1;-8.3;-0.9;-7.2;-12.2;0.1;1.4;0.34;3;1.2;48.95;217;49;121;69;88300;0.12;0;0.39;0.4
2007;1;16;16;5.8;-1.7;-7.1;0.3;-6.3;-11.9;0.2;1.1;0.34;3;1.2;48.7;223;45;85;48;87956;0.06;0;0.39;0.4
2007;1;17;17;5.6;-1.6;-6;-1;-5.4;-9;0.3;1.2;0.33;3;1.2;48.23;225;48;93;54;87796;0.12;0;0.39;0.4
2007;1;18;18;5.7;0.7;-6.4;1.6;-4.2;-9.8;1.4;1.9;0.33;3;1.2;47.64;123;26;51;21;86992;0.52;2.12;0.38;0.4
2007;1;19;19;5.9;5.3;4.5;4.7;3.8;2.2;3.7;0.6;0.31;3;1.2;40.1;61;11;13;5;87419;0.93;14.85;0.4;0.4
2007;1;20;20;8;4;-0.6;4.1;1.6;-1.3;1.3;0.8;0.3;3;1.2;33.07;216;46;82;45;87758;0.21;0;0.41;0.4
2007;1;21;21;2.5;-0.7;-2.9;1.8;-3;-6.1;1.3;0.7;0.29;3;1.2;32.28;90;21;82;41;87361;0.43;4.94;0.41;0.4
2007;1;22;22;0.8;-1.3;-2.7;-2;-3.5;-6.1;-0.4;-0.2;0.3;3;1.2;33.47;120;24;45;21;87058;0.12;4.57;0.41;0.4
2007;1;23;23;-0.1;-2.3;-5.2;-2.4;-3.4;-6;-1.1;-0.9;0.41;3;1.2;39.31;111;27;52;21;85864;0.15;6.03;0.4;0.4
2007;1;24;24;-5.6;-8.2;-10.3;-6.4;-9.9;-11.6;1.3;-0.7;0.5;3;1.2;48.5;97;21;27;15;85581;0.23;9.56;0.4;0.4
2007;1;25;25;-8.5;-10.8;-12.5;-12.1;-13;-14.2;-0.5;-0.4;0.52;3;1.2;52.71;146;33;53;33;86740;0.12;1.4;0.4;0.4
2007;1;26;26;-7.7;-11.1;-17.8;-11.8;-13.6;-20.3;0.5;0;0.52;3;1.2;54.45;147;31;74;38;87244;0.11;1.36;0.4;0.4
2007;1;27;27;-5.2;-8.1;-17.6;-7.3;-11.4;-20.7;2.1;0.7;0.52;3;1.2;57.71;77;17;30;7;87788;0.19;6.4;0.39;0.4
2007;1;28;28;-0.8;-3.9;-6.2;-6.6;-8.1;-9.2;1.7;0.5;0.53;3;1.2;61.11;187;40;95;49;88103;0.25;0.28;0.39;0.4
2007;1;29;29;0.1;-3.2;-6.5;-3.6;-6.5;-10.6;1.4;0.5;0.52;3;1.2;61.34;123;24;54;28;87817;0.16;0.82;0.39;0.4
2007;1;30;30;1.1;-4.2;-12.5;-2.3;-6.8;-14.7;0.1;0.5;0.51;3;1.2;61.47;181;41;79;50;87820;0;0.01;0.39;0.4
2007;1;31;31;3.3;-4.9;-13.3;-2.2;-9.3;-17.3;0.5;0.9;0.51;3;1.2;60.88;214;50;97;60;87688;0.03;0;0.39;0.4
2007;2;1;32;0.8;-2.4;-8.5;-1.1;-4.7;-12.4;0.5;0.2;0.5;3;1.2;61;79;18;40;9;88080;0.01;0.98;0.39;0.4
2007;2;2;33;3.7;-1.2;-7;-2.1;-4.5;-9.5;0.3;0.4;0.5;3;1.2;60.93;192;44;69;42;88359;0.09;0;0.39;0.4
2007;2;3;34;-0.4;-1.9;-5.7;-1.4;-3.7;-6.2;0.5;-0.2;0.49;3;1.2;61.94;131;28;71;23;88551;0.14;2.44;0.38;0.4
2007;2;4;35;2.2;-4.3;-10.5;-2.6;-7.2;-14;-0.2;0.8;0.49;3;1.2;62.22;217;49;100;56;88291;0.08;0;0.38;0.4
2007;2;5;36;5.5;-4.3;-14.1;-2.2;-9.7;-18.9;0.7;1;0.48;3;1.2;61.37;226;53;92;55;87218;0.09;0.43;0.38;0.4
2007;2;6;37;-0.2;-2.2;-4.3;-1.6;-3.4;-6.2;0.4;0;0.5;3;1.2;65.57;79;17;38;7;86190;0.03;8.22;0.38;0.4
2007;2;7;38;1.6;-3.2;-9.9;-2.7;-5.8;-11.2;-0.1;0.6;0.51;3;1.2;69.16;202;43;73;44;85800;0.09;0.42;0.38;0.4
2007;2;8;39;0.8;-4;-10.7;-3;-7.2;-13.3;0.1;1.3;0.5;3;1.2;69.32;150;29;59;33;85724;0.1;1.94;0.38;0.4
2007;2;9;40;3.4;-2.2;-10.1;-1.7;-5.6;-12.8;0.2;0.7;0.5;3;1.2;71.67;236;57;96;62;86314;0.03;1.73;0.38;0.4
2007;2;10;41;3.7;-4.5;-15.6;-3.6;-9.1;-18.4;0.2;0.8;0.5;3;1.2;71.05;211;49;74;41;86443;0.09;0.98;0.38;0.4
2007;2;11;42;1.6;-1.8;-8.8;-2;-4.4;-10.2;0.5;1.2;0.49;3;1.2;71.74;143;31;72;35;86530;0.09;4.64;0.38;0.4
2007;2;12;43;3;-0.4;-3.7;-0.4;-2.8;-6.2;0.4;1.2;0.49;3;1.2;74.16;126;23;37;18;86060;0.15;5.69;0.38;0.4
2007;2;13;44;0.1;-0.9;-3.1;-1.6;-2.8;-5.1;2;0.5;0.48;3;1.2;77.6;98;25;65;31;86671;0.34;4.91;0.38;0.4
2007;2;14;45;5.2;-1.8;-10.6;-1.3;-5.3;-11.9;0;1.4;0.48;3;1.2;78.19;205;43;69;33;86662;0.18;0.93;0.38;0.4
2007;2;15;46;1.6;0.3;-1.5;-0.1;-1.6;-3.3;1.2;-0.1;0.47;3;1.2;79.05;171;38;84;33;87532;0.26;6.13;0.38;0.4
2007;2;16;47;5.1;-1.3;-8;-2.7;-5.4;-9.7;-0.6;0.6;0.46;3;1.2;78.32;278;71;115;77;87803;0.22;0;0.38;0.4
2007;2;17;48;8.8;-1.2;-9;0.5;-6.7;-14.5;-0.1;0.8;0.44;3;1.2;76.89;299;76;125;80;87299;0.08;0;0.38;0.4
2007;2;18;49;6.6;-1;-8.2;-2.4;-6.8;-12.7;0.3;1;0.42;3;1.2;75.53;304;78;108;69;87082;0.18;0.15;0.38;0.4
2007;2;19;50;4.6;0.8;-2.6;-0.3;-2.4;-5.4;0.4;0.1;0.41;3;1.2;74.97;217;53;70;36;87003;0.26;0.96;0.38;0.4
2007;2;20;51;6.6;0.7;-5.1;0;-3.9;-8.4;-0.2;0.5;0.39;3;1.2;73.57;321;82;103;69;86916;0.2;0;0.38;0.4
2007;2;21;52;7.8;0.6;-6;-1.4;-5.5;-10.4;0.2;0.7;0.38;3;1.2;71.98;338;88;109;72;87088;0.25;0;0.38;0.4
2007;2;22;53;6.8;1.4;-4.1;0;-2.9;-6.9;-0.1;0.3;0.37;3;1.2;70.47;319;83;98;58;87034;0.26;0;0.38;0.4
2007;2;23;54;7.4;1.3;-4.2;1.5;-2.1;-5.7;-0.1;0.7;0.35;3;1.2;68.85;300;72;79;46;86908;0.21;0.64;0.38;0.4
2007;2;24;55;7.1;0.4;-4.5;-0.1;-3.1;-6.7;0.3;1.1;0.34;3.1;1.2;67.29;341;74;97;58;86606;0.36;0.44;0.38;0.4
2007;2;25;56;4.8;-0.2;-4.1;1.8;-2;-5.9;0.1;0.8;0.34;3.1;1.3;67.13;204;40;55;31;86285;0.22;8.08;0.38;0.4
2007;2;26;57;1.4;-1;-3.4;-0.8;-2.3;-4.4;1.5;0.5;0.4;3.1;1.3;73.48;188;43;48;25;86606;0.61;11.23;0.38;0.4
2007;2;27;58;1.2;-0.7;-2.1;-1.4;-3.8;-6.1;1.9;0.5;0.49;3.1;1.3;83.81;224;48;55;20;87153;0.84;11.98;0.38;0.4
2007;2;28;59;5.8;2.7;0.4;3.1;0.1;-3.1;1.9;0.8;0.47;3.1;1.3;86.36;240;54;74;32;86554;0.37;7.02;0.39;0.4
2007;3;1;60;5.1;1.5;-2.1;2.1;-0.2;-4.5;0.9;1.1;0.42;3.1;1.3;84.09;171;34;56;23;86139;0.32;8.98;0.39;0.4
2007;3;2;61;2.6;0.2;-3.3;-0.3;-2.1;-5.1;1.4;0.4;0.42;3.1;1.3;86.35;296;67;80;39;86536;0.8;8.1;0.4;0.4
2007;3;3;62;4.3;1;-3;2.9;-1;-5.3;1.8;1;0.4;3.1;1.3;87.8;168;46;84;30;86710;0.83;9.72;0.4;0.4
2007;3;4;63;7.4;1.3;-3.1;0.1;-2.9;-5.9;0.1;0.4;0.39;3.1;1.3;88;339;93;107;67;87633;0.79;1.73;0.4;0.4
2007;3;5;64;7.4;1.4;-3.5;2.1;-2;-7;0.6;0.7;0.37;3.1;1.3;86.5;300;64;71;45;87682;0.3;0.91;0.4;0.4
2007;3;6;65;11.7;3.9;-4.4;3.2;-0.5;-5.2;-0.1;0.9;0.35;3.1;1.3;84.1;358;100;91;64;87332;0.45;0;0.4;0.4
2007;3;7;66;4.3;1.6;-2.5;2.4;0.1;-4.1;-0.1;0;0.34;3.2;1.3;81.62;220;58;54;31;86464;0.38;9.4;0.4;0.4
2007;3;8;67;3.4;1.1;-1;2.7;0.4;-2;0.5;-0.3;0.38;3.2;1.3;83.76;194;48;48;20;87406;0.34;12.52;0.41;0.4
2007;3;9;68;4.8;0.7;-4.5;-0.6;-2.8;-5;0.4;-0.1;0.37;3.2;1.3;83.59;331;90;94;50;88163;0.75;1.7;0.41;0.41
2007;3;10;69;0.5;-1.2;-3;-1.7;-3.2;-5.3;0.7;-0.5;0.43;3.2;1.3;89.82;140;37;62;26;88658;0.53;9.36;0.41;0.41
2007;3;11;70;3.8;-0.3;-3.4;-3;-4.8;-6;-1;0;0.45;3.2;1.3;92.14;365;104;111;77;88682;0.63;0;0.4;0.41
2007;3;12;71;9.9;3.8;-3.8;1.5;-2.8;-7.5;-0.1;0.3;0.42;3.2;1.3;90.32;387;111;122;79;88182;0.49;0;0.4;0.41
2007;3;13;72;9.3;3.9;-3.6;0.8;-2.1;-6.2;0.4;0.3;0.4;3.2;1.3;87.48;393;113;102;69;88342;0.62;0;0.4;0.41
2007;3;14;73;7.8;3.7;-2.6;1.2;-0.6;-4.4;-0.3;-0.1;0.37;3.2;1.3;84.64;419;116;108;69;88594;0.6;0;0.4;0.41
2007;3;15;74;9.8;4.5;-2.4;3;0.6;-4;-0.1;0.1;0.34;3.2;1.3;81.56;435;127;101;73;88298;0.63;0;0.4;0.41
2007;3;16;75;8.9;3.9;-2.9;2.4;-0.2;-4.5;0.4;0.1;0.31;3.2;1.3;78.18;428;122;100;64;88075;0.71;0;0.4;0.41
2007;3;17;76;7;2.8;-1;1.1;-1;-2.5;1.5;0.1;0.3;3.3;1.3;75.43;344;88;82;45;87855;0.76;0.12;0.4;0.41
2007;3;18;77;11.2;4.3;-2.4;1.5;-0.2;-4.1;1.7;0.2;0.29;3.3;1.3;71.96;488;140;106;61;86642;1.3;3.52;0.4;0.41
2007;3;19;78;0.3;-2.2;-5.3;0.1;-5;-6.9;0.3;-0.3;0.37;3.3;1.3;75.21;205;57;49;30;85145;0.92;9.99;0.4;0.41
2007;3;20;79;-2.9;-5;-6.7;-4.5;-6.5;-8.1;0.5;-1.1;0.51;3.3;1.3;88.26;133;36;44;18;85189;0.33;17.98;0.4;0.41
2007;3;21;80;-2.5;-6.2;-9;-6.2;-8.8;-11.3;1.1;0.2;0.53;3.3;1.3;100.86;262;65;73;43;85974;0.35;6.7;0.39;0.41
2007;3;22;81;-1.3;-6.9;-13.7;-8;-11.1;-15.5;1.3;0.8;0.53;3.3;1.3;103.2;292;87;78;49;86386;0.59;0.88;0.39;0.41
2007;3;23;82;-0.3;-4;-7.6;-5.1;-7.3;-10;0.5;0.1;0.53;3.3;1.3;105.92;254;75;66;28;86223;0.54;3.59;0.39;0.41
2007;3;24;83;0.8;-3.1;-6.6;-3.2;-5.7;-7.7;0;-0.2;0.52;3.4;1.4;108.97;241;64;37;22;86318;0.49;3.17;0.38;0.41
2007;3;25;84;5.5;-0.5;-7.2;-2.1;-4.4;-8.2;-1.1;-0.2;0.52;3.4;1.4;109.11;341;100;91;64;86919;0.59;0.03;0.38;0.41
2007;3;26;85;6.6;0.1;-9;-0.4;-4.8;-11.4;-0.8;0.3;0.51;3.4;1.4;105.84;360;109;100;73;87282;0.65;0.07;0.38;0.41
2007;3;27;86;6.8;0.4;-8.3;-3.8;-6.7;-10.2;-0.4;0.6;0.5;3.4;1.4;101.95;370;112;108;73;87252;0.87;0;0.38;0.41
2007;3;28;87;4.9;-0.4;-6.3;0.5;-4.4;-10.1;0.4;0.7;0.49;3.4;1.4;99.07;321;84;77;54;87163;0.36;1.22;0.38;0.41
2007;3;29;88;6.2;0.1;-6.1;1.6;-3.4;-8.3;0.1;0.7;0.46;3.4;1.4;96.25;360;104;93;60;87138;0.49;1.7;0.39;0.41
2007;3;30;89;6.7;1.1;-7;-0.9;-4.1;-8.9;-0.6;0.4;0.42;3.4;1.4;93.5;413;126;98;66;86705;0.81;0.51;0.39;0.41
2007;3;31;90;4.6;1.5;-2.4;1.5;-0.5;-4.8;-0.1;-0.3;0.4;3.5;1.4;93.16;279;81;59;32;87070;0.46;3.5;0.39;0.41
2007;4;1;91;8;2.2;-4.7;1.1;-2.8;-6.7;-0.3;0.5;0.37;3.5;1.4;91.5;458;136;96;65;87802;0.98;0.12;0.39;0.41
2007;4;2;92;9.4;2.9;-4.8;3;-2.4;-7.1;0.1;0.5;0.34;3.5;1.4;89.04;489;147;100;68;87893;1.06;0.7;0.39;0.41
2007;4;3;93;7.7;1.8;-4.4;2.5;-1.2;-6.5;0.6;0.2;0.31;3.5;1.4;86.84;457;136;93;56;86940;1.02;8.67;0.39;0.41
2007;4;4;94;4;1.3;-0.7;0.7;-0.4;-1.9;-1.4;-1.1;0.34;3.5;1.4;88.15;245;67;26;14;86810;1;6.03;0.39;0.41
2007;4;5;95;7.9;3.4;-1.6;-0.7;-1.9;-3.3;-0.6;-0.5;0.33;3.5;1.4;85.6;554;171;119;80;87421;1.3;0;0.4;0.41
2007;4;6;96;10.1;5.3;-0.8;2.6;-0.6;-4.1;-0.3;-0.1;0.3;3.5;1.4;81.65;549;176;106;77;87743;1.26;0;0.4;0.41
2007;4;7;97;10.1;5;-2.7;2.4;0.4;-4.2;0.3;-0.3;0.28;3.6;1.4;77.49;544;158;106;61;87746;1.33;0.51;0.4;0.41
2007;4;8;98;8;4.4;1.8;2.4;1.4;-0.8;-0.6;-0.8;0.26;3.6;1.4;73.47;426;122;81;39;87830;1.12;0.89;0.4;0.41
2007;4;9;99;11;5.2;-2.7;1.3;-1;-4.2;1;0.4;0.25;3.6;1.4;69.64;575;188;105;79;87695;1.87;0;0.4;0.41
2007;4;10;100;11.5;6;-2.2;2.5;0.2;-4;0.4;-0.2;0.24;3.6;1.4;65.68;619;194;107;78;87849;1.81;0;0.39;0.41
2007;4;11;101;13.5;7.8;0;5.7;2.7;-1.9;-0.7;-0.1;0.23;3.6;1.4;60.97;622;202;108;81;87951;1.86;0;0.39;0.41
2007;4;12;102;17.3;9.2;-1.2;8.9;3.7;-2.2;-0.3;0.3;0.23;3.6;1.4;55.25;623;198;106;74;87854;2.12;0.45;0.39;0.41
2007;4;13;103;18.6;10.2;0.2;7.2;2.8;-1.6;-0.3;0.7;0.23;3.6;1.4;48.94;630;207;111;80;87760;2.5;0;0.39;0.41
2007;4;14;104;18.4;10.8;1.2;6.4;2.6;-1.4;-0.4;0.3;0.23;3.7;1.5;42.48;643;209;114;81;87881;2.54;0;0.39;0.41
2007;4;15;105;16.5;10.3;0.4;5;2.8;-0.9;-0.6;-0.1;0.22;3.7;1.5;35.87;649;215;120;85;87989;2.48;0;0.38;0.41
2007;4;16;106;15.1;10;2;4.8;2.9;0;-0.7;-0.2;0.22;3.7;1.5;29.32;641;206;109;82;87855;2.26;0.08;0.38;0.41
2007;4;17;107;14.9;9.2;0.1;3.9;1.3;-1.4;0.4;0.2;0.22;3.7;1.5;22.68;656;211;117;81;87673;2.2;0;0.38;0.41
2007;4;18;108;8.3;5.8;3.6;6.5;2.8;-0.2;0.4;-0.6;0.22;3.7;1.5;17.29;381;115;55;35;87715;1.31;3.9;0.37;0.41
2007;4;19;109;12.3;7.5;2.5;3.1;1.3;-0.5;-0.1;-0.6;0.2;3.7;1.5;12.28;676;217;118;74;87610;2.03;0;0.37;0.42
2007;4;20;110;13;7.7;0;3.3;1.4;-2.1;0.3;-0.5;0.17;3.8;1.5;7.3;703;233;116;86;87623;2.37;0;0.37;0.42
2007;4;21;111;15.2;9.1;1.6;4.5;2.5;-0.2;-0.1;-0.4;0.14;3.8;1.5;3.97;732;246;125;91;87752;2.62;0;0.37;0.42
2007;4;22;112;16.6;9.6;-0.5;5.8;1.5;-1.5;0.1;0.1;0.13;3.8;1.5;2.01;747;254;129;94;88009;3.19;0;0.36;0.42
2007;4;23;113;16.4;10;0.7;5.3;1.7;-0.9;1;0.4;0.12;3.8;1.5;1;612;219;106;77;88133;3.01;0.05;0.36;0.41
2007;4;24;114;14.5;9.1;2.5;7.8;4.4;0.6;0.2;0.5;0.12;3.8;1.5;0.53;404;116;68;45;87942;1.64;0.9;0.35;0.41
2007;4;25;115;18.2;11.2;2;5.6;3.6;1;-0.8;-0.2;0.11;3.8;1.5;0.25;761;251;123;88;87597;3.4;0;0.35;0.41
2007;4;26;116;17.9;11.6;2.1;6.8;4.1;0.9;-0.2;-0.1;0.11;3.9;1.5;0.11;758;237;123;83;87586;3.14;0.19;0.34;0.41
2007;4;27;117;16.5;10.9;3.7;9;4.5;1.9;0.3;0.5;0.11;3.9;1.5;0.05;610;207;97;69;87873;2.91;1.58;0.34;0.41
2007;4;28;118;17.3;11.6;3.1;8.4;4.1;1.4;0.2;0;0.11;3.9;1.5;0.01;674;235;103;79;87931;3.14;0.54;0.33;0.41
2007;4;29;119;16;10.8;2.9;6;2.8;1.7;-0.4;-0.3;0.11;3.9;1.6;0;651;223;103;80;87523;3.14;0.62;0.33;0.41
2007;4;30;120;14.2;9.6;4.9;5.4;3.1;0.4;-1.2;-0.8;0.11;3.9;1.6;0;675;229;104;82;87087;2.74;0.86;0.33;0.41
2007;5;1;121;13.9;8.4;3.3;2.6;0.1;-1.9;-1.2;-0.8;0.11;3.9;1.6;0;728;248;117;90;87045;2.89;0.26;0.32;0.41
2007;5;2;122;17.4;10.2;2.3;3.3;1.8;-0.8;-1;-0.2;0.11;4;1.6;0;777;257;123;87;86919;3.16;0.1;0.32;0.41
2007;5;3;123;12.2;7.9;3.5;7.8;4.3;2.6;-0.1;-0.1;0.11;4;1.6;0;509;168;86;58;86970;2.28;5.97;0.31;0.41
2007;5;4;124;14.9;8.7;1.6;7;3.8;0.8;-0.3;0;0.11;4;1.6;0;569;168;94;54;86513;2.68;3.33;0.32;0.41
2007;5;5;125;10.3;7.4;5.4;6.3;5.4;4.9;0.5;-0.4;0.11;4;1.6;0;446;129;61;31;86555;2.57;15.59;0.32;0.41
2007;5;6;126;8.9;6.7;4.3;7.6;6.1;3.1;0.8;0;0.11;4;1.6;0;281;79;50;17;87292;2.06;15.69;0.33;0.41
2007;5;7;127;12.5;7.9;2.2;6;3.5;0.4;1.5;0.7;0.11;4;1.6;0;516;154;73;48;87619;2.52;1.53;0.34;0.41
2007;5;8;128;12.7;9.3;7.2;7.2;5.3;3.9;2.8;0.6;0.11;4.1;1.6;0;577;166;90;33;87498;3.5;9.92;0.34;0.41
2007;5;9;129;10.6;8.3;7.1;8.3;6.8;4.7;2.3;0.4;0.11;4.1;1.6;0;279;77;55;19;87675;2.78;13.78;0.35;0.4
2007;5;10;130;15.9;10.6;3.6;5.8;3.1;1.2;1.1;0.6;0.11;4.1;1.6;0;705;243;112;85;87618;3.91;0;0.35;0.4
2007;5;11;131;17.1;10.4;3.1;7.2;4.9;0.7;1.2;0.4;0.11;4.1;1.6;0;716;216;98;56;87144;3.36;2.51;0.34;0.4
2007;5;12;132;15.6;11.1;5.4;8.1;5.5;3.9;1.2;0.2;0.11;4.1;1.6;0;730;249;113;74;87359;3.83;2.44;0.34;0.4
2007;5;13;133;21.5;13.4;3.8;13.1;7.3;2.7;-0.2;1;0.11;4.1;1.7;0;758;265;118;87;87181;4.18;0.87;0.34;0.4
2007;5;14;134;20.2;12.8;5.9;10;6.8;3.7;0.1;0.1;0.12;4.2;1.7;0;685;232;102;70;86996;4.17;4;0.34;0.4
2007;5;15;135;6.1;4.4;2.2;5.7;3.4;0.9;1.5;0.1;0.12;4.2;1.7;0;219;79;44;20;87369;2.89;13.27;0.34;0.4
2007;5;16;136;11.9;6;-0.7;3.2;-0.1;-2.8;0.8;0.1;0.12;4.2;1.7;0;709;257;118;72;87284;4.01;4.09;0.34;0.4
2007;5;17;137;5.4;4.2;2.8;5;3.8;1.9;1.1;0.2;0.12;4.2;1.7;0.1;180;43;18;10;87021;1.82;28.21;0.35;0.4
2007;5;18;138;11.9;7.2;2.1;4.2;1.8;0.2;0.4;-0.5;0.13;4.2;1.7;0.35;706;235;119;67;87643;3.54;0.75;0.37;0.4
2007;5;19;139;17.7;11;0.8;8.1;4.5;-0.3;-0.2;-0.1;0.12;4.2;1.7;0.1;798;288;126;93;87499;4.17;0;0.36;0.4
2007;5;20;140;20.3;13.2;2.5;11.6;6.8;1.6;-0.2;0.1;0.12;4.2;1.7;0;788;270;122;86;87423;4.26;0.02;0.36;0.4
2007;5;21;141;20.4;14;5.7;13.8;9.7;4.8;0.1;0.5;0.12;4.2;1.7;0;634;228;114;68;87686;3.54;0.76;0.35;0.4
2007;5;22;142;16.5;12.8;7.9;13.7;11.2;7.6;0.2;0.3;0.12;4.2;1.7;0;451;173;91;52;87937;2.61;12.95;0.36;0.4
2007;5;23;143;19;13.4;6.4;13.3;10.6;6.1;-0.5;0.1;0.12;4.3;1.7;0;663;229;101;62;87858;3.69;3.54;0.36;0.4
2007;5;24;144;20.8;14.3;6.4;14.4;10.5;6.2;-0.1;0.5;0.12;4.3;1.7;0;647;234;96;66;87621;4.01;1.56;0.35;0.4
2007;5;25;145;20.7;14.3;8;12.3;10.2;7.2;0.2;1.1;0.12;4.3;1.7;0;673;212;93;64;87268;3.61;2.25;0.35;0.4
2007;5;26;146;21.8;14.8;7;13.6;9.2;6.3;-0.3;1;0.12;4.3;1.7;0;671;227;100;72;86686;4.03;0.74;0.35;0.4
2007;5;27;147;17.5;11.8;8.2;10;8.5;5.9;0.5;0.1;0.12;4.3;1.7;0;706;210;109;59;86172;3.51;10;0.35;0.4
2007;5;28;148;9.9;6;1.9;9.6;5.4;1.6;1.3;-0.3;0.12;4.3;1.7;0.14;303;79;44;17;85799;2.79;15.12;0.36;0.4
2007;5;29;149;1.9;1.2;0.9;1.6;0.9;0.4;1.8;0.9;0.4;4.3;1.7;14.67;48;15;7;4;86390;0.36;56.7;0.38;0.4
2007;5;30;150;10.1;5.2;0.8;2;0.1;-2.3;0;-0.1;0.46;4.3;1.7;18.32;369;142;90;50;87241;1.77;1.14;0.4;0.4
2007;5;31;151;12.5;8.3;0.5;6.1;3;-1.8;-0.1;0;0.36;4.3;1.7;10.54;502;159;92;52;87191;1.99;0.17;0.4;0.4
2007;6;1;152;8.7;7.1;5.7;7;5.8;3.8;1;0.1;0.24;4.3;1.7;4.7;206;60;33;10;87251;1.09;10;0.4;0.4
2007;6;2;153;11.8;8.5;6.1;10.4;7.8;5.7;0.4;-0.2;0.16;4.3;1.7;1.75;450;100;56;16;87725;1.85;8.08;0.41;0.4
2007;6;3;154;16.6;11.8;5.2;10.1;7.8;5;-0.7;-0.3;0.13;4.4;1.8;0.44;673;219;90;48;87825;3.44;0.23;0.41;0.4
2007;6;4;155;16.7;12.6;6.2;12.6;10.3;6;-0.4;-0.2;0.12;4.4;1.8;0.06;611;197;91;53;87778;2.97;6.81;0.41;0.4
2007;6;5;156;16.7;12.1;5.7;11.4;9.1;5.6;-0.8;-0.3;0.12;4.4;1.8;0;639;221;87;59;87556;3.52;2.58;0.41;0.4
2007;6;6;157;17.7;13;7.1;13.5;10.1;6.8;-0.7;-0.1;0.12;4.4;1.8;0;625;192;76;47;87300;3.09;1.83;0.4;0.4
2007;6;7;158;20.4;14.6;6.4;12;9.6;5.5;-0.3;-0.2;0.12;4.4;1.8;0;743;260;108;74;87308;4.52;0.83;0.4;0.4
2007;6;8;159;18.3;13.4;8.2;13.4;11;7.2;0.3;0.4;0.12;4.4;1.8;0;605;203;76;56;87648;3.39;11.28;0.4;0.4
2007;6;9;160;19.4;14;7.2;14.2;10.8;6.8;0.1;0.1;0.12;4.4;1.8;0;642;218;91;61;87751;3.56;3.2;0.4;0.4
2007;6;10;161;19.6;14.4;7.4;12.7;9.4;7.2;0.2;0.2;0.12;4.4;1.8;0;699;249;104;67;87618;4.58;0.27;0.4;0.4
2007;6;11;162;17.4;13.3;9;13.1;10.8;7.3;0.2;0.5;0.12;4.4;1.8;0;480;155;73;51;87460;2.48;6.09;0.39;0.4
2007;6;12;163;17.2;13.1;8.9;12.5;10.6;8.7;0.7;0;0.12;4.4;1.8;0;576;180;72;45;87294;3.59;8.12;0.4;0.4
2007;6;13;164;17.5;13.2;9;13.8;11.4;8;0;0.2;0.12;4.4;1.8;0;639;183;81;50;87172;2.85;5.37;0.4;0.4
2007;6;14;165;21.5;15.1;6.7;13.2;9.1;6.3;-0.2;0.6;0.12;4.4;1.8;0;716;258;106;69;87038;4.83;0.33;0.39;0.4
2007;6;15;166;19.6;13.3;8.2;13.5;10.4;6.3;0.7;0.4;0.12;4.5;1.8;0;630;194;92;47;86894;4.25;29.21;0.4;0.4
2007;6;16;167;14.7;10.7;5.8;10;7.6;4.2;0.4;0.3;0.12;4.5;1.8;0;635;207;93;64;87215;3.7;6.44;0.41;0.4
2007;6;17;168;18.1;13.7;6.5;12.4;8.5;5.3;-0.3;0.3;0.12;4.5;1.8;0;642;244;96;69;87202;4.2;0.91;0.41;0.4
2007;6;18;169;18.6;14.6;11.3;12.7;10.5;9.5;0.8;0.3;0.12;4.5;1.8;0;681;211;84;54;87457;4.01;4.74;0.4;0.4
2007;6;19;170;21;15.9;8.7;13.1;10.3;7.5;-0.4;0.3;0.12;4.5;1.8;0;694;253;102;75;87639;4.54;0.2;0.4;0.4
2007;6;20;171;22.1;17.4;10.4;16.8;12.7;8.5;0.1;0.3;0.12;4.5;1.8;0;691;242;101;66;87531;4.23;0.55;0.39;0.4
2007;6;21;172;18.1;14.3;11.9;14.4;12.4;10.3;0.8;0.1;0.12;4.5;1.8;0;372;129;58;40;87350;2.74;18.25;0.39;0.4
2007;6;22;173;13.2;11.4;8.6;11;9.6;6.9;0;-0.1;0.12;4.5;1.8;0;353;102;68;29;87359;2.63;11.36;0.4;0.4
2007;6;23;174;14.7;11.3;7.7;7.8;6.3;5.6;1.3;0.1;0.12;4.5;1.8;0;678;213;78;53;87505;3.78;1.3;0.4;0.4
2007;6;24;175;18.5;14.4;10.3;13.7;9.6;6;-0.6;-0.1;0.12;4.5;1.8;0;779;232;93;54;87590;3.8;1.25;0.4;0.4
2007;6;25;176;20.4;14.8;7.1;13.9;11.9;6.7;0.5;0.1;0.12;4.5;1.8;0;640;222;100;46;87027;5.05;26.93;0.4;0.4
2007;6;26;177;13.2;9.5;5.4;5.5;4.6;2.3;2.2;0.5;0.12;4.5;1.8;0;653;246;98;58;86795;4.73;4.72;0.41;0.4
2007;6;27;178;11.4;8.1;6.2;7;4.7;2.7;1.6;-0.1;0.12;4.5;1.8;0;600;189;72;43;87013;3.98;7.22;0.41;0.4
2007;6;28;179;13.1;9.5;5.9;5.4;3.8;2.7;1.5;-0.3;0.12;4.5;1.8;0;598;214;79;55;87438;3.65;0.45;0.41;0.4
2007;6;29;180;16.1;11.9;8.1;9.1;6.8;4.4;0.4;-0.3;0.12;4.5;1.8;0;632;225;89;54;87652;3.67;3.2;0.4;0.4
2007;6;30;181;17;12.7;8.2;10.9;8.3;7;0.6;0;0.12;4.5;1.9;0;652;226;90;61;87814;3.94;1;0.4;0.4
2007;7;1;182;21.8;15.2;7;15.8;10.1;6;0.2;0.4;0.12;4.6;1.9;0;692;241;104;66;87447;4.38;7.03;0.39;0.4
2007;7;2;183;12.7;11.3;7.4;12.2;10.3;6.6;0.4;0.3;0.12;4.6;1.9;0;193;49;75;29;87231;1.49;26.97;0.41;0.4
2007;7;3;184;17;10.9;5.7;12;8.5;5.4;0;0.1;0.12;4.6;1.9;0;576;176;63;36;87052;3.43;18.13;0.42;0.4
2007;7;4;185;11;8.6;6.2;8.8;5;2.5;2.3;0.4;0.12;4.6;1.9;0;644;210;81;52;86938;4.21;5.45;0.42;0.4
2007;7;5;186;11;7.6;5.7;6.3;4.6;2.6;2.3;0.7;0.12;4.6;1.9;0;640;162;75;36;87502;3.87;8.43;0.42;0.41
2007;7;6;187;14.6;10.6;5.9;9.2;6.8;3.4;1.9;0.6;0.12;4.6;1.9;0;426;129;73;37;87535;2.63;1.38;0.42;0.41
2007;7;7;188;17.1;13.3;9.1;9.7;8.6;7.4;1.2;-0.2;0.11;4.6;1.9;0;630;220;87;54;87839;3.88;0.57;0.41;0.41
2007;7;8;189;20.2;14.3;9.3;14;11.1;8;0;0.2;0.11;4.6;1.9;0;698;209;95;55;87824;3.42;4.79;0.4;0.41
2007;7;9;190;12.7;9.6;5.9;12.5;9.1;5.4;0.6;0.2;0.11;4.6;1.9;0;179;46;38;21;87373;1.88;30.51;0.41;0.41
2007;7;10;191;10.8;7.1;4.8;6.7;4.6;2.6;1.5;0.1;0.11;4.6;1.9;0;533;176;90;42;87313;3.52;5.82;0.42;0.41
2007;7;11;192;11.1;7.8;4.5;6.5;4.3;2;1.2;0.1;0.11;4.6;1.9;0;629;204;85;49;87512;3.38;3.83;0.42;0.41
2007;7;12;193;13.1;9.7;6.8;7.8;5.9;3.7;1.3;0.3;0.11;4.6;1.9;0;673;180;81;46;87857;3.19;2.39;0.41;0.41
2007;7;13;194;19.1;13.4;6.6;12.9;8.5;4.5;0;0.2;0.11;4.6;1.9;0;711;254;103;67;88002;4.11;0.02;0.41;0.41
2007;7;14;195;23.4;16.6;6.8;17.3;11.4;6.1;-0.1;0.4;0.11;4.6;1.9;0;796;278;118;78;88099;4.75;0.01;0.4;0.41
2007;7;15;196;26.5;19.4;10;18.5;13.9;9;0;0.4;0.11;4.6;1.9;0;771;280;110;79;87997;5.21;0.01;0.39;0.41
2007;7;16;197;26.1;19.6;11.3;16.8;12.7;9.7;-0.1;0.4;0.11;4.6;1.9;0;810;298;126;94;87854;5.66;0;0.39;0.41
2007;7;17;198;21.6;17.9;11.6;15.3;12.5;9.3;-0.3;-0.1;0.11;4.6;1.9;0;698;237;117;69;88013;4.14;0.12;0.38;0.41
2007;7;18;199;20.7;17.2;12.7;17.1;14.4;11.3;0;-0.1;0.11;4.6;1.9;0;533;183;69;41;88053;3.24;6.01;0.37;0.41
2007;7;19;200;24.5;18.4;12;17.9;15;12;-0.1;0.3;0.11;4.6;1.9;0;712;240;99;60;87815;4.42;1.86;0.37;0.41
2007;7;20;201;25.6;18;12.1;16.1;13.8;11.3;0.1;0.4;0.11;4.6;1.9;0;751;252;107;66;87693;4.89;23;0.37;0.41
2007;7;21;202;21.3;16.6;13.8;15.7;14.3;13.5;-0.3;-0.5;0.11;4.6;1.9;0;603;189;73;34;87585;4.07;13.73;0.39;0.41
2007;7;22;203;15.5;12.8;10.8;13.4;9.4;8.2;0.9;-0.2;0.11;4.6;1.9;0;529;144;80;38;87506;3.61;4.65;0.39;0.41
2007;7;23;204;23.6;16.3;8.8;15;10.8;7.6;-0.2;0.1;0.11;4.6;1.9;0;740;252;108;68;86858;4.71;11.04;0.39;0.41
2007;7;24;205;15.1;12.3;9;12.4;9.7;7.5;1.3;-0.1;0.11;4.6;1.9;0;500;167;76;40;87049;3.95;27.55;0.4;0.41
2007;7;25;206;17.2;12.6;7.3;9.5;7.3;5.6;0.5;-0.2;0.11;4.6;1.9;0;698;238;103;73;87772;4.36;0.32;0.41;0.41
2007;7;26;207;20.3;15.3;8.3;15.2;10.9;7;0;0.2;0.11;4.6;1.9;0;737;253;100;78;87658;4.03;0.17;0.4;0.41
2007;7;27;208;18.9;15;10.4;13;11.5;9.3;0.8;0.2;0.11;4.6;1.9;0;656;185;86;52;87831;3.32;2.27;0.39;0.41
2007;7;28;209;18.7;14.6;10.5;12.8;11.1;9.6;1.1;0.2;0.11;4.6;1.9;0;612;171;76;47;87885;3.39;4.94;0.39;0.41
2007;7;29;210;17.7;13.9;11;12.2;10.7;9.7;1.3;0.2;0.11;4.6;1.9;0;600;196;83;47;87623;3.81;11.93;0.39;0.41
2007;7;30;211;11.7;9.4;6.9;10.5;5.7;1.4;0.9;-0.8;0.11;4.6;1.9;0;565;188;99;49;87646;3.82;20.83;0.41;0.41
2007;7;31;212;12.5;9.6;7.3;5.4;3.2;0.6;-0.1;-0.7;0.11;4.5;1.9;0;532;184;91;62;87752;2.98;0.3;0.4;0.41
2007;8;1;213;18.9;12.9;6.6;11.4;7.8;3.9;-0.6;-0.2;0.11;4.5;1.9;0;787;281;121;95;87655;4.16;0;0.4;0.41
2007;8;2;214;20;13.3;6.8;13.1;10.4;5.7;0.3;0.6;0.11;4.5;1.9;0;572;168;77;56;87534;3.01;9.55;0.39;0.41
2007;8;3;215;14.5;10.9;7.9;11.8;9.7;7.7;0.5;-0.1;0.11;4.5;1.9;0;521;143;68;38;88042;3.11;12.17;0.4;0.41
2007;8;4;216;16.8;12.2;5.4;10.1;8;5.2;-0.2;-0.2;0.11;4.5;1.8;0;620;224;96;68;88344;3.66;0.21;0.4;0.41
2007;8;5;217;20.2;14.5;7.8;10.5;8.5;6.7;-0.8;0.1;0.11;4.5;1.8;0;794;278;134;96;87867;4.68;0;0.4;0.41
2007;8;6;218;21.9;15.5;6.5;15.2;10.3;5.4;0.5;0.4;0.11;4.5;1.8;0;771;258;117;83;87395;4.46;0.13;0.39;0.41
2007;8;7;219;18.9;14.8;11.1;14.9;12.9;9.7;0.3;0.1;0.11;4.5;1.8;0;551;171;79;43;87312;2.86;24.02;0.39;0.41
2007;8;8;220;13.1;12.1;11;12.6;11.8;10.9;0.3;-0.3;0.11;4.5;1.8;0;225;42;22;12;87122;1.38;25.18;0.41;0.41
2007;8;9;221;11;9.7;7.5;10.9;8.3;6.6;1.4;-0.3;0.11;4.5;1.8;0;194;57;30;12;87077;1.97;8;0.42;0.41
2007;8;10;222;12.6;9.8;7.2;8.2;7;5.8;1;-0.3;0.11;4.5;1.8;0;348;97;51;21;87280;2.14;0.67;0.42;0.41
2007;8;11;223;12.5;10.8;8.8;11.6;10.1;7.5;0.8;0.4;0.11;4.5;1.8;0;136;50;49;13;87346;1.33;15.73;0.42;0.41
2007;8;12;224;17.6;13.5;8.8;12.8;10.1;7.6;0.3;0.1;0.11;4.5;1.8;0;582;193;89;56;87268;3.23;0.86;0.42;0.41
2007;8;13;225;17.5;13.7;7.8;12.5;9.9;6.9;0.4;0.2;0.11;4.5;1.8;0;577;200;85;65;87431;3.32;1.53;0.41;0.41
2007;8;14;226;19.9;14.2;8.2;15.4;11;7.1;-0.1;0.5;0.11;4.5;1.8;0;667;195;91;63;87505;3.2;1.1;0.41;0.41
2007;8;15;227;23;16;8.9;16.3;11.6;8.1;-0.4;0.8;0.11;4.5;1.8;0;695;185;95;52;87376;3.57;0;0.4;0.41
2007;8;16;228;15.1;12.8;11.2;13.9;11.3;9.9;0.4;0.3;0.11;4.5;1.8;0;166;52;48;18;87448;1.65;10.8;0.4;0.41
2007;8;17;229;11.4;10.4;9.3;10.5;9;7.9;-0.1;-0.2;0.11;4.4;1.8;0;219;66;75;26;87874;1.76;9.6;0.41;0.41
2007;8;18;230;15.9;11.9;7.2;9.8;8.1;6.9;-0.7;-0.2;0.11;4.4;1.8;0;490;160;79;47;87676;2.65;0.06;0.41;0.41
2007;8;19;231;17.7;12.1;8;12.5;10;7;0.1;0.5;0.11;4.4;1.8;0;622;159;89;51;87259;2.5;9.23;0.4;0.41
2007;8;20;232;11.7;9.5;7.4;10.4;8.7;6.6;-0.1;-0.1;0.11;4.4;1.8;0;299;71;50;27;86865;1.71;10.3;0.41;0.41
2007;8;21;233;15.2;10.8;7.3;10.8;8.8;7.2;-0.3;-0.2;0.11;4.4;1.8;0;514;161;76;43;86650;2.88;8.05;0.41;0.41
2007;8;22;234;15.2;11;4.8;11.1;8.8;4.3;0;-0.1;0.11;4.4;1.8;0;591;171;91;56;87069;2.7;3.22;0.41;0.41
2007;8;23;235;16.5;11.9;8.1;11.4;9.3;7.2;0.2;0;0.11;4.4;1.8;0;519;160;75;54;87528;2.67;2.43;0.41;0.41
2007;8;24;236;18.5;13.4;6.3;12.3;9.7;5.7;-0.4;0;0.11;4.4;1.8;0;611;192;100;64;88273;3.07;0.01;0.41;0.41
2007;8;25;237;19.5;14.8;8.8;14.8;11.9;7.7;0;0.2;0.11;4.4;1.8;0;567;189;91;66;88714;2.81;1.82;0.4;0.41
2007;8;26;238;20.7;15;7.9;13;10.6;7.8;0.5;0.2;0.11;4.4;1.8;0;643;214;99;73;88634;3.64;0.03;0.4;0.41
2007;8;27;239;20.8;15.1;8;13.8;11.2;7;0.6;0.2;0.11;4.4;1.8;0;669;204;98;68;88137;3.4;1.32;0.39;0.41
2007;8;28;240;16.7;13.5;11.3;12.8;11.9;10.6;-0.2;-0.4;0.11;4.4;1.8;0;512;129;60;35;87748;2.25;6.35;0.39;0.41
2007;8;29;241;15.2;12;9.3;13;11.3;8.8;-0.1;0;0.11;4.3;1.8;0;284;67;50;25;87354;1.44;18.35;0.39;0.41
2007;8;30;242;11.3;10.4;8.9;11;9.8;7.6;-0.1;-0.6;0.1;4.3;1.8;0;162;43;39;11;87523;1.37;18.79;0.41;0.41
2007;8;31;243;12.5;9.5;6;7.7;6.6;5.5;0.6;-0.1;0.1;4.3;1.8;0;473;120;65;36;87837;2.19;0.75;0.41;0.41
2007;9;1;244;12.2;9.7;6.9;9.9;8.1;6.4;0.8;-0.1;0.1;4.3;1.8;0;453;122;72;35;87968;2.89;10.87;0.41;0.41
2007;9;2;245;14.5;10.1;4.2;9.2;6.9;4.2;0.3;0;0.1;4.3;1.7;0;443;146;90;53;87880;2.44;0.15;0.41;0.41
2007;9;3;246;14.6;9.6;5.6;8.7;6.8;5.3;1.4;0.2;0.1;4.3;1.7;0;512;136;75;37;87466;2.76;18.86;0.41;0.41
2007;9;4;247;6.3;4.2;1.7;5.5;3.5;1.3;1.1;-0.4;0.11;4.3;1.7;0.26;343;99;39;21;87676;2.67;18.63;0.42;0.41
2007;9;5;248;4.4;2.1;0.3;3.6;1.6;-0.2;1.3;-0.2;0.23;4.3;1.7;3.9;218;55;68;27;88146;1.37;20.7;0.43;0.41
2007;9;6;249;4.7;3.6;1.4;4.2;3.2;1.1;1.2;0.4;0.29;4.3;1.7;5.78;186;36;25;8;88195;0.94;17.98;0.43;0.42
2007;9;7;250;9;7.2;4.7;6.5;5.2;4.2;1.3;-0.4;0.2;4.3;1.7;3.2;234;68;26;6;88216;1.53;4.74;0.43;0.42
2007;9;8;251;11.1;8.9;7.2;7.7;7.2;6.7;0.8;-0.6;0.14;4.3;1.7;1.12;240;60;26;8;88116;1.38;3.39;0.43;0.42
2007;9;9;252;11.7;8.8;6.9;9.5;7.5;6.2;0.9;-0.7;0.11;4.3;1.7;0.35;449;126;68;35;87815;2.17;4.86;0.42;0.43
2007;9;10;253;14.7;9.4;5.1;6.9;5.8;4.5;1.6;-0.1;0.1;4.2;1.7;0.09;627;165;101;50;87526;3.01;8.93;0.42;0.43
2007;9;11;254;9.1;6.7;4.3;7.1;5.2;3.6;1.4;-0.5;0.1;4.2;1.7;0.02;398;113;71;33;87778;2.63;12.45;0.42;0.43
2007;9;12;255;12.7;8;3;6.7;4.8;2.7;-0.4;-0.2;0.1;4.2;1.7;0;524;161;97;55;88220;2.29;0;0.42;0.43
2007;9;13;256;15.6;9.5;3.1;8.7;6.3;2.9;-0.5;0;0.1;4.2;1.7;0;632;196;116;80;88171;2.46;0;0.41;0.43
2007;9;14;257;16.4;10.4;1.8;9.2;6;1.1;0.9;0.6;0.1;4.2;1.7;0;539;162;91;65;87947;2.52;0.89;0.4;0.43
2007;9;15;258;13.3;10.3;7.2;10.5;8.4;6.5;0.3;-0.4;0.1;4.2;1.7;0;311;91;71;38;88207;1.61;2.5;0.4;0.42
2007;9;16;259;18.5;11.8;3.9;13;8.5;3;0.1;0.5;0.1;4.2;1.7;0;596;176;103;68;87901;2.44;0.01;0.39;0.42
2007;9;17;260;17.7;12.1;7.6;12.4;9.5;6.7;0.1;1.1;0.1;4.2;1.7;0;529;129;89;50;87476;2.19;2.92;0.39;0.42
2007;9;18;261;10.5;6.5;2.5;10.2;5.9;2;1.2;0.4;0.1;4.1;1.7;0;99;30;66;28;87369;1.36;21.34;0.39;0.42
2007;9;19;262;8.2;5.2;2.4;2.8;1.4;0;0.2;-0.5;0.1;4.1;1.7;0;394;120;75;51;88083;2.02;0.59;0.4;0.42
2007;9;20;263;12.1;7.5;1.9;4.9;2.9;0.6;0.1;0.1;0.1;4.1;1.7;0;580;174;109;80;88216;2.05;0;0.39;0.42
2007;9;21;264;16.4;8.8;0.6;8.9;4.1;-0.3;-0.1;0.6;0.1;4.1;1.6;0;618;186;120;83;88253;2.55;0;0.39;0.42
2007;9;22;265;17.5;10.5;1.9;10.3;5.7;1.2;0.1;0.5;0.1;4.1;1.6;0;609;182;117;79;88258;2.63;0;0.38;0.42
2007;9;23;266;17.5;11.2;4.5;10.1;7.2;3.3;-0.3;0.4;0.1;4;1.6;0;569;158;102;71;88198;2.23;0.02;0.37;0.42
2007;9;24;267;17.9;11.1;4.5;12.5;8.4;3.6;0.3;0.7;0.09;4;1.6;0;561;160;102;67;87790;2.1;1.08;0.37;0.42
2007;9;25;268;8.7;5.9;2.7;8.5;5.2;2.7;0.2;0.1;0.09;4;1.6;0.05;152;38;59;23;87507;1.5;17.32;0.37;0.42
2007;9;26;269;4.8;3.2;2.3;3.8;2.9;2.2;-0.3;-0.5;0.13;4;1.6;1.16;206;44;27;12;86964;1.42;12.86;0.38;0.42
2007;9;27;270;8;4.9;2.7;3.8;3.1;2.1;0.3;-0.4;0.14;4;1.6;1.53;339;86;54;25;86295;1.65;4.16;0.38;0.42
2007;9;28;271;6.4;4.4;2.4;3.7;2.8;2.1;1.1;0.1;0.18;4;1.6;2.92;198;46;65;18;86534;1.29;21.59;0.4;0.42
2007;9;29;272;12.1;6.8;1.3;5.6;2.2;-0.8;0.3;0.6;0.17;3.9;1.6;2.53;498;137;98;64;87498;1.85;1.04;0.4;0.42
2007;9;30;273;13.3;7.2;1.1;7.3;3.3;-0.3;-0.2;0.6;0.14;3.9;1.6;1.41;411;103;82;49;88172;1.39;0;0.39;0.42
2007;10;1;274;17.5;9.7;2.1;10.4;5.8;0.9;-0.1;0.6;0.11;3.9;1.6;0.65;547;153;104;70;88258;1.99;0;0.39;0.42
2007;10;2;275;17.8;10.8;4.2;12.4;7.7;3.1;0.1;0.6;0.1;3.9;1.6;0.23;530;139;98;60;88037;1.79;0.15;0.39;0.42
2007;10;3;276;19;12.2;5.2;12.1;8.4;4.4;0.2;0.6;0.09;3.9;1.6;0.06;527;146;100;62;87968;2.08;0.04;0.38;0.42
2007;10;4;277;15.4;11.4;7.7;12.1;9.7;6.8;0.2;0.7;0.09;3.8;1.5;0;335;76;71;38;88091;1.17;2.23;0.38;0.42
2007;10;5;278;15.8;11.6;7.6;12;10;6.7;0;-0.2;0.09;3.8;1.5;0;366;100;71;35;88031;1.23;1.5;0.38;0.42
2007;10;6;279;10.6;8.9;6.9;10.5;8.3;6;-0.8;-0.9;0.09;3.8;1.5;0;191;40;27;8;87775;0.99;2.22;0.37;0.42
2007;10;7;280;12.8;8.3;5.4;6.6;5.7;4.5;-0.5;-0.2;0.09;3.8;1.5;0;531;141;123;75;87825;1.59;0.01;0.37;0.42
2007;10;8;281;12.8;7.8;2.1;6.1;4.5;1;0.2;0;0.09;3.8;1.5;0;536;142;114;71;88024;1.54;0;0.37;0.41
2007;10;9;282;10.3;7.9;5.9;5.6;4.4;3.1;-0.2;-0.3;0.09;3.7;1.5;0;310;81;59;33;88136;1.08;0.06;0.36;0.41
2007;10;10;283;9.6;7.1;5.2;4.9;4;2.9;-0.6;-0.4;0.09;3.7;1.5;0;295;68;53;31;87961;0.91;0.03;0.36;0.41
2007;10;11;284;11.7;7.2;4.6;5.2;4.4;3;-0.8;-0.3;0.09;3.7;1.5;0;508;133;111;70;88125;1.44;0;0.36;0.41
2007;10;12;285;12.2;7.1;2.8;5.6;3.9;1;0.6;-0.2;0.09;3.7;1.5;0;499;117;116;57;88011;1.27;0.38;0.36;0.41
2007;10;13;286;9.9;6.5;3.6;5.5;4.2;2.8;-0.8;-0.5;0.09;3.7;1.5;0;346;88;101;49;88116;1.18;0.3;0.35;0.41
2007;10;14;287;13.6;6.9;1.2;5.7;3;0;-0.5;0.3;0.09;3.6;1.5;0;515;140;124;88;88048;1.57;0;0.35;0.41
2007;10;15;288;15.6;7.6;0.2;9.3;3.6;-1.4;0.2;0.8;0.09;3.6;1.5;0;506;138;122;84;87966;1.55;0;0.35;0.41
2007;10;16;289;15.1;7.8;0.9;8.4;4.6;0;-0.1;0.5;0.09;3.6;1.5;0;494;134;113;78;88042;1.45;0;0.34;0.41
2007;10;17;290;13.3;7.1;1.3;6.8;3.8;0.5;0.5;0.8;0.09;3.6;1.4;0;433;105;97;61;87910;1.2;0.85;0.34;0.41
2007;10;18;291;5.9;2.8;-0.9;5;2.1;-1.2;1.3;-0.2;0.09;3.6;1.4;0.27;280;63;61;28;88132;1.64;14.77;0.35;0.41
2007;10;19;292;1.6;-0.8;-3.3;-0.2;-1.9;-4.3;0.9;-0.5;0.22;3.6;1.4;4.57;285;77;77;42;88311;1.24;10.62;0.35;0.41
2007;10;20;293;-2.1;-3.6;-5.4;-4.8;-5.6;-6.6;-0.1;-1.2;0.47;3.6;1.4;13.22;195;49;62;32;88376;0.54;6.36;0.35;0.41
2007;10;21;294;-1.5;-3.2;-4.3;-3.5;-5;-5.7;0.4;-0.7;0.52;3.6;1.4;18.28;151;37;50;24;87990;0.37;6.38;0.35;0.41
2007;10;22;295;-1.5;-3.3;-4.9;-3.7;-5;-5.8;-1;-0.8;0.52;3.6;1.4;22.93;129;30;24;14;87655;0.47;1.96;0.35;0.41
2007;10;23;296;0.7;-1.2;-4.7;-1.2;-2.4;-5.2;-0.7;-0.6;0.51;3.5;1.4;24.11;126;27;24;12;87405;0.28;2.55;0.35;0.41
2007;10;24;297;3.4;0;-1.8;0.4;-1.4;-2.6;-1.2;-0.5;0.49;3.5;1.4;25.42;219;55;76;46;87370;0.39;0.22;0.34;0.41
2007;10;25;298;4.3;0.8;-2.8;1.1;-1.1;-4.6;-0.7;-0.1;0.48;3.5;1.4;22.86;229;58;78;47;87483;0.28;0;0.35;0.41
2007;10;26;299;8.4;2.9;-1;4.4;0.9;-2;-0.3;0.5;0.45;3.5;1.4;18.98;141;35;59;31;87492;0.13;0.15;0.35;0.41
2007;10;27;300;7.4;3.7;-0.8;3.6;1.6;-1.5;0.1;-0.1;0.39;3.5;1.4;14.3;275;64;80;35;88251;0.38;0.07;0.35;0.41
2007;10;28;301;7;2.7;-2.1;3.5;1.5;-2.4;-0.1;0.4;0.31;3.5;1.4;9.97;235;55;65;36;87996;0.48;1.18;0.35;0.41
2007;10;29;302;11.3;3.6;-3.3;3.9;-0.1;-5;0.1;0.7;0.24;3.5;1.4;7.11;351;83;102;60;87362;0.8;0;0.36;0.4
2007;10;30;303;5.5;2.7;0.3;4.1;2;-1;0.3;0;0.2;3.5;1.4;5.29;101;24;34;8;87349;0.44;7.77;0.36;0.4
2007;10;31;304;3.9;2.2;0.6;2;1.1;-0.3;-1;-0.8;0.18;3.5;1.4;4.34;148;38;57;19;88183;0.82;1.93;0.36;0.4
2007;11;1;305;8.2;3.2;-0.1;1.5;-0.3;-2.1;-0.7;0;0.16;3.5;1.4;3.36;377;92;103;70;88491;0.81;0;0.36;0.4
2007;11;2;306;8.9;3.8;-0.2;3.3;0.4;-2.5;-0.3;0.1;0.14;3.5;1.4;2.49;362;91;98;63;88576;0.62;0;0.36;0.4
2007;11;3;307;10.1;4.8;-0.9;5.2;2.3;-2.2;0.1;0.1;0.12;3.4;1.4;1.68;360;85;88;41;88281;0.62;0.54;0.36;0.4
2007;11;4;308;4.9;3.8;1.4;4.6;3.4;1.1;0.1;-0.8;0.1;3.4;1.4;0.97;142;29;25;6;88042;0.77;4.85;0.36;0.4
2007;11;5;309;6.6;2.7;0;1.8;0.7;-1.5;-0.3;-0.3;0.09;3.4;1.4;0.69;366;86;108;66;88070;0.89;0.04;0.36;0.4
2007;11;6;310;1.2;-0.4;-1.9;-0.3;-1.9;-3.6;1.7;0.1;0.14;3.4;1.4;2.78;160;31;70;31;87984;0.76;9.76;0.36;0.4
2007;11;7;311;0.7;-0.7;-2.4;-1.2;-2.7;-4.3;1.9;0.5;0.34;3.4;1.4;9.61;78;18;42;20;87963;0.89;7.79;0.36;0.4
2007;11;8;312;3.4;1;-1.2;1.2;-0.4;-2.9;1.2;0.6;0.41;3.4;1.4;12.57;88;19;56;23;87516;0.27;3.67;0.37;0.4
2007;11;9;313;-0.8;-2.6;-4.1;-2.2;-4.6;-6.7;2.5;0;0.46;3.4;1.4;18.43;100;25;67;26;86958;0.63;15.31;0.37;0.4
2007;11;10;314;-1.1;-2.6;-4.2;-1.8;-4.7;-7.2;2.8;0.4;0.53;3.4;1.4;35.93;53;11;17;11;87167;0.4;24.45;0.37;0.4
2007;11;11;315;2.3;0.6;-1;-0.2;-0.8;-1.8;2.8;0.6;0.52;3.4;1.4;57.13;62;13;23;8;86767;0.3;25.02;0.37;0.4
2007;11;12;316;-1.2;-3.7;-5.7;-1.5;-5.8;-8.3;2.1;0;0.52;3.4;1.4;68.73;153;34;79;48;87220;0.56;7.02;0.37;0.4
2007;11;13;317;-2;-5;-9;-8.1;-9.4;-12.5;1.2;0.8;0.52;3.3;1.4;70.52;163;36;70;36;86960;0.41;1.99;0.37;0.4
2007;11;14;318;-2.7;-4.9;-7.5;-4.3;-6.8;-9;0.8;-0.1;0.52;3.3;1.3;79.55;66;16;27;12;86137;0.16;17.04;0.37;0.4
2007;11;15;319;-6;-7.8;-8.9;-8;-9.3;-10.4;0.4;-0.7;0.53;3.3;1.3;93.55;136;27;56;28;87064;0.17;7.36;0.37;0.4
2007;11;16;320;-7.3;-9;-11.7;-9.5;-11.1;-12.8;-0.4;0;0.53;3.3;1.3;96.35;159;38;71;48;87716;0.1;0.14;0.37;0.4
2007;11;17;321;-4.1;-9.4;-17.3;-8.1;-12;-18.8;-0.2;0.7;0.53;3.3;1.3;96.46;179;40;74;46;87651;0.08;0.02;0.37;0.4
2007;11;18;322;-3.4;-9.3;-16.2;-6.8;-12;-17.6;-0.3;0.8;0.52;3.3;1.3;96.51;175;39;68;46;86813;0.07;0;0.37;0.4
2007;11;19;323;0.8;-8.1;-15.4;-4.6;-11.8;-17.8;0.1;1.7;0.52;3.3;1.3;96.55;172;40;73;47;86779;0.09;0;0.37;0.4
2007;11;20;324;0.8;-4.6;-9.5;-2.9;-8.5;-13.3;0;2;0.52;3.3;1.3;96.65;133;32;64;39;87055;0.04;0;0.36;0.4
2007;11;21;325;3.2;-1.7;-4.9;-0.4;-4.7;-7.8;0;2;0.51;3.3;1.3;96.58;145;32;68;38;86972;0.14;0;0.36;0.4
2007;11;22;326;4.4;-0.2;-3.2;1.1;-2.7;-5.3;-0.1;1.8;0.5;3.3;1.3;96.2;176;37;74;43;86838;0.09;0;0.36;0.4
2007;11;23;327;6.5;1.6;-2.3;3.1;-0.6;-4.6;0.2;0.7;0.49;3.3;1.3;95.49;183;41;77;35;86932;0.02;2.67;0.36;0.4
2007;11;24;328;2.2;0.7;-0.5;2.1;0.6;-0.7;-0.3;-0.4;0.48;3.3;1.3;96.78;67;15;15;5;87606;-0.03;9.79;0.37;0.4
2007;11;25;329;2;-0.2;-1.4;0.2;-1.2;-2.9;1.4;0;0.47;3.3;1.3;97.34;95;15;39;18;87544;0.18;4.54;0.37;0.4
2007;11;26;330;-1.6;-3.3;-4.5;-3.5;-5.2;-6.9;2.5;-0.4;0.5;3.3;1.3;108.18;85;19;59;32;87713;0.52;14.14;0.37;0.4
2007;11;27;331;-2.7;-4.8;-8.6;-5.7;-6.7;-9.3;0.8;0.2;0.52;3.3;1.3;115.82;115;26;64;39;88027;0.17;3.01;0.37;0.4
2007;11;28;332;0.9;-6.2;-12.8;-4.6;-9.8;-14.7;-0.2;0.9;0.52;3.3;1.3;116.63;168;37;74;50;87524;0.09;0;0.37;0.4
2007;11;29;333;2.9;-5.2;-12.8;-2.3;-8.9;-15.3;0.3;1.1;0.51;3.3;1.3;116.63;161;35;68;45;86945;0.04;0;0.37;0.4
2007;11;30;334;0.6;-2.8;-8.9;-2.1;-5.1;-11.7;0.7;1;0.51;3.3;1.3;117.42;60;12;44;3;86983;0;1.54;0.37;0.4
2007;12;1;335;4.2;0;-4.7;1.8;-1.9;-6.1;0.4;1.1;0.51;3.3;1.3;118.23;108;22;45;24;86988;-0.01;0.93;0.37;0.4
2007;12;2;336;4.5;0.4;-3.4;0.2;-2.5;-5.6;0.6;1.2;0.49;3.3;1.3;118.29;161;30;82;34;86822;0.11;1.16;0.36;0.4
2007;12;3;337;1;-0.7;-3.2;-1.1;-2.9;-6.8;2.2;1;0.49;3.3;1.3;121.38;101;22;84;46;85948;0.45;7.75;0.37;0.4
2007;12;4;338;-1.5;-2.9;-4.6;-2.6;-4.7;-8.3;1.5;0.3;0.5;3.3;1.3;129.51;72;16;75;26;87178;0.28;11.41;0.37;0.4
2007;12;5;339;5.1;-0.7;-4.9;2.1;-2.9;-7.2;0.3;1.2;0.51;3.3;1.3;134.83;128;23;77;33;87815;0.03;0.92;0.37;0.4
2007;12;6;340;2.8;0.4;-3.7;0.5;-2;-6.5;0.9;1.1;0.5;3.3;1.3;135.57;110;22;51;17;87664;0.06;1.89;0.36;0.4
2007;12;7;341;4.2;1.9;0.1;1.7;0.3;-1.9;1.1;1.1;0.49;3.3;1.4;135.24;57;12;36;12;86556;-0.05;9.67;0.37;0.4
2007;12;8;342;-0.5;-2.3;-5.7;-1.1;-3.5;-7.3;0.7;0.5;0.49;3.3;1.4;139.76;110;19;84;37;86628;0.37;8.14;0.37;0.4
2007;12;9;343;0.7;-2.4;-6.9;-1.7;-5.2;-9.4;0.2;1.4;0.49;3.3;1.4;142.85;96;20;69;35;85684;0.26;1.92;0.37;0.4
2007;12;10;344;0;-4.2;-8.7;-3;-6.2;-11.4;0.5;1;0.49;3.3;1.4;144.84;127;24;76;33;85987;0.06;3.78;0.37;0.4
2007;12;11;345;-2;-2.8;-4.5;-3;-3.6;-5.7;1.3;0.2;0.52;3.3;1.4;159.87;28;6;13;5;87230;0;25.62;0.37;0.4
2007;12;12;346;-2;-2.8;-3.3;-3.1;-3.5;-4;0.8;-0.5;0.53;3.3;1.4;179.59;46;10;14;6;88278;0.09;13.35;0.37;0.4
2007;12;13;347;-1.4;-3.1;-4.5;-3.3;-4;-4.9;-0.5;-0.5;0.53;3.3;1.4;187.07;101;20;66;25;88726;0.12;1.68;0.37;0.4
2007;12;14;348;-5;-6.4;-8.1;-5.5;-7.5;-9.1;-0.6;-0.6;0.53;3.3;1.4;187.89;118;24;71;41;88468;0.06;0.75;0.37;0.4
2007;12;15;349;-7.6;-9.6;-12.6;-9.5;-11.7;-14.2;-1.1;-0.1;0.52;3.3;1.4;188.46;147;31;84;57;88193;0.1;0.22;0.37;0.4
2007;12;16;350;-7.8;-12.1;-17.1;-10.8;-14.5;-19.3;-0.7;0.6;0.52;3.3;1.3;188.54;126;27;57;43;88201;0.1;0.09;0.36;0.4
2007;12;17;351;-7.3;-13;-17.8;-11.1;-15.7;-20.8;-0.6;0.9;0.52;3.3;1.3;188.76;141;29;79;52;88085;0.03;0.17;0.36;0.4
2007;12;18;352;-7.1;-15.9;-21.4;-12.3;-19.8;-24.4;-0.1;1.3;0.52;3.3;1.3;188.79;154;30;75;50;88210;0.07;0;0.36;0.4
2007;12;19;353;-4.7;-14.7;-20.9;-9.6;-18.5;-23.6;0.1;1.5;0.52;3.3;1.3;188.8;154;32;66;44;88731;0;0;0.36;0.39
2007;12;20;354;-3.3;-14;-20.2;-8.5;-17.3;-22.8;0.2;1.6;0.51;3.3;1.3;188.8;154;33;66;42;88596;0;0;0.36;0.39
2007;12;21;355;-0.2;-10.9;-17.3;-4.6;-14.2;-19.6;0.2;1.6;0.51;3.2;1.3;188.82;156;33;68;42;88211;-0.02;0;0.36;0.39
2007;12;22;356;-0.2;-10.9;-16.9;-5.1;-14.2;-19.2;0.2;1.7;0.51;3.2;1.3;188.81;154;33;70;46;88066;-0.01;0;0.36;0.39
2007;12;23;357;-1.2;-10.6;-17;-4.8;-13.6;-19.3;0.3;1.3;0.5;3.2;1.3;188.8;142;30;62;44;88100;0.03;0;0.36;0.39
2007;12;24;358;-1.8;-11.2;-17.6;-6.1;-14.2;-20.1;0.2;1.3;0.5;3.2;1.3;188.81;157;33;79;51;88058;0;0;0.36;0.39
2007;12;25;359;-3.1;-13.8;-19.9;-7.9;-17.2;-22.3;0;1.5;0.5;3.2;1.3;188.81;162;34;77;51;87780;0.06;0;0.36;0.39
2007;12;26;360;-2;-11.1;-19.8;-5.9;-14.8;-22.4;0.3;1.4;0.49;3.2;1.3;188.78;134;28;52;33;88002;0.02;0;0.36;0.39
2007;12;27;361;-1.5;-10;-16;-6.3;-13.4;-18.3;0.1;1.2;0.49;3.2;1.3;188.8;159;33;79;47;88608;0.01;0;0.35;0.39
2007;12;28;362;-1.5;-13.3;-19.3;-5.8;-16.2;-21.7;0.2;1.6;0.49;3.2;1.3;188.77;160;34;82;52;88358;0.06;0;0.35;0.39
2007;12;29;363;-2.3;-12.9;-18;-6.5;-15.6;-20.5;0.2;1.8;0.48;3.2;1.3;188.76;169;36;82;49;87808;-0.02;0;0.35;0.39
2007;12;30;364;-2;-6.4;-12;-4.7;-8.6;-14.1;0.5;0.9;0.49;3.2;1.3;190.36;81;17;48;3;87789;-0.03;2.8;0.35;0.39
2007;12;31;365;-3.9;-5.9;-7.8;-5.5;-8;-10.1;0.7;0.2;0.5;3.2;1.3;195.5;89;17;37;13;88046;0;8.08;0.35;0.39
2008;1;1;1;-5.6;-7.8;-13.9;-7.5;-9.6;-15.6;-0.3;0;0.52;3.1;1.3;200.44;136;25;81;43;87626;0.08;0.97;0.35;0.39
2008;1;2;2;-7.1;-14.2;-19;-13.2;-17.8;-21.2;-0.2;1.3;0.52;3.1;1.3;200.6;159;33;87;59;86985;0.12;0;0.35;0.39
2008;1;3;3;-6.2;-10.5;-15.3;-10.5;-14;-18.5;-0.2;2.1;0.51;3.1;1.3;200.61;125;27;63;37;86393;-0.01;0.01;0.35;0.39
2008;1;4;4;-2.9;-6.7;-10.1;-6.8;-10;-13.1;0;2.2;0.51;3.1;1.3;200.66;127;25;56;42;86831;0.04;0;0.35;0.39
2008;1;5;5;-0.9;-4.3;-7.9;-4.5;-7.2;-10.7;0;1.7;0.51;3.1;1.3;200.71;105;23;46;24;86977;0.04;0.46;0.35;0.39
2008;1;6;6;0.4;-1.7;-3.7;-1.8;-3.4;-5.2;0.6;0.8;0.52;3.1;1.3;209.03;87;17;56;15;87021;0.03;11.43;0.35;0.39
2008;1;7;7;2.6;-1.7;-6;-0.4;-4;-7.6;1;1.1;0.51;3.1;1.3;214.88;87;13;83;31;87479;0.23;4.97;0.35;0.39
2008;1;8;8;1;-5.8;-11.8;-4.2;-9;-15;0.2;1.3;0.51;3.1;1.3;216.56;168;35;97;74;87823;0.33;0;0.34;0.39
2008;1;9;9;0;-5.9;-12.2;-4.4;-9.2;-15.5;0.2;1.6;0.5;3.1;1.3;216.41;112;22;66;22;87534;0.11;0.05;0.34;0.39
2008;1;10;10;2.9;-4.8;-10;-2.1;-7.7;-11.7;0.1;1.4;0.5;3.1;1.2;216.46;166;36;82;52;87612;0.06;0;0.34;0.39
2008;1;11;11;0.1;-6.1;-11.3;-4.2;-8.8;-13.3;-0.2;2.1;0.5;3.1;1.2;216.45;173;36;81;59;86852;0.08;0;0.34;0.39
2008;1;12;12;-0.7;-2.8;-5.7;-1.8;-4.4;-8.1;0.4;0.6;0.5;3;1.2;218.62;59;12;49;15;86732;-0.05;6.04;0.34;0.39
2008;1;13;13;0.4;-2.6;-7;-2.5;-4.1;-9.4;-0.5;0.3;0.51;3;1.2;223.43;147;29;71;38;87226;0.04;0.95;0.34;0.39
2008;1;14;14;1.5;-4.5;-8.7;-3;-7.4;-10.8;0.1;1.6;0.51;3;1.2;223.54;131;29;58;38;86992;0.11;0.02;0.34;0.39
2008;1;15;15;0.7;-4.9;-9;-3.6;-7.9;-11.4;-0.1;1.9;0.51;3;1.2;223.61;175;38;87;58;86722;0.07;0;0.34;0.39
2008;1;16;16;1.7;-1.5;-4.4;-1.5;-3.9;-7.3;0;1;0.5;3;1.2;224.41;88;18;42;16;86126;-0.02;3;0.34;0.39
2008;1;17;17;1.6;-2;-6.9;-1.3;-3.8;-8.4;0.3;0.8;0.51;3;1.2;229.01;157;30;94;41;86990;0.14;2.77;0.34;0.39
2008;1;18;18;2.1;-0.8;-5.6;-1.1;-3.5;-7.5;1;1.1;0.51;3;1.2;234.07;114;25;51;20;87640;0.18;6.9;0.34;0.39
2008;1;19;19;4.8;1.3;-2.8;1.2;-1.5;-5;1.2;0.9;0.5;3;1.2;234.7;150;34;80;48;88336;0.04;0.08;0.34;0.39
2008;1;20;20;6.5;-1.3;-6.2;1.2;-4.1;-7.7;0.5;1;0.5;3;1.2;233.78;183;40;95;66;88311;0.07;0;0.34;0.39
2008;1;21;21;6.3;-1.1;-5.9;0.7;-5.1;-9;0.7;1;0.49;3;1.2;233.83;188;42;89;60;87659;0.02;0;0.34;0.39
2008;1;22;22;-0.2;-2.5;-5.7;-0.9;-4.2;-7.2;1.8;0;0.5;3;1.2;241.84;51;11;59;22;87382;0.23;16.09;0.34;0.39
2008;1;23;23;-0.3;-4.9;-9.3;-5.3;-8.3;-10.9;0.1;0.8;0.52;3;1.2;248.87;187;41;91;60;88496;0.15;0.07;0.34;0.39
2008;1;24;24;6.4;-1.4;-7.5;-0.4;-5.8;-11;0.3;1;0.51;3;1.2;248.88;182;41;79;41;88444;0.02;0;0.34;0.39
2008;1;25;25;1.8;-1.3;-7.1;-1.6;-3.6;-8.7;0.3;0.2;0.51;3;1.2;250.33;150;33;97;40;89101;0.06;1.72;0.34;0.39
2008;1;26;26;4;-3.7;-8.2;-3.6;-9.1;-12.6;0.6;1.3;0.51;3;1.2;250.71;188;44;101;68;88981;0.07;0;0.34;0.39
2008;1;27;27;3.3;0.2;-6.1;-8.6;-10.5;-12.4;2.1;0.9;0.5;3;1.2;250.55;40;8;42;3;88657;0.68;0.11;0.33;0.39
2008;1;28;28;6.5;2.2;-2.2;-1.2;-5.6;-10.7;0.1;0.3;0.5;3;1.2;250.26;194;44;84;44;88697;0.16;0;0.33;0.39
2008;1;29;29;6;0.6;-4.2;0;-3.8;-7.6;0;0.8;0.5;3;1.2;250.3;203;47;96;60;88204;0.08;0;0.33;0.39
2008;1;30;30;2.4;-1.5;-4.8;-1.3;-3.4;-6.5;0.9;0.3;0.49;3;1.2;251.02;136;26;44;23;87765;0.01;3.83;0.33;0.39
2008;1;31;31;1.1;-2;-5.5;-2.6;-4.2;-8;0.3;-0.2;0.5;3;1.2;255.06;173;37;95;46;87571;0.25;1.19;0.33;0.39
2008;2;1;32;4;-2.4;-6.4;-2.4;-6.5;-9.1;0.1;1.6;0.5;3;1.2;255.27;145;32;85;43;86440;0.08;0.1;0.33;0.39
2008;2;2;33;-1.6;-3.2;-6;-3.7;-5.9;-8.3;0.9;-0.1;0.51;3;1.2;259.36;132;29;88;38;87050;0.18;5.76;0.33;0.39
2008;2;3;34;2;-5.8;-11.8;-5.7;-10;-14.1;-0.3;1.5;0.51;3;1.2;261.03;221;53;102;73;87222;0.14;0;0.33;0.39
2008;2;4;35;2.4;-3.7;-9.1;-2;-7.1;-12.8;0.2;0.9;0.51;3;1.2;261.97;128;32;58;33;86713;-0.01;7.3;0.33;0.39
2008;2;5;36;3.5;-1.9;-6.5;-2.7;-5;-7.9;0.2;1;0.52;3;1.2;268.76;198;46;81;39;87614;0.12;0.32;0.33;0.39
2008;2;6;37;3.5;-1.3;-6.3;0.2;-3.7;-9.5;1.5;0.8;0.52;3;1.2;271.18;164;38;71;32;87961;0.05;8.76;0.33;0.39
2008;2;7;38;-0.5;-2.2;-4.1;-2.1;-3.8;-5.3;0.5;-0.4;0.52;3;1.2;280.48;180;41;93;49;88903;0.22;5.25;0.33;0.39
2008;2;8;39;1.9;-3.1;-8.4;-5.8;-8.6;-10.3;-0.6;0.6;0.52;3;1.2;281.44;224;54;99;72;88946;0.42;0;0.33;0.39
2008;2;9;40;2.9;-1.2;-4.5;-4.8;-8.1;-11.8;-0.7;0.3;0.51;3;1.2;281.32;226;55;91;65;88728;0.24;0;0.33;0.38
2008;2;10;41;2.2;-1.6;-4.1;-4.6;-6.7;-9.2;-0.7;0.2;0.51;3;1.2;281.33;230;57;96;70;88635;0.16;0;0.33;0.38
2008;2;11;42;1.9;-2.1;-5;-5.9;-8;-10.2;-0.6;0.4;0.51;3;1.2;281.34;243;60;106;75;88589;0.21;0;0.33;0.38
2008;2;12;43;3.2;-1.9;-5.8;-5.7;-8.9;-12.3;-0.3;0.4;0.5;3;1.2;281.34;247;61;107;72;88499;0.22;0;0.33;0.38
2008;2;13;44;3.6;-2.5;-7.9;-4.8;-9;-13.1;0.1;0.5;0.5;3;1.2;281.29;245;62;105;73;88627;0.18;0;0.33;0.38
2008;2;14;45;4.1;-2.1;-8.1;-5.5;-9.1;-14.5;0.1;0.3;0.5;3;1.2;281.3;259;64;109;69;88579;0.22;0;0.33;0.38
2008;2;15;46;-2.1;-3.7;-5.2;-5.5;-6.4;-8.1;-0.7;-0.7;0.49;3;1.2;281.47;187;45;67;35;88475;0.08;0.53;0.32;0.38
2008;2;16;47;-2.9;-5.7;-7.9;-8.3;-10.8;-13.2;-1.2;-0.3;0.49;3;1.2;281.73;265;64;109;74;88952;0.39;0;0.32;0.38
2008;2;17;48;2.3;-4;-10.3;-9.8;-12.8;-16.1;0;0.4;0.49;3;1.2;281.59;270;69;112;79;89006;0.24;0;0.32;0.38
2008;2;18;49;3.1;-2.8;-9.4;-8.9;-12.4;-17;0.2;0.6;0.49;3;1.2;281.54;272;70;107;72;88577;0.09;0;0.32;0.38
2008;2;19;50;5.4;-1.2;-7.5;-4.5;-8.9;-12.8;-0.1;0.5;0.48;3;1.2;281.47;274;71;97;65;87988;0.07;0;0.32;0.38
2008;2;20;51;5.7;-1;-8.7;-5.6;-8.5;-13.4;0.4;0.7;0.48;3;1.2;281.41;276;71;103;62;87793;0.09;0.02;0.32;0.38
2008;2;21;52;3.3;0.4;-3;0.8;-1.7;-5.8;0.7;0.6;0.47;3;1.2;282.24;113;24;28;2;88133;-0.11;1.75;0.32;0.38
2008;2;22;53;5.9;2.4;-0.6;2;-0.6;-2.6;0.9;0.4;0.47;3;1.2;282.15;257;59;78;36;88371;0.13;0.23;0.32;0.38
2008;2;23;54;8.4;2.7;-3.4;2;-0.9;-4.9;0.5;0.5;0.46;3;1.2;279.62;255;65;91;51;88496;0.21;0;0.32;0.38
2008;2;24;55;13.7;3.4;-4.8;4.7;-1.6;-6.5;0.1;1;0.45;3.1;1.2;276.68;304;80;97;65;88082;0.28;0;0.33;0.38
2008;2;25;56;8.2;2.1;-4.1;2.1;-1.4;-5.5;0.3;0.6;0.44;3.1;1.3;273.71;292;75;84;60;87978;0.21;0;0.33;0.38
2008;2;26;57;8;1.8;-4.7;1.2;-1.9;-6.1;0.6;0.7;0.43;3.1;1.3;271.16;318;83;91;60;87450;0.3;0.68;0.33;0.38
2008;2;27;58;3.7;2;0.6;2;0.4;-0.7;1.1;0;0.42;3.1;1.3;268.89;161;37;39;14;87489;0.05;4.78;0.34;0.38
2008;2;28;59;5.8;2.3;-2.4;0.6;-0.7;-2.6;0.2;0.1;0.41;3.1;1.3;264.52;342;86;102;46;87821;0.4;0.04;0.34;0.38
2008;2;29;60;4.7;1.9;-2.7;2.7;-0.1;-4;1.1;1;0.41;3.1;1.3;259.79;173;36;46;23;87548;-0.09;2.86;0.35;0.38
2008;3;1;61;4.8;2.7;0.9;2.4;0.2;-1.2;3.4;0.5;0.41;3.1;1.3;252;157;33;49;20;86548;0.14;13.65;0.36;0.38
2008;3;2;62;4.9;3.1;0.8;2.2;0.7;-1.5;3;0.7;0.42;3.1;1.3;244.98;101;25;55;18;87032;0.02;3.87;0.38;0.38
2008;3;3;63;6.4;2.5;-1.9;1;-0.1;-2.7;1.8;0;0.42;3.1;1.3;236.17;240;71;71;38;86937;0.4;6.61;0.38;0.38
2008;3;4;64;-0.7;-3;-5.1;-3.1;-5.9;-7.1;-0.3;-1;0.47;3.1;1.3;238.13;251;60;82;45;86784;0.98;6.06;0.38;0.38
2008;3;5;65;-5.2;-7.2;-13.4;-7.6;-10.9;-15.9;-0.1;-0.9;0.5;3.1;1.3;246.51;256;56;82;47;87598;0.73;7.03;0.38;0.38
2008;3;6;66;-3.7;-10.2;-19.9;-11;-14.8;-22.2;-0.3;0.6;0.51;3.2;1.3;247.77;326;89;106;78;87666;0.26;0;0.38;0.38
2008;3;7;67;-0.1;-6.5;-15;-4.7;-10.2;-17.9;0.1;0.4;0.51;3.2;1.3;247.72;191;53;58;40;86916;-0.05;0.01;0.38;0.39
2008;3;8;68;1.2;-2.7;-7.3;-3.1;-5.5;-8.5;0.5;0.4;0.5;3.2;1.3;247.92;199;52;78;30;86818;0.05;0.19;0.37;0.39
2008;3;9;69;3.9;-2.8;-13;-1.6;-6.7;-15.3;0;0.6;0.5;3.2;1.3;247.87;330;89;92;62;86472;0.1;0;0.37;0.39
2008;3;10;70;5;-1.3;-10.4;-1.3;-5.4;-12.2;-0.2;1.2;0.5;3.2;1.3;247.69;337;95;103;59;85727;0.21;0.18;0.37;0.39
2008;3;11;71;3.3;0.3;-1.9;-2.6;-4.3;-7.1;1.4;0.8;0.5;3.2;1.3;250.86;293;74;87;37;85884;0.64;6.14;0.37;0.39
2008;3;12;72;6.5;1.6;-2.2;1.6;-1;-4;2.2;0.9;0.49;3.2;1.3;252.46;240;49;53;28;86341;0.26;11.69;0.38;0.39
2008;3;13;73;2;-0.6;-2.9;-3.1;-4.8;-6.7;2.5;0.3;0.48;3.2;1.3;253.64;196;59;62;43;87265;1.21;1.01;0.38;0.39
2008;3;14;74;4.4;1.9;-2.3;2.4;0.1;-4.2;1.3;0.9;0.47;3.2;1.3;254.48;78;25;53;10;87161;-0.06;6.96;0.38;0.39
2008;3;15;75;9.8;4.2;-2.3;2.6;-0.2;-3.7;-0.2;0.6;0.45;3.2;1.3;249.13;354;100;102;53;86950;0.45;0.02;0.39;0.39
2008;3;16;76;2.9;1.1;-1.3;1.6;-0.6;-3.3;0.8;0.8;0.45;3.2;1.3;246.08;130;28;59;26;86402;-0.01;8.84;0.39;0.39
2008;3;17;77;1.8;-0.3;-2.8;0.4;-1.4;-3.3;1.2;0;0.47;3.3;1.3;248.14;111;31;30;16;86464;0.22;9.98;0.39;0.39
2008;3;18;78;-1.3;-3.5;-5.2;-3.4;-8;-11.2;1.1;-0.8;0.49;3.3;1.3;252.94;285;75;90;48;86682;1.24;2.74;0.39;0.39
2008;3;19;79;-1.5;-4.4;-7.4;-7.3;-9.4;-11.3;1.2;-0.1;0.48;3.3;1.3;254.06;294;79;75;57;86760;0.54;3.06;0.39;0.39
2008;3;20;80;-1.9;-5.5;-8.4;-6.3;-9;-11.6;1.7;0.1;0.5;3.3;1.3;257.88;324;92;90;60;86815;0.36;3.23;0.39;0.39
2008;3;21;81;0.2;-3.1;-6.6;-2.9;-6.7;-11.5;1;1.2;0.52;3.3;1.3;264.13;124;30;40;17;84851;0.26;12.94;0.38;0.39
2008;3;22;82;0.1;-3.4;-8.4;-7.7;-10.2;-11.9;1.3;0.2;0.53;3.3;1.3;271.63;313;96;88;70;84757;0.65;0.59;0.38;0.39
2008;3;23;83;-1.8;-4.2;-6.6;-5.3;-8;-10;0.8;-0.7;0.53;3.3;1.3;274.04;246;66;57;34;85219;0.33;5.97;0.38;0.39
2008;3;24;84;-3.2;-6.1;-8.2;-8.4;-10.9;-12.9;1.3;-0.4;0.53;3.4;1.4;278.37;248;77;70;45;85222;0.53;2.05;0.38;0.39
2008;3;25;85;-4.4;-7;-8.7;-8.4;-10.2;-12.6;2.1;0.1;0.54;3.4;1.4;284.91;208;59;62;32;85762;0.31;11.18;0.38;0.39
2008;3;26;86;1.2;-3.5;-7.7;-5.2;-7.7;-10.5;1.2;0.6;0.54;3.4;1.4;294.8;245;75;86;36;86018;0.3;6.19;0.37;0.39
2008;3;27;87;1.2;-3.4;-10.9;-1.4;-6;-12.7;0.2;0.4;0.53;3.4;1.4;296.5;191;57;52;24;85932;0.12;2.24;0.37;0.39
2008;3;28;88;3.5;-0.3;-4.6;-2.4;-3.8;-5.3;-0.2;0.2;0.53;3.4;1.4;298.39;270;89;93;45;86807;0.2;0.51;0.37;0.39
2008;3;29;89;4.8;0.6;-5.1;-1.3;-4;-7.2;1;0.4;0.51;3.4;1.4;298.99;341;101;106;58;87575;0.47;2.15;0.37;0.39
2008;3;30;90;9.6;1.5;-5.7;-0.8;-4.2;-8.8;-0.2;1.7;0.5;3.4;1.4;297.06;389;121;106;79;87184;0.55;0;0.37;0.39
2008;3;31;91;5.2;1.6;-4;2;-0.8;-6.1;0.1;-0.2;0.49;3.5;1.4;294.41;229;66;57;26;87356;0.04;4.41;0.37;0.39
2008;4;1;92;5;2.4;0.1;2.2;1;-2;0.8;-0.1;0.47;3.5;1.4;290.18;215;56;67;19;87872;0.09;2.65;0.38;0.39
2008;4;2;93;1.8;0.5;-1.9;1;-0.6;-2.7;1.6;0.1;0.47;3.5;1.4;289.1;174;46;58;22;87675;0.16;23.6;0.39;0.39
2008;4;3;94;0.5;-1.6;-3.3;-0.3;-2.5;-4.5;0.9;-0.2;0.52;3.5;1.4;305.22;196;62;48;26;87621;0.46;19.22;0.39;0.39
2008;4;4;95;2;-1.1;-4.3;-2.1;-3.6;-5.4;0.3;-0.3;0.51;3.5;1.4;314.13;265;88;82;39;87931;0.77;2.2;0.39;0.39
2008;4;5;96;3.4;-1.4;-7.2;-1.2;-4.7;-8.6;0.6;0.7;0.49;3.5;1.4;314.32;352;111;81;61;86886;0.93;0.69;0.39;0.39
2008;4;6;97;1.6;-1;-2.8;-1.5;-2.9;-4;0.3;-0.2;0.49;3.5;1.4;319.78;218;64;49;24;85868;0.54;10.4;0.39;0.39
2008;4;7;98;-0.8;-2.9;-5.2;-3;-8.8;-12.7;1.6;0;0.52;3.6;1.4;330.53;330;100;106;53;86020;1.58;8.45;0.38;0.39
2008;4;8;99;4.8;0.1;-5.4;-1.1;-5.6;-11.6;-0.5;0;0.51;3.6;1.4;331.52;371;108;77;58;86122;0.61;0.01;0.38;0.39
2008;4;9;100;11.1;3.1;-4.9;3.8;-1.7;-6.8;-0.2;1.2;0.5;3.6;1.4;330.4;366;94;89;47;85794;0.57;0.19;0.38;0.39
2008;4;10;101;8.3;3.6;-2.3;4;0.5;-4.3;-0.1;0.4;0.49;3.6;1.4;326.86;252;84;69;42;85788;0.2;2.11;0.38;0.39
2008;4;11;102;12.9;4.8;-1.3;5.6;1.2;-2.7;0.2;0.6;0.46;3.6;1.4;318.97;292;104;69;38;85845;0.44;6.65;0.39;0.39
2008;4;12;103;2.6;0.9;-1.1;0.4;-1.5;-4.3;0.5;0.1;0.47;3.6;1.4;313.25;220;66;57;28;86855;0.41;4.65;0.4;0.39
2008;4;13;104;7.3;1.7;-4.9;-1.3;-3.9;-6.3;0.2;0.5;0.45;3.6;1.4;310.31;390;131;97;72;87198;1.17;0.18;0.4;0.39
2008;4;14;105;6.4;0;-5.3;1.2;-2.4;-7.5;0.8;0.4;0.44;3.7;1.5;307.22;442;122;112;52;87044;0.69;8.7;0.4;0.4
2008;4;15;106;1.4;-0.9;-2.4;0.6;-1.7;-3.7;0.9;-0.1;0.48;3.7;1.5;311.61;198;61;40;20;87318;0.32;10.99;0.4;0.4
2008;4;16;107;1.7;-0.8;-2.9;0.2;-2;-3.6;0.2;-0.3;0.5;3.7;1.5;318.78;336;95;69;34;87209;0.5;8.13;0.4;0.4
2008;4;17;108;6;1.6;-2.6;-0.6;-1.9;-3.2;-0.8;-0.3;0.48;3.7;1.5;319.6;327;111;65;45;86310;1.01;0.76;0.4;0.4
2008;4;18;109;8.1;3.7;-1.5;3.6;0.7;-3.2;-0.7;0.2;0.46;3.7;1.5;313.72;389;117;70;46;85671;0.49;0.94;0.4;0.4
2008;4;19;110;6.9;3.3;-2.8;2.3;0.4;-3.1;0.8;0.5;0.45;3.7;1.5;302.96;340;90;66;33;85936;0.38;3.02;0.41;0.4
2008;4;20;111;11.4;4.8;-4.4;1.8;-0.8;-5.5;-0.6;0.3;0.43;3.8;1.5;291.88;462;157;104;68;86345;1.15;0.38;0.41;0.4
2008;4;21;112;8.8;3.8;0;4.2;1.8;-2.1;0.6;0.5;0.41;3.8;1.5;281.41;182;54;32;19;85874;-0.12;10.79;0.41;0.4
2008;4;22;113;4.2;2.3;0.9;3.6;1.9;0.7;1.6;0.7;0.45;3.8;1.5;275.89;145;37;19;3;86280;-0.2;38.65;0.43;0.41
2008;4;23;114;6.2;2.6;-2.1;4.4;1.9;-2.3;0.4;0;0.45;3.8;1.5;268.22;277;85;75;23;87494;0.16;9.25;0.43;0.41
2008;4;24;115;7.6;3;-3.7;4.6;1;-4.3;0.6;0.4;0.43;3.8;1.5;258.65;366;124;73;52;88062;0.47;6.29;0.43;0.41
2008;4;25;116;5.9;2.3;-1.2;3.5;0.9;-2.4;1;0.5;0.42;3.8;1.5;251.06;301;81;59;31;88385;0.28;13.03;0.43;0.42
2008;4;26;117;7.2;3.2;-3.1;1.7;-1.1;-4.5;-0.5;0.1;0.41;3.9;1.5;243.51;399;139;85;59;88388;1.16;0.44;0.43;0.42
2008;4;27;118;12.4;5.7;-4.3;3.2;-0.7;-5.7;0.1;0.4;0.38;3.9;1.5;234.26;549;185;105;76;87870;1.64;0;0.42;0.42
2008;4;28;119;15;7.7;-0.3;6.1;2.3;-2;0.1;0.1;0.35;3.9;1.5;222.24;471;160;88;38;87038;1.43;7.4;0.42;0.42
2008;4;29;120;6.8;4;0.9;4.1;2;-0.8;0.5;-0.2;0.35;3.9;1.6;211.71;268;78;91;26;86554;0.93;14.67;0.43;0.42
2008;4;30;121;13.8;5.3;-3.2;4.4;0.3;-4.3;0.4;0.4;0.34;3.9;1.6;204.79;527;166;84;53;86368;1.63;5.52;0.42;0.42
2008;5;1;122;7.3;3.9;0.4;2.1;0.6;-1.5;0.3;0.4;0.35;3.9;1.6;197.36;408;128;88;43;87281;1.34;3.03;0.42;0.43
2008;5;2;123;9.6;5.2;-3.4;1.7;-1.1;-4.6;0.8;0.2;0.34;4;1.6;190.94;488;171;95;62;87985;1.91;0.8;0.41;0.43
2008;5;3;124;9.4;7;2.4;2.8;1.5;-1.1;-0.2;-0.4;0.33;4;1.6;182.88;462;159;84;56;88196;1.47;0.39;0.41;0.43
2008;5;4;125;10.2;6.6;0.9;3.7;1.8;-1.3;-0.4;-0.6;0.32;4;1.6;173.61;476;162;81;53;87975;1.48;0.41;0.41;0.43
2008;5;5;126;9.4;6.1;2.5;1.9;0.2;-1.5;-1.1;-0.6;0.32;4;1.6;164.23;597;204;101;76;88059;1.95;0.38;0.4;0.43
2008;5;6;127;12.1;6.9;0.9;3.5;1.1;-2.4;-1.4;-0.3;0.32;4;1.6;154.51;567;203;107;77;88030;2.01;0;0.4;0.43
2008;5;7;128;11.8;7.3;1.3;4.7;2.4;-0.1;-0.8;-0.3;0.31;4;1.6;143.21;607;209;109;77;87844;1.83;0.13;0.4;0.43
2008;5;8;129;12.4;7.9;0.6;4;2.1;-1.3;-0.6;-0.1;0.31;4.1;1.6;131.18;601;210;109;78;87646;2.08;0;0.4;0.43
2008;5;9;130;14.1;8.7;0.2;4.4;2.3;-1.6;-0.9;0;0.31;4.1;1.6;118.19;605;216;103;79;87486;2.27;0.03;0.4;0.43
2008;5;10;131;14.7;8.6;-0.3;4.7;2.7;-1.1;-1;-0.2;0.29;4.1;1.6;104.98;644;210;107;78;87496;2.2;0.06;0.39;0.43
2008;5;11;132;13.1;8.8;0.9;7.2;3.7;-0.6;-0.5;0.1;0.28;4.1;1.6;93.33;571;197;93;67;87493;1.9;1.54;0.39;0.43
2008;5;12;133;13.7;8.7;0.5;4.7;2.4;-0.8;-0.6;0;0.27;4.1;1.6;82.32;607;221;101;75;87473;2.34;0.36;0.39;0.43
2008;5;13;134;14.1;9.3;-0.6;5.2;1.7;-1.7;-0.1;0.2;0.26;4.1;1.7;71.52;610;222;103;76;87336;2.48;0.26;0.38;0.43
2008;5;14;135;14.8;9.7;0.4;8.1;2.6;-1;0.2;0.4;0.25;4.2;1.7;61.88;601;201;93;66;87313;2.27;0.54;0.38;0.43
2008;5;15;136;16.4;10.2;0.7;6.3;2.8;-0.6;0.4;0.4;0.24;4.2;1.7;53.27;581;192;86;56;87118;2.39;2.16;0.38;0.43
2008;5;16;137;14.1;10.4;5.5;8;6.2;4.4;-0.1;0.3;0.23;4.2;1.7;44.7;499;174;76;44;87006;2.09;2.89;0.38;0.43
2008;5;17;138;14.6;10.2;6.4;10.2;7.7;4.2;0.2;-0.1;0.23;4.2;1.7;36.77;469;140;67;30;86785;1.63;24.08;0.38;0.43
2008;5;18;139;8.2;7.2;5.9;7.4;6.7;5.6;0.4;-0.1;0.23;4.2;1.7;30.63;180;45;12;2;86741;0.96;27.5;0.39;0.43
2008;5;19;140;9.8;7.2;5.6;7.5;5.9;5.3;-0.6;-0.9;0.23;4.2;1.7;25.29;422;115;49;14;86815;1.43;6.98;0.4;0.43
2008;5;20;141;6.3;5;3.2;5.9;4.2;3.2;-1.2;-1.2;0.22;4.2;1.7;19.65;228;58;9;2;86872;1.37;9.15;0.4;0.43
2008;5;21;142;7.4;5.4;3.2;5;3.8;2.6;-0.9;-0.9;0.21;4.2;1.7;15.58;235;76;15;6;87098;1.2;1.27;0.4;0.43
2008;5;22;143;8.8;7;5.2;7.2;5.7;4.6;-0.6;-0.7;0.2;4.2;1.7;11.19;262;81;21;6;87238;1.22;5.77;0.39;0.42
2008;5;23;144;11.7;8.5;4.8;6.7;5.6;4.1;-0.4;-0.2;0.17;4.3;1.7;6.61;577;207;82;53;87212;2.76;2.08;0.39;0.42
2008;5;24;145;17;9.9;2.2;10.8;6.1;1.4;-0.4;0.3;0.14;4.3;1.7;3.35;739;221;104;58;87092;3.09;2.97;0.39;0.42
2008;5;25;146;15.9;10.8;2.9;10.7;7.5;2.6;-0.3;0.5;0.13;4.3;1.7;1.55;579;187;99;54;87354;2.78;0.66;0.38;0.42
2008;5;26;147;19.6;13.7;7.1;13.6;9.5;5.6;-0.3;1;0.12;4.3;1.7;0.68;441;161;102;53;87376;2.49;0.03;0.38;0.42
2008;5;27;148;24.6;16.5;6.6;13.5;8.8;5.1;-0.6;1.1;0.12;4.3;1.7;0.24;793;288;122;85;87296;5.14;0;0.37;0.42
2008;5;28;149;22.8;16.5;9;14.4;10.5;6.3;-0.2;0.7;0.12;4.3;1.7;0.06;589;213;89;64;87333;3.75;0.07;0.36;0.42
2008;5;29;150;23.1;16.9;9;14.3;10;4.2;-0.7;0.9;0.12;4.3;1.7;0.01;474;186;102;66;87185;3.47;0.04;0.35;0.42
2008;5;30;151;21.1;14.8;8.7;13.1;9.1;4.7;-0.2;0.2;0.12;4.3;1.7;0;718;224;99;66;87097;3.8;2.67;0.35;0.42
2008;5;31;152;15.8;12.4;7.2;11.8;9.4;6;0.5;0.2;0.12;4.3;1.7;0;528;201;79;58;87513;3.54;6.02;0.35;0.42
2008;6;1;153;19.1;13.2;6.2;13.3;10.1;6;-0.5;0.3;0.12;4.3;1.7;0;725;225;93;61;87640;3.45;1.49;0.34;0.42
2008;6;2;154;22.3;14.3;6.6;14;10.3;5.6;0.2;0.5;0.12;4.3;1.7;0;721;223;107;66;87286;3.72;9.88;0.34;0.42
2008;6;3;155;14.7;11.7;9.6;10;9.1;8.3;0.4;-0.3;0.12;4.4;1.8;0;385;123;49;24;87422;2.64;6.46;0.35;0.42
2008;6;4;156;13.1;10.8;9.4;11.6;10;8.5;0.7;0;0.12;4.4;1.8;0;240;77;41;15;87346;2.02;25.03;0.35;0.41
2008;6;5;157;12.6;10.8;9.5;11;10;8.8;0.3;-0.3;0.12;4.4;1.8;0;212;60;26;10;87109;1.36;4.36;0.37;0.41
2008;6;6;158;13.8;11.2;9.4;12.4;10.5;9.2;0.1;-0.6;0.12;4.4;1.8;0;353;117;53;18;87102;2.78;22.28;0.37;0.41
2008;6;7;159;10.9;9.3;8.4;9.4;8.7;8.3;0.8;-0.2;0.12;4.4;1.8;0;218;56;33;7;87368;1.43;13.14;0.39;0.41
2008;6;8;160;14.5;11;8.5;10.9;8.9;7.7;-0.2;-0.4;0.12;4.4;1.8;0;498;171;68;34;87623;2.87;3.88;0.39;0.41
2008;6;9;161;16.6;11.9;5.5;10.3;8.1;5.3;-0.6;-0.1;0.12;4.4;1.8;0;640;209;85;56;87900;3.42;0.67;0.38;0.41
2008;6;10;162;18.2;12.6;6.5;12;9.7;5.6;0.1;0.4;0.12;4.4;1.8;0;675;218;97;67;87949;3.15;3.77;0.38;0.41
2008;6;11;163;14.3;10.7;7.5;11.6;9.2;6.7;0.8;0.3;0.12;4.4;1.8;0;433;140;56;41;87664;2.97;17.86;0.38;0.41
2008;6;12;164;13.5;9.9;7.6;9.6;7.9;5.9;0.5;-0.3;0.12;4.4;1.8;0;539;175;82;36;87226;3.38;6.32;0.39;0.41
2008;6;13;165;9.8;7;4.3;6.1;4.2;1.8;0.9;-0.6;0.12;4.4;1.8;0;588;194;75;44;87275;3.68;6.97;0.39;0.41
2008;6;14;166;9.8;7.2;4.7;3.9;2.2;0.7;0.1;-0.5;0.12;4.4;1.8;0;575;194;76;58;87369;2.71;1.29;0.39;0.41
2008;6;15;167;11.1;7.4;2.5;6.2;2.9;0.6;0.3;0.1;0.12;4.5;1.8;0;510;171;90;51;87116;2.55;3.33;0.39;0.41
2008;6;16;168;10.5;8.4;6.5;8.4;6.4;4.4;-0.2;-0.5;0.12;4.5;1.8;0;406;128;41;26;86960;2.49;6.18;0.39;0.41
2008;6;17;169;11.4;9.1;6.3;10.8;8.6;6.2;-0.2;0.3;0.12;4.5;1.8;0;205;79;68;28;87170;1.59;12.41;0.39;0.41
2008;6;18;170;14.9;10.8;5.4;11.5;8.6;5.3;0.2;0;0.12;4.5;1.8;0;544;185;86;46;87650;2.99;2.46;0.39;0.41
2008;6;19;171;17.9;12.8;4.2;11.4;8.2;3.8;0.5;0.3;0.12;4.5;1.8;0;586;214;94;63;87753;3.41;0.6;0.39;0.41
2008;6;20;172;18.1;14.1;7.6;11.8;8.9;6.3;0.7;0.1;0.12;4.5;1.8;0;645;228;89;61;88061;3.81;0.72;0.39;0.41
2008;6;21;173;20.1;15.5;7.4;14.7;10.9;6.3;0;0.1;0.12;4.5;1.8;0;638;242;88;69;88171;3.92;0.38;0.38;0.41
2008;6;22;174;22.9;17.3;8.5;17.6;12.3;7.8;0.2;0.7;0.12;4.5;1.8;0;652;246;101;68;88066;4.43;0.73;0.37;0.41
2008;6;23;175;22.8;17.3;11.6;16;13.1;10.3;0.1;0.4;0.12;4.5;1.8;0;709;245;91;67;88059;4.41;2.32;0.37;0.41
2008;6;24;176;21.5;16.9;10.1;17;13.7;9.3;0;0.4;0.12;4.5;1.8;0;608;199;82;63;87938;3.51;2.3;0.37;0.41
2008;6;25;177;24;17.2;11.1;16.3;13.5;10.3;0.5;0.5;0.12;4.5;1.8;0;709;232;98;54;87877;4.41;5.96;0.37;0.41
2008;6;26;178;17.1;15;13.4;14.5;13.6;12.5;0;-0.5;0.12;4.5;1.8;0;427;95;37;15;88066;2.22;4.91;0.37;0.41
2008;6;27;179;17.9;14.8;11.5;13.1;10.6;8.2;1.1;-0.4;0.12;4.5;1.8;0;640;225;94;56;88045;4.4;2.14;0.37;0.41
2008;6;28;180;19;15;10.5;11;9.4;8;0.6;-0.4;0.12;4.5;1.8;0;650;225;91;64;88176;3.84;0.02;0.36;0.41
2008;6;29;181;21.2;16.6;8.3;16.6;11.8;7.3;0.2;0.1;0.12;4.5;1.8;0;721;251;106;70;88015;4.13;5.83;0.35;0.41
2008;6;30;182;19;15.5;12.1;14.3;13.1;11.8;0.1;-0.3;0.12;4.5;1.9;0;577;180;80;45;88087;3.44;10.3;0.36;0.41
2008;7;1;183;21.9;16;8.6;16.1;12.7;8.6;-0.3;0.4;0.12;4.6;1.9;0;713;238;97;67;87829;3.94;1.74;0.36;0.41
2008;7;2;184;22;16.1;10.3;15.4;12.3;9.3;-0.1;0.6;0.12;4.6;1.9;0;777;226;101;67;87532;4.02;1.65;0.36;0.4
2008;7;3;185;23.2;15.2;9.4;15;11.8;8.4;0.4;0.1;0.12;4.6;1.9;0;752;218;104;55;87315;4.34;29.67;0.36;0.4
2008;7;4;186;13.2;11.3;9.6;10.2;8.9;8.2;0.6;-0.1;0.12;4.6;1.9;0;235;78;82;24;87673;2.2;4.33;0.38;0.4
2008;7;5;187;18.4;14;7.2;12;9;6.6;0.4;-0.1;0.12;4.6;1.9;0;753;259;101;74;87619;4.26;0;0.37;0.4
2008;7;6;188;22.7;14.9;8.6;15.3;11.6;7.5;-0.1;0.3;0.12;4.6;1.9;0;719;199;99;54;87245;3.59;15.88;0.37;0.4
2008;7;7;189;11.9;10.7;8.4;11.6;10.2;7.4;0.5;0;0.11;4.6;1.9;0;233;52;65;21;87190;1.59;18.43;0.39;0.4
2008;7;8;190;14.9;10.7;6.2;8.3;6.4;5.7;1.6;0.3;0.11;4.6;1.9;0;705;238;98;63;87551;4.32;2.13;0.39;0.4
2008;7;9;191;16.1;11.8;7.4;9.5;7.1;5.5;1.1;0;0.11;4.6;1.9;0;666;216;99;65;87801;3.61;0.57;0.39;0.4
2008;7;10;192;20.5;14.7;6.8;14.3;9.6;5.4;0.4;0.3;0.11;4.6;1.9;0;775;278;107;80;87708;4.61;0.1;0.38;0.4
2008;7;11;193;22.5;16;8.8;14.6;11.9;8;0;0.7;0.11;4.6;1.9;0;747;242;99;64;87454;4.43;14.1;0.38;0.4
2008;7;12;194;15.1;12.3;10.7;13.6;11.5;10.2;0.1;-0.1;0.11;4.6;1.9;0;318;90;45;27;87337;2.47;14.48;0.39;0.4
2008;7;13;195;10.8;10.1;8.9;10.7;9.7;8.6;0.3;-0.5;0.11;4.6;1.9;0;202;51;30;14;87219;1.65;19.31;0.4;0.4
2008;7;14;196;9.4;8.3;7.2;9.1;8;6.9;0.3;-0.8;0.11;4.6;1.9;0;137;44;41;12;87893;1.71;34.69;0.42;0.4
2008;7;15;197;15.9;11.5;6.7;8;6.4;5;0.5;0;0.11;4.6;1.9;0;660;232;96;61;88623;4.15;0.32;0.42;0.41
2008;7;16;198;19.8;14.1;5.7;11.2;8.3;4.5;0.7;0;0.11;4.6;1.9;0;815;298;119;86;88111;4.74;0;0.41;0.41
2008;7;17;199;12.5;11.1;9.2;11.4;10;8.7;0.2;-0.1;0.11;4.6;1.9;0;156;53;48;24;87551;1.23;15.41;0.42;0.41
2008;7;18;200;14.4;11.6;8.5;10.5;8.5;6.8;0.8;-0.1;0.11;4.6;1.9;0;570;192;79;46;87513;3.68;5.7;0.42;0.41
2008;7;19;201;19.8;14.4;7.1;12;8.7;5.8;0.6;0.2;0.11;4.6;1.9;0;776;264;113;74;87552;4.44;1.92;0.41;0.41
2008;7;20;202;16.8;12.9;8.2;14.2;11.7;8;0.5;-0.1;0.11;4.6;1.9;0;460;125;52;27;87516;2.61;20.6;0.42;0.41
2008;7;21;203;12.2;8.9;6.2;8.9;6;3;1.4;-0.5;0.11;4.6;1.9;0;568;198;95;45;87770;3.98;8.39;0.42;0.41
2008;7;22;204;9.7;7.1;5.3;8;6;4.3;1.4;-0.2;0.11;4.6;1.9;0;428;128;55;25;88094;3.44;15.74;0.42;0.41
2008;7;23;205;12.6;9.2;5.5;8.9;7.3;5.4;0.1;-0.3;0.11;4.6;1.9;0;564;189;82;48;88193;3.12;5.26;0.43;0.41
2008;7;24;206;16.3;11.7;6.6;9.4;7.5;5;-1.3;-0.3;0.11;4.6;1.9;0;640;220;83;62;87752;3.41;0.02;0.42;0.42
2008;7;25;207;19.2;14.3;8;13;10.3;7.2;-0.5;-0.1;0.11;4.6;1.9;0;692;234;99;68;87472;3.7;0.18;0.41;0.42
2008;7;26;208;20.7;14.2;8.4;14.7;11.9;7.4;-0.1;0.3;0.11;4.6;1.9;0;706;194;87;54;87515;3.09;6.64;0.41;0.42
2008;7;27;209;19.7;13.7;7.7;16.1;12.6;7.6;-0.3;0.3;0.11;4.6;1.9;0;633;165;73;37;87709;2.67;8.17;0.41;0.42
2008;7;28;210;20.8;14.6;7.9;15.8;12.9;7.7;0.1;0.6;0.11;4.6;1.9;0;637;198;97;56;87748;3.28;4.4;0.41;0.42
2008;7;29;211;21.3;15.5;8.7;15.7;12.3;8.4;0.4;0.4;0.11;4.6;1.9;0;616;221;89;61;87931;3.67;2.24;0.4;0.42
2008;7;30;212;22.6;17;10.3;16.6;12.4;9;-0.1;0.3;0.11;4.6;1.9;0;718;239;105;70;88069;4.23;0.64;0.4;0.42
2008;7;31;213;22.7;17.5;11.7;16.9;12.1;10.3;0;0.6;0.11;4.5;1.9;0;679;240;105;73;87966;4.43;0;0.39;0.42
2008;8;1;214;20.4;15.4;10.8;14.9;12.7;8.9;0.4;0.5;0.11;4.5;1.9;0;543;164;77;43;87950;3.18;14.51;0.39;0.42
2008;8;2;215;19.3;15.5;12.7;14.3;13.1;11.6;0.3;-0.4;0.11;4.5;1.9;0;607;172;78;38;87997;3.25;20.16;0.41;0.41
2008;8;3;216;20.5;16.5;12.7;13.6;11.9;11;0.7;-0.1;0.11;4.5;1.9;0;636;215;92;58;87918;3.91;0.52;0.4;0.41
2008;8;4;217;18.9;15.1;10.1;14.4;12;9.1;1.1;0.5;0.11;4.5;1.8;0;440;135;58;42;87575;2.62;3.77;0.4;0.41
2008;8;5;218;16.7;14;12.2;12.8;12.1;11.5;0.6;-0.2;0.11;4.5;1.8;0;426;97;63;27;87829;2.24;6;0.4;0.41
2008;8;6;219;21.3;16.4;9.7;16.1;12.9;9.4;-0.3;0.2;0.11;4.5;1.8;0;686;222;92;64;87741;3.54;0.29;0.4;0.41
2008;8;7;220;24;17.2;10;17;12.3;9;0.4;0.5;0.11;4.5;1.8;0;711;234;111;68;87349;4.69;12.45;0.39;0.41
2008;8;8;221;15.7;12.6;8.8;12.8;9.9;6.8;1.3;0.2;0.11;4.5;1.8;0;487;138;80;48;87254;3.35;13.56;0.4;0.41
2008;8;9;222;15;11.3;8.6;11.2;9.3;6.7;0.9;0.1;0.11;4.5;1.8;0;502;149;76;45;87635;3.46;7;0.4;0.41
2008;8;10;223;20.2;14.2;6.1;13.1;9.3;5.4;0.2;0.3;0.11;4.5;1.8;0;746;261;115;84;87427;4.25;0;0.4;0.41
2008;8;11;224;21;15;8.9;14.1;11.6;8;-0.3;0.2;0.11;4.5;1.8;0;651;182;90;51;87058;3.38;6.33;0.4;0.41
2008;8;12;225;23.1;16;10.4;16.5;13.1;9.8;0.2;0.3;0.11;4.5;1.8;0;547;184;79;45;86738;4.17;17.87;0.4;0.41
2008;8;13;226;13.8;11.9;10.2;10.7;9.8;9;-0.1;0.2;0.11;4.5;1.8;0;239;66;43;20;87481;1.91;5.7;0.41;0.41
2008;8;14;227;16.7;13.7;11.8;11.2;9.9;8.5;-0.6;-0.6;0.11;4.5;1.8;0;386;118;44;24;87617;2.35;1.08;0.4;0.41
2008;8;15;228;11.8;9.4;7.3;11.3;9.3;7.1;0.5;-0.8;0.11;4.5;1.8;0;102;24;13;7;87153;1.32;39.37;0.41;0.41
2008;8;16;229;12.6;9.1;6.3;8.1;5.9;4.5;-0.2;-0.4;0.11;4.5;1.8;0;543;161;107;48;87257;3.11;4.94;0.43;0.41
2008;8;17;230;15.2;11;6.7;9.7;6.8;4.8;0.6;0.3;0.11;4.4;1.8;0;550;177;82;62;87287;2.84;0.93;0.42;0.42
2008;8;18;231;20;13.2;5;11.9;8;4.2;-0.1;0.4;0.11;4.4;1.8;0;700;241;113;79;87649;3.92;0;0.41;0.42
2008;8;19;232;21.8;15;7.7;15.3;11.2;6.8;0.2;0.2;0.11;4.4;1.8;0;677;213;95;56;87582;3.78;13.71;0.41;0.42
2008;8;20;233;13.3;12.3;11.1;12.7;10.1;8.8;0.5;-0.2;0.11;4.4;1.8;0;217;65;45;21;87782;1.92;7.32;0.41;0.42
2008;8;21;234;18.1;14.3;10.7;11.6;10.4;9.2;-0.4;-0.5;0.11;4.4;1.8;0;525;164;86;40;87963;2.71;0.11;0.41;0.42
2008;8;22;235;20.3;14.5;11.1;14.7;12.1;10.4;0.3;-0.1;0.11;4.4;1.8;0;552;151;78;38;87548;2.97;27.1;0.41;0.42
2008;8;23;236;13.2;10.2;6.8;10.2;7.6;5;1.5;-0.2;0.11;4.4;1.8;0;471;144;72;47;87407;3.2;6.29;0.42;0.42
2008;8;24;237;15;10.2;5.2;6.8;5.2;3.7;0.5;-0.2;0.11;4.4;1.8;0;623;210;113;77;87531;3.41;0.14;0.42;0.42
2008;8;25;238;16.3;11.7;6;9.9;8;4.8;0.3;0.2;0.11;4.4;1.8;0;529;156;78;51;87822;2.43;0.61;0.41;0.42
2008;8;26;239;17.4;13.4;8.7;11.4;9.6;7.7;-0.1;-0.1;0.11;4.4;1.8;0;504;168;75;52;88264;2.7;0.32;0.41;0.42
2008;8;27;240;18.3;14;7.9;12.1;10.3;7.3;0.1;0;0.11;4.4;1.8;0;617;195;90;64;88208;2.94;0.44;0.4;0.42
2008;8;28;241;18.1;14.1;9.2;12.4;10.6;8.6;0.4;0.1;0.11;4.4;1.8;0;558;164;84;49;88052;2.72;0.98;0.39;0.42
2008;8;29;242;18.5;14.4;10.9;12.1;11.4;10.8;0.2;-0.7;0.11;4.3;1.8;0;595;176;84;51;87970;2.74;0.23;0.39;0.42
2008;8;30;243;20.2;14.8;9.7;13;11.5;9.6;-0.8;-0.2;0.1;4.3;1.8;0;688;218;114;73;87894;3.28;0;0.38;0.42
2008;8;31;244;21.4;15.1;7.5;15.3;11.7;6.7;0.3;0.6;0.1;4.3;1.8;0;594;177;104;65;87740;2.85;0.37;0.38;0.42
2008;9;1;245;17;13.1;9.2;13.2;11.6;9;0.4;0.5;0.1;4.3;1.8;0;399;111;58;40;87813;2.16;9.14;0.38;0.42
2008;9;2;246;18.7;13.4;7.3;14.3;10.9;7.2;0;0.3;0.1;4.3;1.7;0;572;178;89;58;87548;2.95;1.35;0.38;0.42
2008;9;3;247;20.9;15;9;15;11.4;7.8;0;0.4;0.1;4.3;1.7;0;640;189;98;61;87168;3.28;8.33;0.37;0.42
2008;9;4;248;18.2;13.5;11.3;13;12;10.7;-0.4;-0.3;0.1;4.3;1.7;0;525;132;72;36;87109;2.54;18.72;0.38;0.42
2008;9;5;249;21.3;15.3;10.3;13.6;11;8.5;-0.7;0.8;0.1;4.3;1.7;0;620;183;98;64;87043;3.27;0.05;0.39;0.41
2008;9;6;250;20.7;15.1;10.5;14.2;11.7;8.5;0;-0.1;0.1;4.3;1.7;0;569;168;93;53;87038;2.9;10.98;0.38;0.41
2008;9;7;251;11;10;8.1;10.2;9.3;7.2;0.1;0.4;0.1;4.3;1.7;0;169;46;46;23;87431;1.66;10.45;0.39;0.41
2008;9;8;252;15.2;10.6;4.8;8.5;6.5;4.6;0.1;0.2;0.1;4.3;1.7;0;516;166;102;66;87796;2.88;0.29;0.39;0.41
2008;9;9;253;20.1;13;4.9;12.4;8.4;3.9;-0.2;0.5;0.1;4.3;1.7;0;668;210;122;86;87914;3.25;0;0.39;0.41
2008;9;10;254;20.4;15.1;9.2;15;11.5;7.9;0.1;0.5;0.1;4.2;1.7;0;492;154;82;54;87938;2.59;4.38;0.38;0.41
2008;9;11;255;22.8;15.4;9.3;16.1;12.5;8.3;-0.2;0.6;0.1;4.2;1.7;0;614;172;99;58;87458;3.05;4.65;0.38;0.41
2008;9;12;256;14.7;11.7;9.6;14.1;11.2;9.4;0.8;0.2;0.1;4.2;1.7;0;218;49;32;16;87205;1.7;8.14;0.38;0.41
2008;9;13;257;11.2;9.7;6.5;10.5;9.2;6.4;-0.8;-1.1;0.1;4.2;1.7;0;105;30;13;5;87083;1.35;11.3;0.38;0.41
2008;9;14;258;6.3;4.2;3.1;6.2;4.1;3;0;-0.7;0.12;4.2;1.7;0.57;49;15;12;6;87408;1.26;20.26;0.4;0.41
2008;9;15;259;4;2.7;1.5;3.8;2.1;0.5;0;-1.1;0.15;4.2;1.7;1.42;259;47;18;9;87548;2.05;10.68;0.41;0.41
2008;9;16;260;6.2;3.5;1.4;1.8;1;0.4;0;-1;0.15;4.2;1.7;1.55;396;97;55;28;87645;2.16;3.68;0.41;0.41
2008;9;17;261;10.2;5.1;1.2;2.9;2;0.5;-0.8;-0.7;0.13;4.2;1.7;1;526;164;108;83;87716;1.71;0;0.41;0.41
2008;9;18;262;13;7.3;2.3;6.2;3.8;1.2;-0.4;-0.2;0.11;4.1;1.7;0.53;614;173;120;71;87844;1.95;0.33;0.4;0.41
2008;9;19;263;11.2;7.6;4.9;5.6;4.6;2.9;-0.2;-0.8;0.1;4.1;1.7;0.22;496;140;88;51;87974;1.92;0.93;0.4;0.41
2008;9;20;264;8;5.2;3.3;2.6;1;0.2;-1.1;-0.9;0.1;4.1;1.7;0.08;452;128;82;42;88264;1.77;0.14;0.4;0.41
2008;9;21;265;8.3;4.7;1.5;2.8;0.7;-0.2;-1;-0.6;0.1;4.1;1.6;0.04;421;110;83;53;87806;1.47;0.15;0.39;0.41
2008;9;22;266;7.6;4.3;1.2;3.4;1.7;0.1;0.2;-0.2;0.1;4.1;1.6;0.01;413;131;80;56;87439;1.59;3.72;0.39;0.41
2008;9;23;267;7.7;4.8;2.1;2.9;2;1;-0.2;-0.4;0.1;4;1.6;0.05;400;115;63;45;87374;1.79;0.6;0.39;0.41
2008;9;24;268;9.3;5.5;2.4;3.2;2.2;0.7;-0.5;-0.6;0.1;4;1.6;0.01;475;124;82;49;87656;1.5;0.3;0.39;0.41
2008;9;25;269;7.6;4.7;3.1;4.9;3.8;2.9;-0.4;-0.8;0.09;4;1.6;0;410;85;56;25;88068;1.56;4.81;0.39;0.41
2008;9;26;270;7.3;4.7;2.2;5.1;3.2;1.2;-1.2;-0.8;0.09;4;1.6;0;414;110;68;36;88496;1.8;2.96;0.39;0.41
2008;9;27;271;9.9;4.9;1;3.4;1.4;0.4;-1.4;-0.3;0.09;4;1.6;0;545;155;106;80;88400;1.72;0;0.38;0.41
2008;9;28;272;11.1;5.8;0.6;4.3;2.2;-0.9;0.2;0.1;0.09;4;1.6;0;530;158;118;82;88117;1.61;0;0.38;0.41
2008;9;29;273;12.5;6.7;0;5.6;3.1;-1.3;0.6;0.2;0.09;3.9;1.6;0;557;161;114;71;87670;1.74;0.14;0.38;0.41
2008;9;30;274;10.7;7.2;5.4;5.2;4.2;3;1.2;0.1;0.09;3.9;1.6;0;377;90;66;29;87269;1.28;2.67;0.37;0.41
2008;10;1;275;12.7;7.9;5.3;6.1;4.9;4.1;1.4;0.1;0.09;3.9;1.6;0;489;98;85;37;86888;1.7;1.13;0.37;0.41
2008;10;2;276;9.1;7;4.6;6.2;5;4.2;0.9;0;0.09;3.9;1.6;0;244;51;33;18;86775;1.21;9.04;0.37;0.41
2008;10;3;277;4.4;2.2;0.4;4;1.2;-2.5;0.6;0.3;0.14;3.9;1.6;1.9;100;26;44;22;86790;1.03;15.7;0.38;0.41
2008;10;4;278;2.8;0.4;-1.8;1.1;-1.3;-3.3;1.2;0.3;0.2;3.8;1.5;3.57;301;73;72;40;87394;1.46;4.14;0.39;0.41
2008;10;5;279;11.5;3.9;-3.3;3.9;-1.4;-6.2;0.2;0.9;0.18;3.8;1.5;3.04;500;140;111;67;87343;1.74;0;0.39;0.41
2008;10;6;280;12.7;7.6;1.6;6.6;3.3;-1.2;0.8;0.6;0.14;3.8;1.5;1.74;349;93;65;38;87632;1.16;1.98;0.38;0.41
2008;10;7;281;13.1;8.3;4.5;8.9;6.2;3.7;0.1;0.7;0.11;3.8;1.5;0.74;425;99;82;42;87706;1.41;4.83;0.39;0.41
2008;10;8;282;14.4;8.7;2.2;8.3;5.6;1.7;-0.3;0.3;0.1;3.8;1.5;0.32;486;121;94;58;87601;1.52;0;0.38;0.41
2008;10;9;283;12.9;8.9;5;8.4;6.9;3.8;-0.1;-0.3;0.09;3.7;1.5;0.11;368;97;73;37;88479;1.07;0.54;0.38;0.41
2008;10;10;284;14.5;9.5;5;8.4;7.1;4.4;-0.3;0.2;0.09;3.7;1.5;0.03;492;132;115;63;88987;1.52;0;0.38;0.41
2008;10;11;285;16.2;8.7;1.1;9.6;5.5;0.6;0;0.6;0.09;3.7;1.5;0;519;142;116;79;88885;1.64;0;0.38;0.41
2008;10;12;286;16.2;8.4;1.2;9.3;4.5;0.5;0.1;0.8;0.09;3.7;1.5;0;513;139;119;79;88706;1.81;0;0.37;0.41
2008;10;13;287;17.5;9.4;1.7;10.2;5.3;0.8;0.2;0.8;0.09;3.7;1.5;0;495;134;108;70;88266;1.78;0.02;0.37;0.41
2008;10;14;288;15.7;10.1;4.3;10.9;7.6;3.4;0.3;0.5;0.09;3.6;1.5;0;459;109;89;53;88080;1.25;1.27;0.37;0.41
2008;10;15;289;14.8;9.2;4.4;10.5;7.3;3.6;0.4;0.7;0.09;3.6;1.5;0;386;101;84;51;87865;1.36;1.71;0.37;0.41
2008;10;16;290;11;7.8;4.4;9.4;7;4.2;1.1;0.2;0.09;3.6;1.5;0;170;36;34;17;87365;1.47;20.95;0.37;0.41
2008;10;17;291;6.1;3.8;2;3.7;1.5;-0.4;0.3;-0.7;0.09;3.6;1.4;0.17;370;91;75;43;87632;1.59;3.91;0.38;0.41
2008;10;18;292;12;6.3;1.8;5.4;2.8;-0.5;-0.1;0;0.09;3.6;1.4;0.11;475;128;112;78;87693;1.21;0;0.38;0.41
2008;10;19;293;11.8;6.4;1.7;6;3.8;0.8;0;0.4;0.09;3.6;1.4;0.03;404;97;100;59;88094;1.01;0;0.38;0.41
2008;10;20;294;14.6;6.4;-1.3;7.9;2.8;-1.9;0;0.9;0.08;3.6;1.4;0;475;126;117;80;87946;1.41;0;0.38;0.4
2008;10;21;295;15;7.6;0.9;7.9;3.4;-0.3;-0.1;0.9;0.08;3.6;1.4;0;412;109;101;65;87489;1.35;0;0.37;0.4
2008;10;22;296;11.1;5.7;1.1;7.5;4.1;1;0.3;-0.4;0.08;3.6;1.4;0.01;338;80;79;31;87661;0.96;5.02;0.37;0.4
2008;10;23;297;7.6;3.8;0.9;2.9;1.9;0.8;-1;-0.4;0.09;3.5;1.4;0.34;302;70;79;36;88248;1.13;0.62;0.37;0.4
2008;10;24;298;12.5;6.9;2.5;7.4;4.6;1;0.1;0;0.09;3.5;1.4;0.19;418;99;89;48;88171;0.9;0.01;0.37;0.4
2008;10;25;299;10.4;6.3;2.5;5.3;4.1;1.4;-0.3;0;0.08;3.5;1.4;0.06;411;98;114;57;88643;0.98;0.13;0.37;0.4
2008;10;26;300;13.5;6;-0.4;7.9;2.9;-1.4;0.2;0.8;0.08;3.5;1.4;0.03;445;113;118;80;88205;1.12;0;0.37;0.4
2008;10;27;301;11.9;6.1;1;7;3.9;0.3;0;0.2;0.08;3.5;1.4;0;234;55;57;34;87039;0.55;3.69;0.37;0.4
2008;10;28;302;6;4.4;0.9;5.6;4.1;0.8;-0.2;-0.8;0.08;3.5;1.4;0.08;89;16;9;4;86646;0.79;18.71;0.38;0.4
2008;10;29;303;2.4;1.3;0.1;2.1;1.2;0;-0.1;-0.8;0.16;3.5;1.4;2.89;98;23;27;10;86091;0.8;10.62;0.38;0.4
2008;10;30;304;1.5;0.1;-1.3;-0.2;-1.9;-2.6;0.6;-0.3;0.29;3.5;1.4;7.46;142;30;69;26;85535;0.76;4.73;0.39;0.4
2008;10;31;305;8.1;2.3;-2.7;3.1;-0.8;-4.8;-0.4;1.1;0.3;3.5;1.4;7.8;186;48;62;47;86372;0.49;0.39;0.38;0.4
2008;11;1;306;13.6;5.7;-0.8;7.5;2.5;-2.8;-0.2;1.2;0.24;3.5;1.4;5.63;341;84;95;59;86649;0.62;0;0.39;0.4
2008;11;2;307;13.3;6;0.8;8;3.5;-0.1;-0.3;1;0.18;3.5;1.4;3.47;314;77;95;54;87292;0.61;0;0.39;0.4
2008;11;3;308;13.3;7.6;3.6;7;4.1;1.3;-0.2;0.9;0.14;3.4;1.4;2.08;370;91;101;55;87235;0.86;2.12;0.38;0.4
2008;11;4;309;12.5;6.1;0.7;7.3;4.1;0.2;-0.5;1;0.11;3.4;1.4;1.28;349;78;87;51;87319;0.95;1.83;0.39;0.4
2008;11;5;310;12.8;5.9;1.5;6.6;2.8;0;-0.3;1.3;0.1;3.4;1.4;0.84;392;94;113;69;87090;1.16;0.05;0.38;0.4
2008;11;6;311;10.5;4.8;0.7;4.7;2.1;-0.9;0;0.4;0.09;3.4;1.4;0.52;360;85;97;59;87264;0.79;0.01;0.38;0.4
2008;11;7;312;8;4.3;1.3;3.6;2.3;0.2;-0.1;0;0.09;3.4;1.4;0.38;317;70;84;57;87368;0.55;0.12;0.38;0.4
2008;11;8;313;7.8;3.1;-1.3;3.3;0.9;-2.2;0;0.5;0.08;3.4;1.4;0.26;339;69;80;53;87829;0.59;0.42;0.38;0.4
2008;11;9;314;10.2;3.4;-1.7;4.1;0;-3.1;0.1;1;0.08;3.4;1.4;0.15;380;86;110;61;88178;0.8;0;0.38;0.4
2008;11;10;315;11;3.5;-1.9;5.4;0;-3.7;0.1;1;0.08;3.4;1.4;0.1;362;87;106;72;88124;0.72;0;0.38;0.4
2008;11;11;316;11.1;4.2;-1.7;5.3;0.8;-3.4;0.2;0.7;0.08;3.4;1.4;0.07;356;79;99;56;87556;0.66;1.23;0.37;0.4
2008;11;12;317;3.3;1.8;0;2.8;1.6;0;0;-0.8;0.1;3.4;1.4;0.91;104;19;13;9;87509;0.68;14.26;0.38;0.4
2008;11;13;318;0.8;-0.1;-0.6;0.2;-0.4;-1;-0.5;-0.8;0.33;3.3;1.4;8.71;71;16;14;9;87787;0.48;11.17;0.38;0.4
2008;11;14;319;3.5;0.8;-0.9;0.8;-0.3;-1.3;-0.4;-0.2;0.37;3.3;1.3;10.55;185;44;73;42;88157;0.36;0;0.38;0.4
2008;11;15;320;6.8;2;-1.8;2.4;-0.4;-3.8;0.1;0.5;0.33;3.3;1.3;9.35;250;57;96;56;88306;0.26;0;0.38;0.4
2008;11;16;321;4.8;1.9;-0.6;2.2;-0.3;-2.9;0.7;0.4;0.29;3.3;1.3;8;236;53;80;42;88313;0.24;3.22;0.38;0.4
2008;11;17;322;1.5;-0.4;-4.3;1.3;-1.4;-5;-0.1;-0.5;0.31;3.3;1.3;8.77;154;32;58;30;88222;0.46;6.1;0.39;0.4
2008;11;18;323;2.9;-0.9;-5.6;-1.7;-4.8;-9;0.4;0.7;0.31;3.3;1.3;8.81;150;37;67;48;87274;0.26;0;0.39;0.4
2008;11;19;324;2.5;-0.2;-2.9;-0.7;-3.1;-5.7;0.8;0.5;0.3;3.3;1.3;8.57;111;22;58;29;87508;0.2;0.24;0.39;0.4
2008;11;20;325;5.3;1.6;-1.8;0;-2.1;-4.5;1.8;0.5;0.28;3.3;1.3;7.93;204;47;89;47;87246;0.47;0.85;0.39;0.4
2008;11;21;326;2.2;-0.7;-5.9;0.4;-2;-8.4;3;0.1;0.36;3.3;1.3;13.27;23;4;48;16;86207;1;29.4;0.39;0.4
2008;11;22;327;-6;-7.1;-8.6;-8.1;-9.3;-10.5;2.5;-0.9;0.52;3.3;1.3;30.63;70;17;43;29;85938;0.34;13.27;0.4;0.4
2008;11;23;328;-5.7;-8.8;-11.5;-10.7;-12.7;-15.2;1;0.9;0.53;3.3;1.3;36.77;163;37;92;43;85987;0.25;3.21;0.39;0.4
2008;11;24;329;-1.6;-5.6;-9.5;-5.2;-8.8;-11.7;0.2;1;0.53;3.3;1.3;41.02;104;23;65;25;85210;0.25;2.53;0.39;0.4
2008;11;25;330;-3.6;-6.2;-9.6;-6.4;-7.8;-11.1;0.5;-0.2;0.53;3.3;1.3;42.53;141;26;74;20;86495;0.16;1.64;0.39;0.4
2008;11;26;331;-3.7;-7.2;-14.8;-7.1;-9.3;-16.1;0.3;0.4;0.52;3.3;1.3;43.41;152;33;79;48;87725;0.15;0.2;0.39;0.4
2008;11;27;332;0.1;-9.8;-18;-4.8;-12.6;-19.5;0.2;1.2;0.52;3.3;1.3;43.37;169;38;84;50;87492;0.13;0;0.39;0.4
2008;11;28;333;-1.7;-7.6;-14;-4.7;-10.9;-17.7;0.1;1.5;0.52;3.3;1.3;43.4;105;23;47;28;86131;0.12;0.26;0.39;0.4
2008;11;29;334;1;-4.5;-8.9;-3;-7.5;-11.1;-0.2;1;0.51;3.3;1.3;43.46;157;33;81;45;85439;0.14;0.1;0.38;0.4
2008;11;30;335;2.2;-3.7;-7.3;-2.1;-6.7;-9.8;-0.3;1.4;0.51;3.3;1.3;43.79;155;33;82;46;85516;0.08;0.59;0.38;0.4
2008;12;1;336;-1;-3.5;-6;-2.8;-5.4;-9.1;0.7;0.9;0.51;3.3;1.3;46.81;84;15;60;21;85563;0.09;6.03;0.38;0.4
2008;12;2;337;-1.3;-4.9;-8.8;-5;-7.6;-11.5;0.6;0.6;0.51;3.3;1.3;50.12;146;29;85;41;86496;0.16;1.11;0.38;0.4
2008;12;3;338;-2.3;-7.5;-13.9;-7.4;-11.1;-16.3;0.1;1.5;0.51;3.3;1.3;50.63;167;36;92;49;86136;0.22;0.17;0.38;0.4
2008;12;4;339;-0.6;-6;-13.6;-5.2;-10.3;-17.2;0.1;1.4;0.51;3.3;1.3;50.51;142;30;63;36;85781;0.17;0.02;0.38;0.4
2008;12;5;340;0.3;-3.6;-6.5;-2.1;-6;-8.7;0.1;1.3;0.51;3.3;1.3;52.82;132;22;69;34;85435;0.23;4.53;0.38;0.4
2008;12;6;341;-0.9;-5;-10.1;-3.4;-7.1;-12.8;0.8;0.9;0.5;3.3;1.3;55.77;116;21;59;32;86482;0.11;6.13;0.38;0.4
2008;12;7;342;-2.2;-4.6;-6.4;-4.2;-6.4;-8.5;0.9;0.3;0.52;3.3;1.4;64.54;77;16;42;20;87734;0.07;7.59;0.38;0.4
2008;12;8;343;-0.6;-8;-15.6;-5.6;-11;-17.8;0;1.2;0.52;3.3;1.4;67.91;142;31;83;53;87918;0.1;0;0.37;0.4
2008;12;9;344;0.2;-10.4;-18.4;-5;-13.9;-20.8;0.2;1.5;0.52;3.3;1.4;67.92;154;33;77;43;87152;0.02;0;0.37;0.4
2008;12;10;345;-2.8;-5.9;-10.9;-4.8;-8.5;-14.3;0;0.2;0.52;3.3;1.4;68.21;113;22;51;22;86539;0.06;1.37;0.37;0.4
2008;12;11;346;-3.3;-4.1;-4.7;-4.7;-5.1;-5.6;0.4;-0.4;0.52;3.3;1.4;70.7;83;16;26;11;86404;0.04;4.35;0.37;0.4
2008;12;12;347;-4.1;-5.3;-6.6;-5.2;-6.3;-7.3;0;-0.5;0.53;3.3;1.4;76.09;70;13;30;16;86951;0.07;3.79;0.37;0.4
2008;12;13;348;0.4;-5.5;-9.6;-3.8;-7.9;-12.1;-0.3;0.8;0.52;3.3;1.4;77.48;108;23;69;40;86254;0.06;0.05;0.37;0.4
2008;12;14;349;0.3;-6.4;-10.6;-4.1;-9.4;-13;-0.4;1.8;0.52;3.3;1.4;77.51;153;33;82;53;85913;0.04;0;0.37;0.4
2008;12;15;350;0.7;-4.7;-9.3;-2.4;-7.3;-11.1;-0.1;1.7;0.52;3.3;1.4;77.54;133;29;67;39;86557;0.08;0;0.37;0.4
2008;12;16;351;2.6;-3.3;-7;-0.7;-5.7;-9.2;-0.1;1.4;0.51;3.3;1.3;77.45;141;30;67;41;86730;0.02;0.03;0.36;0.4
2008;12;17;352;-1.3;-3.6;-5.9;-3.7;-5.3;-8.2;0.7;0.1;0.51;3.3;1.3;77.8;135;27;68;32;86610;0.04;1.77;0.36;0.4
2008;12;18;353;-2.7;-3.8;-4.6;-4.1;-4.8;-5.7;0.9;0;0.51;3.3;1.3;82.28;36;8;14;8;87326;0.04;6.25;0.36;0.4
2008;12;19;354;-1.2;-4;-8.9;-2.5;-5.6;-11;1.2;0.5;0.52;3.3;1.3;88.86;56;10;61;18;87754;0.05;9.79;0.36;0.4
2008;12;20;355;0.7;-1.2;-3.6;-0.5;-3.1;-4.9;1.8;0.9;0.53;3.3;1.3;101.12;25;5;26;7;88131;0.16;17.56;0.36;0.4
2008;12;21;356;1.4;0.7;0.1;0.5;0.1;-0.4;1.4;0.5;0.52;3.2;1.3;112.91;20;4;18;4;88583;0;18.02;0.37;0.4
2008;12;22;357;1.6;0.3;-2.1;-0.4;-1.2;-3.1;1.1;0.4;0.5;3.2;1.3;114.24;31;6;38;11;88705;0.09;2.57;0.37;0.4
2008;12;23;358;1.1;0;-0.9;0.1;-0.7;-1.8;0.6;0;0.47;3.2;1.3;114.56;82;16;50;21;88743;0.02;0.77;0.38;0.4
2008;12;24;359;1.7;-1.5;-5.4;0;-2.4;-6.1;0.4;0.3;0.46;3.2;1.3;114.35;144;30;96;44;88365;0.08;0.67;0.37;0.4
2008;12;25;360;-1.1;-2.8;-6.1;-2.5;-3.9;-7.7;-0.9;-1;0.47;3.2;1.3;117.56;101;21;49;27;87968;0.27;4.56;0.37;0.4
2008;12;26;361;-4.4;-6.9;-8.7;-9;-10.2;-11.3;-1.5;-0.2;0.48;3.2;1.3;119.36;164;34;100;77;88191;0.17;0.03;0.37;0.4
2008;12;27;362;-6.2;-8.7;-10.5;-9.6;-11;-12;-1.1;-0.1;0.48;3.2;1.3;119.38;138;30;80;53;88065;0.01;0.09;0.37;0.4
2008;12;28;363;-4.3;-9.3;-12.9;-10.9;-13.3;-17.3;-0.5;0.7;0.48;3.2;1.3;119.51;162;33;87;54;87716;0.04;0;0.37;0.4
2008;12;29;364;-1.4;-9.3;-15.2;-8.4;-14.4;-19.7;0.1;1.2;0.47;3.2;1.3;119.51;166;35;81;49;88020;0.02;0;0.37;0.4
2008;12;30;365;0.9;-8.8;-15.1;-6.6;-14.2;-19.1;0.1;1.6;0.47;3.2;1.3;119.51;169;36;83;51;88238;0;0;0.37;0.4
2008;12;31;366;0.9;-7.9;-15.3;-5.8;-12.6;-18.6;0.2;1.2;0.47;3.2;1.3;119.53;164;35;77;43;87889;0;0.15;0.37;0.4
2009;1;1;1;-1.1;-4.4;-7;-3.8;-6.5;-11.3;0.3;0.5;0.49;3.1;1.3;123.12;80;16;53;18;87843;0.02;4.52;0.37;0.4
2009;1;2;2;-4.1;-8.4;-12.6;-7.1;-10.3;-14.9;-0.2;0;0.49;3.1;1.3;124.57;128;25;58;33;87561;-0.01;0.79;0.36;0.4
2009;1;3;3;-5.6;-9.7;-14.1;-10.3;-12.3;-15.7;-0.4;0.3;0.49;3.1;1.3;125.13;160;33;102;63;87459;0.06;0.01;0.36;0.4
2009;1;4;4;-3.3;-10.6;-18.6;-12.2;-16.4;-22.9;0.4;0.7;0.49;3.1;1.3;125.14;160;33;74;45;87172;0.02;0;0.36;0.4
2009;1;5;5;-5.8;-10.2;-14.9;-10.6;-13.9;-18.3;0;0.2;0.49;3.1;1.3;125.21;132;27;52;32;86815;0;0.42;0.36;0.39
2009;1;6;6;-6.1;-8.7;-10.5;-9.6;-10.7;-11.9;-0.6;-0.1;0.49;3.1;1.3;125.98;105;21;57;32;86832;0;0.56;0.36;0.39
2009;1;7;7;-5.4;-9.9;-15.4;-10;-12.6;-17.6;-0.2;0.3;0.48;3.1;1.3;126.24;149;32;82;52;87053;0;0;0.36;0.39
2009;1;8;8;-6.7;-11.8;-16;-11.2;-14.6;-18.9;-0.6;0.7;0.48;3.1;1.3;126.34;176;37;94;58;87601;-0.03;0.04;0.36;0.39
2009;1;9;9;-1.2;-11.6;-19;-9.1;-16.1;-21.7;0.1;1.2;0.48;3.1;1.3;126.37;179;38;86;55;87866;0;0;0.36;0.39
2009;1;10;10;-0.7;-12.4;-20.8;-8.5;-16.8;-23.7;0.1;1.2;0.47;3.1;1.2;126.37;184;40;90;59;87928;0;0;0.36;0.39
2009;1;11;11;0.1;-12.3;-20.2;-7.8;-16.8;-23.1;0.1;1.3;0.47;3.1;1.2;126.4;186;41;90;56;88315;0;0;0.36;0.39
2009;1;12;12;2.1;-10.6;-18.1;-5.9;-14.9;-21;0.2;1.6;0.47;3;1.2;126.42;182;40;80;47;88028;0;0;0.36;0.39
2009;1;13;13;2.1;-9.7;-16.1;-6;-13.9;-19;0.2;1.6;0.46;3;1.2;126.41;190;41;96;59;87329;0;0;0.35;0.39
2009;1;14;14;-0.5;-7.3;-15.1;-7;-11.2;-18;0.3;0.9;0.46;3;1.2;126.62;113;21;46;16;86969;0;0.77;0.35;0.39
2009;1;15;15;-1;-5.3;-10.6;-5;-7.4;-12.5;-0.3;0.5;0.47;3;1.2;127.35;165;34;86;44;87305;0;0.16;0.35;0.39
2009;1;16;16;2.8;-6.7;-13.8;-4.6;-10.7;-16.2;0.2;1.1;0.46;3;1.2;127.41;190;41;89;56;87694;-0.01;0;0.35;0.39
2009;1;17;17;3.2;-6.6;-13.8;-5.7;-11.1;-16.2;0.2;1.3;0.46;3;1.2;127.37;187;41;92;53;87609;0;0;0.35;0.39
2009;1;18;18;-1.6;-6.7;-13.4;-5.8;-9.9;-16.1;0.5;1.5;0.46;3;1.2;127.81;83;20;52;25;86679;-0.01;2.5;0.35;0.39
2009;1;19;19;1;-4;-11.1;-3.6;-7.1;-13.1;0;1.6;0.47;3;1.2;130.46;112;23;68;32;86056;0.11;1.26;0.35;0.39
2009;1;20;20;-1.4;-2.8;-3.8;-2.6;-4.1;-6.6;0;-0.1;0.5;3;1.2;139.03;61;10;45;15;85655;0.02;12.54;0.35;0.39
2009;1;21;21;-1.9;-3.6;-5.4;-3.5;-4.7;-6.2;0.5;-0.3;0.52;3;1.2;145.27;58;14;29;12;86231;0;4.19;0.35;0.39
2009;1;22;22;0.1;-5.7;-13.4;-3.8;-8.5;-15.7;-0.1;0.9;0.52;3;1.2;147.95;166;39;94;62;86148;0.08;0.27;0.35;0.39
2009;1;23;23;-1.2;-6.4;-13.4;-5;-9.8;-15.8;0.8;1.9;0.52;3;1.2;149.86;63;15;65;33;84654;0.14;5.14;0.35;0.39
2009;1;24;24;-1.6;-5.6;-13;-6.4;-9.1;-15.2;0.1;0.2;0.52;3;1.2;152.8;187;39;83;54;84751;0.16;0.49;0.35;0.39
2009;1;25;25;-2.3;-6.2;-13.8;-6.4;-9.3;-16.1;-0.2;0.6;0.52;3;1.2;153.57;184;40;93;49;85592;0.12;0.47;0.34;0.39
2009;1;26;26;0.9;-8;-15;-7.5;-12.6;-17.4;0.2;1;0.52;3;1.2;153.57;195;44;79;57;85680;0.04;0;0.34;0.39
2009;1;27;27;-3.3;-7.2;-11.9;-5.6;-9.5;-14.7;0.3;0.1;0.51;3;1.2;153.86;123;24;49;20;86458;-0.06;1.14;0.34;0.39
2009;1;28;28;-3.3;-5.7;-8.1;-6.2;-7.3;-9.1;-0.3;-0.3;0.51;3;1.2;155.42;120;29;51;24;86943;-0.01;1.25;0.34;0.39
2009;1;29;29;-2.1;-5.5;-9.2;-5;-6.9;-10.1;-0.9;-0.1;0.51;3;1.2;156.05;170;38;69;44;87145;-0.02;0.13;0.34;0.39
2009;1;30;30;-1.2;-6.3;-9.8;-5.1;-8.1;-10.9;-0.7;0.2;0.51;3;1.2;156.15;194;44;95;57;87312;0;0;0.34;0.39
2009;1;31;31;-5;-9.5;-13.8;-8.4;-11.6;-15.4;-0.7;0.3;0.51;3;1.2;156.27;187;43;92;59;86817;0.01;0.1;0.34;0.39
2009;2;1;32;-3.4;-10.7;-17;-8.8;-14.2;-19.1;-0.4;0.9;0.5;3;1.2;156.35;207;49;87;54;86005;-0.02;0;0.34;0.39
2009;2;2;33;-0.5;-6.2;-12.1;-4.6;-9.4;-15.3;-0.4;1.7;0.5;3;1.2;156.43;121;29;56;32;85801;-0.04;0.07;0.34;0.39
2009;2;3;34;5;-1.9;-7.7;-0.8;-5.5;-9.6;0.1;1.2;0.5;3;1.2;156.56;207;48;89;49;85685;0.02;0.05;0.34;0.39
2009;2;4;35;4.8;-3.7;-10.2;-1.3;-7;-12.1;0.2;1;0.49;3;1.2;156.51;226;54;91;59;85640;0.04;0;0.34;0.39
2009;2;5;36;5.4;-3.4;-9.8;-3.1;-7.5;-12.4;-0.1;1.5;0.49;3;1.2;156.45;213;53;92;58;85715;0.06;0.14;0.34;0.39
2009;2;6;37;4;-2.3;-6.4;0.4;-5.1;-9.1;0;1.3;0.48;3;1.2;156.82;147;35;63;40;85210;0.04;0.55;0.34;0.39
2009;2;7;38;2.8;-1.5;-4.9;-0.4;-3.5;-7.3;0.3;0.2;0.48;3;1.2;158.16;198;44;77;30;84760;0.02;6.05;0.34;0.39
2009;2;8;39;-1.7;-3.4;-6.7;-1.8;-4.2;-7.7;0.7;-0.7;0.51;3;1.2;170.18;71;18;58;19;85779;0.28;12.15;0.34;0.39
2009;2;9;40;0.1;-5.8;-12.6;-6.3;-9.4;-13.8;0.1;0.9;0.52;3;1.2;174.7;202;45;74;41;86434;0.16;1.01;0.34;0.39
2009;2;10;41;3.1;-1.5;-4;-4.2;-5.8;-6.7;1.7;1.3;0.52;3;1.2;175.96;192;50;83;46;85755;0.41;2.21;0.33;0.39
2009;2;11;42;-4.2;-5.8;-7.8;-6.6;-8.2;-10.2;2;-0.3;0.53;3;1.2;181.64;123;28;57;29;86596;0.38;9.71;0.33;0.39
2009;2;12;43;-5.6;-8.2;-11.3;-7.8;-10.6;-13.2;1.2;0;0.53;3;1.2;190.09;97;26;69;34;86825;0.15;7.82;0.33;0.39
2009;2;13;44;-6.8;-10;-13.4;-10;-12.6;-15.5;1.2;0.3;0.54;3;1.2;196.45;141;33;62;30;87065;0.1;5.27;0.33;0.39
2009;2;14;45;-6.2;-9.3;-11.9;-10.1;-11.9;-13.9;0.9;-0.2;0.54;3;1.2;201.81;153;36;45;28;87292;0.05;5.77;0.33;0.39
2009;2;15;46;-6.4;-10.3;-15.1;-12.4;-14.2;-17.7;0.6;0.3;0.54;3;1.2;205.57;224;57;96;59;87801;0.08;0.47;0.33;0.39
2009;2;16;47;-3.4;-8.3;-15.1;-7.3;-11.9;-17.6;1;0.7;0.53;3;1.2;206.16;171;42;33;18;87517;0.07;1.87;0.33;0.39
2009;2;17;48;-2.6;-5;-10.5;-3.8;-6.8;-11.9;1.2;0;0.54;3;1.2;217.93;40;9;66;9;87091;0.08;22.24;0.33;0.39
2009;2;18;49;-8.7;-11.3;-13.9;-12.7;-14.7;-16.2;-0.4;-0.1;0.54;3;1.2;229.57;249;64;95;75;87508;0.14;0.03;0.33;0.39
2009;2;19;50;-7.3;-13.1;-19.6;-13.4;-17.4;-21.8;0.3;0.6;0.54;3;1.2;229.5;246;63;91;68;87660;0;0;0.33;0.39
2009;2;20;51;-4.1;-9.9;-19.3;-6.8;-12.8;-22;0.8;1;0.53;3;1.2;231.02;118;26;56;6;87980;-0.08;4.1;0.33;0.39
2009;2;21;52;-1.5;-4.1;-6.2;-4.2;-5.7;-7.5;0.9;-0.2;0.54;3;1.2;237.31;181;36;43;8;88144;-0.04;7.04;0.33;0.39
2009;2;22;53;-0.6;-2.4;-4.5;-3.4;-4.3;-5.3;1.4;0.2;0.54;3;1.2;245.85;86;22;18;8;87743;0.06;8.11;0.33;0.39
2009;2;23;54;-1.5;-2.5;-3.5;-3.6;-4.4;-5.5;1.8;-0.2;0.53;3;1.2;253.68;146;37;55;21;87169;0.26;12.69;0.33;0.39
2009;2;24;55;-2.6;-3.9;-5.2;-3.7;-4.9;-6.2;0.6;-0.6;0.54;3.1;1.2;270.79;98;22;53;22;87497;0.09;15.31;0.33;0.39
2009;2;25;56;0.7;-3.7;-9;-5.5;-8.3;-10.4;0.1;0.4;0.54;3.1;1.3;276.55;277;74;101;74;88094;0.1;0;0.33;0.38
2009;2;26;57;1.4;-4.1;-11.4;-4;-8.2;-14.3;1.1;0.7;0.53;3.1;1.3;276.71;166;41;67;27;87738;0.06;2.53;0.33;0.38
2009;2;27;58;0.5;-1.3;-2.6;-2.9;-3.5;-3.9;1.5;0.4;0.53;3.1;1.3;283.26;97;24;25;9;87526;0.08;5.85;0.33;0.38
2009;2;28;59;6.6;1.4;-3.7;0.1;-2.6;-5.7;-0.1;0.6;0.52;3.1;1.3;284.67;277;72;87;48;87317;0.05;0.01;0.33;0.38
2009;3;1;60;7;0.3;-6.2;0;-2.9;-7.3;0.2;0.6;0.51;3.1;1.3;284.22;288;73;89;47;86950;0.2;0.98;0.33;0.38
2009;3;2;61;3.3;0.8;-0.7;0.3;-0.5;-1.1;0.4;0.4;0.5;3.1;1.3;285.33;145;35;23;10;87108;0.02;4.74;0.33;0.38
2009;3;3;62;2.2;-0.3;-4;-0.5;-1.4;-5;-0.1;0;0.48;3.1;1.3;284.83;187;45;61;28;86999;0.13;2.4;0.33;0.38
2009;3;4;63;5.1;-1.1;-6.9;-1.8;-4.7;-8.4;-0.5;1.2;0.47;3.1;1.3;284.32;339;91;108;73;85362;0.54;0.08;0.33;0.38
2009;3;5;64;0.8;-1.7;-4.5;-1.6;-3.2;-5.9;0.9;0.3;0.47;3.1;1.3;286.68;132;32;62;28;84324;0.24;7.4;0.33;0.38
2009;3;6;65;-0.4;-1.6;-2.6;-3;-4;-4.9;1.9;0.2;0.49;3.1;1.3;292.8;125;33;42;19;85250;0.52;5.06;0.33;0.38
2009;3;7;66;-2.3;-3.2;-4.9;-4.1;-5.4;-7.5;2;-0.2;0.52;3.2;1.3;300.92;136;34;52;21;86684;0.49;7.48;0.33;0.38
2009;3;8;67;2.7;-2.4;-10;-4.4;-7.2;-12.1;0.7;0.7;0.52;3.2;1.3;303.07;252;70;77;55;86794;0.22;2.09;0.33;0.38
2009;3;9;68;-1.8;-3;-5.2;-3.8;-5.9;-7.7;2.2;0.3;0.53;3.2;1.3;310.89;265;64;82;42;86823;0.47;8.89;0.33;0.38
2009;3;10;69;0.7;-2.6;-5.8;-3.7;-6.3;-8.7;1.3;0.9;0.53;3.2;1.3;316.2;237;55;62;29;87019;0.4;7.39;0.33;0.38
2009;3;11;70;-1.3;-3;-5.7;-3.4;-5;-7.5;1.8;-0.3;0.54;3.2;1.3;330.35;215;55;64;33;87375;0.3;14.62;0.33;0.38
2009;3;12;71;-0.3;-3.2;-7.7;-2.2;-6;-10.2;1.2;0.8;0.53;3.2;1.3;337.18;154;39;61;23;87832;0.13;8.07;0.33;0.38
2009;3;13;72;1.8;0.2;-2.2;-0.2;-1.2;-3;1.2;0.3;0.53;3.2;1.3;346.35;93;25;47;12;87684;0.04;6.53;0.33;0.38
2009;3;14;73;6.4;1;-4.6;-0.6;-3.4;-6;0.5;0.7;0.5;3.2;1.3;347.24;270;79;70;50;87566;0.49;0;0.33;0.38
2009;3;15;74;2.4;0.1;-2.1;0.3;-1.6;-4.8;1.2;0;0.49;3.2;1.3;348.88;217;48;47;18;88045;0.26;10.18;0.33;0.38
2009;3;16;75;3.3;-0.1;-4.2;-1;-2.7;-4.6;-0.2;0;0.48;3.2;1.3;351.27;302;89;81;58;88499;0.55;0.13;0.33;0.38
2009;3;17;76;4.2;-0.1;-6.1;0.2;-2.8;-7.3;0.4;0.2;0.47;3.3;1.3;350.63;327;85;84;56;88524;0.44;0;0.33;0.38
2009;3;18;77;3.3;-0.3;-5.3;-2.2;-4.2;-8.1;0.5;-0.2;0.45;3.3;1.3;350.48;399;108;114;67;88375;0.68;0.11;0.33;0.38
2009;3;19;78;1.1;-4.1;-10.2;-4.7;-7.2;-11.2;0.3;-0.4;0.45;3.3;1.3;351;227;60;81;41;87696;0.94;4.98;0.33;0.38
2009;3;20;79;-3.4;-6.6;-10;-8.1;-10;-12.8;-0.7;-0.9;0.49;3.3;1.3;356.83;330;88;82;60;87889;0.68;3.99;0.33;0.38
2009;3;21;80;-2.5;-6.7;-12.3;-9;-11.2;-15;-0.5;-0.1;0.5;3.3;1.3;357.99;295;88;95;61;87914;0.36;0.27;0.33;0.38
2009;3;22;81;1.9;-5.2;-15.3;-5.4;-10.4;-17.8;1.2;0.4;0.5;3.3;1.3;357.87;370;106;102;59;87848;0.4;0.44;0.33;0.38
2009;3;23;82;3.9;-0.3;-5.5;-2.6;-4.8;-7.5;2.3;0.8;0.49;3.3;1.3;358.55;343;86;84;36;87125;0.48;3.84;0.33;0.38
2009;3;24;83;0;-3;-4.7;-2.1;-5.6;-8.7;2.2;-0.4;0.52;3.4;1.4;375.1;252;74;67;34;86275;0.74;20.66;0.33;0.38
2009;3;25;84;-0.2;-3.3;-7;-4.9;-6.7;-8.8;1.8;0.4;0.53;3.4;1.4;383.76;189;57;49;32;86301;0.63;7.95;0.33;0.38
2009;3;26;85;1.7;-1.3;-3.8;-3.2;-4.4;-5.7;1.6;0.4;0.53;3.4;1.4;394.65;338;76;84;27;86556;0.38;9.87;0.33;0.38
2009;3;27;86;4.3;1;-1.7;-0.4;-2.2;-3.4;0.6;0.6;0.53;3.4;1.4;400.98;268;78;82;37;86364;0.17;3.39;0.33;0.38
2009;3;28;87;7.9;0.9;-5.1;1.4;-2;-6.9;0.2;0.1;0.51;3.4;1.4;400.76;378;100;95;44;86071;0.35;3.91;0.33;0.38
2009;3;29;88;0.6;-0.9;-1.9;-1.2;-1.8;-2.7;-0.3;-0.8;0.5;3.4;1.4;405.89;152;34;20;11;86436;0.38;13.12;0.33;0.38
2009;3;30;89;2.7;-0.5;-4.4;-1.4;-2.6;-5.2;-0.9;-0.6;0.51;3.4;1.4;417.38;238;67;70;32;87187;0.58;4.3;0.33;0.38
2009;3;31;90;5;0;-6.4;1.6;-1.7;-7.4;-0.8;-0.1;0.49;3.5;1.4;417.55;343;106;75;56;87428;0.3;0.03;0.33;0.38
2009;4;1;91;7.9;3.3;-2.4;4.2;0.7;-3.6;-0.7;0.2;0.47;3.5;1.4;414.27;397;123;89;59;87145;0.23;0.41;0.33;0.38
2009;4;2;92;9.1;2.5;-3.5;4.4;-0.5;-5.4;-0.6;1;0.45;3.5;1.4;405.65;369;106;73;50;87211;0.35;0.27;0.34;0.38
2009;4;3;93;10.6;4.2;-2.8;2.9;-0.5;-4.6;0.2;0.6;0.44;3.5;1.4;396.03;423;129;96;64;87566;0.65;0.03;0.35;0.38
2009;4;4;94;8.1;3.6;-1.5;6.5;1.9;-2.3;0;0.4;0.43;3.5;1.4;384.16;384;112;66;38;87773;0.04;9.22;0.36;0.38
2009;4;5;95;9;3.7;-1.8;6.4;2.1;-2.4;0;0.5;0.42;3.5;1.4;369.74;384;111;71;38;87789;0.08;5.1;0.38;0.38
2009;4;6;96;12;4.3;-4.4;5;-0.3;-5.7;0;0.6;0.41;3.5;1.4;356.23;456;138;92;64;87390;0.7;0.24;0.39;0.38
2009;4;7;97;13.1;5.3;-3.4;2.3;-1.6;-5.7;0.1;0.7;0.41;3.6;1.4;343.78;468;148;100;68;87119;0.92;0.28;0.4;0.38
2009;4;8;98;11.6;5.3;-2.9;5.2;0.7;-4.4;0.2;0.4;0.41;3.6;1.4;330.94;471;143;85;60;87455;0.55;0.49;0.4;0.38
2009;4;9;99;11.1;5.2;-1.4;4.2;1.1;-2.9;-0.5;0.6;0.4;3.6;1.4;315.59;466;150;89;57;87492;0.72;0;0.41;0.38
2009;4;10;100;12.2;4.6;-2.8;2.3;-1.1;-5.1;-0.3;1.4;0.4;3.6;1.4;300.19;498;162;106;76;86990;1.02;0;0.42;0.39
2009;4;11;101;12.2;4.4;-4;1.9;-1.9;-5.6;-0.4;1.2;0.4;3.6;1.4;286.73;502;169;108;80;86853;1.11;0;0.42;0.39
2009;4;12;102;12.1;5.6;-3.2;1.8;-1.5;-5.7;-0.3;0.6;0.4;3.6;1.4;273.2;506;166;106;76;86851;1.08;0;0.42;0.39
2009;4;13;103;11.4;4.7;-3.6;3.4;-0.5;-5.4;-0.1;0.5;0.39;3.6;1.4;258.94;488;159;99;71;86719;0.96;0.22;0.43;0.4
2009;4;14;104;11.1;4.7;-3.6;2.5;-1.2;-5.4;-0.1;0.6;0.39;3.7;1.5;244.36;486;163;97;73;86809;1;0.36;0.43;0.4
2009;4;15;105;13.8;5.1;-4.1;4;-1.3;-5.9;-0.4;1.1;0.39;3.7;1.5;229.36;507;167;108;72;86885;1.05;0.15;0.43;0.4
2009;4;16;106;12.1;4.5;-1.9;2.8;0.5;-4;0.2;1;0.39;3.7;1.5;213.56;413;147;88;53;86640;0.88;3.91;0.43;0.41
2009;4;17;107;6.7;2.8;-0.3;1.1;-0.5;-3.2;1.5;0.5;0.4;3.7;1.5;200.59;404;113;76;43;86712;0.84;3.2;0.43;0.41
2009;4;18;108;7.2;3.3;-3.2;2.1;-1.3;-5.1;0.5;0.3;0.4;3.7;1.5;191.02;449;138;83;62;87061;1;0.71;0.43;0.42
2009;4;19;109;10.2;5.2;-2.1;2.5;0.6;-4.2;-0.8;-0.1;0.39;3.7;1.5;179.69;524;147;96;59;87466;0.89;0.17;0.43;0.42
2009;4;20;110;11;6.4;-1;3.6;1.6;-2.7;-0.5;-0.1;0.38;3.8;1.5;164.21;513;166;95;62;87586;0.92;0.23;0.43;0.42
2009;4;21;111;11.2;6.8;-0.5;5.8;2.5;-2.9;-0.4;-0.2;0.38;3.8;1.5;147.38;488;144;95;54;87657;0.49;1.99;0.43;0.42
2009;4;22;112;9.5;4.7;-2.5;3.5;0.8;-3.7;0.8;0;0.37;3.8;1.5;132.93;407;140;82;48;87725;0.72;4.98;0.43;0.43
2009;4;23;113;4.2;1.4;-3.7;2.1;0.2;-4;0.6;-0.3;0.37;3.8;1.5;122.43;416;121;71;40;87658;0.77;10.66;0.43;0.43
2009;4;24;114;9.5;2.1;-6.2;0.3;-3;-6.9;-0.9;0.5;0.37;3.8;1.5;116.17;545;173;109;76;87461;1.61;0.02;0.42;0.43
2009;4;25;115;13.2;5.5;-3.9;2;-1.8;-6.3;-0.6;1;0.35;3.8;1.5;106.85;572;193;108;81;87332;1.68;0;0.42;0.43
2009;4;26;116;12.8;5.6;-2.5;2.5;0.1;-4.4;-0.3;1.7;0.34;3.9;1.5;95.53;553;175;100;69;86909;1.57;0;0.42;0.43
2009;4;27;117;14.4;7.1;-0.5;4.9;1.9;-2.8;-0.4;0.8;0.32;3.9;1.5;84.54;456;140;71;52;86497;1.23;0.71;0.42;0.43
2009;4;28;118;9.9;4.7;1.8;5.1;2.8;0.3;0.5;-0.2;0.31;3.9;1.5;74.31;399;104;70;23;86333;0.67;6.6;0.41;0.43
2009;4;29;119;3.7;1.6;0.2;1.8;0.6;-0.5;1;-0.1;0.35;3.9;1.6;71.31;235;58;31;14;86727;0.92;12.29;0.42;0.43
2009;4;30;120;4.9;2.8;0.3;3.9;1.8;-0.1;0.4;-0.1;0.36;3.9;1.6;69.73;216;66;41;18;87419;0.67;5.16;0.42;0.43
2009;5;1;121;10.3;5.5;0.6;7.6;3.1;-0.8;-0.1;0;0.34;3.9;1.6;62.97;493;150;71;41;87820;1.06;7.95;0.42;0.43
2009;5;2;122;9.6;5.6;1.6;7.5;4.3;0.9;0.7;0.1;0.32;4;1.6;54.08;417;115;60;28;88239;1.17;16.68;0.42;0.43
2009;5;3;123;11;6.3;-1.4;6.1;2.3;-2;0.2;0.2;0.3;4;1.6;45.47;538;185;85;58;88078;1.71;3.98;0.41;0.43
2009;5;4;124;5.7;3.5;1.1;4.3;2.7;0.1;0.6;-0.2;0.29;4;1.6;39.15;288;83;36;18;87912;1.12;17.85;0.42;0.43
2009;5;5;125;5.9;3;-1.2;0.8;-0.1;-1.4;1.3;0;0.28;4;1.6;35.38;385;109;46;26;87962;1.48;1.7;0.41;0.43
2009;5;6;126;10.8;6.4;2.4;4.8;2.6;0.3;2;0.4;0.26;4;1.6;30.26;466;120;73;30;87831;1.85;3.84;0.41;0.43
2009;5;7;127;14.9;9.5;0.7;5.3;2;-0.9;0.4;0.2;0.25;4;1.6;22.62;680;239;116;83;87798;2.58;0;0.41;0.43
2009;5;8;128;16.3;9.5;-0.3;9.4;4;-1.6;0.6;0.7;0.23;4.1;1.6;14.59;567;192;86;51;87712;2.42;3.61;0.4;0.43
2009;5;9;129;18.4;11.6;4.2;11;7;3.3;-0.4;0.4;0.18;4.1;1.6;7.46;711;222;101;59;87824;3.09;1.21;0.4;0.43
2009;5;10;130;17.1;11.4;6.2;11;8.2;4.2;-0.4;0.3;0.14;4.1;1.6;3.27;650;197;99;54;87772;2.64;5.03;0.4;0.43
2009;5;11;131;17.9;10.9;4.9;10.6;7.6;3.9;0.1;0.6;0.13;4.1;1.6;1.45;709;209;111;63;87587;2.94;6.12;0.39;0.43
2009;5;12;132;16.3;10;3.5;10.9;7.8;2.6;-0.3;0.4;0.12;4.1;1.6;0.64;607;173;81;48;87631;2.51;4.2;0.39;0.43
2009;5;13;133;15.9;10.5;5.2;11.5;8.6;4.9;0.1;0.4;0.12;4.1;1.7;0.27;550;173;76;44;87519;2.71;12.11;0.39;0.43
2009;5;14;134;16.5;10.6;5.6;10.9;8.5;5.4;0;0.6;0.12;4.2;1.7;0.11;584;163;91;46;86992;2.73;8.32;0.39;0.43
2009;5;15;135;16.7;10.2;4.6;10.6;7.1;3.5;0.3;0.1;0.12;4.2;1.7;0.05;596;188;81;49;86825;3.34;12.01;0.39;0.43
2009;5;16;136;12.2;8.8;5.2;7.3;6.2;4.8;-0.1;-0.4;0.12;4.2;1.7;0;437;127;73;29;87483;2.42;4;0.39;0.42
2009;5;17;137;20.4;12.8;2.8;10.8;6.4;2.6;0.2;0.5;0.12;4.2;1.7;0;760;266;119;78;87539;4.31;0.25;0.39;0.42
2009;5;18;138;12.1;9.8;8.1;10.3;8.6;6.7;0.3;-0.6;0.12;4.2;1.7;0;330;82;40;9;87899;2.03;13.48;0.39;0.42
2009;5;19;139;15.1;10.8;6.3;10.3;8.2;6.2;-0.5;0;0.12;4.2;1.7;0;587;177;70;44;88064;2.99;2.52;0.39;0.42
2009;5;20;140;19.1;12.3;3.5;10.2;5.7;3.3;-0.4;0.3;0.12;4.2;1.7;0;815;278;128;78;88099;4.61;0;0.38;0.42
2009;5;21;141;18.6;13.1;4.9;12.5;9.1;3.6;0;0.5;0.12;4.2;1.7;0;581;204;89;64;87726;3.17;1.38;0.37;0.42
2009;5;22;142;17.5;12.5;8.9;11.7;10.4;8;0.8;0.3;0.12;4.2;1.7;0;615;166;84;48;87690;2.94;8.81;0.37;0.42
2009;5;23;143;19.8;14.2;8.4;12.8;10.3;8;-0.4;-0.2;0.12;4.3;1.7;0;761;271;110;74;87920;4.2;0.16;0.37;0.42
2009;5;24;144;22.4;16.4;7.8;14.1;10.6;6.7;0.9;0.7;0.12;4.3;1.7;0;750;254;104;71;88059;4.49;0.7;0.37;0.42
2009;5;25;145;23.7;16.8;7.9;15.8;10.6;6.4;-0.2;0.5;0.12;4.3;1.7;0;743;261;117;80;87927;4.57;1.06;0.36;0.42
2009;5;26;146;20.4;13.9;7.8;13.1;10.1;5.8;0.6;0.2;0.12;4.3;1.7;0;678;234;126;62;87542;4.16;20.81;0.36;0.42
2009;5;27;147;10.1;7.8;5;7.8;3.5;0.1;0.7;-0.6;0.12;4.3;1.7;0;451;131;58;29;88252;3.09;17.56;0.38;0.42
2009;5;28;148;10.6;8.1;5.5;6.9;4.2;2;1.7;-0.3;0.12;4.3;1.7;0;368;114;59;31;88508;1.94;6;0.38;0.42
2009;5;29;149;10.2;6.8;3.7;6.2;1.5;-3.3;0.5;-1;0.12;4.3;1.7;0;805;259;130;65;88418;4.02;3.64;0.38;0.42
2009;5;30;150;11.6;7.7;3.7;4.7;2.7;0.5;-0.8;-0.7;0.12;4.3;1.7;0;637;237;92;63;87959;3.2;0.44;0.37;0.42
2009;5;31;151;11.8;8.1;4.3;5.1;4;2.8;-1;-0.8;0.12;4.3;1.7;0;697;248;109;73;87758;3.25;1.13;0.37;0.42
2009;6;1;152;12.4;8.9;4.1;7.5;5.2;2.7;-0.5;-0.2;0.12;4.3;1.7;0;500;184;79;59;87629;2.61;1.39;0.36;0.41
2009;6;2;153;13.1;9;3.9;7.5;5.3;3.1;0.5;0;0.12;4.3;1.7;0;587;206;89;60;87585;3.13;3.08;0.36;0.41
2009;6;3;154;13.2;9.7;5.8;9.9;6.1;3.4;1.2;-0.4;0.12;4.4;1.8;0;640;217;83;54;87406;3.58;3.63;0.36;0.41
2009;6;4;155;11.4;8;5.3;4.2;3.2;2.2;1;-0.9;0.12;4.4;1.8;0;570;163;92;46;87190;2.99;1.97;0.36;0.41
2009;6;5;156;15;10.3;4.7;7.5;4.9;2.3;0;-0.5;0.12;4.4;1.8;0;709;259;103;76;86826;3.52;1.12;0.35;0.41
2009;6;6;157;13.4;9.1;5.8;10;7.6;4.7;0.4;0.5;0.12;4.4;1.8;0;425;126;59;38;86199;2.74;19.45;0.35;0.41
2009;6;7;158;14.9;9.5;3.8;8.2;6.2;3.2;0.3;0.4;0.12;4.4;1.8;0;630;206;90;55;86725;3.42;9.74;0.37;0.41
2009;6;8;159;15.2;10.3;7;10.1;7.9;6;-0.6;0.2;0.12;4.4;1.8;0;682;170;79;40;87095;3.15;6.34;0.37;0.41
2009;6;9;160;13.4;10.2;6.5;9.9;7.9;5.6;0.4;0.3;0.12;4.4;1.8;0;509;176;70;41;87262;3.35;10.5;0.37;0.41
2009;6;10;161;14.7;10.8;7.5;10.1;7.7;6.4;-0.2;0.4;0.12;4.4;1.8;0;598;185;96;51;87652;3.1;3.52;0.38;0.41
2009;6;11;162;12.8;9.6;6.1;9.7;5.9;3.4;1.7;0.4;0.12;4.4;1.8;0;555;201;80;55;87647;3.46;6.58;0.38;0.41
2009;6;12;163;13.6;9.7;5.7;6.2;4.1;2.3;1.8;-0.4;0.12;4.4;1.8;0;641;232;89;54;88007;3.99;1.87;0.37;0.41
2009;6;13;164;15.8;12.1;8.2;8.4;6.7;5.4;0.7;-0.4;0.12;4.4;1.8;0;548;215;96;58;88098;3.5;0.44;0.37;0.41
2009;6;14;165;22.7;16.1;5.6;11.4;8.3;4.3;0.7;0.2;0.12;4.4;1.8;0;792;275;122;77;88097;5;0;0.36;0.41
2009;6;15;166;19.4;15.6;11.7;16.3;13.3;9.1;0.2;0.1;0.12;4.5;1.8;0;485;143;77;38;87827;2.76;28.09;0.36;0.41
2009;6;16;167;13.5;11.8;9.1;11.8;9.8;7.8;1.2;-0.1;0.12;4.5;1.8;0;325;114;73;34;88114;2.97;10.47;0.38;0.41
2009;6;17;168;18.7;13.3;7.1;12.3;9.1;7;-0.5;0;0.12;4.5;1.8;0;818;286;123;79;88199;4.36;0;0.38;0.41
2009;6;18;169;20.6;15.7;7.8;15.3;10.8;6.5;0.8;0.4;0.12;4.5;1.8;0;597;228;102;63;88048;4.02;0.06;0.37;0.41
2009;6;19;170;15.3;12.2;8;14.3;11.4;7.6;0.4;-0.3;0.12;4.5;1.8;0;338;88;42;19;87839;2.56;28.13;0.38;0.41
2009;6;20;171;11.6;8.8;6.5;9.1;6.2;4.3;0.3;-0.7;0.12;4.5;1.8;0;591;194;86;46;87859;3.47;6.9;0.39;0.41
2009;6;21;172;10.6;7.5;4;7.8;5.4;3.2;0.6;-0.2;0.12;4.5;1.8;0;574;194;68;49;87818;3.7;9.92;0.39;0.41
2009;6;22;173;7.6;5.3;3.5;6.1;4.7;3;0.8;-0.1;0.12;4.5;1.8;0.04;299;85;46;19;87810;2.06;24.81;0.41;0.41
2009;6;23;174;7;5.9;4.3;6.9;5.8;4.2;1.2;-0.3;0.12;4.5;1.8;0.04;99;30;8;3;87731;1.16;43.6;0.43;0.41
2009;6;24;175;10.2;8.9;6.8;9.5;8.4;6.3;0.7;-0.1;0.12;4.5;1.8;0;128;33;7;2;87491;0.77;11.22;0.43;0.42
2009;6;25;176;15.2;11.7;8.1;13;10.3;7.9;0.2;-0.2;0.12;4.5;1.8;0;498;136;57;29;87186;2.39;6.73;0.42;0.42
2009;6;26;177;16.1;12;6.7;12.7;10.2;6.4;0.5;0.2;0.12;4.5;1.8;0;568;181;79;48;87172;3.13;9.28;0.42;0.42
2009;6;27;178;14.3;11.7;9.2;13.3;10.9;8.8;0.7;0.2;0.12;4.5;1.8;0;259;102;55;25;87364;2.38;14.88;0.42;0.42
2009;6;28;179;17.4;13.5;9;13.4;11.6;8.8;0.1;-0.3;0.12;4.5;1.8;0;552;178;69;40;87574;2.79;1.68;0.42;0.42
2009;6;29;180;17.8;13.9;8.2;14.3;11.9;8.1;0;-0.1;0.12;4.5;1.8;0;560;202;67;48;87800;3.62;8.25;0.42;0.42
2009;6;30;181;19.2;14.4;8;15;11.8;7.8;0;0;0.12;4.5;1.9;0;631;224;82;58;87999;3.45;4.47;0.41;0.42
2009;7;1;182;19.5;14.4;8.4;14.4;11.9;8.3;0.1;0.1;0.12;4.6;1.9;0;620;224;90;51;88061;3.88;4.78;0.41;0.42
2009;7;2;183;20.4;14.9;8.2;15.1;11.8;8;0.1;0.2;0.12;4.6;1.9;0;727;228;92;52;87845;3.98;4.6;0.41;0.42
2009;7;3;184;19.3;15;11.3;14.4;11.9;9.5;0.7;0.3;0.12;4.6;1.9;0;647;208;82;55;87629;3.88;7.72;0.41;0.42
2009;7;4;185;18.6;14.8;10.1;14.2;12.2;9.2;0.5;0;0.12;4.6;1.9;0;589;210;76;55;87475;3.95;9.83;0.4;0.42
2009;7;5;186;18.6;14.7;10;14.8;12.4;8.9;0.3;0;0.12;4.6;1.9;0;557;207;83;55;87300;3.58;7.47;0.41;0.42
2009;7;6;187;17.3;13;9.8;13.2;11.7;9.4;0.6;0.4;0.12;4.6;1.9;0;538;127;78;39;87221;2.62;11.96;0.41;0.42
2009;7;7;188;14.4;10.8;8.3;11.6;9.7;6.6;0.6;0.2;0.11;4.6;1.9;0;387;120;59;36;87133;2.81;17.58;0.41;0.42
2009;7;8;189;13.7;9.8;5.2;6.8;5.4;3.8;2;0.2;0.11;4.6;1.9;0;717;248;87;68;87328;4.16;1.72;0.42;0.42
2009;7;9;190;13.7;10.2;6.1;7.8;6.2;4.2;1.1;0;0.11;4.6;1.9;0;640;223;84;62;87551;3.57;2.51;0.41;0.42
2009;7;10;191;12.5;9.4;6.8;7.3;5.5;3.4;1.5;-0.2;0.11;4.6;1.9;0;626;220;79;55;87593;3.53;2.69;0.41;0.42
2009;7;11;192;13;10;6.9;8.9;6.6;4.5;0.6;0;0.11;4.6;1.9;0;550;201;91;51;87728;3.34;3.42;0.4;0.42
2009;7;12;193;16.9;12.2;5.9;11;8;4.2;0.2;0.8;0.11;4.6;1.9;0;364;131;67;40;87638;2.29;0.92;0.4;0.42
2009;7;13;194;21.6;16.3;10;16;12.7;8.7;0;0.4;0.11;4.6;1.9;0;684;222;88;54;87657;3.77;0.66;0.39;0.42
2009;7;14;195;20.4;16.5;11.3;16.6;14.1;10.1;-0.2;0.6;0.11;4.6;1.9;0;597;189;75;52;87703;3.18;7.07;0.39;0.42
2009;7;15;196;18.7;15.7;11.9;16.1;13.8;10.5;-0.1;0.3;0.11;4.6;1.9;0;367;158;71;47;88058;2.76;7.13;0.39;0.42
2009;7;16;197;21.9;16.4;10.3;16.6;13.9;10.2;-0.2;0.2;0.11;4.6;1.9;0;690;222;87;52;88245;3.75;2.06;0.39;0.42
2009;7;17;198;17.9;14.3;8.5;14.2;12.3;7.8;0.6;-0.1;0.11;4.6;1.9;0;443;154;73;42;87421;3.31;20.14;0.38;0.42
2009;7;18;199;9.2;7;5;8.3;6.3;4.6;1.6;0.7;0.11;4.6;1.9;0;258;64;48;18;87430;3.04;20.18;0.4;0.42
2009;7;19;200;14.2;9.7;4.3;8.1;5.6;2.6;1;0.4;0.11;4.6;1.9;0;588;168;90;56;87865;3.04;0.36;0.4;0.42
2009;7;20;201;16.5;12.4;7.6;9.7;8;6.3;0.6;0.3;0.11;4.6;1.9;0;622;204;85;57;88027;3.27;0.75;0.4;0.42
2009;7;21;202;23;15.7;6.7;15.8;10.4;5.7;0.2;0.9;0.11;4.6;1.9;0;763;253;106;73;87838;4.57;0.5;0.39;0.42
2009;7;22;203;23.5;17.2;9.3;17;12.4;7.7;0;1.2;0.11;4.6;1.9;0;689;248;98;73;87557;4.49;1.18;0.39;0.42
2009;7;23;204;26.6;17.6;12.4;16.9;13.8;10.6;0.1;0.9;0.11;4.6;1.9;0;776;243;112;61;87302;4.66;22.48;0.38;0.42
2009;7;24;205;18.2;14.1;10.9;13.9;11.7;9.3;0.5;0.2;0.11;4.6;1.9;0;496;129;63;35;87789;3;21.41;0.39;0.42
2009;7;25;206;13.9;11.2;7.9;8.8;7.1;5.3;1.6;-0.2;0.11;4.6;1.9;0;620;217;91;64;88242;3.96;1.53;0.4;0.42
2009;7;26;207;18.2;13;7.2;10.8;7.7;5.7;-0.2;-0.2;0.11;4.6;1.9;0;773;279;119;88;88184;4.32;0;0.4;0.42
2009;7;27;208;23.7;16.6;6.8;15.7;10.5;5.5;0.1;0.3;0.11;4.6;1.9;0;793;279;123;84;87747;5.02;2.08;0.39;0.42
2009;7;28;209;14.8;13.2;11.7;12.4;11.1;10.2;0.2;-0.5;0.11;4.6;1.9;0;331;95;73;28;88096;2.29;14.26;0.4;0.42
2009;7;29;210;22.8;16.4;8.3;14.9;11.8;7.6;-0.3;0.2;0.11;4.6;1.9;0;782;284;117;82;88009;4.65;0.09;0.39;0.41
2009;7;30;211;17.8;14.8;11.1;13.3;11.7;9.8;0.8;-0.1;0.11;4.6;1.9;0;539;147;66;40;88144;2.72;2.39;0.39;0.41
2009;7;31;212;17;13.8;11.5;13.3;11.5;9.5;-0.9;-0.7;0.11;4.5;1.9;0;423;104;53;19;88112;2.11;1.24;0.38;0.41
2009;8;1;213;21.3;16.3;10.5;16.3;13.6;10.3;-0.2;0.4;0.11;4.5;1.9;0;611;221;86;55;87673;3.68;2.85;0.38;0.41
2009;8;2;214;19.3;14;10.1;14.2;12;9.4;0.5;0.3;0.11;4.5;1.9;0;585;155;80;48;87459;2.95;23.25;0.38;0.41
2009;8;3;215;13.2;11.5;10.4;11.9;10.8;9.5;0.1;-0.7;0.11;4.5;1.9;0;265;69;48;19;87557;1.89;28.52;0.39;0.41
2009;8;4;216;13.5;11.3;9.2;10.3;8.9;7.8;0.2;-0.2;0.11;4.5;1.8;0;417;108;37;21;87971;2.36;6.95;0.41;0.41
2009;8;5;217;19;14.5;10.6;12.1;9.8;7.6;-1.1;-0.4;0.11;4.5;1.8;0;636;218;87;64;88042;3.51;0;0.41;0.41
2009;8;6;218;20.6;15;7.8;13.3;11.4;7.8;-0.8;-0.1;0.11;4.5;1.8;0;683;242;100;74;87954;3.72;0;0.4;0.41
2009;8;7;219;20.6;15.7;8.3;14.2;11.7;7.7;0.1;0;0.11;4.5;1.8;0;678;224;101;74;87832;3.62;0.57;0.4;0.41
2009;8;8;220;18.7;14.9;10;14.3;11.5;8.9;0.3;0.1;0.11;4.5;1.8;0;503;162;74;49;87786;2.78;3.09;0.39;0.41
2009;8;9;221;19.1;15.1;11.7;15;13.1;11.7;0;0;0.11;4.5;1.8;0;606;164;73;41;87730;3.04;6.13;0.39;0.41
2009;8;10;222;16.6;13.4;9.9;14.4;12.2;9.4;0.5;0.6;0.11;4.5;1.8;0;331;107;67;38;87742;2.39;10.49;0.39;0.41
2009;8;11;223;17.3;14;10.4;11.7;10.6;9.9;1.1;0;0.11;4.5;1.8;0;571;184;82;53;88034;3.26;1.33;0.39;0.41
2009;8;12;224;17.5;14.2;10.4;11.5;10.6;9.3;0.9;-0.1;0.11;4.5;1.8;0;567;175;82;55;88074;2.95;0.9;0.39;0.41
2009;8;13;225;18.1;13.8;9;13;10.6;8;0.8;0.1;0.11;4.5;1.8;0;496;169;69;53;87796;2.86;5.57;0.39;0.41
2009;8;14;226;17.3;14.1;10.7;13.2;11.9;10.5;0.4;-0.2;0.11;4.5;1.8;0;498;168;78;49;87860;2.63;4.57;0.39;0.41
2009;8;15;227;22.1;15.9;8.3;16.7;11.9;7.4;0.1;0.4;0.11;4.5;1.8;0;730;233;109;75;88008;3.88;0.01;0.38;0.41
2009;8;16;228;22.4;16.8;9.8;15.4;11.4;9;0.6;0.6;0.11;4.5;1.8;0;655;232;103;75;88009;4.38;0.02;0.38;0.41
2009;8;17;229;22.1;16.9;10.5;15.8;11.6;8.7;0.6;0.6;0.11;4.4;1.8;0;657;213;99;69;87907;3.86;0.38;0.37;0.41
2009;8;18;230;19.8;16.6;13.1;14.8;12.7;10.7;0.4;-0.2;0.11;4.4;1.8;0;521;185;92;61;88165;3.13;1.42;0.37;0.41
2009;8;19;231;23.7;17.5;9.4;18.1;13.2;8.3;0;0.4;0.11;4.4;1.8;0;666;228;104;79;88334;3.92;0.02;0.36;0.41
2009;8;20;232;25.6;18.7;10.8;16.6;12.5;9.7;0;0.6;0.11;4.4;1.8;0;691;238;118;82;88295;4.47;0;0.36;0.41
2009;8;21;233;19.9;16.4;12.1;15.3;13.2;10.6;0.4;0.2;0.11;4.4;1.8;0;578;164;82;56;88190;2.84;2.69;0.35;0.41
2009;8;22;234;13.7;12.5;10.1;13.2;12;9.1;0;-0.6;0.11;4.4;1.8;0;151;40;46;17;88232;1.21;13.17;0.36;0.41
2009;8;23;235;18.5;12.9;8.4;10.5;9.3;8.3;-1.2;-0.1;0.11;4.4;1.8;0;702;222;116;71;88012;3.68;0;0.36;0.41
2009;8;24;236;22.4;15.8;7.8;16.8;11.6;6.6;0;0.6;0.11;4.4;1.8;0;683;219;109;76;87487;3.65;0.03;0.36;0.41
2009;8;25;237;20.1;15.4;9.8;15.3;12.7;8.7;0.4;0.4;0.11;4.4;1.8;0;513;174;81;51;87531;2.99;16.6;0.35;0.41
2009;8;26;238;19.6;15;11.4;15.5;13.6;11.1;-0.1;0.4;0.11;4.4;1.8;0;464;126;62;43;87834;2.39;5.7;0.37;0.41
2009;8;27;239;20.5;15.4;10.1;16.1;13;9.2;0.2;0.5;0.11;4.4;1.8;0;583;185;84;60;87989;2.93;0.88;0.36;0.41
2009;8;28;240;20.2;15.6;10.7;15;13.2;9.8;0.6;0.2;0.11;4.4;1.8;0;463;150;68;43;87752;2.86;8.35;0.36;0.41
2009;8;29;241;12.8;10.2;7.3;12.7;8.7;5.9;0.7;-0.4;0.11;4.3;1.8;0;289;78;72;31;87960;2.49;11.69;0.37;0.41
2009;8;30;242;15.9;10.7;4;8.4;6.2;3.9;-0.2;0;0.1;4.3;1.8;0;710;225;123;83;88060;3.34;0;0.37;0.41
2009;8;31;243;20.5;13.7;6.1;13.5;9.5;5;-0.4;0.3;0.1;4.3;1.8;0;702;228;119;86;87948;3.45;0;0.37;0.41
2009;9;1;244;22.9;16.3;8.4;15.6;11.2;7.1;0.1;0.6;0.1;4.3;1.8;0;670;207;105;67;87800;3.69;2.78;0.36;0.4
2009;9;2;245;18.8;15.4;13;14.5;13.5;11.9;-0.1;0;0.1;4.3;1.7;0;555;148;76;44;87696;2.54;5.64;0.36;0.4
2009;9;3;246;20.1;14.1;10.9;13.6;11.5;9.8;0.8;0.1;0.1;4.3;1.7;0;549;154;81;41;87126;3.18;8.93;0.36;0.4
2009;9;4;247;15.7;11.1;6.2;10.7;9;4.5;0.9;0.1;0.1;4.3;1.7;0;481;93;68;27;87169;3.33;16.67;0.37;0.4
2009;9;5;248;10.6;7.6;4.7;4.1;1.9;0.3;1.6;-0.2;0.1;4.3;1.7;0;491;168;96;68;88058;3.04;0.1;0.38;0.4
2009;9;6;249;12.3;8.9;5.9;5.9;3.3;2.3;0.2;-0.2;0.1;4.3;1.7;0;531;182;101;75;88344;2.47;0.01;0.37;0.4
2009;9;7;250;17.4;10.8;3.2;9.3;5.5;2.3;0.1;0.3;0.1;4.3;1.7;0;686;208;128;88;88282;3.14;0;0.37;0.4
2009;9;8;251;18.2;11.6;4.3;9.3;6.2;2.6;-0.4;0.2;0.1;4.3;1.7;0;676;214;127;95;88305;3.32;0;0.36;0.4
2009;9;9;252;16.3;11.2;4.6;9.8;7.2;3.6;-0.2;-0.1;0.1;4.3;1.7;0;653;203;120;85;88188;2.72;0;0.36;0.4
2009;9;10;253;15.7;11.2;6.7;11.1;8.5;5.8;-0.1;0.2;0.1;4.2;1.7;0;488;148;75;54;88384;2.15;2.33;0.36;0.4
2009;9;11;254;13.3;10.2;8.2;12.1;9.3;7.7;-0.3;-0.4;0.1;4.2;1.7;0;337;102;60;33;88376;2.06;7.8;0.36;0.4
2009;9;12;255;12.5;9.7;7.3;10.2;8.7;7.1;-0.8;-0.6;0.1;4.2;1.7;0;353;93;50;25;88016;1.79;3.46;0.36;0.4
2009;9;13;256;12.3;9.3;6.4;10.4;8.3;6.2;0.3;-0.5;0.1;4.2;1.7;0;382;112;57;30;87653;2.22;10.63;0.36;0.4
2009;9;14;257;7.9;6.4;4.7;6.7;5.5;3.8;-0.4;-0.4;0.1;4.2;1.7;0;256;82;67;31;87264;2.15;7.23;0.37;0.4
2009;9;15;258;16;10;4.3;9.3;6.3;2.8;-0.5;0;0.1;4.2;1.7;0;627;179;107;71;87319;2.53;0.01;0.37;0.4
2009;9;16;259;15.3;10.7;5.1;12.6;8.6;3.6;-0.4;0.6;0.1;4.2;1.7;0;362;96;64;43;87122;1.29;3.17;0.37;0.4
2009;9;17;260;12.2;10.2;8.5;11.6;9.9;8.4;0.3;0.3;0.1;4.2;1.7;0;153;44;38;16;87339;0.99;8.97;0.37;0.4
2009;9;18;261;17.4;11.9;7.5;12.2;10;7.4;-0.5;0.2;0.1;4.1;1.7;0;489;129;67;39;87573;2.16;0.43;0.37;0.4
2009;9;19;262;17.1;11.6;7.1;12.4;9.6;6.1;0;0.4;0.1;4.1;1.7;0;508;136;79;52;87592;1.95;2.26;0.37;0.4
2009;9;20;263;14.8;11.2;7.1;12.3;10;6.5;0;0.2;0.1;4.1;1.7;0;417;110;79;36;87853;1.74;3.4;0.37;0.4
2009;9;21;264;16.4;12.8;9.2;11.7;10.3;8.4;-0.3;0;0.1;4.1;1.6;0;438;122;71;43;88161;1.87;0.61;0.37;0.4
2009;9;22;265;17.6;12.6;6;11.4;9.6;5.8;-0.1;0.1;0.1;4.1;1.6;0;561;150;98;60;88431;2.07;0;0.37;0.4
2009;9;23;266;17.1;12.8;6.3;11.7;9.7;6.2;0.1;0.1;0.1;4;1.6;0;460;132;84;52;88482;1.84;0.09;0.37;0.4
2009;9;24;267;16.4;12.7;8.9;11.4;9.9;8.2;-0.2;-0.4;0.09;4;1.6;0;384;112;70;38;88178;1.61;0.34;0.36;0.4
2009;9;25;268;13.9;11.4;9.7;10.5;9.5;9.1;-0.9;-0.8;0.09;4;1.6;0;340;84;52;23;88159;1.36;0.85;0.36;0.4
2009;9;26;269;14.9;11.2;7;9.8;9.3;6.9;-0.7;-0.3;0.09;4;1.6;0;406;112;69;44;88229;1.68;1.73;0.36;0.4
2009;9;27;270;15.5;10;5.5;11.6;8.5;5.2;0.3;0.5;0.09;4;1.6;0;440;118;82;49;88323;1.73;2.92;0.36;0.4
2009;9;28;271;14.9;10.4;5.8;10.4;8.1;5.6;0.4;0.4;0.09;4;1.6;0;446;117;84;50;88240;1.85;0.89;0.36;0.4
2009;9;29;272;15.6;10.9;6.4;8.3;7.1;5.4;0.8;0.1;0.09;3.9;1.6;0;517;152;105;72;87970;2.1;0.01;0.36;0.4
2009;9;30;273;15.6;11;7;9.8;8.3;6.1;0;-0.2;0.09;3.9;1.6;0;486;145;98;70;87711;1.65;0.02;0.35;0.4
2009;10;1;274;13.4;9.2;4.8;8.9;6.9;4.6;1.1;0;0.09;3.9;1.6;0;419;108;79;45;87430;1.42;1.4;0.35;0.4
2009;10;2;275;10.4;7.7;6.2;8.6;6.3;4.5;0.7;-0.4;0.09;3.9;1.6;0;379;101;56;30;87546;2.12;6.65;0.35;0.4
2009;10;3;276;13.4;8.6;4.3;6.7;5;3.6;0.4;0.2;0.09;3.9;1.6;0;548;155;113;70;87513;2.15;0.03;0.35;0.4
2009;10;4;277;14.2;9;4.1;6.8;5;2.2;0.8;0.1;0.09;3.8;1.5;0;550;157;114;83;87473;1.86;0;0.35;0.4
2009;10;5;278;16.5;10.3;3;10.4;7.2;2.9;-0.1;0.5;0.09;3.8;1.5;0;500;119;101;45;87669;1.51;0.23;0.35;0.4
2009;10;6;279;19.5;13.5;7.9;14.3;9.8;5.6;0.3;0.9;0.09;3.8;1.5;0;481;123;86;48;87823;1.82;0.97;0.35;0.4
2009;10;7;280;19.4;13.9;9.7;13.6;10.4;8.1;-0.1;0.9;0.09;3.8;1.5;0;496;132;99;61;87821;2.05;0;0.34;0.4
2009;10;8;281;16.2;11.8;9;12.8;9.8;7.2;0.3;0.7;0.09;3.8;1.5;0;370;72;68;31;87630;1.27;10.4;0.34;0.4
2009;10;9;282;12.6;11;8.8;11;10.4;8.7;-0.3;-0.3;0.09;3.7;1.5;0;184;41;39;14;87683;1.03;10.11;0.36;0.39
2009;10;10;283;12.7;8.9;5.7;9.8;7.9;4.9;1;0.4;0.09;3.7;1.5;0;283;68;62;35;87449;1.68;9.39;0.36;0.39
2009;10;11;284;10.1;7.4;5.1;6.4;4.2;2;1.6;0;0.09;3.7;1.5;0;325;91;68;40;87454;1.86;5.58;0.37;0.39
2009;10;12;285;6.8;2.7;-0.7;5.1;1.9;-1;1.9;-0.5;0.15;3.7;1.5;2;241;60;59;24;87205;2.35;32.03;0.38;0.39
2009;10;13;286;2.2;-0.6;-2.5;1.4;-1.2;-3.2;1.2;-0.5;0.43;3.7;1.5;12.88;212;53;68;33;87882;0.7;20.31;0.39;0.39
2009;10;14;287;-1.4;-3.5;-5.1;-2.4;-6.1;-7.7;0.8;-1.1;0.52;3.6;1.5;27;203;55;72;44;87886;0.67;6.59;0.39;0.39
2009;10;15;288;-2;-4.2;-6.1;-6.9;-8.1;-9.5;0.9;-0.9;0.52;3.6;1.5;30.06;182;51;68;29;87793;0.71;1.85;0.39;0.39
2009;10;16;289;1.9;-1.2;-4.4;-1.5;-4.5;-7.9;1.7;0.4;0.52;3.6;1.5;31.93;195;32;47;23;87608;0.63;7.07;0.38;0.39
2009;10;17;290;-0.2;-1.1;-1.9;-0.5;-1.8;-3;1.1;0;0.52;3.6;1.4;45.22;67;17;27;12;87374;0.25;15.9;0.38;0.39
2009;10;18;291;0.2;-1.5;-2.5;-1.3;-2.6;-3.7;0.5;-0.6;0.51;3.6;1.4;52.77;169;42;58;29;87536;0.27;5.35;0.38;0.39
2009;10;19;292;1.6;-1.2;-3.1;-2.3;-3.6;-5.2;-0.8;-0.1;0.5;3.6;1.4;54.38;248;64;90;62;87336;0.46;0.03;0.38;0.39
2009;10;20;293;6.1;-0.5;-5.7;-0.5;-5.5;-10.4;-0.2;0.8;0.49;3.6;1.4;53.56;280;74;110;72;86829;0.49;0;0.38;0.39
2009;10;21;294;10.7;1.6;-5.9;2.2;-3.2;-9.6;-0.4;1.6;0.49;3.6;1.4;51.02;264;68;90;54;86548;0.42;0;0.38;0.39
2009;10;22;295;10.1;4.4;0.6;5.6;2.4;-1.5;0.1;0.6;0.46;3.6;1.4;45.94;218;39;57;17;86351;-0.04;4.18;0.39;0.39
2009;10;23;296;5.9;3;-1.4;4;2.3;-1.6;0.6;-0.1;0.44;3.5;1.4;38.36;170;36;48;15;87002;-0.01;7.12;0.4;0.39
2009;10;24;297;8.7;5.1;2;3.8;2.6;0.3;0.1;0.2;0.39;3.5;1.4;29.82;195;49;79;23;87557;0.37;0.63;0.41;0.39
2009;10;25;298;13.2;6.4;-1.1;7.4;3.5;-2.2;0.2;0.4;0.35;3.5;1.4;23.73;243;55;55;28;87607;0.34;0.09;0.41;0.4
2009;10;26;299;7.5;6.1;5;6.8;5.5;4.4;0.5;-0.3;0.3;3.5;1.4;18.2;69;16;32;5;87772;0.14;1.96;0.41;0.4
2009;10;27;300;9.7;5.9;2.2;4.2;3.1;0.5;-0.2;0;0.27;3.5;1.4;13.47;311;77;91;48;88001;0.78;0.03;0.42;0.4
2009;10;28;301;13.1;5.4;-2.5;6.6;1.5;-3.7;0.2;0.8;0.24;3.5;1.4;9.96;325;81;96;64;87866;0.7;0;0.41;0.4
2009;10;29;302;11.2;5.3;-0.1;4.6;1.6;-3;0.2;0.2;0.21;3.5;1.4;7.01;370;94;106;69;87874;0.8;0;0.41;0.4
2009;10;30;303;8.4;4.1;1.5;3.5;2.3;0.9;-0.8;-0.1;0.17;3.5;1.4;4.87;342;84;102;65;88099;0.66;0;0.41;0.4
2009;10;31;304;9.4;3.7;-1.2;3.8;0.9;-2.4;0.1;0.4;0.14;3.5;1.4;3.5;353;85;94;67;88137;0.64;0.01;0.41;0.4
2009;11;1;305;12.4;4;-2.8;4.2;0;-3.9;-0.1;1;0.13;3.5;1.4;2.53;394;99;109;71;87570;0.93;0;0.41;0.4
2009;11;2;306;5.3;2.6;-0.2;5;1.4;-0.9;0.7;0.8;0.14;3.5;1.4;3.1;61;11;36;9;86383;0.43;23.68;0.41;0.4
2009;11;3;307;3.1;0.6;-1;-0.1;-1.7;-3.7;0.7;0.4;0.29;3.4;1.4;7.61;242;54;94;36;85967;0.88;5;0.42;0.4
2009;11;4;308;3.9;0.9;-2.5;2.3;-0.9;-4.3;0.8;1.1;0.3;3.4;1.4;8.21;185;39;81;36;85453;0.87;6.28;0.42;0.4
2009;11;5;309;4.9;0.1;-4.2;-2.4;-4.3;-6.2;0;0.6;0.29;3.4;1.4;7.59;309;73;106;66;86019;0.68;0.01;0.42;0.4
2009;11;6;310;2.6;0.7;-1.5;-0.3;-1.8;-4.3;0.2;0.1;0.28;3.4;1.4;7.48;160;35;48;30;86618;0.29;1.2;0.41;0.41
2009;11;7;311;7;1.8;-3;-0.5;-1.7;-4.3;-0.1;0.3;0.27;3.4;1.4;7.14;314;75;109;66;86164;0.59;0;0.41;0.41
2009;11;8;312;1.6;-0.1;-1.1;0.2;-1;-2.2;-0.4;-0.9;0.29;3.4;1.4;8.47;103;25;24;11;86000;0.5;6.99;0.41;0.41
2009;11;9;313;2;-0.2;-1.4;-0.1;-1.1;-1.8;0.5;-0.4;0.36;3.4;1.4;12.53;178;39;56;25;86318;0.37;2.78;0.41;0.41
2009;11;10;314;1.5;-0.4;-1.4;-1.4;-2.2;-2.8;0.6;-0.3;0.37;3.4;1.4;13.25;131;30;38;24;86698;0.45;1.17;0.4;0.41
2009;11;11;315;1.7;-0.1;-1.5;-1.4;-2.3;-3.3;0.3;-0.2;0.36;3.4;1.4;13.32;167;36;57;31;86712;0.4;0.34;0.4;0.41
2009;11;12;316;5.2;1.1;-3.1;1.6;-1.4;-6.5;0.2;1;0.34;3.4;1.4;12.59;199;36;66;29;86996;0.23;2.26;0.4;0.41
2009;11;13;317;10.3;4;-0.6;7.6;2.4;-1.9;0;1.2;0.3;3.3;1.4;10.61;251;48;72;36;87464;0.25;0.02;0.4;0.41
2009;11;14;318;9.6;3.5;-1.7;4.9;0.7;-3.2;0.3;1.3;0.27;3.3;1.3;8.45;168;43;71;40;87348;0.28;1.44;0.4;0.41
2009;11;15;319;8.1;3;-3.6;6;1.7;-4.6;0;1;0.24;3.3;1.3;6.85;201;47;76;39;87481;0.3;0.71;0.4;0.41
2009;11;16;320;8.2;4.8;2.2;6.8;3.6;0.7;-0.1;1.3;0.19;3.3;1.3;5.01;157;19;47;9;87270;0.17;4.11;0.4;0.41
2009;11;17;321;12.8;5.3;-0.4;8.4;3;-1.3;0.3;1.5;0.16;3.3;1.3;3.43;312;69;91;52;87449;0.58;0.9;0.4;0.41
2009;11;18;322;9.4;5.1;-0.7;6.3;3.5;-1.7;0.3;0.5;0.13;3.3;1.3;2.38;276;63;98;50;88073;0.63;4.08;0.41;0.41
2009;11;19;323;11.4;2.7;-2.2;7.4;0.4;-3.7;0;1.3;0.12;3.3;1.3;1.76;331;76;112;72;88276;0.47;0;0.41;0.41
2009;11;20;324;12.4;3.3;-1.8;8.6;0.2;-5.7;0.1;1.6;0.11;3.3;1.3;1.32;301;68;96;63;88330;0.41;0;0.4;0.41
2009;11;21;325;11.2;2.6;-2.4;7;0.4;-3.6;0;1.3;0.1;3.3;1.3;1.01;296;67;99;65;88345;0.36;0;0.4;0.41
2009;11;22;326;10.1;3.5;-2.1;3.7;-0.3;-5.1;0.4;0.8;0.09;3.3;1.3;0.78;287;57;77;49;87652;0.36;0.65;0.4;0.41
2009;11;23;327;6.3;2.4;-2;2.1;-0.7;-3.7;0.8;1;0.09;3.3;1.3;0.64;270;55;71;46;87362;0.66;1.2;0.4;0.41
2009;11;24;328;5.9;3.1;0.5;4.1;1.4;-2;1.4;1.1;0.1;3.3;1.3;0.88;139;25;57;23;87561;0.77;5.45;0.4;0.41
2009;11;25;329;10.4;1.9;-3.7;7.3;0.1;-4.8;0.1;1.5;0.09;3.3;1.3;0.77;321;72;115;73;87344;0.43;0;0.4;0.41
2009;11;26;330;5.9;1.7;-1.8;1.6;-0.6;-3.3;0.3;0.5;0.09;3.3;1.3;0.64;247;47;77;37;87286;0.33;0.42;0.39;0.41
2009;11;27;331;6.7;1.3;-2.4;2.7;-0.6;-3;0.3;0.7;0.09;3.3;1.3;0.62;295;57;99;48;86942;0.45;2.33;0.39;0.41
2009;11;28;332;5.3;-0.2;-3.7;1.7;-2.2;-5.1;0;1.1;0.11;3.3;1.3;1.42;298;65;107;67;86901;0.62;0.4;0.39;0.41
2009;11;29;333;6.6;0.7;-2.9;-0.3;-3;-5.7;-0.4;1.8;0.11;3.3;1.3;1.31;264;58;93;65;86195;0.26;0.19;0.39;0.41
2009;11;30;334;1;-0.4;-1.6;0.8;-1.1;-3.2;0.4;0;0.23;3.3;1.3;5.98;70;16;60;17;85547;0.24;17.96;0.39;0.41
2009;12;1;335;-0.8;-1.7;-2.4;-1.7;-2.7;-3.1;1.1;0.1;0.51;3.3;1.3;21.05;59;10;16;10;86404;0.13;10.24;0.39;0.41
2009;12;2;336;0.8;-4.1;-9.2;-3;-6.6;-12.9;-0.1;1.1;0.51;3.3;1.3;26.39;160;34;92;51;86936;0.17;0.12;0.39;0.41
2009;12;3;337;3.4;-5.1;-12.7;-1.1;-8.9;-15.7;0.2;1.4;0.51;3.3;1.3;25.97;156;32;92;47;86556;0.07;0;0.39;0.41
2009;12;4;338;-1.1;-2.6;-4.2;-2.3;-4.3;-8.9;0.4;0;0.51;3.3;1.3;29.23;49;8;56;10;86609;0.05;6.42;0.38;0.41
2009;12;5;339;1.5;-4.2;-11;-3.1;-6.6;-12.4;0.1;1.2;0.51;3.3;1.3;31.9;125;26;66;37;87134;0.1;0;0.38;0.41
2009;12;6;340;3.1;-1.7;-8.3;-0.3;-4.4;-10.5;0;1.5;0.5;3.3;1.3;31.24;123;23;55;17;87138;0.18;0.55;0.38;0.41
2009;12;7;341;3.3;1.1;-1.1;2.9;0.1;-2.2;0;1.2;0.48;3.3;1.4;29.59;58;7;42;9;87134;0.02;4.81;0.38;0.41
2009;12;8;342;0.3;-1.6;-3.4;-0.5;-3.4;-5.4;1.3;0.6;0.47;3.3;1.4;31.27;76;15;70;33;87124;0.26;7.8;0.39;0.41
2009;12;9;343;1.3;-1.4;-3.3;-2.5;-3.9;-7;0.5;0.4;0.48;3.3;1.4;33.66;139;26;83;37;88046;0.13;0.95;0.39;0.41
2009;12;10;344;2.7;-1;-5.2;1.1;-4.3;-11.1;1.1;0.9;0.47;3.3;1.4;33.44;74;13;53;24;88005;0.01;7.78;0.39;0.41
2009;12;11;345;-1.1;-2;-3.1;-2.3;-2.9;-3.4;1.4;0.2;0.5;3.3;1.4;42.23;30;5;54;13;87566;0.19;17.4;0.39;0.41
2009;12;12;346;-3.3;-4.6;-6.9;-3.6;-5.5;-7.6;-0.6;-0.9;0.52;3.3;1.4;54.52;86;18;42;20;87329;0.13;4.72;0.39;0.41
2009;12;13;347;-5.8;-8;-11.3;-7.8;-9.8;-12.5;-0.9;-0.3;0.52;3.3;1.4;56.13;120;24;67;40;86990;0.17;0.44;0.39;0.41
2009;12;14;348;-7.6;-11;-15.8;-10.3;-13.1;-17.3;-0.7;0.2;0.52;3.3;1.4;56.44;130;28;64;48;86796;0.01;0.41;0.38;0.41
2009;12;15;349;-8.1;-12.5;-19.8;-10.8;-14.7;-21.9;-0.7;0.3;0.52;3.3;1.4;57.03;118;25;59;31;86455;0.04;0.73;0.38;0.41
2009;12;16;350;-7.9;-12.2;-17.5;-12.2;-15.1;-19.6;-0.1;0.4;0.52;3.3;1.3;57.5;141;27;71;43;86195;0.09;0.11;0.38;0.41
2009;12;17;351;-10.1;-16;-24.7;-14.6;-19.1;-27.5;0.2;0.7;0.51;3.3;1.3;57.65;137;25;64;36;86013;0.04;0.23;0.38;0.4
2009;12;18;352;-9.4;-17.1;-24.8;-15.2;-20.8;-27.4;0.1;0.9;0.51;3.3;1.3;57.79;152;32;78;52;85716;0.06;0.06;0.38;0.4
2009;12;19;353;-11.3;-16.7;-23.9;-16;-19.6;-26.6;0.2;-0.2;0.51;3.3;1.3;58.95;115;23;48;23;85515;0.05;2.43;0.38;0.4
2009;12;20;354;-8.7;-16;-25.2;-14.5;-20.9;-28;0.4;1.3;0.52;3.3;1.3;60.44;157;33;85;43;85902;0.04;1.64;0.38;0.4
2009;12;21;355;-4.3;-7.6;-11.2;-8.9;-10.9;-14;-0.3;1.4;0.52;3.2;1.3;63.37;143;26;74;19;85879;0.2;2.1;0.37;0.4
2009;12;22;356;1.3;-2.4;-5.4;-3.3;-5.8;-8.7;-0.2;2;0.52;3.2;1.3;64.12;150;31;77;38;85299;0.3;0.7;0.37;0.4
2009;12;23;357;0.6;-1;-3.1;-0.9;-2.1;-4.3;0;0.3;0.51;3.2;1.3;67.98;80;15;39;17;85448;0.16;5.98;0.37;0.4
2009;12;24;358;2.6;-0.8;-3.8;-0.1;-3;-6.5;-0.2;1.8;0.5;3.2;1.3;68.82;135;25;80;37;85241;0.07;0.93;0.37;0.4
2009;12;25;359;1.6;-1.1;-4.1;0.2;-2.9;-7.4;1.4;0.7;0.49;3.2;1.3;72.08;40;7;83;31;85734;0.26;10.16;0.37;0.4
2009;12;26;360;-1.7;-6.6;-12.8;-6.1;-11.3;-16.7;0.2;1;0.5;3.2;1.3;74.84;163;33;106;72;86557;0.06;0;0.37;0.4
2009;12;27;361;-1.7;-6;-8.7;-8.4;-13;-17.8;0.7;1.1;0.49;3.2;1.3;75.01;123;25;81;35;86423;0.04;0.89;0.37;0.4
2009;12;28;362;-0.5;-5;-9.8;-5.3;-9;-12.9;0.2;0.7;0.49;3.2;1.3;76.32;127;28;71;43;86365;0.03;0.64;0.37;0.4
2009;12;29;363;1.7;-2.2;-5.4;-2.2;-5.9;-10.8;-0.1;1.4;0.49;3.2;1.3;77.63;111;18;57;14;86113;0.12;3.52;0.37;0.4
2009;12;30;364;1.9;-0.4;-2.8;0.8;-2;-5.1;0.1;1.4;0.48;3.2;1.3;80.28;80;17;50;29;85733;0.05;5.25;0.37;0.4
2009;12;31;365;1.1;-2.8;-7.5;0.4;-4;-8.8;0.1;1.3;0.47;3.2;1.3;82.39;79;14;79;41;85454;0.08;4.42;0.37;0.4
2010;1;1;1;0.9;-3.8;-9.3;-1.1;-4.7;-10.6;0.3;0.2;0.47;3.1;1.3;84.38;121;23;63;28;85134;-0.01;8.34;0.37;0.4
2010;1;2;2;-2.7;-7.5;-11.2;-3.6;-10.2;-14.8;1.8;-0.4;0.51;3.1;1.3;95.47;95;19;83;41;86727;0.39;6.73;0.37;0.4
2010;1;3;3;-5.2;-13.5;-19.7;-15.1;-19.3;-24;0.3;1.3;0.52;3.1;1.3;97.74;150;32;83;65;87197;0.04;0;0.37;0.4
2010;1;4;4;-5;-14.4;-23.4;-14;-20.8;-28.5;0;0.9;0.52;3.1;1.3;97.74;143;31;65;47;86649;0.01;0;0.37;0.4
2010;1;5;5;-2.9;-11.9;-21.1;-10.6;-16.5;-24.5;-0.1;0.7;0.51;3.1;1.3;97.76;155;34;74;42;85882;0.02;0;0.37;0.4
2010;1;6;6;-3.6;-8.1;-13.9;-7.5;-11.7;-18;0.1;0.2;0.51;3.1;1.3;98.26;96;19;37;14;85616;0.02;1.92;0.36;0.4
2010;1;7;7;-3.9;-6.4;-8.4;-8;-9.4;-11.7;-0.3;0.1;0.52;3.1;1.3;101.73;163;33;95;36;86239;0.11;2.48;0.36;0.4
2010;1;8;8;-5.2;-6.9;-8.7;-7.1;-8.8;-11.8;-0.6;-0.6;0.52;3.1;1.3;102.72;104;22;49;22;86073;0;1.13;0.36;0.4
2010;1;9;9;-6;-7.9;-10;-7.7;-9.3;-11;-0.3;-0.5;0.52;3.1;1.3;103.8;108;21;48;26;85786;0.01;1.38;0.36;0.4
2010;1;10;10;-5.3;-8.3;-11.7;-8.4;-10.1;-13.3;0.4;0.1;0.52;3.1;1.2;104.9;85;20;41;26;86367;0.02;0.65;0.36;0.4
2010;1;11;11;-5.1;-7.9;-13.2;-7.2;-9.4;-15.1;0.2;0;0.52;3.1;1.2;107.28;79;16;45;14;86760;0;5.71;0.36;0.4
2010;1;12;12;-3.6;-7.8;-14.1;-7.5;-9.9;-16.5;-0.3;0.6;0.52;3;1.2;111.5;161;33;75;49;86642;0.07;0.5;0.36;0.4
2010;1;13;13;-0.1;-7.2;-14.6;-6.6;-11.3;-17.4;0.2;1.1;0.52;3;1.2;111.61;125;25;56;24;86229;0.03;0.72;0.36;0.4
2010;1;14;14;0.7;-5.6;-13.8;-5.4;-8.6;-16.4;-0.2;0.9;0.52;3;1.2;112.67;159;35;87;49;86329;0.13;0.4;0.35;0.4
2010;1;15;15;-0.5;-9;-15.8;-7;-13.2;-18.7;0.2;1;0.52;3;1.2;112.66;167;35;73;48;87306;0.08;0;0.35;0.4
2010;1;16;16;1.3;-9.6;-18.4;-6.5;-14.4;-21;0;1.6;0.51;3;1.2;112.65;180;40;91;52;87378;0.02;0;0.35;0.4
2010;1;17;17;0.9;-3.3;-7.4;-3;-6.5;-11.8;1.4;1;0.51;3;1.2;114.07;109;23;61;17;87348;0.15;2.9;0.35;0.4
2010;1;18;18;-1.4;-4.4;-8.8;-4.2;-6.4;-9.9;0.6;0.4;0.51;3;1.2;116.41;153;31;74;40;87939;0.13;1.73;0.35;0.4
2010;1;19;19;0.1;-8.1;-14.5;-6;-11.5;-16.7;0.1;0.9;0.51;3;1.2;117.09;171;38;82;56;87523;0.12;0;0.35;0.4
2010;1;20;20;-0.6;-10.1;-17.5;-7.1;-14.3;-20.6;0;1.1;0.51;3;1.2;117.05;171;39;91;55;86937;0.13;0.01;0.35;0.4
2010;1;21;21;-2.3;-6.1;-14.7;-3.5;-7.8;-18.1;0.4;0.5;0.51;3;1.2;119.4;47;10;18;-6;87416;0.01;4.84;0.35;0.4
2010;1;22;22;-1.6;-5.1;-12.9;-4.7;-7.1;-14.5;-0.2;0.4;0.52;3;1.2;122.08;166;34;83;44;87691;0.14;0.22;0.35;0.4
2010;1;23;23;1.7;-9;-15.7;-5.1;-13.2;-19;0;1;0.51;3;1.2;122.07;183;42;100;62;87560;0.12;0;0.35;0.4
2010;1;24;24;1.8;-8.4;-18;-5.8;-13.5;-21.6;0.1;1.1;0.51;3;1.2;122.02;157;36;66;37;87578;0.06;0;0.34;0.4
2010;1;25;25;-0.2;-5.6;-11.4;-4.2;-8.7;-14;0.1;0.2;0.51;3;1.2;122.1;142;31;50;20;87792;0.04;0.54;0.34;0.4
2010;1;26;26;-4.8;-6.5;-10.7;-5.4;-7.6;-11.7;-0.3;-0.9;0.51;3;1.2;125.27;115;24;55;16;88038;0.14;4.43;0.34;0.4
2010;1;27;27;-5.8;-9.9;-13.2;-10.7;-12.8;-14.7;0;0.2;0.52;3;1.2;126.92;169;39;90;49;87610;0.05;0.12;0.34;0.4
2010;1;28;28;-4.9;-6.4;-8.8;-8.3;-9.7;-13;2.2;0.4;0.52;3;1.2;131.33;75;16;41;12;86231;0.17;7.27;0.34;0.4
2010;1;29;29;-2.3;-6.3;-9.8;-8;-10.1;-12.8;0.6;0.9;0.53;3;1.2;134.71;132;29;51;28;85101;0.22;1.75;0.34;0.4
2010;1;30;30;-5.3;-7.8;-13.1;-8.2;-10.8;-16.6;1.2;0;0.53;3;1.2;140.94;157;32;83;40;84983;0.19;7.67;0.34;0.4
2010;1;31;31;-8.5;-12;-14.7;-14.8;-16;-17.5;1.1;0.5;0.53;3;1.2;143.82;185;42;83;42;85954;0.15;1.2;0.34;0.39
2010;2;1;32;-8.3;-13.5;-22.2;-12.8;-17.8;-24.9;1.1;1;0.53;3;1.2;144.61;210;47;86;49;86573;0.08;2.23;0.34;0.39
2010;2;2;33;-4.7;-7.7;-9.8;-12.4;-13;-14.2;1.6;1.1;0.53;3;1.2;148.39;198;45;89;35;87014;0.27;2.47;0.34;0.39
2010;2;3;34;-0.3;-3.2;-7.6;-3.7;-6.4;-12.6;1.5;1.2;0.53;3;1.2;153.4;46;12;50;10;86828;0.11;7.9;0.34;0.39
2010;2;4;35;4.1;-4.3;-10.8;-4;-8.3;-12.2;-0.1;1.4;0.53;3;1.2;156.55;180;46;90;62;87090;0.14;0;0.34;0.39
2010;2;5;36;2.9;-2.3;-7.3;-1.7;-5.1;-10.2;0.2;1;0.53;3;1.2;157.43;104;24;39;14;86586;0.09;5.59;0.33;0.39
2010;2;6;37;-0.6;-1.8;-2.6;-1.7;-2.5;-2.9;0.5;-0.4;0.53;3;1.2;168.58;88;18;23;7;86710;0.05;12.3;0.33;0.39
2010;2;7;38;-1.3;-3.3;-6;-2.9;-4.9;-6.7;0.1;-0.7;0.53;3;1.2;177.2;166;39;83;34;87041;0.28;3.69;0.33;0.39
2010;2;8;39;-1.8;-6.9;-13.3;-6.5;-9.4;-15;-0.5;0.3;0.53;3;1.2;177.86;220;52;95;70;86255;0.12;0;0.33;0.39
2010;2;9;40;-0.9;-9.2;-19.2;-7.3;-13.8;-22;0.1;0.6;0.53;3;1.2;177.77;229;56;91;58;85703;0.2;0;0.33;0.39
2010;2;10;41;-7.1;-9.5;-11.4;-10;-11.5;-13.7;0.2;-0.5;0.52;3;1.2;179.57;106;26;33;16;85747;0;5.88;0.33;0.39
2010;2;11;42;-9.2;-11.3;-14.9;-12.1;-13.6;-16.6;0.1;-0.4;0.53;3;1.2;185.91;122;28;47;21;85648;0.11;3.68;0.33;0.39
2010;2;12;43;-8.4;-12.6;-18.6;-11.9;-15.3;-20.7;0.3;0.2;0.53;3;1.2;187.32;204;50;65;37;86275;0.1;0.24;0.33;0.39
2010;2;13;44;-6.4;-11.4;-18.4;-10.9;-14.5;-20.8;0;0.2;0.53;3;1.2;187.45;222;55;76;55;86527;0.01;0;0.33;0.39
2010;2;14;45;-5.9;-11.4;-19.8;-9.8;-14.4;-22.3;0;0.3;0.52;3;1.2;187.52;229;58;77;59;86409;0;0.07;0.33;0.39
2010;2;15;46;-4.8;-11.8;-20.6;-10;-15.8;-23.4;-0.1;0.7;0.52;3;1.2;187.6;250;64;89;66;86127;0.01;0;0.33;0.39
2010;2;16;47;0.3;-10.8;-20.9;-8.5;-16;-23.6;-0.1;1.2;0.52;3;1.2;187.58;261;67;97;64;85809;0.03;0;0.33;0.39
2010;2;17;48;5.8;-4.6;-14.6;-2.8;-9.5;-17.4;0;1.4;0.51;3;1.2;187.65;252;60;79;44;85368;-0.02;0;0.33;0.39
2010;2;18;49;4.9;-0.7;-6;-0.8;-3.8;-7.8;0.2;0.5;0.51;3;1.2;188.28;248;53;87;33;85764;-0.02;0.81;0.33;0.39
2010;2;19;50;4.1;-1.9;-6.6;-0.8;-3.9;-8.3;0.5;0.4;0.51;3;1.2;189.93;140;32;48;20;85277;0.12;7.48;0.33;0.39
2010;2;20;51;-2.8;-5.5;-11.7;-4;-8.9;-14.5;0.9;-0.2;0.52;3;1.2;198.95;153;43;87;45;85717;0.56;4.41;0.33;0.39
2010;2;21;52;1.9;-7.1;-14.8;-10.5;-13.9;-17.3;0;1.1;0.52;3;1.2;200.23;266;71;103;66;85970;0.4;0.45;0.32;0.39
2010;2;22;53;2.6;-4.2;-11.2;-3.5;-8.2;-14.4;-0.2;1.7;0.52;3;1.2;200.34;190;42;78;37;85652;0.13;0.36;0.32;0.39
2010;2;23;54;5.7;-1.9;-7.5;-1.6;-5.3;-9.9;0.1;1.2;0.52;3;1.2;200.84;201;49;64;38;85730;0.18;1.12;0.32;0.39
2010;2;24;55;4.6;-1.6;-6.7;-0.7;-4.4;-8;0.2;0.8;0.51;3.1;1.2;201.44;206;51;62;45;86126;0.27;0.17;0.32;0.39
2010;2;25;56;5;-0.9;-6.7;-2.5;-4.4;-8.2;-0.3;1.1;0.5;3.1;1.3;201.4;289;69;96;44;86090;0.42;0.33;0.32;0.39
2010;2;26;57;3;-0.5;-2.7;-0.9;-3;-4.9;1.2;0.7;0.49;3.1;1.3;203.61;158;35;59;31;85842;0.43;5.4;0.32;0.39
2010;2;27;58;3.9;-2;-9.2;-4.7;-7.2;-10.7;-0.1;0.9;0.49;3.1;1.3;204.84;307;80;111;69;86405;0.78;0.02;0.32;0.39
2010;2;28;59;8.9;2.1;-1.9;0.4;-2.5;-5.6;0.5;1.2;0.48;3.1;1.3;204.67;185;52;66;37;85699;0.29;0.83;0.32;0.39
2010;3;1;60;3.6;0;-4.1;-3;-5.1;-6.7;1.1;0.1;0.47;3.1;1.3;203.9;320;86;107;76;86764;0.58;0.05;0.32;0.39
2010;3;2;61;2.2;-1.3;-4.2;-1.9;-3.6;-6.3;0.7;0.1;0.47;3.1;1.3;205.49;253;50;65;29;87472;0.26;7.6;0.32;0.39
2010;3;3;62;2.1;-1.5;-4;-2.7;-4.1;-5.1;-1.2;-0.6;0.5;3.1;1.3;211.03;277;71;87;50;87285;0.62;0.34;0.32;0.39
2010;3;4;63;-2.6;-3.7;-5.7;-5;-5.8;-8;-0.5;-1.3;0.5;3.1;1.3;212.35;94;25;34;19;86658;0.44;4.46;0.32;0.39
2010;3;5;64;-5.9;-8.2;-11.4;-8.2;-12.7;-17.4;1.2;-0.9;0.51;3.1;1.3;216.76;256;64;79;56;87351;0.67;3.23;0.32;0.39
2010;3;6;65;-5.1;-8.5;-12.3;-8.5;-12.7;-18;1.4;0.4;0.52;3.1;1.3;222.1;128;32;77;31;86944;0.18;9.36;0.32;0.39
2010;3;7;66;-5.5;-10;-15.9;-12;-13.7;-17.9;-1.5;-0.4;0.53;3.2;1.3;227.42;299;80;105;63;87525;0.36;0.77;0.32;0.39
2010;3;8;67;-7;-13.6;-21.7;-14.7;-18.2;-24.2;-1.1;0.1;0.53;3.2;1.3;227.31;316;88;98;82;87207;0.17;0.02;0.32;0.39
2010;3;9;68;-6.2;-12;-18.8;-13;-16.2;-20.8;-1.6;-0.4;0.52;3.2;1.3;227.4;267;71;78;50;86849;0.12;0.32;0.32;0.39
2010;3;10;69;-2.4;-6.8;-11;-7.7;-10.4;-14.1;-1.1;-0.9;0.52;3.2;1.3;227.6;313;80;89;41;86594;0.06;0.5;0.32;0.38
2010;3;11;70;-3.4;-5.9;-7.8;-7;-8.1;-9.4;0.5;-0.6;0.52;3.2;1.3;230.55;154;40;29;16;86610;0.06;5.35;0.32;0.38
2010;3;12;71;-1.8;-5.6;-8.8;-8.1;-9.4;-10.8;0.4;-0.2;0.53;3.2;1.3;233.37;304;85;98;57;87119;0.23;0.32;0.32;0.38
2010;3;13;72;-1;-6.5;-14.3;-6.8;-10.3;-17.1;1.2;0.2;0.52;3.2;1.3;233.65;243;69;67;46;87660;0.17;1;0.32;0.38
2010;3;14;73;-0.5;-4.4;-9.2;-5.8;-7.8;-11.6;1.6;0.1;0.52;3.2;1.3;234.81;246;68;70;42;87731;0.22;1.65;0.32;0.38
2010;3;15;74;-0.6;-3.8;-6.2;-4.5;-7.1;-9.9;1.8;0.5;0.52;3.2;1.3;238.08;234;57;83;40;87751;0.32;3.94;0.32;0.38
2010;3;16;75;0;-3.4;-8.4;-3.2;-6;-10.2;1.3;0.7;0.53;3.2;1.3;247.42;161;37;69;29;87926;0.13;11.95;0.32;0.38
2010;3;17;76;4.2;-4.1;-13.2;-4;-9.3;-15.1;0.5;0.9;0.53;3.3;1.3;251.09;318;92;88;70;88233;0.37;0;0.32;0.38
2010;3;18;77;9.5;-0.6;-10.9;-0.9;-7.8;-13;0.2;1.1;0.53;3.3;1.3;250.86;324;93;94;63;88148;0.37;0;0.32;0.38
2010;3;19;78;11;2.1;-5.3;-1.5;-5.5;-8.2;0.2;1;0.52;3.3;1.3;250.36;337;92;96;58;87962;0.38;0;0.32;0.38
2010;3;20;79;11;3.7;-3;2.2;-1.5;-5.6;0.2;0.9;0.5;3.3;1.3;248.63;272;66;60;27;87574;0.13;0.01;0.32;0.38
2010;3;21;80;7.7;3.6;-1;3.9;1;-2.7;0.5;0.9;0.48;3.3;1.3;244.49;161;47;39;20;87601;-0.12;3.79;0.32;0.38
2010;3;22;81;6.6;4.1;0.3;3.3;2.5;-0.8;-0.4;-0.1;0.46;3.3;1.3;236.59;248;61;50;19;87833;-0.05;0.88;0.33;0.38
2010;3;23;82;9;3.1;-2.8;2.5;-0.6;-3.7;-0.2;0.5;0.45;3.3;1.3;228;394;112;96;63;87674;0.29;0;0.34;0.38
2010;3;24;83;12.1;4.1;-4.3;2.5;-1.2;-5.6;-0.3;0.8;0.43;3.4;1.4;219.95;410;123;98;67;87234;0.52;0;0.34;0.38
2010;3;25;84;11;3.5;-2.9;2.3;-1.6;-4.8;-0.3;1.7;0.43;3.4;1.4;210.99;414;125;95;68;87025;0.68;0;0.35;0.38
2010;3;26;85;11.7;2.7;-2.1;2.4;-0.7;-4.1;0.4;1.4;0.42;3.4;1.4;201.37;430;117;95;50;86824;0.52;4.74;0.36;0.38
2010;3;27;86;4.6;0.6;-4.9;-0.7;-3.3;-6.7;0.6;0.6;0.43;3.4;1.4;196.13;305;85;88;52;86794;0.7;1.99;0.37;0.38
2010;3;28;87;5.4;1.8;-1.4;1.4;-0.4;-2.8;1.1;0.4;0.44;3.4;1.4;194.64;348;89;71;30;87120;0.32;7.78;0.38;0.38
2010;3;29;88;8.5;3.8;-0.7;3.3;0.8;-2.2;-0.3;0.7;0.43;3.4;1.4;185.72;321;84;75;34;86793;0.26;1.08;0.39;0.38
2010;3;30;89;9.5;3.6;-0.8;1.6;-0.7;-2.8;0.2;1.3;0.42;3.4;1.4;175.21;430;117;97;51;85916;0.82;3.48;0.39;0.38
2010;3;31;90;4;0.6;-4.4;-0.6;-3.9;-7.1;1.2;0.3;0.43;3.5;1.4;170.07;316;93;82;55;86375;1.1;1.11;0.4;0.38
2010;4;1;91;-1.5;-3.2;-5.9;-2.8;-6.3;-10;0.4;0.4;0.46;3.5;1.4;171.99;108;27;70;39;86914;0.44;6.1;0.4;0.38
2010;4;2;92;2.8;-2.5;-8.7;-4.1;-9.5;-14.1;-0.2;0.5;0.48;3.5;1.4;174.41;353;111;94;76;87209;0.38;0;0.39;0.38
2010;4;3;93;9.2;1.7;-5.2;2.1;-5.3;-10.1;-0.2;1;0.47;3.5;1.4;173.33;373;104;88;50;87013;0.21;0.38;0.39;0.38
2010;4;4;94;3.2;0.9;-1.4;1.4;-1;-4.5;0.5;0.2;0.46;3.5;1.4;172.84;209;48;33;20;87163;-0.04;10.01;0.39;0.39
2010;4;5;95;1.9;-0.9;-4.2;1.2;-2.3;-5.6;0.8;0;0.48;3.5;1.4;177.6;259;73;81;41;88077;0.26;6.44;0.4;0.39
2010;4;6;96;6.9;1.3;-6.8;0.1;-3;-8.6;-0.6;0.3;0.47;3.5;1.4;175.86;416;133;102;78;87997;0.44;0;0.4;0.39
2010;4;7;97;11.8;4.4;-5;2;-1.5;-6.9;-0.2;0.2;0.45;3.6;1.4;168.96;446;143;112;79;87639;0.39;0;0.4;0.39
2010;4;8;98;8.5;4.8;-2;2.4;0.2;-4.5;0.5;-0.1;0.43;3.6;1.4;158.7;402;129;102;58;87915;0.43;0.12;0.4;0.39
2010;4;9;99;8.6;4.9;1.5;2.8;1.1;-1.2;0.1;-0.7;0.42;3.6;1.4;147.67;442;137;103;52;88377;0.46;1.03;0.41;0.39
2010;4;10;100;5.7;2.5;-1.3;1;-0.5;-3.6;0.3;-1.2;0.41;3.6;1.4;137.1;302;96;60;29;88105;0.84;4.12;0.42;0.39
2010;4;11;101;2.2;-0.6;-3.2;-0.6;-2.6;-4.5;-0.8;-0.9;0.42;3.6;1.4;134.39;352;107;69;48;87370;0.69;3.77;0.41;0.4
2010;4;12;102;3.1;-0.5;-3.7;-2.8;-4.2;-5.7;-1.2;-0.7;0.43;3.6;1.4;134.21;376;105;79;52;86989;0.98;1.47;0.41;0.4
2010;4;13;103;5.2;1.5;-2.3;-2;-3.3;-3.9;-0.3;-0.4;0.42;3.6;1.4;133.23;402;127;90;56;86915;0.86;0.66;0.41;0.4
2010;4;14;104;2.1;0.1;-1.9;1.3;-1.1;-3.8;0.6;-0.1;0.43;3.7;1.5;134.15;189;60;38;20;86915;0.26;10.39;0.41;0.4
2010;4;15;105;5.1;1.5;-2;-0.7;-1.4;-2.5;-0.5;-0.6;0.42;3.7;1.5;132.6;314;99;62;31;87117;0.91;0.95;0.41;0.4
2010;4;16;106;6.7;3.3;-0.2;1.7;-0.2;-1.5;-0.8;-0.8;0.4;3.7;1.5;126.72;431;125;77;40;87422;0.97;1.96;0.41;0.4
2010;4;17;107;9.2;4.5;-0.3;1.9;0.4;-1.3;-1.1;-0.3;0.37;3.7;1.5;117.63;448;149;99;56;87528;1.32;0.03;0.42;0.4
2010;4;18;108;7.7;2.8;-2.3;3.4;0.1;-3.6;0.5;0.9;0.35;3.7;1.5;109.94;358;92;60;37;87116;0.61;3.99;0.42;0.4
2010;4;19;109;8.9;3.9;-2.9;3.2;-0.5;-4.1;0.7;0.5;0.34;3.7;1.5;102.89;493;162;86;62;87272;1.36;0.84;0.42;0.4
2010;4;20;110;10;4.3;-3;1.9;-0.6;-4.7;1.3;0.5;0.33;3.8;1.5;94.49;485;158;83;60;87379;1.46;2.95;0.42;0.41
2010;4;21;111;8;4;0.1;4.9;1.3;-2;0.9;-0.3;0.32;3.8;1.5;86.25;416;133;66;41;87355;0.96;5.48;0.42;0.41
2010;4;22;112;9.1;4.4;-0.5;1.9;0.2;-2.5;-0.6;-0.6;0.31;3.8;1.5;77.14;528;174;93;69;87182;1.22;0.13;0.42;0.41
2010;4;23;113;9.8;6.2;-0.2;4.8;2;-2.4;-0.5;-0.2;0.3;3.8;1.5;68.29;457;139;83;50;87104;0.87;0.76;0.42;0.41
2010;4;24;114;11.7;7.3;-1.4;6.7;3.5;-1.6;-0.6;-0.1;0.29;3.8;1.5;58.62;517;172;93;59;87615;1.17;0.67;0.42;0.42
2010;4;25;115;13.8;8.1;-0.8;8.6;4.2;-1.8;0.2;0.6;0.28;3.8;1.5;48.11;539;167;89;56;88043;1.14;1.75;0.41;0.42
2010;4;26;116;9.5;6.2;0.9;7;4.1;-0.2;0.5;0.3;0.26;3.9;1.5;39.5;347;119;66;39;88202;1.18;4.04;0.41;0.42
2010;4;27;117;9.9;6.6;0.8;4.5;2.8;0.7;-0.4;-0.4;0.25;3.9;1.5;32.6;481;139;63;34;88294;1.35;1;0.41;0.42
2010;4;28;118;14.1;9;0.2;4.4;1.7;-0.5;-0.4;0;0.24;3.9;1.5;24.93;664;226;111;78;88253;2.32;0;0.41;0.42
2010;4;29;119;18;10.5;-0.4;10.1;4;-1.9;0.2;0.4;0.22;3.9;1.6;16.23;670;223;105;71;87715;2.45;0;0.4;0.43
2010;4;30;120;16.6;10;2.4;10.8;6.5;1.3;0.3;0;0.18;3.9;1.6;8.87;613;170;82;38;87316;2.25;21.34;0.4;0.43
2010;5;1;121;12.2;8.6;6.4;8.4;7.4;5.6;0.2;-0.1;0.15;3.9;1.6;4.43;389;106;65;16;87132;1.89;21.55;0.41;0.43
2010;5;2;122;9.8;6.9;3.9;7.3;5.9;3.7;0.2;-0.4;0.13;4;1.6;2.54;317;89;38;13;86881;2.01;19.76;0.41;0.43
2010;5;3;123;7.8;5.1;1.4;3.8;2.9;1.3;-0.1;-0.5;0.17;4;1.6;3.13;287;87;48;14;86889;1.6;12.32;0.42;0.43
2010;5;4;124;7.8;6.1;4.3;7.3;5.4;3.3;-1;-1.1;0.15;4;1.6;1.82;175;53;19;6;86944;1.08;7.33;0.42;0.43
2010;5;5;125;11.8;7.6;4.5;8.1;6.2;4.5;-1.4;-1.2;0.13;4;1.6;0.73;430;135;65;27;86440;2;3.07;0.41;0.43
2010;5;6;126;8.3;5.7;3.4;6;4.1;2.7;1.1;-0.3;0.12;4;1.6;0.26;470;126;50;25;86040;2.35;7.87;0.41;0.43
2010;5;7;127;7.6;4;1.6;2.5;1.9;1.3;0.2;-0.6;0.13;4;1.6;0.81;475;114;37;16;86485;2.21;6.84;0.41;0.43
2010;5;8;128;8.1;4.9;0.3;6.7;3.9;0.1;-0.3;0.2;0.13;4.1;1.6;0.49;383;133;79;38;86751;2.24;9.33;0.41;0.43
2010;5;9;129;11.1;5.8;-2;6.5;2.9;-2.9;0.2;0.1;0.12;4.1;1.6;0.18;613;179;80;46;86768;2.43;5.72;0.4;0.43
2010;5;10;130;10.5;7.2;2.2;8.1;5.7;2.1;0;0.2;0.12;4.1;1.6;0.04;428;143;78;42;86623;2.51;8.86;0.41;0.43
2010;5;11;131;15.2;8.4;-0.7;9.6;4.8;-1.1;0;0.1;0.11;4.1;1.6;0;656;224;95;64;86453;3.3;2.97;0.4;0.42
2010;5;12;132;9.2;6.7;4.1;6;4.9;3.4;-0.2;-0.2;0.11;4.1;1.6;0;387;101;52;26;86671;2.07;5.82;0.4;0.42
2010;5;13;133;8;5.8;3.7;6.3;5.2;3.7;0.1;-0.9;0.11;4.1;1.7;0;307;90;28;6;86628;1.99;13.68;0.4;0.42
2010;5;14;134;7.3;4.5;3.1;3.6;3.1;2.6;-0.2;-1.1;0.12;4.2;1.7;0;476;133;50;17;86661;2.43;6.02;0.4;0.42
2010;5;15;135;6.4;3.1;0.5;5.3;2.4;0.5;0.2;-1;0.12;4.2;1.7;0.44;505;122;56;22;86640;2.38;12.73;0.4;0.42
2010;5;16;136;5.3;2.3;0;2.6;1;-0.1;1.4;0;0.17;4.2;1.7;2.23;296;89;44;21;87286;1.71;6.92;0.41;0.42
2010;5;17;137;8.4;4.3;0;5.6;2.3;-0.3;1.2;0.2;0.16;4.2;1.7;1.55;529;169;67;38;87858;2.58;6.09;0.41;0.42
2010;5;18;138;7.4;3.6;-0.1;4.1;1.5;-0.8;1.3;-0.5;0.14;4.2;1.7;1.15;632;205;83;45;88077;2.9;9.75;0.41;0.42
2010;5;19;139;6.8;2.8;-2.1;2.7;0.6;-2.8;1.3;-0.4;0.15;4.2;1.7;1.25;649;190;78;43;88031;2.71;9.6;0.41;0.42
2010;5;20;140;5.7;4;0.8;4.9;3.4;0.7;1;-0.2;0.15;4.2;1.7;1.52;125;40;9;5;88265;0.99;5.56;0.41;0.42
2010;5;21;141;10.1;6.8;4.1;6.3;5.4;4.1;0.1;-0.6;0.13;4.2;1.7;0.72;359;113;63;18;88346;1.91;4.7;0.41;0.42
2010;5;22;142;12.9;9;4;7.8;5.8;3.4;-0.3;-0.4;0.12;4.2;1.7;0.19;517;191;80;45;88151;2.9;4.46;0.41;0.42
2010;5;23;143;14.3;9.3;1.4;8.4;4.8;1.1;0.1;-0.1;0.12;4.3;1.7;0.03;683;225;90;63;87937;3.41;1.1;0.4;0.42
2010;5;24;144;18.2;11.7;1.6;7.3;4.8;0.7;0.8;0.3;0.12;4.3;1.7;0;812;295;124;91;87608;4.47;0;0.4;0.42
2010;5;25;145;18.5;12.9;5.3;9.4;6.5;3.1;1.3;0.7;0.12;4.3;1.7;0;709;234;85;64;87351;4.04;0.9;0.39;0.42
2010;5;26;146;16.7;11.8;7.9;10.5;7.9;5.5;0.7;0.7;0.12;4.3;1.7;0;630;200;87;54;87018;3.4;6.72;0.38;0.42
2010;5;27;147;11.4;8.8;5.2;9.2;7.3;4.8;0.5;0.8;0.12;4.3;1.7;0;303;97;78;36;87038;2.14;11.14;0.39;0.42
2010;5;28;148;14.6;9;2.5;9;5.9;2.4;0.5;0.1;0.12;4.3;1.7;0;574;184;87;48;87388;2.96;5.48;0.39;0.42
2010;5;29;149;14.6;9.9;5.3;9.2;7;5.1;-0.1;0.1;0.12;4.3;1.7;0;628;178;81;46;87665;3.08;2.32;0.39;0.42
2010;5;30;150;12.6;8.6;5.9;8.2;6.5;4.7;1.3;0.6;0.12;4.3;1.7;0;449;129;69;34;87158;3.05;15.1;0.39;0.42
2010;5;31;151;7.2;4.6;2.6;4.9;3.4;2.1;1.9;-0.1;0.13;4.3;1.7;0.43;378;134;40;21;87140;3.78;21.36;0.4;0.42
2010;6;1;152;9.2;6;3.4;6.6;4.9;2.8;1.3;0;0.13;4.3;1.7;0.25;481;102;47;16;87317;2.25;10.5;0.41;0.42
2010;6;2;153;6.7;6;5.2;6.5;5.8;4.9;1.3;-0.1;0.12;4.3;1.7;0.09;115;37;13;6;87250;1.07;39.34;0.41;0.42
2010;6;3;154;8.2;6.9;6;7.4;6.7;5.9;0.9;-0.5;0.12;4.4;1.8;0.04;235;51;11;3;87463;1.24;23.71;0.43;0.42
2010;6;4;155;17;11.8;6.8;9.8;7.6;6.7;-0.3;-0.4;0.12;4.4;1.8;0;768;234;123;59;87865;3.71;0.2;0.42;0.43
2010;6;5;156;20.2;13.8;3.2;11.3;8.1;2.5;-0.3;0;0.12;4.4;1.8;0;813;301;127;92;87969;4.61;0;0.41;0.43
2010;6;6;157;20.5;14.8;6.8;12.9;9.8;5.7;0.3;0.6;0.12;4.4;1.8;0;611;218;95;60;87626;3.88;4.92;0.4;0.43
2010;6;7;158;15.7;13.3;10.5;12.3;10.9;9.5;0.3;0;0.12;4.4;1.8;0;398;120;56;28;87435;2.35;11.49;0.41;0.43
2010;6;8;159;19.3;14.1;7.9;14.5;11.2;6.9;-0.1;0.3;0.12;4.4;1.8;0;598;195;78;54;87132;3.15;4.37;0.4;0.42
2010;6;9;160;23.2;15.8;5.9;14.8;10.3;5.6;-0.3;0.8;0.12;4.4;1.8;0;721;274;109;81;86968;4.89;0.11;0.4;0.42
2010;6;10;161;26;18.2;9.7;15;10.8;7.4;-0.5;1.3;0.12;4.4;1.8;0;765;266;110;74;87006;5.14;0.02;0.39;0.42
2010;6;11;162;20.1;16;9.6;13.9;12;8.1;-0.2;-0.3;0.12;4.4;1.8;0;616;235;84;64;87200;3.69;0.53;0.38;0.42
2010;6;12;163;17.5;14.6;11;14.8;13;10;0.6;-0.2;0.12;4.4;1.8;0;410;140;59;33;87285;2.21;8.96;0.38;0.42
2010;6;13;164;13.5;12.4;10.5;12.2;11.6;10.4;-0.3;-1;0.12;4.4;1.8;0;176;57;16;6;87327;1.66;22.6;0.38;0.42
2010;6;14;165;15;11.8;9.6;12.3;10.4;8.6;-0.1;-0.5;0.12;4.4;1.8;0;456;156;73;33;87372;3.31;14.46;0.4;0.42
2010;6;15;166;16.3;12.6;9.4;12;10.8;8.5;-0.9;-0.5;0.12;4.5;1.8;0;408;114;59;31;87531;2.03;2.68;0.4;0.42
2010;6;16;167;11.1;10.3;9.3;11;10.1;9.2;-1.1;-1;0.12;4.5;1.8;0;130;41;6;1;87315;1.14;7.65;0.4;0.42
2010;6;17;168;16.9;11.8;8;12.6;10.3;8;-0.2;-0.2;0.12;4.5;1.8;0;534;153;69;37;87254;2.73;15.82;0.4;0.42
2010;6;18;169;9.4;8;5;8.9;7.7;4.9;1.1;0.9;0.12;4.5;1.8;0;175;64;53;22;87082;2.18;17.62;0.41;0.42
2010;6;19;170;8.2;6.6;4;7.9;6.3;3.8;0.3;-0.4;0.12;4.5;1.8;0;148;53;32;16;86685;1.71;22.15;0.42;0.42
2010;6;20;171;6;4.5;3.2;5.7;4.1;3;0;-1;0.15;4.5;1.8;1.15;278;88;22;13;86906;2.28;17.98;0.43;0.42
2010;6;21;172;9.6;6.6;4.2;6.4;4.8;3.8;0;-0.8;0.14;4.5;1.8;0.75;469;134;55;26;87520;2.48;5.25;0.43;0.42
2010;6;22;173;10.8;7.9;4.8;6.3;4.6;3.5;-0.5;-0.5;0.13;4.5;1.8;0.3;426;153;61;37;87921;2.39;1.26;0.42;0.42
2010;6;23;174;14.7;10.3;4.6;6.4;5;3.7;-0.9;-0.4;0.12;4.5;1.8;0.08;729;246;92;63;87966;3.74;0.05;0.41;0.43
2010;6;24;175;16;11.3;4.7;8;5.6;3.5;-0.2;-0.3;0.12;4.5;1.8;0.01;647;244;104;69;87829;3.78;0.01;0.41;0.43
2010;6;25;176;18.1;12.6;4.5;10.3;6.8;3.5;-0.1;0;0.12;4.5;1.8;0;737;271;113;76;87665;4.3;0.35;0.4;0.42
2010;6;26;177;17.6;13.5;6.3;11.5;8.4;5.4;-0.3;-0.2;0.12;4.5;1.8;0;624;243;90;72;87675;3.9;0.74;0.39;0.42
2010;6;27;178;20.1;14.6;5.8;12.2;8.6;4.6;-0.4;-0.1;0.12;4.5;1.8;0;785;286;124;85;87890;4.64;0.01;0.38;0.42
2010;6;28;179;20.3;15.1;6.7;11.7;8.8;5.6;-0.1;-0.2;0.12;4.5;1.8;0;759;275;121;83;87987;4.52;0;0.37;0.42
2010;6;29;180;20.6;15.4;7;11.1;8.7;5.9;-0.1;0;0.12;4.5;1.8;0;709;274;108;82;87985;4.56;0.01;0.36;0.42
2010;6;30;181;19.8;15.6;9.6;13.8;10.9;7.8;0.2;0;0.12;4.5;1.9;0;644;226;86;61;88037;3.62;1.45;0.36;0.42
2010;7;1;182;21;16.2;9.1;14;11.1;7.9;-0.3;0.1;0.12;4.6;1.9;0;627;240;93;73;87913;3.94;0.57;0.35;0.42
2010;7;2;183;23.5;17.7;8.7;13.3;10.3;7.5;-0.2;0;0.12;4.6;1.9;0;752;281;111;84;87912;4.83;0;0.34;0.42
2010;7;3;184;24.2;18.1;9.5;13.5;10.4;7.9;0.3;0;0.12;4.6;1.9;0;804;296;129;89;87962;5;0;0.34;0.42
2010;7;4;185;20;15.5;11.2;15;12.9;9.5;0.6;0.2;0.12;4.6;1.9;0;575;173;80;50;88087;2.98;7.59;0.33;0.42
2010;7;5;186;19.6;14.9;11.3;14.6;12.6;10.9;0.6;0;0.12;4.6;1.9;0;591;196;65;42;88045;3.81;13.74;0.34;0.42
2010;7;6;187;15.7;12.8;10.3;12.8;10.6;8.4;0.6;-0.4;0.12;4.6;1.9;0;617;184;83;45;88164;3.59;10.24;0.35;0.42
2010;7;7;188;16.5;13.3;9.3;9;7.8;7.2;-0.3;-0.6;0.11;4.6;1.9;0;602;226;102;69;88237;3.86;0.07;0.34;0.42
2010;7;8;189;22.4;16.6;8.2;13.8;10.3;6.6;0;-0.1;0.11;4.6;1.9;0;805;299;120;91;88214;5.08;0;0.34;0.42
2010;7;9;190;25.3;18.8;9.4;15.1;11.2;8.2;-0.1;0.2;0.11;4.6;1.9;0;785;295;118;87;88263;5.47;0;0.33;0.42
2010;7;10;191;26.3;20.3;12.5;15.7;13;10.7;-0.3;0.1;0.11;4.6;1.9;0;785;285;117;82;88196;5.26;0.11;0.33;0.41
2010;7;11;192;24;18.3;12.2;17.1;14.3;10.5;0.5;0.4;0.11;4.6;1.9;0;676;222;91;64;88058;3.94;3.64;0.32;0.41
2010;7;12;193;24.9;19.2;12.2;18.4;13.3;11;0.4;0.2;0.11;4.6;1.9;0;710;254;102;67;87799;4.73;2.57;0.32;0.41
2010;7;13;194;22.7;18.2;13;16.8;14.2;12.2;-0.1;0.2;0.11;4.6;1.9;0;668;222;92;65;87604;4.12;1.36;0.31;0.41
2010;7;14;195;26.7;20.2;12.6;18.5;13.8;10.9;-0.1;0.2;0.11;4.6;1.9;0;694;246;95;70;87413;4.56;0.86;0.31;0.41
2010;7;15;196;20.1;17.3;14.9;15.8;15;13.8;0;-0.4;0.11;4.6;1.9;0;549;143;52;26;87755;2.94;5.09;0.31;0.41
2010;7;16;197;24.2;19.2;13.9;18.2;15.9;13.7;0.1;0.2;0.11;4.6;1.9;0;674;224;82;53;87892;3.93;4.89;0.31;0.41
2010;7;17;198;18.4;15.4;11.4;16.6;14.3;11.1;0.7;-0.1;0.11;4.6;1.9;0;429;144;56;34;88027;3.62;39.84;0.32;0.41
2010;7;18;199;15.2;12.7;10.7;11;10.2;9.4;-0.3;-0.5;0.11;4.6;1.9;0;545;161;70;44;88444;3.08;3.17;0.34;0.41
2010;7;19;200;17.9;14.1;9;11.3;10.1;8.8;-1.1;-0.5;0.11;4.6;1.9;0;632;215;87;60;88150;3.52;0.24;0.34;0.41
2010;7;20;201;21.3;16.5;10.2;14.9;12.2;9.4;-0.4;-0.1;0.11;4.6;1.9;0;744;262;104;80;87664;4.18;0.02;0.33;0.41
2010;7;21;202;23.6;17.9;9.5;16.5;12.7;8.6;0.1;0.5;0.11;4.6;1.9;0;673;245;102;72;87438;4.53;0.23;0.33;0.41
2010;7;22;203;21.9;17.4;13.6;17.2;14.6;11.7;0.1;0;0.11;4.6;1.9;0;624;204;75;50;87567;3.75;22.44;0.33;0.4
2010;7;23;204;15.9;13.6;9.8;14.2;12.9;9.5;0.6;-0.5;0.11;4.6;1.9;0;218;74;27;14;87667;2.82;33.06;0.35;0.4
2010;7;24;205;10.4;8.8;7.8;9.7;8.5;7.5;1.6;0;0.11;4.6;1.9;0;172;50;28;14;87836;2.48;27.73;0.37;0.4
2010;7;25;206;12.8;9.8;7.4;8.8;6.6;4.3;1.1;-0.4;0.11;4.6;1.9;0;590;173;73;36;87645;3.5;6.31;0.38;0.4
2010;7;26;207;14.3;10.7;6.9;9.7;6.9;4.9;0.6;0.1;0.11;4.6;1.9;0;612;215;84;59;87435;3.43;6.67;0.38;0.4
2010;7;27;208;13.6;10.5;8.1;10;8.8;7.5;0.9;0;0.11;4.6;1.9;0;417;147;69;35;87694;3.5;20.81;0.4;0.4
2010;7;28;209;16.1;11.3;6.5;11.4;8.5;5.6;1;0.5;0.11;4.6;1.9;0;574;162;102;48;87777;2.92;4.23;0.4;0.4
2010;7;29;210;14.3;9.9;6.7;10.6;8.1;6.4;0.9;0.3;0.11;4.6;1.9;0;427;125;82;40;87270;2.99;11.92;0.4;0.4
2010;7;30;211;12.4;9.5;6.6;9.5;7.8;6.2;0.6;-0.2;0.11;4.6;1.9;0;445;147;71;40;87531;3.2;10.56;0.41;0.4
2010;7;31;212;17.7;11.9;4.2;9.9;7.3;4.1;-0.4;0;0.11;4.5;1.9;0;727;252;108;74;87762;4.04;0;0.41;0.4
2010;8;1;213;21.5;15.5;6.4;15.4;10.4;5.3;0.2;0.3;0.11;4.5;1.9;0;750;257;108;75;87801;4.34;0.02;0.4;0.4
2010;8;2;214;18.1;14.9;11.8;15.3;13.4;11.6;0.3;0.2;0.11;4.5;1.9;0;392;102;53;29;87666;2.37;17.86;0.4;0.4
2010;8;3;215;14.3;11.7;8.5;11.7;10.4;7.7;0.7;-0.2;0.11;4.5;1.9;0;526;151;63;36;87555;3.77;25.09;0.42;0.4
2010;8;4;216;16.5;11.9;5.8;9.1;7.6;5.5;0.1;0;0.11;4.5;1.8;0;556;202;80;55;87301;3.56;0.45;0.42;0.41
2010;8;5;217;11.2;9.9;7.8;10.9;9.1;7.5;0.7;0.4;0.11;4.5;1.8;0;102;32;32;15;86929;1.48;40.76;0.42;0.41
2010;8;6;218;9.5;8.1;7;9.1;7.9;6.5;1.4;0.6;0.11;4.5;1.8;0;210;46;34;10;87544;1.97;23.44;0.43;0.42
2010;8;7;219;14.6;10.5;7;9;7.8;6.6;0.5;0.4;0.11;4.5;1.8;0;353;99;80;28;87891;2.15;1.28;0.43;0.42
2010;8;8;220;16.8;11.6;5.6;11.2;8.9;4.9;0.6;0.6;0.11;4.5;1.8;0;448;170;82;51;87836;2.9;6.22;0.42;0.42
2010;8;9;221;18.3;13.6;8.2;10.9;9.6;8.2;0;-0.2;0.11;4.5;1.8;0;652;214;105;60;87835;3.66;0.29;0.41;0.42
2010;8;10;222;19;13.8;7.9;14.7;11.3;7.1;0.1;0.3;0.11;4.5;1.8;0;694;210;91;62;87778;3.23;3.11;0.41;0.42
2010;8;11;223;19.2;14;8.7;14.4;11.9;8.4;0.1;0.6;0.11;4.5;1.8;0;636;172;83;49;87704;2.89;5.83;0.4;0.42
2010;8;12;224;18.2;13.4;10.8;13.4;11.5;9.6;0.3;0.4;0.11;4.5;1.8;0;521;130;76;38;87488;2.45;15.78;0.4;0.42
2010;8;13;225;12.6;11;8.7;11.5;10.2;8.6;-0.1;0.1;0.11;4.5;1.8;0;252;70;32;24;87623;1.82;9.34;0.41;0.42
2010;8;14;226;17.3;12.3;6.4;12.3;10;6.2;-1;-0.4;0.11;4.5;1.8;0;556;160;66;33;87398;2.81;2.63;0.41;0.42
2010;8;15;227;15.7;12.2;8.8;11.7;9.9;8.5;0.7;0.1;0.11;4.5;1.8;0;521;183;86;52;87180;3.47;10.33;0.41;0.42
2010;8;16;228;13;9.9;7.8;8.3;7.5;6.4;0.4;0.1;0.11;4.5;1.8;0;550;143;91;39;87411;3.19;15.6;0.41;0.42
2010;8;17;229;13;10.6;8.5;9.1;7.8;6.6;1.3;0.5;0.11;4.4;1.8;0;312;75;55;23;87474;2;4.47;0.41;0.42
2010;8;18;230;14.6;12;9.2;10.8;9.1;7.4;0.2;0.4;0.11;4.4;1.8;0;245;70;39;25;87346;1.18;1.62;0.41;0.42
2010;8;19;231;16.9;13.3;9.5;12.1;10.6;8.8;0.4;-0.1;0.11;4.4;1.8;0;564;154;74;40;87780;2.71;3.27;0.41;0.42
2010;8;20;232;21.1;15;8.2;16;12.4;8.1;0.1;0.3;0.11;4.4;1.8;0;646;180;91;48;88202;2.9;1.26;0.4;0.42
2010;8;21;233;21.3;16.3;10.4;16.4;13.8;10.2;0.1;0.3;0.11;4.4;1.8;0;627;184;79;53;88538;2.85;1.01;0.4;0.42
2010;8;22;234;24.1;17.6;10.2;17.5;13.8;9.6;0.1;0.5;0.11;4.4;1.8;0;720;232;109;72;88069;3.96;0.59;0.39;0.42
2010;8;23;235;22.3;16.6;11.1;16.3;13.9;9.8;0.2;0.8;0.11;4.4;1.8;0;460;141;76;51;87338;2.59;13.74;0.39;0.42
2010;8;24;236;19.6;15.1;11.8;14.6;13.1;10.4;0.8;-0.2;0.11;4.4;1.8;0;536;164;78;33;87413;3.38;20.66;0.4;0.42
2010;8;25;237;16.9;13.3;10.5;10.7;9.9;9.3;0.2;-0.5;0.11;4.4;1.8;0;413;140;93;42;87866;2.8;0.69;0.4;0.42
2010;8;26;238;24.1;16.9;8.9;17.8;12.1;7.4;0.4;0.8;0.11;4.4;1.8;0;705;229;103;72;87648;4.02;0;0.39;0.42
2010;8;27;239;17.2;14.6;12.1;14.2;12;10.8;1.1;0.8;0.11;4.4;1.8;0;370;83;83;31;87100;2.43;22.36;0.4;0.42
2010;8;28;240;12.1;8.9;5.1;11.8;8.1;4.7;1.1;-0.5;0.11;4.4;1.8;0;229;59;53;21;87474;2.24;26.77;0.42;0.42
2010;8;29;241;11.9;8.1;3.8;5.1;3.7;2.5;1.3;0.1;0.11;4.3;1.8;0;546;174;85;57;87553;3.07;1.62;0.42;0.42
2010;8;30;242;8.5;5.7;3.8;6;3.8;1.2;2.6;0.5;0.11;4.3;1.8;0.17;647;143;85;27;87127;3.96;36.7;0.42;0.42
2010;8;31;243;7.1;5;3.8;5.7;4.3;3.1;1.3;-0.1;0.19;4.3;1.8;2.86;253;65;75;22;87727;1.56;28.13;0.43;0.42
2010;9;1;244;11.8;7.5;4.1;5.1;3.2;1.6;-0.3;-0.2;0.16;4.3;1.8;1.97;592;180;98;64;87718;2.62;0.02;0.42;0.43
2010;9;2;245;14.6;9.3;2;7.3;4.8;1.3;-0.4;-0.2;0.13;4.3;1.7;0.89;640;207;108;76;87648;2.72;0.09;0.42;0.43
2010;9;3;246;14.4;10.6;6.7;8.4;7;5.4;-0.3;-0.3;0.11;4.3;1.7;0.31;517;148;85;51;87753;2.11;0.07;0.41;0.43
2010;9;4;247;11.7;8.6;5.7;10.2;7.9;5.3;0.2;0.2;0.11;4.3;1.7;0.09;332;92;62;33;87728;1.96;16.8;0.41;0.43
2010;9;5;248;12.7;8.8;4.2;7.2;6.1;4.1;-0.5;-0.4;0.1;4.3;1.7;0.03;410;134;65;40;87773;2.22;0.15;0.41;0.43
2010;9;6;249;14;9.6;6;6.5;5.9;5.1;-0.9;-0.4;0.1;4.3;1.7;0;569;181;113;60;87471;2.54;2.21;0.4;0.43
2010;9;7;250;16.2;11.4;7.9;12.8;10;7;-0.4;0.6;0.1;4.3;1.7;0;388;96;70;34;86860;1.68;4.8;0.4;0.43
2010;9;8;251;15.8;10.6;7.6;12.4;9.1;6.5;0.4;0.5;0.1;4.3;1.7;0;399;109;65;38;86764;2.25;17.94;0.39;0.43
2010;9;9;252;12.8;9.3;6.1;6.9;5.4;4.2;0.8;0.1;0.1;4.3;1.7;0;542;150;83;54;87570;2.72;1.2;0.4;0.43
2010;9;10;253;12.4;9.5;5.9;7.4;6.4;4.6;0.3;-0.1;0.1;4.2;1.7;0;416;129;64;49;88116;1.77;1;0.39;0.43
2010;9;11;254;15.5;10;3.7;8.6;6;3.6;-0.5;0.1;0.1;4.2;1.7;0;593;187;103;73;87997;2.72;0;0.39;0.42
2010;9;12;255;17.3;11.2;3.7;10.3;7.2;2.5;0.3;0.2;0.1;4.2;1.7;0;632;185;112;72;87839;2.59;0.9;0.38;0.42
2010;9;13;256;9.4;8.1;7.1;8.5;6.9;5.4;1;0;0.1;4.2;1.7;0;247;60;33;16;88256;1.87;19.79;0.39;0.42
2010;9;14;257;12.5;9.1;4.2;9.1;6.1;3.3;0.5;0.6;0.1;4.2;1.7;0;314;91;62;46;88231;1.41;0;0.39;0.42
2010;9;15;258;17.6;11.6;5.1;9.3;6.7;4.1;1;0.2;0.1;4.2;1.7;0;612;162;98;53;87535;2.61;0.18;0.38;0.42
2010;9;16;259;12.8;10.4;9;9.8;8.2;6.6;0.6;-0.3;0.1;4.2;1.7;0;400;106;51;28;87274;1.63;2.17;0.38;0.42
2010;9;17;260;9.9;8.9;8;8.5;6.7;5;0.4;-0.6;0.1;4.2;1.7;0;181;47;26;15;87339;1.32;4.02;0.38;0.42
2010;9;18;261;9.5;7.7;5.8;5.4;4.8;4.2;-0.6;-0.7;0.1;4.1;1.7;0;220;62;45;24;87473;1.28;1.18;0.37;0.42
2010;9;19;262;10.2;7.2;4.1;4.3;3.4;2.6;-0.1;-0.6;0.1;4.1;1.7;0;391;117;88;45;87647;2.01;1.1;0.37;0.42
2010;9;20;263;15.6;9;2;8.6;4.5;0.7;0;0.4;0.1;4.1;1.7;0;620;187;119;86;87766;2.48;0;0.37;0.42
2010;9;21;264;16.6;10.2;3.3;9;6.1;1.9;-0.3;0.2;0.1;4.1;1.6;0;617;185;117;83;87952;2.44;0;0.36;0.42
2010;9;22;265;17.6;11.2;4.4;12;8.3;3.3;-0.1;0.3;0.1;4.1;1.6;0;597;167;110;74;87985;2.06;0.02;0.36;0.42
2010;9;23;266;18;11.6;5.2;12.7;8.7;4.2;0.1;0.6;0.1;4;1.6;0;590;164;108;71;87574;2.16;0.41;0.35;0.42
2010;9;24;267;17;10.4;5.4;9.4;6.6;4.5;0.4;0.5;0.09;4;1.6;0;537;152;99;59;86638;2.87;8.52;0.35;0.42
2010;9;25;268;6.5;4.9;3.7;5.1;4.2;3.5;1;0.3;0.12;4;1.6;0.66;166;38;23;9;86367;1.79;21.22;0.36;0.42
2010;9;26;269;7;4.5;2.2;3.9;1.4;0;0.6;-0.7;0.11;4;1.6;0.55;384;91;45;27;86740;1.92;2.84;0.37;0.42
2010;9;27;270;6.7;4.8;3.3;2.9;2.1;1.6;0.5;-0.5;0.11;4;1.6;0.38;245;70;49;29;86965;1.24;2.28;0.37;0.41
2010;9;28;271;7.4;4.5;0.7;2.4;1.5;0.3;1.1;-0.2;0.1;4;1.6;0.25;327;87;41;27;87384;1.62;1.7;0.37;0.41
2010;9;29;272;7.8;6;4.4;4.7;3.7;2.3;0.4;-0.3;0.1;3.9;1.6;0.09;242;74;57;32;87638;1.23;1.37;0.37;0.41
2010;9;30;273;10.3;6.9;2.6;5.4;4;1.7;0.2;0.1;0.09;3.9;1.6;0.06;360;99;71;44;87510;1.25;0.44;0.36;0.41
2010;10;1;274;10;6.9;4;6.2;4.5;3;0.2;0.3;0.09;3.9;1.6;0.03;316;82;68;41;87368;1.26;1.09;0.36;0.41
2010;10;2;275;13.6;7.3;1.4;8.1;4.1;1;-0.2;0.9;0.09;3.9;1.6;0;294;84;74;45;87506;1.22;0;0.36;0.41
2010;10;3;276;18;9.7;2.7;10.3;5.9;1.5;-0.3;1.1;0.09;3.9;1.6;0;516;147;108;73;87170;1.99;0;0.36;0.41
2010;10;4;277;18.7;11.1;4.8;9;5.9;3.3;-0.5;1.6;0.09;3.8;1.5;0;557;156;115;73;86663;2.32;0;0.35;0.41
2010;10;5;278;12;9.5;7.6;11.3;8.8;6;0.2;0.3;0.09;3.8;1.5;0;216;42;27;15;86990;0.87;17.63;0.35;0.41
2010;10;6;279;16.8;10.7;5.2;11.2;8.8;5.2;-0.3;0.3;0.09;3.8;1.5;0;513;136;100;57;87439;1.85;0;0.36;0.41
2010;10;7;280;16.7;10.6;5.2;10.8;8.7;5.1;-0.4;0;0.09;3.8;1.5;0;445;116;81;49;87857;1.4;0;0.36;0.41
2010;10;8;281;17.3;11.2;6.1;11.8;9;5.3;-0.2;0.2;0.09;3.8;1.5;0;514;140;107;71;87824;1.56;0.01;0.36;0.41
2010;10;9;282;15.3;9.6;5;9.6;7.4;4.3;-0.3;0.1;0.09;3.7;1.5;0;483;128;96;65;87553;1.39;0.03;0.35;0.41
2010;10;10;283;12.8;7.6;4;6.3;4.8;2.8;-0.8;-0.1;0.09;3.7;1.5;0;486;130;108;74;86940;1.44;0;0.35;0.41
2010;10;11;284;13.2;7;1.5;5;3.4;0.6;-0.7;0;0.09;3.7;1.5;0;536;149;124;91;86862;1.6;0;0.35;0.41
2010;10;12;285;11.4;5.9;1.1;5.6;3.5;0.2;-0.3;0;0.09;3.7;1.5;0;496;136;116;78;87088;1.24;0;0.35;0.41
2010;10;13;286;10.4;6.1;3.8;5.4;4.3;2.7;-0.5;-0.4;0.09;3.7;1.5;0;446;119;97;64;87012;0.97;0.02;0.34;0.41
2010;10;14;287;9;5.2;2.2;4.2;3.4;2.1;-0.1;-0.5;0.09;3.6;1.5;0;473;117;107;65;87102;1.04;0.09;0.34;0.41
2010;10;15;288;7.2;4;1.5;2.7;2;1.2;-0.2;-0.6;0.09;3.6;1.5;0;419;106;95;41;86976;0.98;0.67;0.34;0.41
2010;10;16;289;3.8;2.3;1.3;2.3;1.2;0.5;0.3;-0.7;0.09;3.6;1.5;0.24;203;46;31;19;86717;1.31;6.78;0.34;0.41
2010;10;17;290;2.2;1.2;0.5;2.1;0.9;0;-0.7;-1.1;0.18;3.6;1.4;2.81;140;34;19;9;87030;1.18;9.83;0.34;0.41
2010;10;18;291;2.9;1.3;0.6;0.5;0;-0.9;-0.3;-1;0.23;3.6;1.4;4.42;178;42;45;16;87423;1.12;2.46;0.35;0.4
2010;10;19;292;5.5;2.3;-0.6;-0.8;-1.6;-2.5;1.2;0.2;0.21;3.6;1.4;4.11;385;92;94;50;86919;1.1;1.26;0.35;0.4
2010;10;20;293;1.6;-0.5;-3.2;0;-1.6;-4.1;1.4;0.2;0.4;3.6;1.4;12.36;169;46;70;35;86832;0.74;21.32;0.35;0.4
2010;10;21;294;1.4;-1.5;-5.6;-4.1;-5.2;-7.1;0.9;0.1;0.51;3.6;1.4;21.45;238;62;96;59;87875;0.68;2.5;0.35;0.4
2010;10;22;295;6.1;1.6;-2.7;-0.1;-3.8;-8.6;0.1;0.6;0.49;3.6;1.4;20.35;260;59;97;44;87764;0.52;0;0.35;0.4
2010;10;23;296;9.2;3.4;-0.5;2.3;-0.2;-2.8;-0.1;0.9;0.44;3.5;1.4;17.59;190;42;69;31;87197;0.43;0.08;0.35;0.4
2010;10;24;297;3;1.4;-0.5;2.2;0.1;-2.9;0.2;0.1;0.39;3.5;1.4;15.24;89;20;34;13;86871;0.22;6.4;0.35;0.4
2010;10;25;298;-0.1;-1.5;-2.9;-0.2;-1.8;-3.4;-0.5;-1.2;0.49;3.5;1.4;27.96;66;14;25;11;87292;0.24;22.1;0.36;0.4
2010;10;26;299;-0.1;-2.6;-7.2;-3.2;-4.4;-8.1;-0.6;-0.2;0.51;3.5;1.4;36.66;214;51;83;43;88105;0.42;0.44;0.36;0.4
2010;10;27;300;5.1;-2.7;-12.6;-0.3;-6.1;-14;0;0.8;0.51;3.5;1.4;36.05;244;62;88;52;88056;0.41;0;0.35;0.4
2010;10;28;301;9.1;1.5;-5.2;3;-1.9;-7.5;0.2;1;0.5;3.5;1.4;33.86;194;44;76;33;87969;0.25;0;0.36;0.4
2010;10;29;302;13;2.6;-6.2;5.6;-1.4;-8.1;-0.1;1.5;0.46;3.5;1.4;29.59;255;65;92;59;87385;0.35;0;0.36;0.4
2010;10;30;303;11.3;3.7;-2.9;4.4;-0.5;-5.8;-0.1;1.7;0.42;3.5;1.4;25.45;183;49;65;46;86744;0.25;0;0.36;0.4
2010;10;31;304;10.1;4.3;-0.4;3.6;0.8;-2.3;-0.6;1.5;0.37;3.5;1.4;21.74;291;71;92;54;86328;0.56;0.55;0.36;0.4
2010;11;1;305;11.4;6.6;1.6;7.8;4;-0.2;-0.1;1.1;0.31;3.5;1.4;18.16;195;45;52;32;86740;0.29;0.26;0.37;0.4
2010;11;2;306;6.5;5.2;3.9;5.5;4.4;2.8;0.5;0;0.28;3.5;1.4;15.44;59;13;34;3;87351;0.06;1.51;0.37;0.4
2010;11;3;307;10.4;5.7;1.3;5;3.3;1.2;0.7;0.5;0.25;3.4;1.4;12.35;264;67;93;42;87780;0.61;0;0.37;0.4
2010;11;4;308;13.1;6.5;0.8;6.2;3;-0.8;1;0.9;0.23;3.4;1.4;9.57;323;76;88;52;88445;0.67;0;0.37;0.4
2010;11;5;309;13.4;6;0.1;7.9;3.5;-1.2;0.7;0.7;0.21;3.4;1.4;6.84;336;82;97;62;88382;0.58;0;0.37;0.4
2010;11;6;310;10.2;5.1;-0.2;5.1;2.7;-1.2;0.8;0.5;0.17;3.4;1.4;4.76;324;75;88;49;87511;0.63;0.01;0.37;0.4
2010;11;7;311;8.9;4;0.7;4.3;2.1;0.5;0.3;0.3;0.15;3.4;1.4;3.88;218;49;64;29;86089;0.65;7.74;0.37;0.4
2010;11;8;312;1;-0.4;-3.3;0.7;-1.7;-5.4;-0.3;0;0.26;3.4;1.4;7.06;125;26;61;31;84668;0.62;3.82;0.38;0.4
2010;11;9;313;6;0.4;-3.1;-0.8;-3.6;-6.5;-0.1;1;0.28;3.4;1.4;7.78;281;67;104;61;84239;0.68;0.55;0.38;0.4
2010;11;10;314;4.7;0.4;-3.9;-0.3;-3.3;-6.7;0.4;0.7;0.27;3.4;1.4;7.26;163;46;77;49;85257;0.31;1.44;0.37;0.4
2010;11;11;315;4.6;0.7;-2;-1.1;-3.1;-5.2;0.6;0.6;0.27;3.4;1.4;7.92;237;60;104;43;86624;0.78;2.01;0.37;0.4
2010;11;12;316;6;4.1;0.9;5.3;2.1;-2.8;1.3;1.5;0.25;3.4;1.4;6.92;87;15;48;7;86403;0.64;7.83;0.38;0.4
2010;11;13;317;12.7;5.4;-0.4;7.1;2.5;-1.9;0.4;1;0.2;3.3;1.4;4.68;311;72;94;61;86664;0.64;0;0.38;0.4
2010;11;14;318;13.3;4.4;-1.8;6.6;1.1;-3.2;-0.1;1.7;0.16;3.3;1.3;3.31;330;77;102;65;86604;0.65;0;0.38;0.4
2010;11;15;319;11.3;5.1;0.3;6.2;2.4;-1.3;0.1;0.5;0.13;3.3;1.3;2.38;319;72;86;44;86834;0.56;1.42;0.38;0.4
2010;11;16;320;3.8;0.9;-1;3.6;0.6;-2.1;0.7;-0.5;0.17;3.3;1.3;3.95;99;18;21;10;87099;0.62;12.16;0.39;0.4
2010;11;17;321;3.7;0.3;-2;0.9;-0.9;-2.7;-0.3;-0.2;0.29;3.3;1.3;7.6;232;53;76;47;86618;0.42;0.15;0.39;0.4
2010;11;18;322;3.1;0.8;-1.5;1.3;-0.5;-3.1;0.2;0.1;0.28;3.3;1.3;7.33;146;32;49;20;86665;0.27;5.32;0.39;0.4
2010;11;19;323;0.3;-1.5;-5.7;-0.1;-2;-6.8;0.2;0.5;0.35;3.3;1.3;10.45;62;17;80;31;87236;0.21;4.44;0.39;0.4
2010;11;20;324;3.5;-2.2;-7.2;-0.9;-4.8;-8.9;-0.2;1.1;0.35;3.3;1.3;10.93;191;40;81;51;87020;0.35;0;0.39;0.4
2010;11;21;325;4.5;-0.5;-4.2;0.5;-3;-7.2;-0.1;0.4;0.34;3.3;1.3;10.54;162;31;75;32;86177;0.19;2.02;0.39;0.4
2010;11;22;326;1.6;-0.6;-1.8;0.3;-1.2;-2.7;0.9;-0.2;0.39;3.3;1.3;14.52;138;24;47;20;85641;0.25;6.15;0.39;0.4
2010;11;23;327;-1.2;-2.7;-5.3;-2.8;-4.2;-7;1.4;-0.3;0.46;3.3;1.3;19.82;91;21;48;22;86016;0.32;6.57;0.39;0.4
2010;11;24;328;-2.1;-4.6;-6.4;-6.2;-7.8;-10;1.4;0.5;0.5;3.3;1.3;23.78;132;28;71;34;86329;0.29;1.68;0.38;0.4
2010;11;25;329;-1.3;-6.1;-11.2;-6.8;-10.2;-13.5;0.1;0.9;0.5;3.3;1.3;24.21;179;38;87;44;86034;0.22;0.14;0.38;0.4
2010;11;26;330;-5.1;-6.9;-8.7;-7;-9.9;-13.4;1.2;0.1;0.5;3.3;1.3;27.79;74;14;35;19;85816;0.16;7.17;0.38;0.4
2010;11;27;331;-5;-8.4;-13.4;-10.6;-12.3;-14.7;-0.1;0.8;0.51;3.3;1.3;31.24;176;37;90;48;85960;0.17;0.06;0.38;0.4
2010;11;28;332;-2.4;-6.4;-11.4;-5.9;-9.8;-15.8;-0.3;0.4;0.51;3.3;1.3;31.66;102;20;43;22;85792;0.15;2.07;0.38;0.4
2010;11;29;333;-3.5;-6.5;-16.6;-6.1;-8.8;-17.9;1.4;0.3;0.52;3.3;1.3;36.9;107;22;85;39;85953;0.23;5.01;0.38;0.4
2010;11;30;334;-4.8;-12.3;-23.7;-10.9;-16.5;-25.9;-0.4;1;0.52;3.3;1.3;38.02;174;36;94;44;86210;0.11;0.23;0.38;0.4
2010;12;1;335;-3;-5.6;-8.2;-5.3;-8.1;-11.5;0.1;0.2;0.52;3.3;1.3;40.31;60;13;44;12;85297;0.08;6.99;0.38;0.4
2010;12;2;336;-4.9;-6.3;-9.9;-6.9;-8.3;-11.8;0.2;-0.1;0.52;3.3;1.3;46.2;103;19;65;30;86040;0.13;2.55;0.37;0.4
2010;12;3;337;-5.4;-7.8;-10.4;-8.5;-9.9;-12.4;0.1;-0.1;0.53;3.3;1.3;49.54;100;19;56;21;86268;0.07;2.69;0.37;0.4
2010;12;4;338;-5.3;-9.2;-18;-9.5;-12.6;-20.7;0;0.6;0.52;3.3;1.3;50.59;133;29;86;47;87134;0.12;0.35;0.37;0.4
2010;12;5;339;-2.4;-9.1;-19;-7.6;-13.1;-21.9;0;1.7;0.52;3.3;1.3;50.78;98;20;46;12;86604;0.11;1.13;0.37;0.4
2010;12;6;340;0.6;-1.6;-4.7;-1.5;-3.9;-7.6;-0.3;1.2;0.52;3.3;1.3;55.22;43;10;27;6;85746;0.07;8.85;0.37;0.4
2010;12;7;341;4.1;0.3;-1.7;1.6;-1.9;-4.4;0;1.5;0.5;3.3;1.4;58.11;153;30;75;39;86022;0.1;2.14;0.37;0.4
2010;12;8;342;6.2;0.7;-2.2;2.5;-1.2;-4.2;0.1;1.6;0.48;3.3;1.4;56.86;134;29;63;34;86182;-0.02;0.59;0.37;0.4
2010;12;9;343;0.7;-5;-7.1;-0.3;-7.2;-9.6;2.3;-0.4;0.49;3.3;1.4;62.73;121;21;50;24;87354;0.52;10.88;0.37;0.4
2010;12;10;344;-4.7;-6;-7.3;-6.8;-8.6;-11.4;2.1;0.3;0.51;3.3;1.4;69.89;64;10;46;17;87995;0.28;9.79;0.37;0.4
2010;12;11;345;-0.5;-2.3;-4.7;-2.8;-4.5;-6.9;2.1;0.5;0.53;3.3;1.4;80.84;40;7;50;13;87547;0.22;8.39;0.37;0.4
2010;12;12;346;-3.1;-4.7;-5.8;-4.5;-6.4;-7;1.6;0;0.52;3.3;1.4;85.71;93;20;63;29;86873;0.2;8.64;0.37;0.39
2010;12;13;347;-6.4;-9.7;-13.7;-7.8;-11.9;-15.7;0.6;-0.4;0.53;3.3;1.4;97.78;135;27;95;40;87096;0.2;7.62;0.37;0.39
2010;12;14;348;-10.2;-13.1;-16.5;-13.5;-15.7;-19.2;0.6;0.4;0.53;3.3;1.4;100.22;116;23;44;25;87336;0.04;1.82;0.37;0.39
2010;12;15;349;-10.6;-12.1;-13.3;-13.8;-14.7;-15.4;1.5;0.2;0.53;3.3;1.4;105.16;73;15;30;15;87408;0.12;6.58;0.37;0.39
2010;12;16;350;-9.8;-13.7;-17;-15.7;-18;-21.4;0.4;1.2;0.54;3.3;1.3;108.31;141;29;79;45;86518;0.08;0.61;0.37;0.39
2010;12;17;351;-7.9;-10.7;-15;-10.1;-13.8;-19.3;0.3;0.7;0.53;3.3;1.3;111.08;55;12;24;5;85081;0.03;5.06;0.37;0.39
2010;12;18;352;-8.3;-14.6;-21.6;-11.6;-18;-24.9;0.1;1.2;0.53;3.3;1.3;113.58;148;30;82;57;85581;0.04;0.06;0.36;0.39
2010;12;19;353;-7.6;-11.9;-21.4;-12.9;-16.5;-24.8;-0.1;2.1;0.53;3.3;1.3;113.7;124;25;69;28;85654;0.06;0.14;0.36;0.39
2010;12;20;354;-1.7;-5.8;-8.8;-5.7;-9.3;-12.9;0.3;1.6;0.53;3.3;1.3;114.22;129;24;52;25;86079;0.07;0.96;0.36;0.39
2010;12;21;355;-2.7;-6.6;-11.8;-5.9;-9.3;-14.6;0;1.7;0.52;3.2;1.3;114.71;101;21;53;27;86330;0.04;0.16;0.36;0.39
2010;12;22;356;1;-2.1;-4.3;-1.9;-4.5;-6.4;-0.1;1.8;0.52;3.2;1.3;115.16;92;18;64;30;86070;0.03;0.46;0.36;0.39
2010;12;23;357;1.8;-1.4;-3.6;-1.4;-3.6;-5.6;0;1.8;0.51;3.2;1.3;115.55;118;20;50;32;85567;0.08;0.59;0.36;0.39
2010;12;24;358;-0.6;-1.9;-4.8;-1.4;-3.1;-5.4;0.8;-0.3;0.51;3.2;1.3;121.43;50;10;25;13;85446;0.22;9.45;0.36;0.39
2010;12;25;359;-5.1;-8.4;-10.8;-5.7;-9.9;-12.1;0.5;-0.9;0.52;3.2;1.3;126.89;60;11;21;15;86657;0.24;4.5;0.36;0.39
2010;12;26;360;-8.8;-12.6;-18.1;-12.3;-15.8;-21;0.5;0.2;0.52;3.2;1.3;129.44;125;25;85;46;87532;0.09;0.48;0.36;0.39
2010;12;27;361;-7.9;-15.1;-21.9;-14.2;-19;-24.4;0.2;1.3;0.52;3.2;1.3;129.62;145;30;66;40;87511;0.04;0.06;0.36;0.39
2010;12;28;362;-2.4;-8.8;-16.9;-7.1;-12;-19.3;0.2;1.1;0.52;3.2;1.3;130.27;99;20;30;7;87420;0;3.18;0.36;0.39
2010;12;29;363;-0.1;-3.1;-6.8;-2.4;-4.8;-8.3;0;0.5;0.52;3.2;1.3;134.79;78;16;36;10;87588;-0.01;2.71;0.35;0.39
2010;12;30;364;1.1;-5.3;-10.2;-3.2;-7.6;-12;0;0.9;0.52;3.2;1.3;135.63;138;28;77;47;87618;0.03;0.01;0.35;0.39
2010;12;31;365;-0.5;-7.5;-13.3;-4.6;-10.4;-15.2;0.2;0.9;0.52;3.2;1.3;135.64;138;28;64;44;87615;0.01;0;0.35;0.39
2011;1;1;1;-0.5;-8;-14.8;-5.5;-11;-17.1;0.3;0.7;0.52;3.1;1.3;135.67;148;31;74;45;87347;0.02;0.13;0.35;0.39
2011;1;2;2;-5.9;-8.5;-11.9;-8.2;-10.5;-14.8;0.5;0.2;0.52;3.1;1.3;137.18;90;17;44;18;87330;0.02;2.3;0.35;0.39
2011;1;3;3;-6.4;-11.6;-18.6;-11.3;-14.6;-20.6;0.1;0.8;0.52;3.1;1.3;138.12;134;29;86;55;87445;0.05;0.02;0.35;0.39
2011;1;4;4;-6.1;-15.7;-21.7;-12.6;-19.6;-24.1;0.1;1.3;0.51;3.1;1.3;138.14;136;29;74;44;86998;0.04;0;0.35;0.39
2011;1;5;5;-4.3;-15;-21.6;-10.9;-19.2;-24.3;0.1;1.6;0.51;3.1;1.3;138.15;162;34;76;47;86754;0.01;0;0.35;0.39
2011;1;6;6;-3;-7.8;-16.9;-6.1;-11.7;-19.6;0;2.1;0.51;3.1;1.3;138.29;95;19;43;4;86532;0.02;1.62;0.35;0.39
2011;1;7;7;2.1;-0.8;-2.9;-1.3;-3.6;-5.8;-0.1;1.8;0.5;3.1;1.3;140.54;116;22;63;23;87047;0.16;1.18;0.35;0.39
2011;1;8;8;3.1;-0.8;-3.8;-0.3;-3.1;-5.6;0;1.7;0.49;3.1;1.3;140.63;139;27;84;42;87131;0.21;0.02;0.35;0.39
2011;1;9;9;4.1;-1.2;-6;-0.6;-3.9;-7.4;0.2;1.3;0.48;3.1;1.3;140.5;152;31;72;38;87115;0.16;1.43;0.35;0.39
2011;1;10;10;0.6;-0.8;-2.9;-1;-1.8;-3.7;-0.3;-0.2;0.48;3.1;1.2;144.13;93;20;44;22;87393;0.09;3.71;0.35;0.39
2011;1;11;11;3.2;-2.8;-7.9;-1.6;-5.3;-9.3;0.3;0.8;0.48;3.1;1.2;145.1;176;37;88;48;86845;0.23;0.56;0.35;0.39
2011;1;12;12;1.3;-0.6;-2.6;-1.2;-2.9;-4.3;1;0.7;0.48;3;1.2;146.74;121;22;48;14;87478;0.18;5.42;0.34;0.39
2011;1;13;13;4.5;3.5;1.6;2.3;1.3;-0.9;1.9;1.1;0.47;3;1.2;146.65;40;9;29;1;87498;-0.21;18.15;0.36;0.39
2011;1;14;14;6.9;2;-3.6;4;0.3;-4.8;0.6;1;0.45;3;1.2;138.14;180;36;89;38;87608;-0.05;1.24;0.37;0.39
2011;1;15;15;3.4;-0.4;-4.9;0.2;-2.2;-7.1;0.9;0.7;0.45;3;1.2;136.93;146;31;85;41;88117;0.14;1.95;0.38;0.39
2011;1;16;16;6.6;-1.9;-7.2;3.3;-4.2;-9;0.1;1.4;0.44;3;1.2;136.57;196;43;91;60;88267;0.12;0;0.37;0.39
2011;1;17;17;6.2;-2.4;-8;2.5;-5.3;-10.8;0.3;1.2;0.44;3;1.2;136.24;192;43;88;61;88154;0.04;0;0.37;0.39
2011;1;18;18;4.7;-1.8;-7.5;-0.7;-5.6;-11.7;0.3;1;0.43;3;1.2;135.96;179;39;87;45;88057;0.07;0.2;0.37;0.39
2011;1;19;19;-0.9;-3.5;-9.2;-2.6;-4.8;-10.7;0.9;-0.3;0.46;3;1.2;140.43;111;21;66;30;87919;0.2;9.05;0.37;0.39
2011;1;20;20;-5.3;-8.9;-11.8;-9.5;-11.6;-14.2;0.4;0.6;0.5;3;1.2;145.48;163;35;75;44;87690;0.23;2.03;0.37;0.39
2011;1;21;21;-6.3;-9.4;-12.2;-10.5;-11.9;-14.3;-0.5;-0.4;0.51;3;1.2;148.82;151;32;54;27;87919;0.15;3.58;0.37;0.39
2011;1;22;22;-7.6;-10.1;-13.2;-11.2;-12.7;-15.3;-0.9;-0.3;0.51;3;1.2;150.84;139;31;69;39;87782;0.16;0.64;0.37;0.39
2011;1;23;23;-6.1;-12.8;-20.4;-11.6;-16.7;-22.7;0;0.7;0.51;3;1.2;151;197;43;89;61;87540;0.08;0.01;0.37;0.39
2011;1;24;24;-4.9;-9.3;-17.4;-6.8;-11.8;-21;0.7;0.8;0.51;3;1.2;153.71;73;16;45;0;87495;-0.02;6.36;0.37;0.39
2011;1;25;25;-2.5;-6.2;-10.2;-7.8;-9.3;-12.6;1.3;0.8;0.52;3;1.2;158.17;161;32;69;27;86919;0.21;3.73;0.37;0.39
2011;1;26;26;-1.5;-3.9;-6.7;-4.8;-6.5;-8;0.6;0.4;0.53;3;1.2;163.65;131;26;59;26;86403;0.19;3.7;0.37;0.39
2011;1;27;27;-3.5;-7.4;-12.4;-6.2;-9.4;-15;-0.4;0.1;0.53;3;1.2;164.92;159;37;69;44;86665;0.02;1.09;0.37;0.39
2011;1;28;28;-3.9;-8.3;-14.2;-7.5;-10.7;-16.3;-0.5;0.4;0.52;3;1.2;165.79;169;39;80;59;86934;0.05;0.09;0.36;0.39
2011;1;29;29;-2.3;-11.2;-18.1;-8;-15;-20.8;-0.1;1.1;0.52;3;1.2;165.8;162;40;78;52;86853;0.12;0;0.36;0.39
2011;1;30;30;-2.1;-10;-16.7;-7.3;-13.4;-19.3;-0.2;0.8;0.52;3;1.2;165.82;203;47;83;54;86839;-0.03;0;0.36;0.39
2011;1;31;31;-1.1;-8.9;-15.5;-6.2;-12.3;-17.8;0;0.7;0.51;3;1.2;165.87;196;46;82;53;87319;-0.03;0;0.36;0.39
2011;2;1;32;0.3;-8.7;-16.6;-6.1;-13;-19.7;0.2;0.8;0.51;3;1.2;165.89;197;47;89;58;87688;0.03;0;0.36;0.39
2011;2;2;33;-0.9;-9.6;-17.5;-7.5;-13.9;-21;0.1;0.8;0.51;3;1.2;165.92;208;50;80;60;88095;-0.04;0;0.36;0.39
2011;2;3;34;1.9;-7.2;-18.7;-6.1;-12.7;-21.4;0.4;0.9;0.5;3;1.2;165.91;216;49;77;35;88136;0.06;0.14;0.36;0.39
2011;2;4;35;3.2;-2.8;-9.1;-3.2;-6.9;-11.8;0.8;1.1;0.5;3;1.2;166.03;172;42;81;44;88259;0;0;0.36;0.39
2011;2;5;36;5.8;-2.1;-8.3;-2.3;-7.2;-11.2;1;1.4;0.5;3;1.2;166.02;231;56;102;66;88307;0.07;0;0.36;0.39
2011;2;6;37;6.9;-3.1;-9.9;-1.4;-7.9;-12.9;0.5;1.6;0.49;3;1.2;165.88;236;57;102;73;88370;0.26;0;0.36;0.39
2011;2;7;38;7.8;-5.5;-14.5;1.9;-8.7;-16.6;0.2;1.6;0.49;3;1.2;165.67;248;61;108;76;87992;0.1;0;0.36;0.39
2011;2;8;39;5.2;-2.9;-11.2;-2.5;-7.3;-13.8;0.2;0.7;0.48;3;1.2;165.59;244;58;91;66;87821;0.1;0;0.36;0.39
2011;2;9;40;4.2;-3.6;-11.4;-2;-7.7;-14.6;-0.1;0.9;0.48;3;1.2;165.57;241;61;95;66;87756;0.04;0;0.35;0.39
2011;2;10;41;6.7;-3.3;-11.2;-3.5;-8.6;-14.6;0.4;1.2;0.47;3;1.2;165.52;258;64;109;68;87695;0.13;0;0.35;0.39
2011;2;11;42;5.2;-0.4;-5.9;-2.1;-5.5;-8.8;1;1.1;0.47;3;1.2;165.24;247;57;86;47;87387;0.25;0;0.35;0.39
2011;2;12;43;4.8;-0.1;-4.8;-0.3;-3.5;-6.5;0.3;0.8;0.46;3;1.2;164.76;191;47;78;42;87282;0.11;0.37;0.35;0.39
2011;2;13;44;3.9;-1.6;-5.6;0.1;-4;-6.9;0;0.7;0.46;3;1.2;164.1;224;53;78;50;86861;0.22;0.15;0.35;0.39
2011;2;14;45;4.3;-2;-6.9;-2.2;-5.5;-8.7;-0.2;0.8;0.45;3;1.2;163.67;268;66;96;65;86519;0.35;0;0.35;0.39
2011;2;15;46;4.2;-1.5;-7.5;-2.1;-5.5;-10.5;0;0.5;0.45;3;1.2;163.49;267;69;95;60;85952;0.24;0.09;0.35;0.39
2011;2;16;47;3.2;-0.1;-3.1;-0.9;-2.4;-4.8;-0.3;0.1;0.44;3;1.2;163.89;175;45;59;36;85685;0.13;0.78;0.35;0.39
2011;2;17;48;3;0;-3.1;-0.4;-2;-4.5;0.1;0;0.44;3;1.2;164.1;235;53;65;39;85821;0.15;0.8;0.35;0.39
2011;2;18;49;2.4;-0.7;-3.5;-1.2;-2.1;-4.2;0.4;-0.4;0.44;3;1.2;164.46;202;48;57;34;86684;0.16;1.75;0.35;0.39
2011;2;19;50;1.9;-1.4;-4.3;-2.1;-3.1;-5.3;0;-0.4;0.44;3;1.2;166.01;205;51;71;46;86996;0.34;0.88;0.35;0.39
2011;2;20;51;0.6;-2.6;-5.4;-2.7;-4.8;-7.5;-0.3;-0.3;0.44;3;1.2;166.67;157;36;61;25;86735;0.25;4.06;0.35;0.39
2011;2;21;52;-1.5;-4;-7.5;-4.7;-5.6;-8.2;-0.3;-0.7;0.49;3;1.2;172.61;182;42;53;24;86787;0.34;4.47;0.35;0.39
2011;2;22;53;-4.6;-7.3;-9.9;-8.2;-9.2;-10.9;0;-0.6;0.51;3;1.2;176.28;141;36;54;29;86749;0.28;3.72;0.35;0.39
2011;2;23;54;-5.7;-11.1;-17.9;-11.5;-15.3;-21.2;0.3;0.5;0.51;3;1.2;177.53;276;73;109;74;87554;0.26;0.03;0.35;0.39
2011;2;24;55;0.2;-8.8;-21.6;-7.4;-16.6;-24.5;0.2;0.6;0.5;3.1;1.2;177.38;284;74;91;42;87828;0.19;0.76;0.35;0.39
2011;2;25;56;-0.4;-2.7;-4.6;-3.8;-5.1;-7;0;-0.3;0.51;3.1;1.3;180.33;140;32;52;18;88058;0.02;3.21;0.35;0.39
2011;2;26;57;3.7;-2.9;-11.4;-4.7;-8.7;-13.6;0.1;0.7;0.51;3.1;1.3;181.31;293;79;107;62;87337;0.17;1.79;0.35;0.39
2011;2;27;58;0.7;-1.7;-3.3;-1;-3.1;-4.8;0.5;0.1;0.52;3.1;1.3;187.68;143;37;37;13;86966;0.05;8.47;0.35;0.39
2011;2;28;59;2;-1.1;-2.8;-1.9;-2.8;-3.5;-0.8;-0.7;0.52;3.1;1.3;193.12;209;50;61;27;87419;0.18;2.56;0.34;0.39
2011;3;1;60;2.1;-2.4;-6.9;-3;-4.8;-8.4;-0.9;-0.3;0.51;3.1;1.3;193.46;296;80;103;62;87832;0.2;0.08;0.34;0.38
2011;3;2;61;0.8;-3.6;-6.5;-5.3;-6.8;-9.7;-1.5;-0.6;0.5;3.1;1.3;193.28;305;84;108;75;87660;0.41;0;0.34;0.38
2011;3;3;62;1.2;-3.9;-10.1;-3.8;-7.8;-13.8;-0.5;0;0.5;3.1;1.3;193.11;294;77;92;68;87713;0.05;0;0.34;0.38
2011;3;4;63;3.2;-2.6;-9.7;-1.4;-6.2;-13.1;-0.3;0.3;0.5;3.1;1.3;193.12;309;80;100;69;87974;0.01;0;0.34;0.38
2011;3;5;64;2.6;-1.7;-7.5;-1.7;-5.4;-12.6;0;0;0.49;3.1;1.3;193.16;320;86;102;62;87653;0.03;0;0.34;0.38
2011;3;6;65;0.1;-2.1;-4.1;-2;-4.1;-6.7;-0.3;-0.6;0.49;3.1;1.3;193.2;284;74;90;47;87748;0.25;0.37;0.34;0.38
2011;3;7;66;1.5;-3;-7;-6.9;-9.2;-11.2;-1.5;-0.2;0.48;3.2;1.3;193.09;341;96;123;88;88156;0.52;0.02;0.34;0.38
2011;3;8;67;5.3;-1.3;-8.5;-2.5;-8.4;-15.6;0.3;0.6;0.48;3.2;1.3;192.8;333;92;101;73;88132;0.11;0;0.34;0.38
2011;3;9;68;4.5;-1.1;-7;-3.1;-6.3;-10.8;0.8;0.8;0.48;3.2;1.3;192.55;304;88;98;64;87702;0.21;0;0.34;0.38
2011;3;10;69;5.1;-0.2;-5.9;-1.5;-4.8;-8.8;1.2;0.6;0.47;3.2;1.3;191.81;263;71;72;51;87546;0.25;0.04;0.34;0.38
2011;3;11;70;6.1;0.6;-5.2;-0.7;-3.5;-7.9;0.6;0.3;0.47;3.2;1.3;190.33;317;90;97;67;87546;0.14;0;0.34;0.38
2011;3;12;71;9.7;1.4;-5.3;-0.1;-3.8;-7.8;-0.1;1.4;0.46;3.2;1.3;187.65;346;98;103;66;86893;0.11;0;0.34;0.38
2011;3;13;72;6.1;2.2;-0.8;-0.2;-1.9;-3.7;-0.2;1.6;0.45;3.2;1.3;183.89;215;55;58;34;86570;0.18;0.01;0.34;0.38
2011;3;14;73;8.2;3.2;-1.9;0.9;-1.1;-3.7;-0.3;0.4;0.44;3.2;1.3;178.98;354;83;85;44;87233;0.18;0.17;0.35;0.38
2011;3;15;74;9.2;2.7;-3.9;2.3;-1.5;-5.7;-0.6;1;0.43;3.2;1.3;171.86;383;110;97;68;87098;0.17;0;0.35;0.38
2011;3;16;75;8.2;3.3;-2.4;5.2;0.5;-4;-0.3;1.1;0.42;3.2;1.3;164.72;228;59;60;41;86290;-0.11;1.04;0.36;0.38
2011;3;17;76;2.6;1.3;-0.7;2.6;0.9;-1.8;1.2;0.3;0.43;3.3;1.3;162.3;45;13;21;1;86284;-0.2;31.86;0.38;0.38
2011;3;18;77;2.7;0.9;-0.2;0.7;0.1;-0.7;1.5;-0.2;0.48;3.3;1.3;165.21;119;32;52;12;87589;0.09;11.32;0.39;0.38
2011;3;19;78;0.5;-1;-3.5;-0.5;-2.4;-4.9;-0.7;-1.1;0.48;3.3;1.3;167.31;146;38;63;20;88019;0.54;5.6;0.39;0.39
2011;3;20;79;2.1;-1.8;-5.8;-5.1;-7.2;-8.7;-0.9;-0.4;0.48;3.3;1.3;168.79;377;111;115;83;88409;0.8;0.01;0.39;0.39
2011;3;21;80;3;-0.9;-3.3;-4.9;-7.2;-8.6;-1.3;-0.4;0.47;3.3;1.3;168.2;378;114;111;86;88543;0.49;0;0.39;0.39
2011;3;22;81;6.5;2.1;-2.5;-1.2;-4.7;-9.5;-0.6;-0.1;0.46;3.3;1.3;167.18;385;114;107;78;88778;0.22;0;0.39;0.39
2011;3;23;82;7.4;3.8;-0.3;0;-2.5;-5.6;-0.6;0;0.45;3.3;1.3;164.47;396;119;116;80;89000;0.2;0;0.39;0.39
2011;3;24;83;9.6;4.3;-3.6;1.9;-1.5;-6.7;-0.2;0.2;0.44;3.4;1.4;159.11;408;122;115;77;88757;0.16;0;0.39;0.39
2011;3;25;84;10;3.7;-4.4;0.6;-3;-6.4;1.2;0.8;0.43;3.4;1.4;151.57;415;119;97;69;87825;0.66;0.01;0.39;0.39
2011;3;26;85;7.6;3.6;-1.3;0.3;-2.5;-5.3;1.3;0.5;0.41;3.4;1.4;144.47;375;110;91;57;87232;0.77;0.75;0.4;0.39
2011;3;27;86;5.8;2.4;-2;3.8;0.7;-2.6;-0.1;0.3;0.4;3.4;1.4;138.77;276;65;55;30;87030;-0.04;5.92;0.4;0.39
2011;3;28;87;6.3;2;-2.4;2.3;-0.4;-3.7;0.3;0.2;0.4;3.4;1.4;131.97;360;95;70;38;87023;0.25;2.49;0.41;0.39
2011;3;29;88;8.3;3;-3.2;1.7;-1.4;-4.2;-0.2;0.3;0.39;3.4;1.4;124.22;420;127;98;64;87278;0.71;0.17;0.41;0.39
2011;3;30;89;8;1.8;-4.8;3.9;-1.2;-6.7;0.5;0.5;0.37;3.4;1.4;116.17;399;118;86;58;87440;0.51;2.85;0.41;0.4
2011;3;31;90;9.2;3.4;-3.7;3.3;0.2;-5;0.9;0.6;0.35;3.5;1.4;108.74;308;89;53;31;87872;0.55;3.64;0.41;0.4
2011;4;1;91;10;6.4;2.5;5.4;3.5;1;0.8;0.1;0.34;3.5;1.4;97.94;367;91;77;27;88233;0.6;1.08;0.42;0.4
2011;4;2;92;15.8;7.8;-2.4;5.4;1.4;-2.9;-0.1;0.5;0.33;3.5;1.4;86.82;513;160;101;66;87764;1.08;0;0.42;0.4
2011;4;3;93;16;8.2;-2.1;6.2;1.7;-3.3;0.2;0.5;0.32;3.5;1.4;74.99;506;154;99;61;87364;1;0;0.42;0.41
2011;4;4;94;5.5;3.6;0.5;4.8;2.3;-0.6;0.9;0.4;0.31;3.5;1.4;66.96;162;46;65;19;87771;0.39;14.05;0.43;0.41
2011;4;5;95;8;3.8;-0.9;1.3;-0.3;-1.9;0.7;0.2;0.31;3.5;1.4;62.48;379;130;97;49;88353;1.15;2.76;0.42;0.41
2011;4;6;96;12;6.4;0.5;5.7;2;-1.3;0.4;0.6;0.3;3.5;1.4;55.93;348;88;84;30;88622;0.57;0.08;0.42;0.41
2011;4;7;97;15.6;8.6;-1.6;6.2;3;-2.5;1.2;0.3;0.28;3.6;1.4;46.88;563;179;97;63;88357;1.61;0.25;0.42;0.42
2011;4;8;98;12.6;8.7;5.9;5.5;4.5;3.1;1.4;-0.5;0.26;3.6;1.4;37.19;468;136;91;47;88081;1.17;0.18;0.42;0.42
2011;4;9;99;12.9;8.1;0.6;4.1;2.2;-0.6;0.8;-0.5;0.24;3.6;1.4;29.43;603;194;108;78;87951;1.61;0;0.41;0.42
2011;4;10;100;12;7.3;-0.4;2.8;0.5;-2.6;-0.4;-0.3;0.24;3.6;1.4;22.52;619;201;110;82;87994;1.73;0;0.41;0.42
2011;4;11;101;13.4;7.1;-2.6;3.3;0.1;-3.8;0.3;0.3;0.22;3.6;1.4;16.21;626;208;113;82;87923;2.08;0;0.41;0.42
2011;4;12;102;6.1;2.2;-2.7;5.7;0.4;-3.8;1.6;0.2;0.23;3.6;1.4;13.6;136;43;58;28;87695;1.13;17.89;0.41;0.42
2011;4;13;103;2.5;-1.1;-5;-2.1;-4.4;-6.7;1.6;-0.1;0.37;3.6;1.4;19.49;385;131;86;59;87655;1.48;4.43;0.4;0.42
2011;4;14;104;3.3;0.1;-3.3;-2.8;-5;-6.5;-0.2;-0.1;0.36;3.7;1.5;19.06;339;109;71;49;87292;1.16;0.71;0.4;0.42
2011;4;15;105;4.5;0.9;-2.3;-1.9;-4.1;-5.6;-0.9;-0.4;0.33;3.7;1.5;17.5;398;141;89;62;87353;1.19;0.32;0.4;0.42
2011;4;16;106;7.4;2.8;-1.7;-0.7;-2.5;-4;-0.7;-0.4;0.3;3.7;1.5;14.48;577;166;110;66;87624;1.3;0.01;0.39;0.42
2011;4;17;107;9.2;3.8;-1.7;0.3;-1.8;-4.1;-0.5;-0.1;0.26;3.7;1.5;10.37;586;188;102;74;87843;1.68;0;0.39;0.42
2011;4;18;108;11.2;5.4;-2;2.7;-0.4;-4.1;0;0.1;0.21;3.7;1.5;6.47;616;203;110;73;87731;2.1;0;0.39;0.42
2011;4;19;109;12.8;6.7;-2;4.2;1;-3.2;-0.2;0;0.16;3.7;1.5;3.64;550;194;105;70;87455;2.18;0.08;0.39;0.42
2011;4;20;110;15.5;8.2;-1.7;6.6;2.1;-2.9;0;0.2;0.14;3.8;1.5;1.88;718;232;119;82;87489;2.81;0.07;0.38;0.42
2011;4;21;111;15.9;8.9;-0.8;7.3;2.9;-1.7;-0.3;0.2;0.12;3.8;1.5;0.86;717;222;113;75;87472;2.95;0.53;0.38;0.42
2011;4;22;112;17.2;9.6;-0.4;5.6;1.7;-1.6;-0.2;0.3;0.12;3.8;1.5;0.37;746;246;126;90;87067;3.59;0.09;0.37;0.42
2011;4;23;113;16.2;9.3;0.7;5.7;1.9;-1.8;0.1;0.5;0.11;3.8;1.5;0.15;742;220;125;77;87098;3.16;0.23;0.37;0.42
2011;4;24;114;14.1;8.1;2.8;8.3;4.9;1.1;0.6;0.6;0.11;3.8;1.5;0.07;679;193;95;57;87439;2.46;6.18;0.36;0.42
2011;4;25;115;12.5;7.5;0.5;6.4;3.4;0.2;-0.5;-0.3;0.11;3.8;1.5;0.03;593;200;94;68;87503;2.7;1.27;0.36;0.42
2011;4;26;116;9.9;6.1;1.2;2.9;1.5;0.5;0;-0.6;0.11;3.9;1.5;0;608;200;92;65;87382;2.53;1.91;0.36;0.42
2011;4;27;117;9.4;4.9;0.4;5.3;2.8;-1.2;0.1;0.2;0.11;3.9;1.5;0;565;172;75;51;87209;2.45;6.74;0.36;0.42
2011;4;28;118;11.5;5.5;-0.3;5.9;2.7;-1.2;-0.4;0.2;0.11;3.9;1.5;0;595;165;74;50;87008;2.17;4.11;0.36;0.42
2011;4;29;119;11.5;5.8;-0.6;6;3.2;-1.5;-0.3;0.4;0.11;3.9;1.6;0;557;172;83;62;86695;2.32;2.23;0.36;0.42
2011;4;30;120;12.9;6.6;-0.5;5.7;2.4;-1.9;-0.3;0.3;0.11;3.9;1.6;0;714;217;108;71;86490;2.82;1.9;0.35;0.42
2011;5;1;121;10;5.4;-0.7;6.5;3.5;-1.6;-0.2;0;0.11;3.9;1.6;0;535;183;79;61;86606;2.83;9.06;0.35;0.41
2011;5;2;122;12.6;6.7;-1.1;7.9;3.4;-1.6;0;0.3;0.11;4;1.6;0;583;184;88;54;86517;2.5;2.27;0.35;0.41
2011;5;3;123;6.7;3.7;1;4.2;0.6;-2.2;0;-0.9;0.12;4;1.6;0.21;551;140;84;39;86781;2.19;8.59;0.36;0.41
2011;5;4;124;6.7;3.3;-0.7;-1.4;-2.4;-3.4;0.1;-0.9;0.12;4;1.6;0.28;548;189;87;61;87483;2.2;0.53;0.36;0.41
2011;5;5;125;11;5.2;-1.6;1.4;-1.5;-3.3;-0.5;-0.2;0.12;4;1.6;0.18;797;281;131;100;87926;3.11;0;0.35;0.41
2011;5;6;126;15.7;8.3;-2.4;4.7;0.9;-3.6;-0.1;0.2;0.11;4;1.6;0.05;786;268;129;92;88028;3.67;0;0.35;0.41
2011;5;7;127;17;10.3;0;6.4;3.2;-0.9;-0.4;0;0.11;4;1.6;0;761;259;121;86;87961;3.86;0.04;0.34;0.41
2011;5;8;128;16.9;10.4;1.6;5.9;3;0.3;-0.8;-0.4;0.11;4.1;1.6;0;798;288;138;98;87929;4.06;0.12;0.34;0.41
2011;5;9;129;17.1;10.2;0.6;4.3;2.1;-0.3;-0.7;-0.1;0.11;4.1;1.6;0;808;293;141;107;88172;4.08;0;0.33;0.41
2011;5;10;130;18.4;11.5;0.9;5.5;2.6;-0.1;0.6;0.2;0.11;4.1;1.6;0;774;268;125;89;88383;4.04;0;0.33;0.41
2011;5;11;131;18.2;12;4.1;10.4;5.4;2;0.1;0.1;0.11;4.1;1.6;0;710;240;109;72;88144;3.46;0.73;0.32;0.41
2011;5;12;132;16.9;10.3;4.5;10.2;7.1;3.1;0.8;0.4;0.11;4.1;1.6;0;629;163;95;49;87728;2.64;10.42;0.32;0.41
2011;5;13;133;14.5;9.9;7.2;7.1;6.1;4.7;-0.4;-0.5;0.11;4.1;1.7;0;560;157;99;43;87857;2.64;1.45;0.33;0.41
2011;5;14;134;15.9;9.3;4.8;8.9;6.2;3.9;0.8;0.2;0.12;4.2;1.7;0;685;174;88;38;87464;3.46;22.96;0.33;0.41
2011;5;15;135;6.6;4;1;4;2.5;0.1;1.2;-0.2;0.14;4.2;1.7;0.71;396;129;64;33;87757;2.87;16.91;0.35;0.41
2011;5;16;136;8.9;4.9;-0.2;4.7;2;-0.7;1.2;0.1;0.15;4.2;1.7;1.07;578;195;91;48;88186;2.73;3.85;0.35;0.41
2011;5;17;137;12.2;7.6;1.9;8;4;0.2;0.5;0.3;0.13;4.2;1.7;0.54;511;181;84;55;88088;2.4;3.26;0.35;0.4
2011;5;18;138;16.1;10.1;1.7;10.2;5.4;1.1;-0.1;0.4;0.12;4.2;1.7;0.18;726;243;107;74;87783;3.59;0.58;0.35;0.4
2011;5;19;139;16.6;10.6;2.9;9.5;6.5;2.1;0.2;0.6;0.12;4.2;1.7;0.03;677;225;101;69;87732;3.33;2.57;0.35;0.4
2011;5;20;140;16.7;10.9;4.3;10.2;7.1;2.7;0.3;0.5;0.12;4.2;1.7;0;666;214;101;69;87910;3.3;2.4;0.35;0.4
2011;5;21;141;17.2;11.4;4;10.3;6.4;2.9;-0.2;0.4;0.12;4.2;1.7;0;730;239;105;72;87988;3.57;1.04;0.34;0.4
2011;5;22;142;18;11.6;3.7;11.2;7.5;3;0.6;0.7;0.12;4.2;1.7;0;684;212;103;67;87922;3.28;3.07;0.34;0.4
2011;5;23;143;16.4;12.2;8.3;10.3;8.9;6.7;-0.1;-0.3;0.12;4.3;1.7;0;533;167;90;43;88349;2.89;4.57;0.34;0.4
2011;5;24;144;18;12.9;5;10.7;7.5;4.8;1;-0.2;0.12;4.3;1.7;0;586;228;93;64;88269;3.77;0.4;0.34;0.4
2011;5;25;145;17.6;12.8;8.6;9.5;7.4;5.5;-0.8;-0.5;0.12;4.3;1.7;0;665;224;103;60;88284;3.53;0;0.34;0.4
2011;5;26;146;20.2;13.2;6.1;12.8;9.6;5.1;0.2;0.9;0.12;4.3;1.7;0;644;205;92;58;87661;3.61;10.18;0.33;0.4
2011;5;27;147;9.9;7.3;3.6;9.8;7;3.5;0.4;-0.3;0.13;4.3;1.7;0.36;110;26;37;10;87467;1.28;38.51;0.35;0.4
2011;5;28;148;10.9;7.1;3.4;6.7;3.7;2;0.4;-0.2;0.14;4.3;1.7;0.8;583;177;102;46;87623;2.95;4.13;0.37;0.4
2011;5;29;149;17.3;10.9;1.5;8.7;4.9;0.1;0.1;0.1;0.13;4.3;1.7;0.32;781;281;118;85;87780;4.05;0;0.37;0.4
2011;5;30;150;20.9;13.9;4.4;14.5;9.4;3.4;0;0.4;0.12;4.3;1.7;0.06;741;259;111;75;87623;4.08;1.81;0.36;0.4
2011;5;31;151;17.3;12.1;8;11.4;9.3;6.9;0.6;0.2;0.12;4.3;1.7;0;631;170;80;42;87439;3.32;29.61;0.36;0.4
2011;6;1;152;9.7;7.7;5.7;7.7;6.2;4.4;0.8;-0.4;0.12;4.3;1.7;0;252;78;25;10;87931;2.04;18.93;0.39;0.4
2011;6;2;153;14;10.5;8;9.6;8.8;7.7;-1.5;-1;0.12;4.3;1.7;0;460;126;43;15;88357;2.34;1.82;0.39;0.4
2011;6;3;154;18.2;13.7;8.9;12.5;10.2;8.4;-1.6;-0.4;0.12;4.4;1.8;0;602;209;79;53;88180;3.35;0.73;0.39;0.4
2011;6;4;155;20;13.5;6.4;14;10.3;6.1;-0.1;0.3;0.12;4.4;1.8;0;725;222;97;62;87587;3.66;3.29;0.38;0.4
2011;6;5;156;19.7;14;7.7;13.4;9.5;6.3;0.1;0.4;0.12;4.4;1.8;0;689;248;103;71;87108;4.19;2.22;0.38;0.4
2011;6;6;157;16.8;12;8.2;11.1;8.9;7;0.4;0.7;0.12;4.4;1.8;0;655;212;103;62;86851;3.51;7.2;0.38;0.4
2011;6;7;158;18.6;12.4;5.5;12.2;8;4.3;-0.2;0.3;0.12;4.4;1.8;0;719;216;97;62;86718;3.77;0.96;0.38;0.4
2011;6;8;159;12.9;10;7.5;11;9.1;7.1;0.9;0.1;0.12;4.4;1.8;0;314;108;42;26;86798;2.48;14.78;0.38;0.4
2011;6;9;160;9.3;8.1;7.3;7.7;7;6.3;0.3;-0.6;0.12;4.4;1.8;0;238;69;17;8;87396;2.22;8.92;0.39;0.4
2011;6;10;161;12.8;9.1;7.1;9.7;7.6;6.3;-0.1;-0.5;0.12;4.4;1.8;0;453;123;60;25;87477;2.42;7.47;0.4;0.4
2011;6;11;162;10;8.3;6.1;9.2;7.7;6;0.3;0.2;0.12;4.4;1.8;0;276;81;40;19;87621;2.06;8.17;0.4;0.4
2011;6;12;163;13.9;10.6;7.4;8;6.1;4.9;-0.5;-0.3;0.12;4.4;1.8;0;436;162;71;41;87752;2.91;0.33;0.4;0.4
2011;6;13;164;12.6;10.1;6.8;9.5;7.3;5.6;0.5;0.2;0.12;4.4;1.8;0;395;112;55;30;87717;2.27;4.81;0.4;0.4
2011;6;14;165;15.9;11.9;7.4;11;8.7;6.1;0.3;0;0.12;4.4;1.8;0;598;213;82;54;87883;3.24;1.92;0.4;0.4
2011;6;15;166;18.3;13.2;5.1;13.6;8.9;5;0.1;0.1;0.12;4.5;1.8;0;645;236;102;64;87880;3.83;0.27;0.39;0.4
2011;6;16;167;18.8;14.2;8.8;14.5;11.3;7.6;0.4;0.3;0.12;4.5;1.8;0;543;190;76;48;87682;3.37;10.42;0.39;0.4
2011;6;17;168;17.6;13.5;10.9;13.1;11;9.5;-0.5;-0.4;0.12;4.5;1.8;0;450;127;63;25;87470;2.59;5.7;0.4;0.4
2011;6;18;169;12.5;9.2;5.7;12;8.8;5;0.4;0.5;0.12;4.5;1.8;0;119;30;37;17;87135;1.55;41.05;0.41;0.4
2011;6;19;170;10.7;7.8;3.7;5.4;4.2;3;1.9;0.3;0.12;4.5;1.8;0;585;232;89;58;87479;3.84;3.07;0.42;0.4
2011;6;20;171;14.5;10.2;6;8.9;5.9;2.9;1;0.4;0.12;4.5;1.8;0;468;141;65;39;87765;2.46;1.24;0.41;0.4
2011;6;21;172;19.6;14.3;6.7;13.5;9.9;5.5;0.6;0.6;0.12;4.5;1.8;0;666;242;90;63;87882;4.08;1.31;0.41;0.4
2011;6;22;173;22.3;15.1;8;15.9;11.9;7.4;0.2;0.4;0.12;4.5;1.8;0;754;213;94;54;87761;3.89;16.59;0.4;0.4
2011;6;23;174;11.5;10.5;5.9;11.2;9.9;5.7;0.1;-0.1;0.12;4.5;1.8;0;176;57;81;23;87823;1.61;15.09;0.42;0.4
2011;6;24;175;13.1;9;5.6;9.8;7.2;5.3;0.7;-0.2;0.12;4.5;1.8;0;603;190;68;42;88081;3.61;9.31;0.42;0.4
2011;6;25;176;11.9;9.5;5;7.5;6;4.4;1;-0.1;0.12;4.5;1.8;0;354;121;56;29;88413;2.42;1.75;0.42;0.41
2011;6;26;177;19.6;14.9;10.3;13.8;10.5;6.9;0.4;-0.3;0.12;4.5;1.8;0;624;223;96;56;88429;3.58;0.02;0.41;0.41
2011;6;27;178;23.2;17;7.4;14.6;11.2;6.5;-0.3;-0.1;0.12;4.5;1.8;0;812;303;129;92;88166;5.13;0;0.41;0.41
2011;6;28;179;23.2;17.4;9.1;14.2;11.2;7.9;-0.4;0;0.12;4.5;1.8;0;813;302;125;94;87887;5.33;0;0.4;0.41
2011;6;29;180;22.5;16.1;8.3;13.6;10.7;7.3;0.5;-0.1;0.12;4.5;1.8;0;783;256;123;68;87690;4.83;12.09;0.39;0.41
2011;6;30;181;13;10.5;8.2;12.8;9.3;7.1;1;-0.4;0.12;4.5;1.9;0;243;69;58;19;87872;2.2;50.3;0.42;0.41
2011;7;1;182;10.9;8;5;8.2;6.2;3.2;0.8;0;0.12;4.6;1.9;0;509;183;76;44;87849;4.09;15.1;0.42;0.41
2011;7;2;183;11.1;7.5;2.2;6.9;4.5;1.9;0.7;-0.3;0.12;4.6;1.9;0;632;227;76;61;87481;3.67;4.36;0.42;0.41
2011;7;3;184;12.3;9.8;5.5;8.6;5.2;2.9;1;-0.3;0.12;4.6;1.9;0;373;143;78;45;87382;2.45;0.05;0.42;0.41
2011;7;4;185;18.9;13.9;6.4;11.7;8.8;5.4;-0.1;-0.3;0.12;4.6;1.9;0;801;279;114;82;87493;4.38;0.04;0.41;0.41
2011;7;5;186;17.2;13.4;7.1;13.1;9.2;6.4;0.4;0.3;0.12;4.6;1.9;0;508;201;86;61;87510;3.43;0.67;0.4;0.41
2011;7;6;187;19.9;15.3;7.2;14.5;8.8;5.9;0.5;0.2;0.12;4.6;1.9;0;708;251;111;74;87354;4.51;0.12;0.4;0.41
2011;7;7;188;20.3;16.3;12.3;15.8;12.6;9.3;-0.3;-0.2;0.11;4.6;1.9;0;658;220;81;55;87248;3.68;16.69;0.39;0.41
2011;7;8;189;18;14.1;11.2;14.4;11.8;10;-0.1;-0.1;0.11;4.6;1.9;0;543;166;86;40;87475;3.33;10.06;0.4;0.41
2011;7;9;190;19.1;14.9;9.2;14.7;12.6;8.7;0.2;0.5;0.11;4.6;1.9;0;520;191;77;46;87872;3.71;14.65;0.4;0.41
2011;7;10;191;20.8;15.5;10.7;15.2;13.4;10.4;-0.1;0.4;0.11;4.6;1.9;0;692;209;83;52;87891;3.81;7.58;0.41;0.41
2011;7;11;192;18.6;14.5;9.4;13.1;11.8;9.2;-0.2;-0.1;0.11;4.6;1.9;0;577;222;91;58;87939;3.74;1.33;0.41;0.41
2011;7;12;193;24;17.9;9.9;16.7;13.1;8.8;-0.6;0.4;0.11;4.6;1.9;0;730;266;105;75;87576;4.77;0.03;0.4;0.41
2011;7;13;194;22.5;17.3;13;17.7;14.9;12.3;0;0.2;0.11;4.6;1.9;0;420;144;82;45;87128;2.66;19.77;0.4;0.41
2011;7;14;195;12.7;10.3;9.2;12.2;9;7.7;0.6;-0.5;0.11;4.6;1.9;0;151;42;20;10;87663;1.84;11.02;0.41;0.41
2011;7;15;196;11.5;10.1;8.5;8.2;6.7;6.1;0.3;-0.2;0.11;4.6;1.9;0;214;76;58;29;87914;1.81;1.02;0.41;0.41
2011;7;16;197;19.1;13.2;5.3;13.2;8.9;5.2;-0.3;0.2;0.11;4.6;1.9;0;743;270;108;76;87371;4.24;0.38;0.41;0.41
2011;7;17;198;20.2;12.4;7.4;12.5;9.7;7.1;0.6;0.4;0.11;4.6;1.9;0;652;191;82;39;86753;3.85;17.7;0.4;0.41
2011;7;18;199;12.5;9.4;6.6;8.3;6.4;5;0.1;0.6;0.11;4.6;1.9;0;519;140;61;40;86880;3.21;3.7;0.41;0.41
2011;7;19;200;17.9;11.7;7;11.7;8.3;5.2;0.3;0;0.11;4.6;1.9;0;707;212;95;51;86567;4.2;21.45;0.41;0.41
2011;7;20;201;8.4;7.3;6.2;8.1;6.9;5.9;1.9;0.5;0.11;4.6;1.9;0;190;49;16;10;86864;2.45;17.69;0.42;0.41
2011;7;21;202;14;10.2;7.9;7.7;6.7;5.8;1;0.1;0.11;4.6;1.9;0;529;155;61;38;87017;3.02;2.18;0.42;0.42
2011;7;22;203;13.8;10.6;7.7;9.5;7.5;5.1;1.2;0;0.11;4.6;1.9;0;438;172;84;45;87068;3.17;4.22;0.42;0.42
2011;7;23;204;11.2;8.8;6.7;10.1;7.9;6.4;0.4;0;0.11;4.6;1.9;0;303;107;51;31;87038;2.61;15.47;0.42;0.42
2011;7;24;205;9.8;7.1;5.4;7.3;5.1;2.8;1.2;0;0.11;4.6;1.9;0;540;142;75;37;87112;2.94;9.61;0.42;0.42
2011;7;25;206;12.3;8.4;3.6;6.4;4.3;2.2;0.3;0.2;0.11;4.6;1.9;0;567;180;76;56;87099;2.81;1.3;0.42;0.42
2011;7;26;207;15;10.6;3.3;8.2;5.3;2.4;-0.2;0.1;0.11;4.6;1.9;0;585;228;103;73;87283;3.5;0.56;0.41;0.42
2011;7;27;208;16.9;11.8;4.8;11.6;7.7;3.8;0;0.2;0.11;4.6;1.9;0;636;206;94;62;87625;3.4;2.61;0.41;0.42
2011;7;28;209;14.2;10.9;7.2;12.1;9.9;7;0.5;0.1;0.11;4.6;1.9;0;462;143;56;31;87732;3.03;18.29;0.41;0.42
2011;7;29;210;15.7;11.8;7.9;11.3;9.6;7.3;0.5;0;0.11;4.6;1.9;0;523;179;74;45;87745;3.09;5.92;0.41;0.42
2011;7;30;211;13.4;10.5;7.4;11.3;9;7;0.7;-0.4;0.11;4.6;1.9;0;517;151;53;31;87569;3.25;8.96;0.42;0.42
2011;7;31;212;14.7;11.6;8.2;9;8.3;7.6;0;-0.9;0.11;4.5;1.9;0;431;147;62;30;87531;2.61;0.29;0.41;0.42
2011;8;1;213;17.1;13.1;9.4;11.1;9.9;9;-0.6;-0.6;0.11;4.5;1.9;0;602;181;85;48;87583;2.86;0.23;0.41;0.42
2011;8;2;214;21.2;14.7;6.1;12.8;9.9;6;-0.3;0;0.11;4.5;1.9;0;791;275;122;83;87780;4.52;0;0.4;0.42
2011;8;3;215;20.7;14.1;7.6;14.7;11.6;6.6;0.4;0.5;0.11;4.5;1.9;0;590;172;92;56;87837;2.97;13.82;0.4;0.42
2011;8;4;216;18.1;13.9;10;13.9;11.9;9.7;0.6;0.2;0.11;4.5;1.8;0;558;155;79;40;87788;3.14;11.19;0.41;0.42
2011;8;5;217;19.8;13.9;8.8;15;12.2;8.1;0.1;0.6;0.11;4.5;1.8;0;618;146;74;40;87636;2.52;7.12;0.41;0.42
2011;8;6;218;21.7;16.1;9.4;16.4;12.5;9.1;0;0.6;0.11;4.5;1.8;0;645;214;86;58;87187;3.75;0.49;0.4;0.42
2011;8;7;219;14.7;13.4;11.5;13.5;12.3;10.9;0.2;0.5;0.11;4.5;1.8;0;260;51;35;22;87066;1.7;28.06;0.41;0.42
2011;8;8;220;12.8;11.1;7.7;11;8.8;4.5;1.3;0.2;0.11;4.5;1.8;0;303;90;72;35;87253;2.66;14.89;0.42;0.42
2011;8;9;221;12.3;9;6.3;6.4;5.4;4.2;1.8;0.3;0.11;4.5;1.8;0;559;189;84;49;87905;3.5;10.26;0.42;0.42
2011;8;10;222;12.6;8.8;5.4;6.8;5.1;3.9;0.9;-0.4;0.11;4.5;1.8;0;495;178;102;55;88264;3.38;3.81;0.42;0.42
2011;8;11;223;19.3;12.6;3.6;13;7.2;2.4;0.2;0.3;0.11;4.5;1.8;0;716;253;111;84;87868;4.04;0.02;0.41;0.42
2011;8;12;224;18.4;14;8.4;10.9;8.4;7;0.9;0.4;0.11;4.5;1.8;0;620;217;99;66;87560;3.78;0.4;0.41;0.42
2011;8;13;225;17.6;14;9.8;12.4;10;8.1;0.6;0.2;0.11;4.5;1.8;0;569;186;93;57;87412;3.02;0.62;0.4;0.42
2011;8;14;226;22.6;15.5;8.1;13.6;10.8;7.1;0.4;0.4;0.11;4.5;1.8;0;667;221;103;64;87293;4.06;5.07;0.39;0.42
2011;8;15;227;16.8;13.2;10.7;13.8;12.3;10.4;0.5;0.4;0.11;4.5;1.8;0;332;78;76;29;87623;1.59;23.15;0.4;0.42
2011;8;16;228;18.9;14.6;8.1;13;11.2;7.8;0.1;0;0.11;4.5;1.8;0;604;202;86;59;87939;3.45;0.54;0.41;0.42
2011;8;17;229;21.7;16.3;9.4;15.9;13;8.7;-0.3;0.2;0.11;4.4;1.8;0;622;216;98;70;87836;3.34;0.32;0.4;0.42
2011;8;18;230;23.7;17.1;9.5;17.6;13.5;8.8;0.1;0.8;0.11;4.4;1.8;0;701;212;94;66;87815;3.65;0.73;0.39;0.42
2011;8;19;231;22.6;16.7;12.6;16.1;13.7;11.2;0.7;0.7;0.11;4.4;1.8;0;711;188;94;53;88048;3.77;8;0.39;0.42
2011;8;20;232;22.3;16.6;10.6;17.8;13.9;9.5;0;0.4;0.11;4.4;1.8;0;606;193;87;64;88263;3.09;0.46;0.39;0.42
2011;8;21;233;26;18.6;9.9;18.6;13.1;9.1;0.1;0.8;0.11;4.4;1.8;0;727;244;115;83;88195;4.57;0;0.38;0.42
2011;8;22;234;26.6;19.2;12;19.1;14.4;10.6;-0.3;0.8;0.11;4.4;1.8;0;707;230;119;75;88056;4.19;0.59;0.37;0.42
2011;8;23;235;25.4;18.6;12;18;13.7;9.3;0.2;0.8;0.11;4.4;1.8;0;657;209;105;74;87885;3.95;1.25;0.37;0.42
2011;8;24;236;24.4;18.4;12.4;18.5;14.2;11;0.2;0.4;0.11;4.4;1.8;0;691;210;101;65;87852;3.96;4.37;0.36;0.42
2011;8;25;237;25.7;18.6;11.7;19.3;15.2;11.2;-0.3;0.2;0.11;4.4;1.8;0;676;220;105;75;87662;4.04;0.4;0.36;0.42
2011;8;26;238;26.3;19.1;11.5;14.4;11.6;9.4;-0.2;1.3;0.11;4.4;1.8;0;715;226;115;79;87222;4.64;0.37;0.36;0.42
2011;8;27;239;14.1;8.9;6.5;12.2;6.9;4.5;0.8;0.2;0.11;4.4;1.8;0.04;238;62;80;38;87644;2.65;11.59;0.36;0.41
2011;8;28;240;16.5;11;3.9;8.9;6;2.8;-0.2;-0.1;0.11;4.4;1.8;0.03;726;231;119;87;87913;3.39;0;0.36;0.41
2011;8;29;241;16.1;11.8;7.1;9.4;8.2;5.7;0.4;-0.5;0.11;4.3;1.8;0;536;142;99;44;87660;2.16;0.54;0.35;0.41
2011;8;30;242;13.6;11.3;9.6;9.7;8.7;7.5;-0.4;-0.8;0.11;4.3;1.8;0;297;76;45;22;87514;1.44;0.83;0.35;0.41
2011;8;31;243;17.6;12.6;7;12.7;10.1;6.7;0.1;0.2;0.1;4.3;1.8;0;584;182;100;62;87395;2.62;2.29;0.35;0.41
2011;9;1;244;15.2;11.7;7.5;13.6;10.6;6.4;0.2;0.8;0.1;4.3;1.8;0;247;97;74;46;87555;1.74;6.11;0.35;0.41
2011;9;2;245;19.9;13.6;7.2;14.3;10.3;6.1;0.1;0.8;0.1;4.3;1.7;0;501;160;90;62;87636;2.78;0.43;0.35;0.41
2011;9;3;246;22.6;16.1;8.8;15.2;11.7;7.6;-0.4;0.4;0.1;4.3;1.7;0;666;203;106;67;87554;3.46;0;0.34;0.41
2011;9;4;247;20.6;15.6;12.8;16.3;14;11.3;0.4;0.3;0.1;4.3;1.7;0;516;122;68;34;87391;1.93;24.56;0.34;0.41
2011;9;5;248;13.4;11.4;9.3;13.2;10.6;7;1;0;0.1;4.3;1.7;0;91;27;57;19;87788;1.42;27.94;0.37;0.41
2011;9;6;249;16.9;11.9;5.8;10.4;8;5.5;0.1;0.2;0.1;4.3;1.7;0;631;191;109;71;88160;3.12;0;0.38;0.41
2011;9;7;250;14.6;11.6;7.1;9.5;7.6;6.1;1.2;0.4;0.1;4.3;1.7;0;276;95;60;39;87659;1.76;0.42;0.37;0.41
2011;9;8;251;15.7;12.2;8.9;9.5;8.4;7.3;1.7;0;0.1;4.3;1.7;0;301;78;80;31;87448;1.71;0.88;0.37;0.41
2011;9;9;252;18.1;14.5;11.6;13;10.5;7.4;0.8;0;0.1;4.3;1.7;0;402;129;82;40;87621;2.37;0.89;0.37;0.41
2011;9;10;253;22.6;15.5;7.3;16.2;11.6;6.4;-0.1;0.6;0.1;4.2;1.7;0;632;189;107;70;87626;3.07;0;0.36;0.41
2011;9;11;254;22.9;16;8.8;15.3;11.8;8.2;0;0.6;0.1;4.2;1.7;0;572;184;100;64;87594;3.44;8.22;0.36;0.41
2011;9;12;255;17.3;13.8;10.3;11.9;10.5;8.6;0.7;0.2;0.1;4.2;1.7;0;482;142;98;56;87780;2.71;1.99;0.36;0.41
2011;9;13;256;20.4;14.1;7.1;12.7;10.3;6.7;0.5;0.2;0.1;4.2;1.7;0;643;190;109;66;87762;2.93;0;0.36;0.41
2011;9;14;257;12.9;11.5;10.3;12.3;10.6;9.6;0.1;-0.2;0.1;4.2;1.7;0;181;42;37;17;87830;1.14;7.87;0.36;0.41
2011;9;15;258;15.5;12.2;10.2;10.5;10;9.4;-0.6;-0.6;0.1;4.2;1.7;0;350;99;76;38;87931;1.52;0.23;0.36;0.41
2011;9;16;259;19.6;13.4;6.3;13.9;10.2;6.3;0.1;0.3;0.1;4.2;1.7;0;618;180;111;75;87805;2.6;0.01;0.36;0.41
2011;9;17;260;19.8;13.8;8.9;14.6;11;8;0;0.6;0.1;4.2;1.7;0;585;152;102;51;87534;2.66;7.15;0.36;0.41
2011;9;18;261;11.3;7.5;3.1;10.9;7.1;2.6;0.8;0.4;0.11;4.1;1.7;0.3;101;23;52;20;86870;1.71;25.09;0.37;0.4
2011;9;19;262;4.3;3;2;2.9;2.3;1.8;0.6;0.5;0.28;4.1;1.7;5.61;112;28;36;17;87267;1.2;19.69;0.39;0.4
2011;9;20;263;9.6;6.6;3.8;5.3;4.2;2.9;-0.1;0;0.25;4.1;1.7;4.79;250;59;69;21;88140;1.22;2.44;0.39;0.4
2011;9;21;264;16.2;10.5;5;10.1;6.7;3.5;0.1;-0.1;0.17;4.1;1.6;2.38;564;169;107;75;87966;2.01;0;0.39;0.4
2011;9;22;265;15.7;10.1;3.4;9.3;7.1;2.5;0.1;-0.1;0.12;4.1;1.6;0.91;436;134;97;53;87935;1.72;0.03;0.39;0.4
2011;9;23;266;16.2;11.6;8.6;8.7;7.8;7.2;-0.6;-0.3;0.1;4;1.6;0.24;584;155;111;60;87771;2.18;0.01;0.39;0.4
2011;9;24;267;17.9;11.1;4.1;11.7;8.2;3.7;-0.1;0.4;0.1;4;1.6;0.07;600;161;113;70;87674;2.1;0.06;0.38;0.4
2011;9;25;268;17;11.6;6.3;11.7;8.6;5.4;0;0.5;0.09;4;1.6;0;465;131;81;57;88028;1.93;0.28;0.38;0.4
2011;9;26;269;17.4;11.8;5.2;11.4;8.7;4.6;-0.1;0.3;0.09;4;1.6;0;498;148;95;66;88415;2.03;0.1;0.38;0.4
2011;9;27;270;17.2;12.2;7;12.3;9.8;6.2;-0.3;0.3;0.09;4;1.6;0;458;134;88;56;88719;1.79;0.74;0.37;0.4
2011;9;28;271;17.6;11.9;7.6;11.2;9.1;7.4;-0.7;0.2;0.09;4;1.6;0;588;166;119;71;88683;2.25;0;0.37;0.4
2011;9;29;272;18;11.1;4.3;11.7;8.2;3.7;-0.4;0.3;0.09;3.9;1.6;0;574;161;115;80;88591;2.04;0;0.37;0.4
2011;9;30;273;18.9;11.7;4.6;12.9;8.9;3.8;-0.1;0.4;0.09;3.9;1.6;0;566;161;111;78;88539;1.99;0;0.36;0.4
2011;10;1;274;19.5;12.6;5.5;13.5;9.7;4.6;0.1;0.3;0.09;3.9;1.6;0;563;158;112;72;88539;1.99;0;0.36;0.4
2011;10;2;275;19;12.8;7.1;12.9;10.3;6.2;0.1;0.3;0.09;3.9;1.6;0;560;149;108;68;88471;1.81;0;0.36;0.4
2011;10;3;276;18.4;12.4;6.8;12.9;9.8;6.7;0.3;0.4;0.09;3.9;1.6;0;539;149;107;68;88350;1.88;0;0.35;0.4
2011;10;4;277;17.9;11.5;6.2;10.1;7.8;5.6;0.5;0.5;0.09;3.8;1.5;0;555;155;119;78;88324;2.11;0;0.35;0.4
2011;10;5;278;16.7;10.4;4.4;10.2;7.1;3.9;0.4;0.3;0.09;3.8;1.5;0;539;148;111;74;88212;1.84;0;0.35;0.4
2011;10;6;279;17.8;10.4;3.4;8.6;6.6;3;0.7;0.5;0.09;3.8;1.5;0;540;147;112;66;87543;1.95;4.78;0.35;0.4
2011;10;7;280;7.9;3.1;0.7;7.5;1.9;-1;1.9;0.2;0.11;3.8;1.5;0.5;363;81;70;29;87163;3.03;20.74;0.36;0.4
2011;10;8;281;2.5;0.7;-1.3;1.8;-0.5;-2.2;1.4;0.5;0.23;3.8;1.5;4.84;225;50;66;30;87226;1.39;19.61;0.37;0.4
2011;10;9;282;3;0;-2.8;-1.6;-2.9;-5.9;0.8;0.1;0.5;3.7;1.5;19.93;211;58;80;39;87738;0.7;10.46;0.37;0.4
2011;10;10;283;8.1;5;-1.3;6.9;3.8;-4.9;1.4;1.2;0.45;3.7;1.5;16.88;59;10;38;-3;87954;-0.21;19.6;0.38;0.4
2011;10;11;284;14.4;9.3;4.2;7.7;5.2;3.8;1.5;0.7;0.32;3.7;1.5;8.62;385;99;90;50;88084;1.3;0;0.39;0.4
2011;10;12;285;11.6;8.5;5.2;6.8;5.7;3.7;1.3;-0.4;0.21;3.7;1.5;4.3;373;100;78;43;87947;1.09;0.53;0.4;0.4
2011;10;13;286;7.5;5.8;3.2;6.5;5.1;2.6;0.4;-0.6;0.14;3.7;1.5;1.87;84;17;15;5;88233;0.94;7.31;0.4;0.4
2011;10;14;287;8.1;4.1;0.2;2.7;0.4;-1.2;-1.3;-0.6;0.12;3.6;1.5;1.1;501;122;123;69;88439;1.69;0.09;0.4;0.4
2011;10;15;288;10.4;4.2;-0.2;2.6;0.1;-1.8;-0.7;0;0.11;3.6;1.5;0.69;512;138;128;94;88275;1.32;0;0.4;0.4
2011;10;16;289;12.4;5.5;-0.8;5.1;1.6;-2.3;0.1;0.4;0.1;3.6;1.5;0.44;498;135;121;86;88191;1.32;0;0.4;0.4
2011;10;17;290;12.2;5.4;-1.2;5.5;2.2;-2.4;0.3;0.4;0.09;3.6;1.4;0.23;495;131;121;83;88045;1.28;0;0.39;0.4
2011;10;18;291;14.6;5.5;-2.5;4.4;0.2;-3.6;0.3;1.3;0.09;3.6;1.4;0.1;495;133;126;87;87598;1.63;0;0.39;0.4
2011;10;19;292;9.1;3;-0.2;3.5;0.6;-1.7;0.4;0.1;0.1;3.6;1.4;0.47;263;65;58;29;87348;0.95;7.31;0.39;0.4
2011;10;20;293;2.1;0;-2.1;0.5;-1;-3.4;0.4;-0.4;0.2;3.6;1.4;4.23;312;77;83;42;87958;1.16;4.52;0.39;0.4
2011;10;21;294;3.6;-0.2;-3.3;-2.5;-3.5;-5.3;-0.8;-0.1;0.2;3.6;1.4;4.29;376;100;98;75;88070;0.9;0;0.39;0.4
2011;10;22;295;6.6;2;-1.6;0.5;-2.3;-4.1;-0.3;0;0.18;3.6;1.4;3.63;437;112;125;86;87773;0.66;0;0.39;0.4
2011;10;23;296;7;1.4;-2.7;-0.3;-3.4;-6.1;-0.2;0.5;0.16;3.5;1.4;2.93;442;115;123;86;87450;0.72;0;0.39;0.4
2011;10;24;297;9.5;1.7;-4;1.3;-3.1;-5.8;-0.3;1.4;0.14;3.5;1.4;2.27;443;116;124;85;86858;0.78;0;0.39;0.4
2011;10;25;298;10.8;4.5;-1.5;4.8;0.7;-4.2;-0.2;1.8;0.13;3.5;1.4;1.64;261;53;58;33;86537;0.39;0.38;0.38;0.4
2011;10;26;299;5.9;4;-0.8;5.5;2.9;-1;-0.1;0.4;0.11;3.5;1.4;1.17;78;19;58;17;87289;0.24;2.1;0.38;0.4
2011;10;27;300;12.2;4.8;-1;6.1;1.7;-2.2;-0.1;0.8;0.1;3.5;1.4;0.78;413;103;114;70;87411;1.1;0;0.38;0.4
2011;10;28;301;12.3;5;-1.6;5.4;1.1;-3.1;-0.1;0.7;0.09;3.5;1.4;0.46;428;109;111;76;88149;1.05;0;0.38;0.4
2011;10;29;302;13;5.3;-0.4;6.2;1.9;-2.2;0.1;0.6;0.09;3.5;1.4;0.26;426;108;112;72;88213;1.01;0;0.38;0.4
2011;10;30;303;12.1;5.2;-0.5;6.4;2.4;-1;0.1;0.5;0.08;3.5;1.4;0.12;420;104;108;68;88062;1.02;0;0.38;0.4
2011;10;31;304;12.5;5.2;-0.4;6.8;2.7;-1.5;0;0.5;0.08;3.5;1.4;0.06;398;100;109;70;87719;0.86;0;0.38;0.4
2011;11;1;305;12.6;5.1;-0.9;6.5;2.1;-2;0;0.7;0.08;3.5;1.4;0.03;410;100;108;72;87600;0.92;0;0.37;0.4
2011;11;2;306;12;4.4;-1;5.8;1.6;-1.9;-0.1;0.8;0.08;3.5;1.4;0;414;101;113;73;87429;0.89;0;0.37;0.4
2011;11;3;307;13.3;5;-1.1;5.8;1.5;-2.2;-0.2;1.6;0.08;3.4;1.4;0;390;97;114;73;86881;0.96;0;0.37;0.4
2011;11;4;308;14.4;7.5;1.9;7.4;3.4;-0.2;-0.4;1.8;0.08;3.4;1.4;0;382;95;106;60;86687;1.02;0;0.37;0.4
2011;11;5;309;15.2;9.5;5.7;9.1;5.8;3.5;-0.3;1.6;0.08;3.4;1.4;0;326;75;91;46;86786;0.85;0;0.37;0.4
2011;11;6;310;15.4;9.1;4.6;9;5.3;2.9;-0.3;1.4;0.08;3.4;1.4;0;397;94;110;64;87013;1.04;0.02;0.36;0.4
2011;11;7;311;11.7;6.3;2.3;6.4;3.5;0.4;-0.2;0.7;0.08;3.4;1.4;0;321;76;92;59;87290;0.76;0.42;0.36;0.4
2011;11;8;312;12.1;5.7;1.6;5.4;2;-0.7;-0.3;1.5;0.08;3.4;1.4;0;341;78;104;60;87549;0.85;0.12;0.36;0.4
2011;11;9;313;11.6;5.3;1;4.8;1.7;-1;0;0.8;0.08;3.4;1.4;0;384;91;112;69;87829;0.89;0;0.36;0.4
2011;11;10;314;9.4;3.8;-0.4;3.9;1.4;-1.5;-0.2;0.1;0.08;3.4;1.4;0;352;84;103;64;87753;0.64;0;0.36;0.4
2011;11;11;315;7.7;3.4;-0.2;3.3;1.7;-1.4;-0.4;0;0.08;3.4;1.4;0;313;76;90;67;87866;0.49;0.07;0.35;0.4
2011;11;12;316;9.5;2.9;-2.4;3.1;-0.4;-4.2;-0.2;0.6;0.08;3.4;1.4;0;367;88;110;79;88580;0.66;0;0.35;0.4
2011;11;13;317;9.6;2.3;-3.2;4;-0.2;-4.3;-0.1;0.7;0.08;3.3;1.4;0;371;86;126;84;88568;0.49;0;0.35;0.4
2011;11;14;318;8.6;2.4;-2.5;2.6;-0.9;-5;0;0.5;0.08;3.3;1.3;0;365;86;125;83;88077;0.43;0;0.35;0.4
2011;11;15;319;7.4;2.6;-0.4;1.4;-0.7;-3.4;-0.2;0.2;0.08;3.3;1.3;0;352;81;114;76;87570;0.35;0;0.35;0.4
2011;11;16;320;6.2;2;-1.6;1.2;-1.3;-3.7;0;0.3;0.08;3.3;1.3;0;337;78;106;75;87599;0.27;0;0.35;0.4
2011;11;17;321;7.2;1.1;-3.6;0.1;-3;-5.7;0.2;0.7;0.08;3.3;1.3;0;354;82;121;79;88002;0.25;0;0.35;0.4
2011;11;18;322;6.4;1.1;-2.3;1.6;-1.8;-4.6;-0.2;0.6;0.08;3.3;1.3;0;353;81;116;80;87954;0.19;0;0.35;0.4
2011;11;19;323;7.3;0.3;-4;2;-3.4;-6.4;0;1;0.08;3.3;1.3;0;352;81;124;83;87794;0.19;0;0.34;0.4
2011;11;20;324;8.2;0.8;-4.3;2.3;-3.1;-6.5;-0.1;1;0.08;3.3;1.3;0;339;75;112;73;87772;0.19;0;0.34;0.4
2011;11;21;325;8.2;0.8;-4.2;1.6;-2.8;-5.7;0;0.9;0.08;3.3;1.3;0;334;77;112;74;87534;0.21;0;0.34;0.39
2011;11;22;326;7.4;0.8;-4;2;-2.2;-5.5;0.1;0.7;0.08;3.3;1.3;0;330;74;109;74;87508;0.14;0;0.34;0.39
2011;11;23;327;5.5;0.9;-1.7;0.9;-1.4;-3.8;0;0.2;0.08;3.3;1.3;0;308;68;97;67;88041;0.13;0;0.34;0.39
2011;11;24;328;5.4;0.8;-3.6;-0.2;-2;-5.5;-0.3;0.4;0.08;3.3;1.3;0;326;73;120;79;88519;0.12;0;0.34;0.39
2011;11;25;329;7.3;0.3;-4.5;0.5;-4;-7.4;0.4;0.9;0.07;3.3;1.3;0;323;72;119;79;88354;0.09;0;0.34;0.39
2011;11;26;330;4.7;0.5;-2.5;-1.1;-3.8;-5.8;0.3;0.6;0.07;3.3;1.3;0;259;50;77;57;88540;0.07;0;0.34;0.39
2011;11;27;331;9.4;2.1;-3.8;3.5;-2.4;-6.2;0.6;0.9;0.07;3.3;1.3;0;313;70;109;69;88171;0.09;0;0.34;0.39
2011;11;28;332;5.6;1.9;-2.4;1.6;-1.4;-4.3;-0.4;0.4;0.07;3.3;1.3;0;269;57;92;59;88178;0.1;0.05;0.34;0.39
2011;11;29;333;8.8;1.3;-3.5;4.2;-1.6;-5.5;0.1;1.1;0.07;3.3;1.3;0;307;67;110;65;87889;0.11;0.02;0.34;0.39
2011;11;30;334;7;1.5;-3;2.5;-0.8;-4.8;0;0.7;0.07;3.3;1.3;0;214;47;69;44;88269;0.09;0;0.33;0.39
2011;12;1;335;8.8;0.7;-3.6;3.7;-2.2;-5.5;0;1.4;0.07;3.3;1.3;0;302;63;102;70;87843;0.15;0;0.33;0.39
2011;12;2;336;8;2.2;-3.1;2.2;-2;-6.1;0.2;0.9;0.07;3.3;1.3;0;281;61;106;56;87274;0.12;1.03;0.33;0.39
2011;12;3;337;4.3;1.7;-0.6;1.9;0.4;-1;0.6;0.5;0.09;3.3;1.3;0.55;248;38;64;22;87162;0.48;4.21;0.34;0.39
2011;12;4;338;4.5;1.8;-0.2;3.9;0.6;-1.7;0.7;1.2;0.09;3.3;1.3;0.68;70;16;45;14;86613;0.21;1.58;0.34;0.39
2011;12;5;339;0.6;-1.4;-4.9;0.2;-3.1;-8.6;1.6;0.6;0.15;3.3;1.3;2.82;173;32;85;42;86384;0.87;11.69;0.34;0.39
2011;12;6;340;-1.8;-3.6;-6.5;-4.3;-6.8;-10.9;1;1.1;0.28;3.3;1.3;7.17;87;20;76;31;86759;0.28;10.4;0.34;0.39
2011;12;7;341;0.1;-2.1;-4.7;-1.3;-4.3;-7.2;1.4;1.1;0.51;3.3;1.4;21.61;69;12;28;16;86785;0.29;23.77;0.34;0.39
2011;12;8;342;-0.4;-3.3;-8.7;-3.9;-6.4;-12.4;1.7;0.7;0.52;3.3;1.4;34.09;130;28;83;54;87716;0.27;0.97;0.35;0.39
2011;12;9;343;1.8;-3.3;-8.8;-2.6;-7.7;-13.1;0.6;1.5;0.51;3.3;1.4;33.91;134;28;63;28;87152;0.17;0.27;0.35;0.39
2011;12;10;344;1.2;-0.2;-1.3;-0.1;-1.8;-4.4;0.4;0.2;0.5;3.3;1.4;34.74;102;17;40;9;87141;0.15;5.8;0.35;0.39
2011;12;11;345;2.8;-0.7;-6.2;0.4;-1.9;-8.1;-0.2;0.4;0.48;3.3;1.4;36.04;141;28;72;39;87245;0.04;0.49;0.35;0.39
2011;12;12;346;1.4;-3.9;-10.2;-1.4;-5.5;-11.7;0.7;1;0.47;3.3;1.4;36.5;110;18;81;27;86940;0.13;4.58;0.35;0.39
2011;12;13;347;0.9;-5;-11.8;-3.2;-8.2;-13.1;0.1;1.8;0.48;3.3;1.4;38.5;126;23;85;43;86822;0.16;0;0.35;0.39
2011;12;14;348;2.5;-2.3;-6.3;-0.2;-5.6;-11.1;0.4;1.3;0.47;3.3;1.4;38.53;118;25;71;40;86698;0.04;2.26;0.35;0.39
2011;12;15;349;0.3;-3.9;-8.2;-2.1;-6.5;-9.7;0.8;1.1;0.47;3.3;1.4;39.53;100;19;84;43;86798;0.18;1.58;0.35;0.39
2011;12;16;350;1.1;-1.6;-5.5;-1.6;-4.8;-9.8;0.9;1.7;0.48;3.3;1.3;44.07;56;9;65;14;85139;0.47;12.38;0.35;0.39
2011;12;17;351;-3.6;-5.2;-8.4;-5.3;-7.7;-11;2.2;0.2;0.5;3.3;1.3;52.44;49;11;70;41;85903;0.26;7.41;0.35;0.39
2011;12;18;352;-5;-8.3;-13.7;-10.3;-12.9;-16.9;0.8;0.9;0.51;3.3;1.3;56.3;99;21;76;42;86606;0.12;1.23;0.35;0.39
2011;12;19;353;-5.9;-8.8;-14.4;-11.1;-12.7;-16.9;0.7;0.6;0.51;3.3;1.3;58.36;143;30;81;42;87175;0.13;1.63;0.35;0.39
2011;12;20;354;-4.7;-10.2;-18.7;-6;-13.3;-22.3;0.6;1.3;0.52;3.3;1.3;61.26;57;11;60;9;86741;0.02;10.39;0.35;0.39
2011;12;21;355;-3.2;-4.6;-5.9;-5.4;-6.3;-7.7;1.2;0.4;0.53;3.2;1.3;73.51;71;14;23;12;87268;0.08;9.65;0.35;0.39
2011;12;22;356;0.5;-2;-4.2;-0.8;-3.1;-5.4;0.9;0.8;0.53;3.2;1.3;85.77;24;5;7;0;87785;0;19.3;0.35;0.39
2011;12;23;357;3.2;0.2;-5.1;0.2;-1.5;-6.2;0.5;0.9;0.51;3.2;1.3;95.79;80;16;70;27;87856;0.05;2.46;0.35;0.39
2011;12;24;358;-1.1;-3.5;-5.6;-2.9;-5;-6.9;1.7;0.3;0.51;3.2;1.3;99.54;62;12;54;28;87841;0.22;9.52;0.35;0.39
2011;12;25;359;-2.9;-6.1;-9.9;-6.8;-9.1;-11.7;0.6;1;0.52;3.2;1.3;104.86;138;28;65;40;88770;0.11;0.14;0.35;0.39
2011;12;26;360;2.5;-3.8;-8.4;-2.1;-6.6;-10;0.1;1;0.51;3.2;1.3;104.89;146;30;70;38;89060;0.04;0;0.35;0.39
2011;12;27;361;3;-5;-11.8;-0.1;-7.5;-13.5;0.1;1.1;0.51;3.2;1.3;104.94;154;32;77;51;88863;-0.02;0;0.35;0.39
2011;12;28;362;2.9;-6.4;-12;-0.7;-9.2;-14.3;0.4;1.5;0.51;3.2;1.3;104.99;152;32;73;47;88231;-0.02;0;0.35;0.39
2011;12;29;363;-2.1;-4.9;-7.7;-4.1;-7.6;-11.5;1.2;0.8;0.51;3.2;1.3;107.06;96;20;74;33;87788;0.08;3.15;0.35;0.39
2011;12;30;364;-3.8;-6;-9.6;-5.7;-8.5;-13.5;1.7;0.6;0.52;3.2;1.3;115.74;84;16;67;24;86944;0.15;12.91;0.35;0.39
2011;12;31;365;0.8;-4.7;-10;-0.8;-6.9;-13;0.6;1.4;0.53;3.2;1.3;126.74;29;6;70;6;87138;0.02;19.57;0.35;0.39
2012;1;1;1;3.5;0.5;-4.8;0.8;-1.3;-5.7;0.7;1.2;0.52;3.1;1.3;137.67;112;20;59;24;87528;0.13;5.84;0.36;0.39
2012;1;2;2;2;-1.5;-5.3;-0.6;-3.1;-6.1;0.6;1;0.5;3.1;1.3;137.4;128;24;61;27;87155;0.18;4.84;0.36;0.39
2012;1;3;3;0.8;-2.5;-4.7;-2.1;-5.3;-9.5;0.5;1.1;0.49;3.1;1.3;140.6;168;35;96;59;87702;0.2;0.41;0.36;0.39
2012;1;4;4;-0.5;-3;-5.9;-2.5;-6.1;-10.3;1.6;1;0.49;3.1;1.3;144.26;137;22;78;39;87392;0.34;6.12;0.36;0.39
2012;1;5;5;0.2;-2.8;-7.3;-2.5;-6;-11.5;2.2;1.1;0.51;3.1;1.3;151.8;38;8;66;16;86007;0.44;19.02;0.35;0.39
2012;1;6;6;-3;-4.4;-5.2;-4.2;-6;-6.9;2.6;-0.8;0.53;3.1;1.3;176.81;38;8;43;19;86865;0.39;22.15;0.35;0.39
2012;1;7;7;-1.5;-3.1;-5.2;-3.3;-5.9;-8.7;1.8;0.7;0.53;3.1;1.3;188.42;52;11;49;21;87492;0.2;10.65;0.35;0.39
2012;1;8;8;-2.3;-3.3;-4.1;-3.3;-4.8;-6;2;-0.4;0.53;3.1;1.3;204.04;48;11;37;22;87536;0.19;16.9;0.35;0.39
2012;1;9;9;-1.4;-3.1;-5.1;-3.8;-5.2;-6.6;1.4;0.5;0.53;3.1;1.3;217.75;109;21;50;16;88184;0.23;7.69;0.35;0.39
2012;1;10;10;-0.6;-1.9;-5.5;-1.3;-2.9;-6.4;1;0.5;0.53;3.1;1.2;223.87;49;9;55;17;88614;0;5.06;0.35;0.39
2012;1;11;11;1.7;-3.7;-8.3;-2.7;-6.4;-10;0.2;0.8;0.52;3.1;1.2;225.77;156;34;77;57;88704;0.2;0;0.35;0.39
2012;1;12;12;1.9;-6.3;-13.3;-3.6;-10.4;-15.4;0.8;1.2;0.52;3;1.2;225.71;169;37;89;61;88154;0.11;0.22;0.35;0.38
2012;1;13;13;-2.3;-4;-6.8;-4.9;-6.3;-8.8;2.1;-0.1;0.53;3;1.2;231.52;131;27;73;27;87881;0.08;9.05;0.35;0.38
2012;1;14;14;-5.3;-8.1;-13.5;-8.6;-10.7;-15.7;1;0.3;0.53;3;1.2;235.49;148;29;84;55;87785;0.13;0.69;0.35;0.38
2012;1;15;15;-5.5;-11.1;-16;-10.8;-14.6;-18.6;-0.2;0.8;0.53;3;1.2;235.6;159;35;84;60;87540;0.12;0;0.35;0.38
2012;1;16;16;-5.3;-13.1;-19;-11;-17.5;-22.8;-0.3;1.1;0.53;3;1.2;235.6;177;38;80;58;87576;0.06;0;0.35;0.38
2012;1;17;17;-2.8;-12.3;-19.5;-9.3;-16.8;-22.3;0.4;1.3;0.52;3;1.2;235.6;146;33;59;38;88061;0.06;0;0.35;0.38
2012;1;18;18;-1.1;-11.8;-18.5;-7.1;-15.3;-20.9;0.3;1.6;0.52;3;1.2;235.61;175;39;74;45;88338;0;0;0.35;0.38
2012;1;19;19;1.6;-2;-11;-0.9;-5.4;-14;2;1.3;0.51;3;1.2;237;54;13;14;-10;87825;-0.11;9.28;0.35;0.38
2012;1;20;20;0.8;-1.7;-3.9;-0.9;-3.5;-6.1;2.4;0;0.52;3;1.2;254.33;61;11;56;17;87106;0.48;31.97;0.35;0.38
2012;1;21;21;2.6;-1;-4.4;-0.7;-3.4;-5.5;2.1;0.7;0.54;3;1.2;277.17;38;7;35;12;86983;0.3;13.1;0.35;0.38
2012;1;22;22;2.5;0.5;-1.1;-0.3;-1.7;-2.9;2.7;0;0.52;3;1.2;287.14;113;20;56;20;86883;0.41;11.31;0.35;0.38
2012;1;23;23;0.1;-1.1;-2;-2.3;-2.9;-3.8;1.7;0.2;0.5;3;1.2;290.87;118;21;47;23;87188;0.44;9.07;0.36;0.38
2012;1;24;24;-2.3;-4.2;-7.3;-3.1;-6;-9.6;1.3;-0.4;0.53;3;1.2;307.16;125;26;76;39;87349;0.51;15.35;0.35;0.38
2012;1;25;25;-3.4;-8.9;-13.6;-9.6;-12.8;-15.8;-0.1;0.8;0.53;3;1.2;312.01;190;43;93;72;87474;0.19;0.01;0.35;0.38
2012;1;26;26;-1.6;-9.2;-15.4;-8.1;-13.2;-18;0;1.1;0.53;3;1.2;311.93;171;40;73;47;87268;0.13;0;0.35;0.38
2012;1;27;27;1.6;-4.1;-10.9;-1.9;-6.4;-13.1;0.1;0.4;0.52;3;1.2;312.4;145;29;35;8;87621;-0.02;1.87;0.35;0.38
2012;1;28;28;-1.6;-3.3;-4.8;-3.7;-4.3;-5.4;0.1;-0.6;0.53;3;1.2;316.21;103;22;25;11;87727;0.04;3.52;0.35;0.38
2012;1;29;29;-2.8;-4.7;-6.3;-5.2;-5.9;-7.2;-0.5;-0.6;0.53;3;1.2;317.75;149;33;57;37;87458;0.05;0.55;0.35;0.38
2012;1;30;30;-3.7;-6.5;-9.6;-6.6;-8.4;-11.5;0;0.1;0.52;3;1.2;318.01;181;42;76;53;87466;0.07;0.09;0.35;0.38
2012;1;31;31;-5.3;-8.3;-10.9;-9.1;-10.5;-12.7;-0.2;-0.1;0.52;3;1.2;318.53;153;34;54;38;87037;0.07;0.73;0.35;0.38
2012;2;1;32;-8.5;-10.9;-13.6;-10.8;-13.1;-15.2;-0.7;-0.2;0.52;3;1.2;318.95;169;38;58;41;87014;0.08;1.13;0.35;0.38
2012;2;2;33;-10.2;-11.8;-13.8;-12.8;-14.3;-16;-1.1;-0.9;0.52;3;1.2;321.58;116;26;35;19;87052;0.24;3.11;0.35;0.38
2012;2;3;34;-13.9;-15.7;-17.7;-16.5;-19.1;-20.3;-0.8;-0.7;0.52;3;1.2;322.96;188;44;62;49;87526;0.23;0.41;0.35;0.38
2012;2;4;35;-15.7;-18.2;-21.1;-20.1;-21.5;-23.4;-0.8;-0.1;0.52;3;1.2;323.11;186;39;67;43;87875;0.08;0.31;0.35;0.38
2012;2;5;36;-14.2;-17.8;-23.6;-20.1;-21.8;-26;-0.8;0.2;0.52;3;1.2;323.34;230;55;96;72;87682;0.04;0;0.35;0.38
2012;2;6;37;-14.9;-18.6;-25.4;-20.3;-22.9;-28.2;-0.3;0.2;0.51;3;1.2;323.39;225;55;85;67;87661;0;0.12;0.35;0.38
2012;2;7;38;-13.8;-16.2;-17.8;-18.1;-19.2;-20.4;-0.8;-0.5;0.51;3;1.2;324.67;200;41;71;27;87618;0;1.69;0.34;0.38
2012;2;8;39;-7.3;-12.9;-18.3;-13.5;-16.9;-20.4;-0.6;0;0.51;3;1.2;325.23;238;58;89;59;87862;-0.03;0.04;0.34;0.38
2012;2;9;40;-8;-12.7;-17.8;-13.5;-17.1;-22.7;0.6;0;0.51;3;1.2;325.86;177;45;54;34;87860;-0.04;3.1;0.34;0.38
2012;2;10;41;-12.2;-14.6;-17.7;-14.5;-17.5;-19.7;-0.8;-0.9;0.52;3;1.2;329.63;169;40;61;34;87865;0.11;1.9;0.34;0.38
2012;2;11;42;-12.9;-16.1;-19;-16.7;-18.8;-21.1;-0.9;-0.5;0.52;3;1.2;330.44;206;49;68;50;87471;0.02;0.44;0.34;0.38
2012;2;12;43;-11.8;-15.4;-18.7;-16.2;-18.8;-21.1;-0.3;0.1;0.52;3;1.2;330.67;242;61;88;68;87532;0;0.01;0.34;0.38
2012;2;13;44;-8.7;-14.6;-23.5;-13.7;-19.3;-26.5;0.7;0.9;0.51;3;1.2;330.91;191;50;63;35;87276;0;1.53;0.34;0.38
2012;2;14;45;-5.2;-9.1;-12.7;-10.3;-12.4;-15;1.1;0.5;0.52;3;1.2;333.57;172;41;85;20;86904;-0.02;2.25;0.34;0.38
2012;2;15;46;-3.9;-5.3;-8.4;-5.5;-7.7;-11.4;2.8;0.2;0.53;3;1.2;341.37;51;13;17;6;86582;-0.08;15.94;0.34;0.38
2012;2;16;47;-3;-5.1;-7.8;-6.5;-8;-9.8;1.5;-0.7;0.54;3;1.2;354.95;181;42;71;32;87534;0.2;5.67;0.34;0.38
2012;2;17;48;-0.2;-4.1;-8.8;-4.7;-7.3;-11.3;0.9;0.7;0.54;3;1.2;356.55;173;36;49;21;87797;0.05;1.08;0.34;0.38
2012;2;18;49;1.9;-1.9;-6;-3.5;-5.3;-7.8;0.3;0.5;0.53;3;1.2;357.17;228;55;85;44;87457;0.06;0.12;0.34;0.38
2012;2;19;50;-0.3;-4.1;-8;-2.6;-5.8;-9.2;0.8;0.1;0.53;3;1.2;359.65;99;26;61;26;87287;0.02;6.4;0.34;0.38
2012;2;20;51;-3.5;-6.3;-9.9;-7.6;-9.7;-12.5;-0.5;-0.4;0.53;3;1.2;363.94;213;52;93;54;88236;0.29;0.66;0.34;0.38
2012;2;21;52;0.2;-7.1;-15.3;-7.6;-12.3;-17.7;0.1;0.7;0.53;3;1.2;363.98;268;70;101;78;88284;0.1;0;0.34;0.38
2012;2;22;53;4.3;-5.9;-15.8;-5.7;-12.2;-18;0;1;0.53;3;1.2;363.91;267;70;90;64;88239;0.09;0;0.34;0.38
2012;2;23;54;2.9;-3.3;-12.1;-4.4;-7.9;-13.9;0.8;1.1;0.52;3;1.2;363.98;124;30;53;13;88083;-0.01;0.17;0.34;0.38
2012;2;24;55;7.1;1.2;-3.9;0.9;-2.3;-5.4;0.8;0.9;0.52;3.1;1.2;364.17;262;69;83;40;88268;-0.04;0;0.34;0.38
2012;2;25;56;2.9;1.6;0;1.7;0.2;-1.9;0.7;-0.1;0.5;3.1;1.3;364.73;128;27;20;5;87903;-0.11;4.77;0.34;0.38
2012;2;26;57;-0.4;-2.1;-3.6;-1.4;-3.4;-4.8;1.1;-0.5;0.51;3.1;1.3;373.58;167;35;47;22;87659;0.53;16.45;0.34;0.38
2012;2;27;58;-0.1;-2.6;-4.6;-4.3;-5.6;-6.8;0.8;-0.2;0.52;3.1;1.3;381.79;243;62;84;46;87951;0.5;0.82;0.34;0.38
2012;2;28;59;1.9;-0.9;-3.8;-2.2;-4;-5.8;0.7;0.7;0.51;3.1;1.3;381.9;137;30;31;14;87957;0.16;0.36;0.34;0.38
2012;2;29;60;6.3;2.2;-1.5;1.7;-1.1;-3.8;0;0.4;0.5;3.1;1.3;381.99;218;57;52;33;88058;0.04;0;0.34;0.38
2012;3;1;61;11.7;2.8;-4.9;4.2;-1;-5.9;0;0.9;0.48;3.1;1.3;380.89;311;83;91;61;88056;0.12;0;0.34;0.38
2012;3;2;62;10.9;2.1;-5.4;3.3;-1.9;-7.2;0.2;1;0.47;3.1;1.3;378.59;329;90;97;66;88148;0.34;0;0.34;0.38
2012;3;3;63;9.3;1.5;-4.9;2.1;-2.2;-6.5;0.4;0.8;0.45;3.1;1.3;376.57;332;91;92;61;87920;0.43;0.02;0.34;0.38
2012;3;4;64;3.8;1.3;-1.9;1.8;0.1;-3;-0.1;0.1;0.44;3.1;1.3;373.91;206;55;42;20;87620;0.02;1.1;0.34;0.38
2012;3;5;65;-0.4;-2.2;-6.1;-1.1;-4.4;-6.9;0.9;0.2;0.46;3.1;1.3;376.31;238;47;63;31;87416;0.91;7.15;0.34;0.38
2012;3;6;66;0.5;-3.1;-6.6;-4.2;-6;-8.4;-0.8;-0.3;0.46;3.2;1.3;377.97;215;58;68;35;87699;0.83;0.6;0.34;0.38
2012;3;7;67;3.2;-1.7;-9.1;-2.3;-5.3;-10.3;0.4;0.4;0.46;3.2;1.3;377.92;352;97;108;73;87696;0.36;0.02;0.34;0.38
2012;3;8;68;-0.6;-2.5;-4.8;-2.2;-4.1;-6.1;1.2;-0.2;0.48;3.2;1.3;381.56;145;40;65;27;87832;0.23;10.31;0.34;0.38
2012;3;9;69;0.2;-3.7;-8.4;-6.2;-8;-10.7;-0.3;0;0.51;3.2;1.3;388.28;280;81;99;64;88782;0.62;0.5;0.34;0.38
2012;3;10;70;2.5;-3.2;-10.2;-4.7;-8.1;-11.9;0.2;0.4;0.5;3.2;1.3;388.08;330;94;101;73;88744;0.38;0;0.34;0.38
2012;3;11;71;1.3;-1.8;-6.5;-0.9;-3.6;-9.5;0.8;0.3;0.5;3.2;1.3;389.6;139;28;45;7;88486;-0.05;4.31;0.34;0.38
2012;3;12;72;3.6;0.8;-2.2;0.1;-1;-3;1;0;0.5;3.2;1.3;393.21;229;58;55;22;88442;0.1;1.21;0.34;0.38
2012;3;13;73;5;2;-3.6;1.6;0.1;-4.1;0.2;-0.1;0.48;3.2;1.3;392.49;297;83;79;54;88466;0.11;0;0.34;0.38
2012;3;14;74;8.6;3.2;-4.9;1.7;-1.2;-6.3;0.2;0.2;0.46;3.2;1.3;389.92;367;106;106;77;88424;0.41;0;0.34;0.38
2012;3;15;75;11.1;2.1;-5.9;1.2;-3.6;-7.6;0.3;0.8;0.45;3.2;1.3;387.32;385;113;116;84;88432;0.6;0;0.34;0.38
2012;3;16;76;13.5;2.7;-5.5;2.9;-4;-7.6;0.2;1.1;0.44;3.2;1.3;384.75;399;117;125;86;88185;0.7;0;0.34;0.38
2012;3;17;77;11.7;2.9;-4.7;1.2;-3.1;-6.5;0.1;0.8;0.43;3.3;1.3;381.02;402;114;111;71;87762;0.71;0.06;0.35;0.38
2012;3;18;78;10.2;2.2;-3.6;1.5;-1.8;-5.5;0.4;0.5;0.42;3.3;1.3;375.92;384;113;91;55;87442;0.58;6.46;0.35;0.38
2012;3;19;79;1.1;-0.3;-1.3;-0.1;-1;-1.9;-0.2;-0.7;0.47;3.3;1.3;378.2;133;38;31;14;88074;0.26;9.94;0.36;0.38
2012;3;20;80;5.5;1.1;-4;0;-1.7;-4.7;-0.4;0.1;0.47;3.3;1.3;378.71;330;102;98;65;88706;0.61;0.05;0.36;0.38
2012;3;21;81;6.9;2;-4.9;1.5;-1.8;-5.9;-0.5;0.4;0.45;3.3;1.3;375.5;325;101;91;68;88768;0.52;0.06;0.36;0.38
2012;3;22;82;10.2;3.5;-4.9;2.6;-1.4;-6.1;-0.4;0.4;0.44;3.3;1.3;370.5;407;122;106;75;88394;0.71;0;0.36;0.38
2012;3;23;83;10.1;3.6;-4.8;3.3;-1.3;-6.4;0.2;0.4;0.43;3.3;1.3;363.62;415;121;103;72;88162;0.69;0.18;0.37;0.38
2012;3;24;84;8.1;2.2;-3.9;3.3;-0.7;-5.6;0.2;0.5;0.42;3.4;1.4;356.85;384;104;90;55;88106;0.3;3.53;0.37;0.38
2012;3;25;85;7.8;2.6;-4.7;2.1;-1.5;-6.1;-0.5;0.4;0.41;3.4;1.4;349.97;397;122;94;66;88401;0.7;0.41;0.38;0.38
2012;3;26;86;7.9;3;-4.1;1.2;-1.9;-5.6;-0.1;0.1;0.41;3.4;1.4;342.92;442;135;104;78;88622;0.83;0;0.38;0.38
2012;3;27;87;8.2;3.5;-4;0.9;-2.2;-6;0.1;0.2;0.41;3.4;1.4;336.15;447;137;104;78;88634;0.81;0;0.38;0.38
2012;3;28;88;9.6;4.6;-4.4;3;-0.4;-5.9;0.1;0.2;0.4;3.4;1.4;328.09;448;138;98;68;88378;0.69;0;0.39;0.38
2012;3;29;89;8.8;4.1;-2.2;2.3;-1.2;-3.5;1.7;-0.1;0.4;3.4;1.4;318.03;415;127;101;57;87755;1.15;0.36;0.39;0.38
2012;3;30;90;4.1;2.4;1;2.3;1.3;-0.4;1.6;-0.4;0.41;3.4;1.4;309.07;121;29;22;6;87402;-0.13;8.82;0.4;0.39
2012;3;31;91;7.9;3.5;-0.5;1.4;0.3;-1;1.9;-0.5;0.41;3.5;1.4;299.02;407;115;77;42;86904;0.87;6.69;0.41;0.39
2012;4;1;92;3.5;0.1;-3.1;-1.2;-4.9;-6.2;0;-0.9;0.44;3.5;1.4;294.9;436;126;110;66;87039;1.37;1.36;0.41;0.39
2012;4;2;93;8.7;3.2;-2.5;0.4;-2.6;-6.3;-0.1;0.2;0.43;3.5;1.4;292.88;416;137;107;77;86727;0.89;0;0.4;0.39
2012;4;3;94;11.6;4;-3.2;3.9;-0.9;-5.1;0.2;0.9;0.42;3.5;1.4;286.46;422;124;86;55;86423;0.84;0.62;0.4;0.39
2012;4;4;95;9;3.8;-2.1;3.5;0.8;-3.9;-0.3;-0.2;0.41;3.5;1.4;276.31;387;107;77;37;86579;0.42;1.55;0.41;0.39
2012;4;5;96;6.1;4.4;2.7;5.2;3.9;2.2;-0.2;-0.6;0.41;3.5;1.4;264.3;226;63;34;12;86742;-0.26;8.96;0.42;0.4
2012;4;6;97;5;3.6;2.9;4.3;3.1;2.4;0.2;-0.5;0.41;3.5;1.4;251.29;249;56;31;9;86653;-0.15;6.31;0.43;0.4
2012;4;7;98;3.8;1;-1.9;2.6;0.3;-2.7;0.6;-0.3;0.42;3.6;1.4;244.57;229;65;61;24;86229;0.05;11.32;0.43;0.4
2012;4;8;99;-2.1;-4;-6.8;-3;-7.1;-10.3;0.5;-0.8;0.48;3.6;1.4;249.49;335;75;78;39;86660;1.23;8.71;0.42;0.41
2012;4;9;100;3.8;-2.1;-9.3;-0.9;-6.8;-12.3;0.4;0.8;0.48;3.6;1.4;251.17;322;102;88;51;86664;0.69;0.02;0.41;0.41
2012;4;10;101;12;4.2;-2.9;1.4;-1.1;-4.3;-0.2;1.2;0.47;3.6;1.4;248.51;401;122;88;44;86072;0.78;0.09;0.41;0.41
2012;4;11;102;2.3;-0.2;-2.6;1.1;-1.7;-4.6;0.6;0.5;0.47;3.6;1.4;248.67;89;29;55;25;85945;0.09;10.28;0.41;0.41
2012;4;12;103;6.1;1.3;-5.9;-0.9;-3;-7.5;0.6;0.1;0.47;3.6;1.4;250.5;419;131;103;66;86154;1.17;0.56;0.41;0.41
2012;4;13;104;4.1;1.6;-0.2;0.8;0;-1;-0.5;-0.8;0.46;3.6;1.4;249.26;255;60;29;17;86132;0.37;5.26;0.4;0.41
2012;4;14;105;6.1;2.4;0;3.1;1;-0.1;-1.1;-1;0.45;3.7;1.5;244.71;311;87;56;19;85781;0.34;5.8;0.41;0.41
2012;4;15;106;4.7;2.1;0.5;3.7;1.7;0.4;-0.8;-1.1;0.43;3.7;1.5;235.89;240;53;30;7;85966;-0.09;14.2;0.42;0.41
2012;4;16;107;0.5;-0.6;-2.2;0.4;-1.4;-3;-0.2;-1.2;0.48;3.7;1.5;239.83;200;55;36;14;86870;0.51;16.95;0.43;0.41
2012;4;17;108;3.4;-0.7;-5.3;-2.6;-4.4;-6;-0.3;0;0.49;3.7;1.5;244.23;338;119;93;57;86700;1.17;0.24;0.42;0.41
2012;4;18;109;4.3;0.2;-4.7;0.6;-2.4;-6.4;-0.1;0;0.47;3.7;1.5;244.03;254;77;59;31;85726;0.57;5.96;0.41;0.41
2012;4;19;110;6.8;2.5;-2.1;1.5;-1.8;-6.8;0.1;0.3;0.46;3.7;1.5;243.97;432;130;103;54;85353;1.22;2.75;0.41;0.41
2012;4;20;111;4.9;1.4;-2;2.4;-0.2;-3.9;0.8;0.2;0.46;3.8;1.5;241.2;313;87;76;34;85801;0.33;8.88;0.42;0.41
2012;4;21;112;9.3;2.1;-6.5;-0.2;-3.8;-8;0.3;0.1;0.44;3.8;1.5;236.45;467;142;112;63;86267;1.36;3.02;0.42;0.41
2012;4;22;113;4;1.2;-2.3;0.4;-1.3;-5;0.9;0.4;0.44;3.8;1.5;234.54;306;94;84;46;86697;0.66;6.11;0.42;0.41
2012;4;23;114;5.8;1.3;-5.2;-0.2;-2.7;-6.3;-0.4;0.4;0.43;3.8;1.5;231.08;344;119;84;51;86365;1.05;0.33;0.42;0.42
2012;4;24;115;3.9;0.4;-2.2;-0.1;-2;-4.5;0.7;0.7;0.46;3.8;1.5;235.43;219;53;85;42;85939;0.39;11.53;0.41;0.42
2012;4;25;116;10.3;2.9;-5;-1.2;-3.4;-6.7;-0.2;1.3;0.46;3.8;1.5;236.09;447;156;110;75;86493;1.56;0.01;0.41;0.42
2012;4;26;117;17;7.2;-1.6;6.9;0.5;-4.5;-0.1;1.4;0.44;3.9;1.5;226.8;492;167;93;68;86936;0.95;0;0.41;0.42
2012;4;27;118;20.6;9.8;-1.1;10.8;2.9;-3.8;-0.2;1;0.39;3.9;1.5;211.64;532;181;97;69;87535;1.5;0;0.42;0.42
2012;4;28;119;18.5;10.6;0.8;7.3;2.5;-1.6;-0.6;1.6;0.36;3.9;1.5;195.74;569;196;101;70;87448;2.03;0;0.42;0.42
2012;4;29;120;16;9.5;3.3;7.6;4;0.4;-0.4;1.1;0.34;3.9;1.6;183.49;362;93;64;39;87052;0.68;0;0.42;0.42
2012;4;30;121;16.2;10.1;4.2;6.1;3.6;1.7;-0.6;0.9;0.33;3.9;1.6;171.09;591;186;94;50;87313;1.97;0.03;0.42;0.42
2012;5;1;122;11;8.4;3.6;8.2;5.2;1.8;-0.1;-0.2;0.32;3.9;1.6;158.04;344;122;76;31;87451;0.91;1.59;0.41;0.42
2012;5;2;123;16.3;9.2;1.1;6.8;3.7;-0.1;0.4;0.3;0.32;4;1.6;145.18;582;192;97;58;87244;1.94;1.65;0.41;0.43
2012;5;3;124;10.7;8.3;5.9;6.6;4.6;3.2;0.1;0.2;0.32;4;1.6;132.55;298;99;49;21;87177;1.02;2.38;0.41;0.43
2012;5;4;125;13.1;8.4;0.3;7.2;3.3;-0.1;0.2;0.4;0.31;4;1.6;121.23;538;186;85;58;86711;1.77;1.04;0.41;0.43
2012;5;5;126;8.9;5.8;2.3;6;3.8;0.6;0.4;0.6;0.31;4;1.6;110.51;294;108;65;39;86572;0.9;9.92;0.41;0.43
2012;5;6;127;7.7;4.4;0.7;4.9;2.6;-0.5;0.5;0.6;0.3;4;1.6;102.84;259;97;70;39;86887;0.96;7.78;0.41;0.43
2012;5;7;128;9.4;4.9;-1.6;6.2;2.9;-2.9;0.2;0.2;0.29;4;1.6;94.68;494;173;91;57;87474;1.36;5.93;0.41;0.43
2012;5;8;129;15.3;8.6;-1.2;5.6;2.4;-2.1;0.2;0.1;0.28;4.1;1.6;84.13;626;203;98;62;87513;2.22;0.54;0.4;0.43
2012;5;9;130;15.3;9.8;5.1;10.1;6.3;3;0.3;0.5;0.27;4.1;1.6;72.21;563;166;73;39;87785;1.57;7.87;0.4;0.43
2012;5;10;131;19.9;12.6;1.3;10.4;6.1;0.6;0.1;0.4;0.27;4.1;1.6;59.42;636;224;93;61;88258;2.71;0;0.4;0.43
2012;5;11;132;22.5;15.1;4.4;12;7.3;2.6;0.3;0.5;0.25;4.1;1.6;45.82;636;225;93;62;88381;2.88;0;0.4;0.43
2012;5;12;133;12.6;7.9;3;11.2;6.9;2.7;0.2;-1;0.24;4.1;1.6;36.76;106;31;34;7;88458;0.65;14.12;0.4;0.43
2012;5;13;134;6.2;3.6;1.8;2;-0.3;-1.5;-0.9;-1.1;0.23;4.1;1.7;32.47;502;168;68;44;88171;2.41;2.43;0.4;0.43
2012;5;14;135;8.7;4.6;0.6;-0.7;-2;-3.9;-0.6;-0.5;0.23;4.2;1.7;28.03;661;237;112;85;87533;2.37;0;0.39;0.43
2012;5;15;136;10;4.5;-1;2.3;-0.4;-3.7;1.5;0.3;0.23;4.2;1.7;22.61;554;196;109;57;86967;2.46;6.96;0.39;0.43
2012;5;16;137;2.1;-0.2;-2.7;1.2;-1.3;-3.7;1.6;0;0.29;4.2;1.7;23.56;253;91;71;36;87538;1.54;13.07;0.39;0.43
2012;5;17;138;7.6;2.3;-4;-0.5;-2.6;-5.3;-0.5;-0.1;0.34;4.2;1.7;25.51;550;199;111;79;87678;2.01;0.46;0.38;0.43
2012;5;18;139;14.3;8;-2.1;5.9;1.5;-4.5;-0.2;0;0.3;4.2;1.7;20.16;555;188;88;57;87125;2.11;0.25;0.38;0.42
2012;5;19;140;17.9;11;1.6;10;5.4;0;-0.4;0.1;0.26;4.2;1.7;13.25;673;235;99;69;87129;2.64;0.04;0.38;0.42
2012;5;20;141;19.9;12;2.9;10.8;5.6;1.7;-0.4;1.4;0.2;4.2;1.7;6.97;710;232;101;64;86672;3.48;0.89;0.38;0.42
2012;5;21;142;16.5;11.5;6.2;6.7;5.1;3.5;-0.5;1.1;0.15;4.2;1.7;3.04;555;209;94;62;86108;3.31;0.16;0.37;0.42
2012;5;22;143;13.3;9.4;5.1;10;6.3;1.8;0.3;0.1;0.13;4.2;1.7;1.45;531;147;92;40;86738;2.01;12.44;0.37;0.42
2012;5;23;144;16;11.3;6.7;12.6;10.1;6.3;0.6;0.3;0.12;4.3;1.7;0.61;542;154;74;30;87800;2.72;17.99;0.38;0.42
2012;5;24;145;17;11.1;3.8;12.5;9.1;3.7;0;0.2;0.12;4.3;1.7;0.23;623;214;101;60;88157;3.32;10.34;0.39;0.42
2012;5;25;146;15.2;10.5;4.5;8.2;5;3;-1.3;-0.3;0.12;4.3;1.7;0.09;761;277;121;81;87927;4.34;0.16;0.38;0.42
2012;5;26;147;14.7;10.4;5.1;4.8;2.7;1.5;-1.2;-0.3;0.12;4.3;1.7;0.02;826;304;135;103;87756;4.34;0;0.38;0.42
2012;5;27;148;15.4;10;1.7;6.2;2.8;0.1;-0.4;-0.2;0.12;4.3;1.7;0;798;262;121;80;87637;3.88;0.25;0.37;0.42
2012;5;28;149;13.8;9.6;3.6;8.2;5;1.7;0.8;0.2;0.12;4.3;1.7;0;654;214;89;58;87508;3.29;4.69;0.36;0.42
2012;5;29;150;15.4;10.6;6.1;9.6;6.9;3.7;0.9;0.6;0.12;4.3;1.7;0;625;208;85;54;87503;3.64;5.09;0.36;0.42
2012;5;30;151;16.5;11.4;4.2;11;7.4;3;0.8;0.4;0.12;4.3;1.7;0;633;239;98;68;87775;3.74;3.08;0.36;0.42
2012;5;31;152;16.4;12;6.3;9;6.8;4.7;1.1;0.4;0.12;4.3;1.7;0;658;225;91;55;87800;3.79;2.71;0.36;0.42
2012;6;1;153;12.7;10.3;8.7;9.8;8.6;7.9;1.6;-0.1;0.12;4.3;1.7;0;458;112;61;21;87638;2.58;8.48;0.36;0.42
2012;6;2;154;17.4;13.1;9.5;11.3;9.1;8;0.4;-0.4;0.12;4.3;1.7;0;637;215;103;56;87486;3.56;0.87;0.36;0.41
2012;6;3;155;19.8;12.6;6.2;13;9.7;5.3;0.8;0.5;0.12;4.4;1.8;0;565;162;79;41;87125;3.16;19.64;0.35;0.41
2012;6;4;156;11.5;8.5;6.6;8.2;6.5;3.8;0.9;0.7;0.12;4.4;1.8;0;397;103;77;32;87186;2.7;21.45;0.38;0.41
2012;6;5;157;10.6;6.8;3.2;4.7;2.4;0.2;0.8;-0.6;0.12;4.4;1.8;0;550;179;109;50;87463;3.36;5.51;0.38;0.41
2012;6;6;158;15.6;9.9;3.9;10.6;6.4;2.1;0.3;0.4;0.12;4.4;1.8;0;565;126;75;33;87149;1.96;1.02;0.38;0.41
2012;6;7;159;21.5;14.6;6.8;13.9;10.1;6.4;-0.1;0.3;0.12;4.4;1.8;0;692;255;104;59;86968;4.22;8.56;0.38;0.41
2012;6;8;160;16.2;12.1;9.6;13.3;10.6;8.2;0.4;-0.4;0.12;4.4;1.8;0;472;132;73;22;87233;3.01;25.54;0.38;0.41
2012;6;9;161;12.7;10.4;8.7;8.7;7.5;6.3;-0.2;0;0.12;4.4;1.8;0;396;104;64;29;87477;2.24;10.56;0.4;0.41
2012;6;10;162;10.7;8.6;6.8;8;6.5;5;-0.2;-0.4;0.12;4.4;1.8;0;384;110;53;26;87049;2.31;12.91;0.41;0.41
2012;6;11;163;13.6;9.4;6.5;8.1;6.9;5.2;0.4;0.5;0.12;4.4;1.8;0;577;154;81;41;86591;2.88;6.63;0.41;0.41
2012;6;12;164;8.9;6.6;5.1;7.6;5.9;4.2;0.8;0.6;0.12;4.4;1.8;0;161;61;45;23;86491;1.98;18.47;0.41;0.41
2012;6;13;165;12.4;8;5.3;7.3;5.3;3.9;1.4;0.2;0.12;4.4;1.8;0;619;184;83;38;87288;3.59;8.85;0.42;0.41
2012;6;14;166;14.5;9.5;1.8;8.1;4.9;1.6;-0.1;0;0.12;4.4;1.8;0;671;249;94;76;87706;3.58;0.73;0.42;0.41
2012;6;15;167;20.8;14;3.5;12.8;7.3;2.6;0;0.4;0.12;4.5;1.8;0;785;278;117;81;87852;4.75;0.02;0.41;0.41
2012;6;16;168;23.3;16.5;7.2;17.2;11;6.2;0.2;0.4;0.12;4.5;1.8;0;764;270;109;73;87940;4.69;1.5;0.4;0.41
2012;6;17;169;17.8;15.3;11.9;14.2;12.8;11.2;-0.8;-0.5;0.12;4.5;1.8;0;451;167;74;45;88155;2.71;0.8;0.4;0.41
2012;6;18;170;23.7;17.6;8.6;16.7;11.6;7.6;0.4;0.3;0.12;4.5;1.8;0;726;259;103;75;87892;4.69;0.33;0.39;0.41
2012;6;19;171;24.3;18.1;13.4;18.3;14.8;11.9;-0.3;0;0.12;4.5;1.8;0;787;255;104;66;87822;4.05;2.95;0.38;0.41
2012;6;20;172;19.2;15.4;11.2;16.5;14.2;10.6;0.2;0.2;0.12;4.5;1.8;0;560;178;63;38;87550;3.47;16.33;0.38;0.41
2012;6;21;173;19.3;15.4;10;15.8;13.5;9.9;0.2;0.3;0.12;4.5;1.8;0;511;181;68;38;87366;3.36;7.19;0.39;0.41
2012;6;22;174;15.4;13.2;10.4;12.5;11.2;9.3;0.6;-0.4;0.12;4.5;1.8;0;525;173;58;40;87963;3.54;9.44;0.39;0.41
2012;6;23;175;14.9;12.6;9.7;11.3;9.6;8.9;-0.2;-0.2;0.12;4.5;1.8;0;537;140;74;40;88254;2.82;1.81;0.39;0.41
2012;6;24;176;19.2;14.4;6.4;12.1;10.2;6.4;0.7;0.3;0.12;4.5;1.8;0;637;229;94;60;87871;3.84;1.18;0.39;0.41
2012;6;25;177;13;11.1;8.1;10.9;9.7;6.9;1.1;-0.2;0.12;4.5;1.8;0;314;73;78;27;87733;1.95;17.13;0.4;0.41
2012;6;26;178;15;11.4;6.8;9.3;8.1;6.4;0.8;-0.3;0.12;4.5;1.8;0;603;180;58;38;88095;3.14;1.64;0.4;0.41
2012;6;27;179;18.5;14.9;11.1;12.6;10.2;8.6;0.7;-0.1;0.12;4.5;1.8;0;627;219;86;54;88046;3.85;1.21;0.39;0.41
2012;6;28;180;22.5;16.9;8.2;17.1;12.5;7.3;-0.3;0.3;0.12;4.5;1.8;0;705;239;106;68;87572;4.07;0.12;0.39;0.41
2012;6;29;181;25.5;18.9;12.1;18.5;13.8;10.6;-0.1;0.8;0.12;4.5;1.8;0;779;259;107;67;87506;4.87;0.55;0.38;0.41
2012;6;30;182;26;19.6;12.5;18.9;15.1;11.4;-0.4;0.5;0.12;4.5;1.9;0;782;276;105;74;87542;4.99;0.36;0.38;0.41
2012;7;1;183;23.4;16.2;12.6;15.5;13.6;11;0;-0.3;0.12;4.6;1.9;0;742;191;94;43;87796;3.37;11.89;0.37;0.41
2012;7;2;184;21;15.9;10.7;16.5;13.7;10.5;-0.6;-0.5;0.12;4.6;1.9;0;532;163;70;46;87691;2.69;3.04;0.38;0.41
2012;7;3;185;16.5;14.3;12.9;14.9;13.7;12.8;0.1;-0.6;0.12;4.6;1.9;0;368;105;33;15;87745;2.5;16.25;0.38;0.41
2012;7;4;186;20.1;15.8;12.4;15.5;13.3;12.2;-0.4;-0.1;0.12;4.6;1.9;0;605;194;74;44;87516;3.67;4.19;0.39;0.41
2012;7;5;187;20.5;15.8;10.9;15.5;13.2;10;0.1;0.3;0.12;4.6;1.9;0;639;228;88;62;87309;3.88;6.7;0.38;0.41
2012;7;6;188;17.3;14;10.8;14.3;12.6;9.8;0.3;0;0.12;4.6;1.9;0;532;143;60;34;87344;2.81;13.55;0.39;0.41
2012;7;7;189;17.2;14.1;11.2;14.1;11.8;9.6;0;0;0.11;4.6;1.9;0;532;154;84;44;87520;3.07;7.84;0.4;0.41
2012;7;8;190;18.8;14.1;8.5;14.1;11.4;7.3;0.5;0.7;0.11;4.6;1.9;0;627;216;85;55;87354;3.76;11.49;0.4;0.41
2012;7;9;191;16.4;13.6;10.5;12.5;11.4;10.4;0;0.2;0.11;4.6;1.9;0;370;98;62;27;87578;2.16;2.19;0.4;0.41
2012;7;10;192;18.8;13.9;8.4;13.7;11.2;8.3;0.2;0.4;0.11;4.6;1.9;0;653;215;91;56;87553;3.76;4.05;0.4;0.41
2012;7;11;193;16.2;13;10.6;12.4;10.8;8.7;0.7;-0.2;0.11;4.6;1.9;0;519;164;67;40;87589;3.49;11.92;0.4;0.41
2012;7;12;194;13.4;11.4;9.1;8.3;6.8;5.7;1.4;-0.2;0.11;4.6;1.9;0;480;157;62;34;87705;3.37;0.89;0.4;0.41
2012;7;13;195;15.9;12.2;9.8;11.1;9.5;7.2;0;0;0.11;4.6;1.9;0;486;153;79;38;87184;2.88;9.58;0.4;0.41
2012;7;14;196;13.9;12.2;9.2;12.6;9.9;7.3;0.8;0.3;0.11;4.6;1.9;0;298;108;49;31;87081;2.96;7.49;0.4;0.41
2012;7;15;197;12.8;10;7.5;8.2;6.6;5;1.4;0.3;0.11;4.6;1.9;0;514;165;83;44;87600;3.43;5.95;0.4;0.41
2012;7;16;198;13.1;9.6;6.2;6.2;4.7;3.4;1.5;-0.2;0.11;4.6;1.9;0;591;204;93;61;88352;3.65;0.81;0.4;0.41
2012;7;17;199;15.2;11.7;6.6;7.9;6.2;3.7;2;0;0.11;4.6;1.9;0;521;183;64;42;88363;3.32;0.3;0.4;0.41
2012;7;18;200;21;15.3;9.3;11.9;9.3;7.1;0.9;0.2;0.11;4.6;1.9;0;781;291;119;82;87996;4.93;0.03;0.39;0.41
2012;7;19;201;19.4;14.2;7.9;12.7;10.2;7.3;1;0.1;0.11;4.6;1.9;0;653;201;92;48;87452;3.87;4.77;0.39;0.41
2012;7;20;202;13.2;12;9.8;11.8;11;9.6;-0.4;-0.6;0.11;4.6;1.9;0;153;49;16;9;87558;1.77;15.99;0.39;0.41
2012;7;21;203;12.5;9.5;6.5;10.3;8.6;6.4;0.3;-0.6;0.11;4.6;1.9;0;387;109;74;27;87805;2.93;15.82;0.4;0.41
2012;7;22;204;11.5;8.5;5.8;8.8;6.6;5.4;-0.3;-0.5;0.11;4.6;1.9;0;607;197;83;45;88277;3.68;6.97;0.41;0.41
2012;7;23;205;17;11;4.4;8.9;6.8;4.4;-1.5;-0.4;0.11;4.6;1.9;0;679;259;101;73;88194;4;0.05;0.41;0.41
2012;7;24;206;21.8;15.2;6;16.3;11.5;5;0.1;0.2;0.11;4.6;1.9;0;787;265;112;74;87783;4.06;0.98;0.4;0.41
2012;7;25;207;18.8;14.1;9.4;15.4;12.4;8.9;0.6;0.6;0.11;4.6;1.9;0;475;150;70;49;87717;2.72;12.62;0.4;0.41
2012;7;26;208;21.9;15.6;7.7;15.9;11.8;7;0;0.7;0.11;4.6;1.9;0;617;233;100;69;87904;4.21;0.33;0.4;0.41
2012;7;27;209;25.1;17.9;8.3;18.6;12.1;7.5;0;0.7;0.11;4.6;1.9;0;777;277;121;88;87675;4.99;0;0.4;0.41
2012;7;28;210;20.5;15.8;10.6;14.8;13;9.5;0.3;0.4;0.11;4.6;1.9;0;518;165;79;48;87360;3.36;14.47;0.39;0.41
2012;7;29;211;17.1;13.9;11.9;13.2;12;10.6;0.7;-0.2;0.11;4.6;1.9;0;553;160;67;33;87531;3.53;15.98;0.41;0.41
2012;7;30;212;15.8;13.2;11.4;12.3;10.3;8.1;0.2;0;0.11;4.6;1.9;0;383;121;76;36;87889;2.55;3.21;0.41;0.41
2012;7;31;213;18.1;14.3;8.8;12.1;9.7;7.4;0.2;0.2;0.11;4.5;1.9;0;583;201;87;59;87949;3.58;1;0.41;0.41
2012;8;1;214;23.7;16.9;8.1;16.3;12;7.5;-0.5;0.4;0.11;4.5;1.9;0;737;262;112;80;87703;4.57;0.36;0.4;0.41
2012;8;2;215;21.2;16.6;11.3;15.5;12.5;9.5;0.1;0.3;0.11;4.5;1.9;0;607;206;93;58;87681;3.72;3.96;0.39;0.41
2012;8;3;216;18.9;15.3;12.3;14.3;13.1;12.2;0;-0.5;0.11;4.5;1.9;0;663;166;72;36;87750;3.4;10.29;0.4;0.41
2012;8;4;217;18;15;12.6;15.8;13.8;12.1;0;0.1;0.11;4.5;1.8;0;494;148;70;40;87596;2.86;9.93;0.4;0.41
2012;8;5;218;21.3;15.2;11.9;15;13.1;10.7;-0.1;0.8;0.11;4.5;1.8;0;639;174;84;51;87315;2.92;5.17;0.4;0.41
2012;8;6;219;17.3;13.5;9.8;14;11.8;8.8;0.4;0.1;0.11;4.5;1.8;0;370;104;55;29;87563;2.49;23.88;0.4;0.41
2012;8;7;220;16.5;12.2;5.4;10;8.2;5.4;0.6;-0.1;0.11;4.5;1.8;0;582;188;91;55;88210;3.32;0.35;0.41;0.41
2012;8;8;221;16.4;13.5;10.5;10.6;9.8;9;-0.2;-0.8;0.11;4.5;1.8;0;509;142;72;37;88297;2.45;0.72;0.41;0.41
2012;8;9;222;17.5;14.3;11.7;10.5;9.2;7.8;-0.1;-0.4;0.11;4.5;1.8;0;642;204;96;56;88295;3.48;0.12;0.4;0.41
2012;8;10;223;16.4;13.4;11;11.8;10.4;9.1;0.3;-0.2;0.11;4.5;1.8;0;519;178;78;53;88204;2.82;2.36;0.4;0.41
2012;8;11;224;15.2;12.2;8.6;10.9;9.3;7;-0.5;-0.6;0.11;4.5;1.8;0;609;187;85;61;87948;3.01;1.65;0.4;0.41
2012;8;12;225;18.4;12.8;5.2;10.9;8.3;4.9;-0.3;-0.2;0.11;4.5;1.8;0;763;246;120;83;87507;3.8;0.14;0.39;0.41
2012;8;13;226;17.7;13.5;8.6;10.6;8.9;7.7;-0.3;-0.2;0.11;4.5;1.8;0;589;205;99;68;87511;3.39;0.32;0.39;0.41
2012;8;14;227;19.5;14.6;8.6;10.9;9.2;7.7;-0.5;0;0.11;4.5;1.8;0;680;222;103;69;87568;3.78;0.03;0.38;0.41
2012;8;15;228;22.2;16.3;8.9;16.7;11.7;7.9;-0.2;0.5;0.11;4.5;1.8;0;644;225;100;73;87517;3.81;0.06;0.38;0.41
2012;8;16;229;16.6;13.5;11.6;13;11.4;10;0.4;0;0.11;4.5;1.8;0;493;91;77;34;87891;1.97;17.26;0.38;0.41
2012;8;17;230;21.2;15.4;8.7;13.9;11.7;8.6;-0.3;-0.1;0.11;4.4;1.8;0;719;238;111;72;88107;3.79;0;0.38;0.41
2012;8;18;231;24.3;17.4;9.2;16.3;12.7;8.3;-0.2;0.3;0.11;4.4;1.8;0;737;249;116;84;88240;4.29;0;0.38;0.41
2012;8;19;232;26.4;18.5;9.5;18;12.8;8.7;-0.2;0.7;0.11;4.4;1.8;0;739;251;123;91;88302;4.63;0;0.37;0.4
2012;8;20;233;26.4;19;10.9;18.6;13.7;9.7;0.7;0.7;0.11;4.4;1.8;0;720;235;114;74;88307;4.5;2.99;0.37;0.4
2012;8;21;234;25.7;19.2;12.8;18.5;14.5;11.2;0.2;0.7;0.11;4.4;1.8;0;681;225;105;74;88089;4.29;0.05;0.36;0.4
2012;8;22;235;22.3;17.4;12.6;16.8;14.1;11;0.5;0.4;0.11;4.4;1.8;0;556;190;82;61;87913;3.26;3.33;0.36;0.4
2012;8;23;236;23.4;18;14.2;17.5;15.1;13.4;-0.2;0.2;0.11;4.4;1.8;0;655;197;89;63;87678;3.21;0.94;0.36;0.4
2012;8;24;237;22.2;17;13;17;14.1;11.2;0;0.6;0.11;4.4;1.8;0;511;144;75;47;87308;2.79;4.24;0.35;0.4
2012;8;25;238;18.2;15.5;12.4;16.5;14.6;12.1;0.2;0.2;0.11;4.4;1.8;0;349;102;53;28;87377;2.62;37.44;0.36;0.4
2012;8;26;239;12.7;10.9;8.6;11.9;7.6;4.7;1.6;0.3;0.11;4.4;1.8;0;392;120;77;42;87716;3.17;7.98;0.38;0.4
2012;8;27;240;16.8;11.5;6.6;8.5;6.8;5.7;-0.4;0.2;0.11;4.4;1.8;0;699;228;121;82;88068;3.6;0;0.38;0.4
2012;8;28;241;21.6;14.4;6.5;12.1;8.7;4.1;0.5;0.5;0.11;4.4;1.8;0;697;207;112;67;87991;3.79;1.55;0.38;0.4
2012;8;29;242;20.7;15.2;9.1;14.6;11.3;8.9;0;0.6;0.11;4.3;1.8;0;645;204;107;66;88040;3.61;0.03;0.37;0.4
2012;8;30;243;19.2;13.5;10.1;14.2;11.3;8.8;0.2;0.1;0.1;4.3;1.8;0;543;131;81;40;87814;2.74;30.54;0.38;0.4
2012;8;31;244;9.8;7.8;6.5;9.2;7.2;6.1;0.1;0.3;0.1;4.3;1.8;0;109;36;22;18;87706;2.09;27.71;0.4;0.4
2012;9;1;245;9.8;8;6.3;7.9;6.8;5.5;-0.8;-0.7;0.1;4.3;1.8;0;181;50;38;15;87851;1.62;3.64;0.41;0.4
2012;9;2;246;16.5;11.8;7.5;11.1;9;6.7;-0.3;-0.6;0.1;4.3;1.7;0;575;158;87;36;88079;2.35;0.34;0.41;0.4
2012;9;3;247;16.3;13.2;11;13;11.7;10.6;-0.8;-0.9;0.1;4.3;1.7;0;347;84;40;15;88047;1.56;2.04;0.41;0.4
2012;9;4;248;16.7;14;11.9;14.5;12.9;11.8;-0.8;-0.6;0.1;4.3;1.7;0;434;122;58;28;87864;2.07;3.86;0.41;0.4
2012;9;5;249;16.1;13.2;9.9;14.3;12.4;9.8;0.2;-0.3;0.1;4.3;1.7;0;436;117;50;30;87832;2.38;16.84;0.4;0.4
2012;9;6;250;13.8;11.6;10.5;11;10.1;8.8;-0.1;-0.7;0.1;4.3;1.7;0;392;90;66;25;88261;1.97;5.43;0.42;0.4
2012;9;7;251;18.1;12.8;5.5;10.7;8.8;5.4;0.2;0;0.1;4.3;1.7;0;680;214;125;87;88358;3.03;0;0.41;0.4
2012;9;8;252;20;13.3;5.9;11.3;8.6;5.7;-0.3;0.3;0.1;4.3;1.7;0;675;212;125;87;88155;3.36;0;0.41;0.41
2012;9;9;253;20.5;13.8;5.5;15.4;10;4.6;0.2;0.6;0.1;4.3;1.7;0;648;191;110;77;87849;2.91;0.68;0.4;0.41
2012;9;10;254;19.8;13.7;8.9;13;10.3;7.3;0.2;0.8;0.1;4.2;1.7;0;631;173;98;65;87883;2.82;1.07;0.4;0.41
2012;9;11;255;20.2;13.4;7.2;12.1;9.5;6;0.5;0.8;0.1;4.2;1.7;0;622;176;102;61;87687;3.07;2.71;0.39;0.41
2012;9;12;256;11.1;7.3;3.4;10.8;6.9;3;1.1;0.1;0.1;4.2;1.7;0;92;25;41;17;87288;1.89;24.11;0.4;0.41
2012;9;13;257;7.3;4.9;2.6;4.8;3.1;2.1;0.5;-0.3;0.11;4.2;1.7;0.25;462;138;71;38;87364;2.78;8.01;0.41;0.41
2012;9;14;258;12.3;7.9;4.4;5.3;3.4;2.4;0.4;0.1;0.11;4.2;1.7;0.18;639;178;120;74;87501;2.47;0.01;0.41;0.41
2012;9;15;259;11.4;8.2;4.2;7.4;5.3;2.2;0.3;-0.1;0.1;4.2;1.7;0.07;261;88;63;39;87649;1.27;0.56;0.41;0.41
2012;9;16;260;17.1;10.6;3.4;10.4;7;3.2;-0.2;0.2;0.1;4.2;1.7;0.03;642;195;121;84;87560;2.62;0;0.4;0.41
2012;9;17;261;17.8;11.3;3.5;10.9;7.6;2.7;0.3;0.4;0.1;4.2;1.7;0;551;173;101;75;87553;2.43;0;0.4;0.41
2012;9;18;262;19.5;12.5;4.2;12.5;8.3;3.6;0.4;0.4;0.1;4.1;1.7;0;616;177;113;67;87404;2.73;3.57;0.39;0.41
2012;9;19;263;10.3;6.9;3.5;10;6.6;3.2;0.8;-0.4;0.1;4.1;1.7;0;103;26;51;17;87589;1.4;19.34;0.4;0.41
2012;9;20;264;10.6;5.9;0.7;3.4;1.5;0;-0.2;0.1;0.1;4.1;1.7;0;619;180;125;84;87990;2.61;0.5;0.41;0.41
2012;9;21;265;16.3;8.4;0.4;8.6;3.2;-0.9;0.1;0.8;0.1;4.1;1.6;0;615;183;124;83;87647;2.66;0.44;0.4;0.41
2012;9;22;266;12.2;8.9;6.4;10.8;7.7;4.3;0.2;0.4;0.1;4.1;1.6;0;231;45;33;12;87466;1.12;10.19;0.41;0.41
2012;9;23;267;18.4;12;5.9;13;9.4;5.8;-0.4;0.6;0.1;4;1.6;0;525;141;93;56;87362;2.13;0;0.41;0.41
2012;9;24;268;17.7;11.1;7.4;11.4;8.4;5.8;0.7;0.9;0.09;4;1.6;0;424;101;77;46;86614;1.99;10.71;0.4;0.41
2012;9;25;269;18.2;10.7;3.4;11.4;7;3;-0.2;0.9;0.09;4;1.6;0;602;172;115;79;86580;2.66;0;0.41;0.41
2012;9;26;270;18.3;11.5;5.1;10.7;7.7;3.7;-0.2;0.9;0.09;4;1.6;0;543;138;96;64;86425;2.07;2.51;0.4;0.41
2012;9;27;271;10.9;8.3;5.3;8.4;6.7;4.6;0.5;0.2;0.09;4;1.6;0;303;74;60;30;87157;1.96;15.88;0.41;0.41
2012;9;28;272;13.4;8.2;2.4;6.8;5.1;2.2;-0.3;0;0.09;4;1.6;0;451;134;97;66;87720;1.95;0;0.41;0.41
2012;9;29;273;12.6;8.9;4.7;11.1;7.9;3.7;0;0;0.09;3.9;1.6;0;277;51;50;19;87593;0.88;13.86;0.41;0.41
2012;9;30;274;12.2;9.7;7.9;9.5;8.7;7.6;-0.8;-0.6;0.09;3.9;1.6;0;233;67;28;15;87767;1.06;0.54;0.42;0.41
2012;10;1;275;12.3;9.5;8;8.9;8.4;7.7;0.2;-0.5;0.09;3.9;1.6;0;316;61;67;16;87668;1.08;2.31;0.41;0.41
2012;10;2;276;12.8;9.4;5.1;8.5;6.7;4;0.2;-0.2;0.09;3.9;1.6;0;365;96;89;48;87774;1.49;0.72;0.41;0.41
2012;10;3;277;14.9;8.6;2;7.1;4.8;1.8;0.1;0.5;0.09;3.9;1.6;0;551;145;111;70;87663;1.9;0.02;0.41;0.41
2012;10;4;278;15.9;9.4;4.9;7.9;6.3;4;0.6;0.4;0.09;3.8;1.5;0;410;105;79;43;87499;1.78;3.64;0.4;0.41
2012;10;5;279;16.5;10;4.6;9.5;7.1;4.2;0.2;0.7;0.09;3.8;1.5;0;486;111;106;55;87719;1.8;0;0.4;0.41
2012;10;6;280;17.8;10.7;3.7;8.4;5.1;2.9;0.7;1;0.09;3.8;1.5;0;538;146;114;67;87686;2.3;0.05;0.4;0.41
2012;10;7;281;10.7;7.8;4.8;10.2;7;4.5;0.6;0;0.09;3.8;1.5;0;109;25;24;14;87609;0.98;17.16;0.4;0.41
2012;10;8;282;12;7.6;3.1;5.8;4.1;2.8;-0.3;0.1;0.09;3.8;1.5;0;463;133;115;60;87663;1.84;0.49;0.4;0.41
2012;10;9;283;10.2;8.3;6.9;9.4;7.3;4;0.6;0.4;0.09;3.7;1.5;0;149;26;24;7;87138;0.94;20.2;0.41;0.41
2012;10;10;284;8.6;7.2;6.2;8.4;7.1;6.1;-0.1;-0.3;0.09;3.7;1.5;0;112;22;17;8;87169;0.61;16.84;0.42;0.41
2012;10;11;285;13.1;8.1;4.8;7.1;6;4.1;-0.5;0;0.09;3.7;1.5;0;371;88;89;42;87017;1.41;0.16;0.42;0.41
2012;10;12;286;12.1;7.1;3.4;9;5.4;2.4;0.8;0.5;0.09;3.7;1.5;0;333;72;60;36;87038;1.34;7.22;0.42;0.41
2012;10;13;287;10.6;6.7;4.4;5.3;4.2;3.7;-0.4;-0.3;0.09;3.7;1.5;0;371;84;71;45;87100;1.33;0.52;0.42;0.41
2012;10;14;288;12.8;7.4;4.4;5.2;3.3;1.4;-0.5;0.4;0.09;3.6;1.5;0;480;118;106;63;86331;1.52;0;0.41;0.41
2012;10;15;289;5.9;2.1;0.6;3.5;1.3;-0.3;0.8;0.1;0.18;3.6;1.5;2.72;88;16;49;18;86564;0.78;19.63;0.42;0.41
2012;10;16;290;8.2;3.7;-0.6;2;0;-1.6;0.3;0.4;0.27;3.6;1.5;5.29;325;91;104;48;87073;1.19;0.54;0.42;0.41
2012;10;17;291;14.9;7.1;0.4;8;2.7;-2;-0.3;1.5;0.21;3.6;1.4;3.89;391;100;92;61;87361;1.14;0;0.41;0.41
2012;10;18;292;17.8;8.9;2.6;10.9;5;0.7;-0.1;1.5;0.16;3.6;1.4;2.2;449;118;114;73;87456;1.34;0;0.41;0.41
2012;10;19;293;19.4;9.5;2.2;12.2;5.4;0.5;0;1.7;0.12;3.6;1.4;1.09;472;126;129;86;87601;1.45;0;0.41;0.41
2012;10;20;294;17.8;9.1;0.9;10.4;4.9;-0.4;-0.1;0.8;0.1;3.6;1.4;0.55;477;126;127;82;87801;1.47;0;0.4;0.41
2012;10;21;295;18.2;9.8;3.1;11.4;6.2;1.6;0;0.8;0.09;3.6;1.4;0.25;467;120;118;73;87723;1.43;0;0.4;0.41
2012;10;22;296;16.2;9.2;3.3;10;6.3;1.6;0;0.3;0.09;3.6;1.4;0.09;432;114;111;74;87857;1.25;0;0.39;0.41
2012;10;23;297;14;8.2;4.3;9.4;6.6;3.4;-0.3;0;0.08;3.5;1.4;0.05;403;105;96;63;87902;0.92;0.01;0.39;0.41
2012;10;24;298;12.8;7.2;3.1;8.5;5.8;3;-0.3;0;0.08;3.5;1.4;0.01;422;104;106;64;87597;0.9;0.04;0.39;0.41
2012;10;25;299;13.4;7.4;1.8;7.4;4.2;0.9;0.2;0.4;0.08;3.5;1.4;0;442;112;109;74;87250;1.22;0.01;0.38;0.41
2012;10;26;300;8.8;6;3.6;6.2;4.4;2.3;-0.6;-0.2;0.08;3.5;1.4;0;259;65;59;39;86314;0.5;0.25;0.38;0.41
2012;10;27;301;5.6;0.7;-5.3;4.5;-0.1;-6.3;0.3;-1.1;0.2;3.5;1.4;5.01;55;15;30;13;85418;0.7;21.82;0.38;0.41
2012;10;28;302;-4.2;-5.6;-6.9;-6;-7.4;-9.5;-1.2;-1.4;0.51;3.5;1.4;19.98;141;33;40;19;86372;0.49;9.76;0.38;0.41
2012;10;29;303;-2.5;-5.7;-13.9;-6.1;-8.1;-14.8;0.3;-0.2;0.52;3.5;1.4;26.88;181;43;101;45;86901;0.44;2.06;0.38;0.41
2012;10;30;304;3.3;-5.3;-14.8;-0.5;-7.9;-16.1;0.2;1.1;0.52;3.5;1.4;27.17;199;43;87;40;86500;0.38;0.68;0.38;0.41
2012;10;31;305;5.5;-3.2;-11.7;1.4;-5.8;-13.5;-0.1;1.5;0.51;3.5;1.4;26.1;238;58;97;52;85980;0.31;0.09;0.38;0.41
2012;11;1;306;7.5;2;-2.2;3.7;-0.3;-3.2;0.3;0.8;0.49;3.5;1.4;23.92;224;47;83;37;85330;0.13;1.33;0.38;0.41
2012;11;2;307;6.6;1.7;-1.6;0.7;-1;-3;0.3;0.7;0.47;3.5;1.4;22.68;222;53;95;44;86261;0.29;5.51;0.38;0.41
2012;11;3;308;9.7;2.8;-1.8;2.5;-1.2;-4.1;-0.1;1.6;0.43;3.4;1.4;19.2;239;57;88;48;86565;0.46;0;0.38;0.41
2012;11;4;309;11.6;5.4;0.1;5.8;2.3;-2;0;0.7;0.37;3.4;1.4;14.76;210;50;64;25;86329;0.39;13.44;0.38;0.41
2012;11;5;310;4.1;1.9;-0.4;3.3;-0.4;-2.9;1.2;0.2;0.35;3.4;1.4;13.17;183;43;79;35;86394;0.78;10.17;0.4;0.41
2012;11;6;311;0.5;-1.4;-4.6;-0.2;-2.9;-5.7;0.8;0.3;0.37;3.4;1.4;14.78;133;29;64;41;87322;0.34;6.25;0.4;0.41
2012;11;7;312;3;-0.8;-6.1;-3.2;-5.4;-7.8;1;0.9;0.39;3.4;1.4;16.09;160;30;57;29;88195;0.69;0.01;0.4;0.41
2012;11;8;313;8.6;3.3;-1;3.9;-1.2;-5.7;0.3;0.8;0.36;3.4;1.4;14.8;206;51;71;46;87863;0.29;0;0.4;0.41
2012;11;9;314;9;3.4;-0.3;2.3;-1.1;-3.3;-0.1;0.9;0.32;3.4;1.4;12.73;278;64;100;58;87436;0.45;0.04;0.4;0.41
2012;11;10;315;9.5;4;-0.4;4.9;1.1;-2.7;-0.1;1.5;0.29;3.4;1.4;10.7;204;44;60;34;86684;0.31;0.84;0.4;0.41
2012;11;11;316;4.2;3;1.3;3.7;2.2;0.2;0.2;0.6;0.28;3.4;1.4;9.99;59;12;30;8;86941;0.09;21.63;0.41;0.41
2012;11;12;317;4.1;3.5;2.8;3.5;3.2;2.8;-0.5;-0.7;0.26;3.4;1.4;8.53;51;11;1;-3;88004;0.17;1.85;0.41;0.41
2012;11;13;318;5.2;3.1;1.6;3.1;2.4;0.9;-0.8;-0.3;0.23;3.3;1.4;6.26;166;35;62;29;88451;0.37;0.1;0.41;0.41
2012;11;14;319;8.1;3.2;-0.3;3.4;0.9;-1.8;-0.3;0.3;0.2;3.3;1.3;4.94;276;64;91;61;88161;0.43;0;0.41;0.41
2012;11;15;320;9.4;2.6;-2.7;2.4;-1.5;-5.1;0;0.6;0.17;3.3;1.3;4.05;327;76;121;77;87794;0.47;0;0.41;0.41
2012;11;16;321;8.9;1.5;-3.3;3.1;-2.1;-5.5;0;0.8;0.15;3.3;1.3;3.39;333;77;121;80;87491;0.36;0;0.41;0.41
2012;11;17;322;8.2;0.8;-4;2.6;-3.4;-7.4;0.1;1;0.14;3.3;1.3;2.88;334;77;123;80;87133;0.28;0;0.4;0.41
2012;11;18;323;7.3;0.9;-3.7;3;-2.7;-7.1;0;0.9;0.13;3.3;1.3;2.49;284;65;98;61;87105;0.14;0;0.4;0.41
2012;11;19;324;6.6;1.5;-2.2;1.3;-1.8;-4.5;0;0.5;0.12;3.3;1.3;2.14;312;70;103;65;87297;0.23;0;0.4;0.41
2012;11;20;325;7.8;1.4;-2.4;3.3;-1.1;-3.6;-0.1;0.6;0.12;3.3;1.3;1.76;323;73;106;65;87478;0.29;0;0.4;0.41
2012;11;21;326;8.9;1.8;-3.1;4.3;-1.1;-4.5;0.2;1;0.11;3.3;1.3;1.42;311;71;107;64;87504;0.2;0;0.39;0.41
2012;11;22;327;3.8;1;-2.4;3.5;0.2;-2.7;-0.2;0.6;0.1;3.3;1.3;1.27;91;19;44;17;87886;0.1;2.22;0.39;0.41
2012;11;23;328;7;0.7;-4.1;4.9;-0.4;-5.3;0.1;1.1;0.1;3.3;1.3;1.13;265;58;88;56;87750;0.41;0;0.39;0.41
2012;11;24;329;8.8;2.4;-3;3.5;-1.1;-4.6;-0.1;1;0.1;3.3;1.3;0.94;309;68;107;56;87639;0.39;0;0.39;0.41
2012;11;25;330;10.1;2.9;-2.1;3.6;-0.8;-4.9;0.2;1;0.09;3.3;1.3;0.75;304;64;87;59;87495;0.35;0;0.39;0.41
2012;11;26;331;9.1;2.9;-1.5;5;0.2;-2.8;-0.1;1.1;0.09;3.3;1.3;0.58;232;54;72;44;86851;0.28;0;0.38;0.41
2012;11;27;332;5.8;3.1;0.5;3.2;1.3;-0.4;-0.3;-0.4;0.09;3.3;1.3;0.48;232;47;70;41;86290;0.27;0.73;0.38;0.41
2012;11;28;333;3.1;1;0;2.4;0.8;-0.9;-0.2;-0.6;0.09;3.3;1.3;0.99;143;25;41;17;85598;0.3;8.45;0.38;0.41
2012;11;29;334;-0.2;-2.4;-5.3;-0.3;-3.1;-6;1.4;-0.2;0.41;3.3;1.3;13.72;58;11;41;13;85465;0.31;14.97;0.38;0.41
2012;11;30;335;-3.8;-5.7;-7.7;-5.9;-7.2;-8.6;0;-0.4;0.51;3.3;1.3;20.64;119;25;59;27;86201;0.21;0.53;0.38;0.41
2012;12;1;336;-3.8;-6.2;-8.5;-6.1;-7.8;-10;-0.3;-0.1;0.51;3.3;1.3;20.75;150;33;74;42;86627;0.15;0.21;0.38;0.41
2012;12;2;337;-3.7;-6.8;-9.6;-7.7;-9.2;-11.1;1.2;0.4;0.51;3.3;1.3;21.5;96;22;69;30;86691;0.24;2.97;0.38;0.41
2012;12;3;338;-2.5;-5.5;-7.7;-4.5;-8.8;-10.9;1.1;0.7;0.51;3.3;1.3;25.79;157;28;80;24;86930;0.39;6.09;0.37;0.41
2012;12;4;339;0.2;-2.8;-5.2;-3.2;-4.6;-7.4;1.3;0.7;0.52;3.3;1.3;34.95;130;24;70;31;85977;0.43;10.75;0.37;0.41
2012;12;5;340;-4.4;-7.3;-13.8;-7.2;-9.9;-14.9;0.8;0.9;0.52;3.3;1.3;41.16;127;22;67;40;85976;0.12;3.51;0.37;0.41
2012;12;6;341;-6.1;-10.7;-15.9;-8.3;-12.7;-17.6;1;0.6;0.53;3.3;1.3;47.66;66;16;72;27;86652;0.08;8.88;0.37;0.41
2012;12;7;342;-8.2;-13.3;-21.3;-11.4;-16.4;-24.1;0;1.4;0.53;3.3;1.4;51.73;130;23;59;25;86200;0.09;1.64;0.37;0.41
2012;12;8;343;-6.8;-8.6;-12.3;-9.4;-10.8;-13.5;0.2;-0.3;0.53;3.3;1.4;53.75;112;22;66;31;86911;0.13;1.24;0.37;0.41
2012;12;9;344;-4.5;-11.1;-20;-7.2;-14.9;-23;0.9;1.4;0.52;3.3;1.4;54.74;141;27;57;28;87281;0.17;3.43;0.36;0.41
2012;12;10;345;-3.8;-5;-6.5;-6.1;-7.2;-8.2;1.9;0.3;0.53;3.3;1.4;64.14;83;15;44;23;86539;0.23;15.41;0.36;0.41
2012;12;11;346;-6.8;-8;-9.3;-8.7;-9.8;-11;1.2;-0.4;0.53;3.3;1.4;78.61;102;19;44;20;87168;0.22;10.46;0.36;0.41
2012;12;12;347;-6.9;-11.4;-20.3;-11.1;-14.3;-22.6;0.2;0.6;0.53;3.3;1.4;83.97;153;32;91;57;87355;0.08;0.82;0.36;0.41
2012;12;13;348;-10.2;-15.2;-21.7;-14.6;-19.3;-24.8;0.1;1.9;0.53;3.3;1.4;84.06;143;29;69;36;86785;0.09;0.01;0.36;0.41
2012;12;14;349;-2.1;-5.4;-10.2;-5.8;-8.9;-14.1;-0.1;2;0.53;3.3;1.4;84.15;154;29;80;27;86403;0.21;0.12;0.36;0.41
2012;12;15;350;0.7;-2.2;-7.5;-1.3;-4.4;-9.2;0.1;1.4;0.52;3.3;1.4;87.02;48;11;69;27;86467;0.21;4.92;0.36;0.41
2012;12;16;351;0.7;-4.5;-8.7;-2.9;-6.8;-10.2;0.2;1.4;0.51;3.3;1.3;89.17;126;26;61;41;86783;0.19;0.66;0.35;0.41
2012;12;17;352;-0.1;-4.5;-9.1;-3.5;-6.6;-10.5;0.4;1.1;0.51;3.3;1.3;90.95;127;23;58;28;86588;0.09;3.57;0.35;0.41
2012;12;18;353;-1.5;-4.5;-6.8;-4;-6.7;-9;0.7;0.7;0.51;3.3;1.3;95.44;124;25;62;38;86973;0.06;4.43;0.35;0.4
2012;12;19;354;-1.1;-6.5;-14;-5.3;-8.9;-15.7;0;0.8;0.51;3.3;1.3;97.6;142;29;72;45;87625;0.09;0.52;0.35;0.4
2012;12;20;355;-3.2;-9.9;-16.7;-6.8;-13.1;-19.3;0.1;1.5;0.51;3.3;1.3;97.85;139;29;62;29;87021;0.08;2.72;0.35;0.4
2012;12;21;356;0.2;-1.5;-4.9;-1.8;-3.2;-6.5;1;0.8;0.52;3.2;1.3;104.36;46;10;18;2;86915;0.09;6.13;0.35;0.4
2012;12;22;357;1.2;-1.4;-3.4;-2.6;-3.7;-5.2;0.3;0.9;0.51;3.2;1.3;106.56;134;26;77;29;87379;0.24;6.12;0.35;0.4
2012;12;23;358;4.7;2.3;-1.2;0.6;-1.3;-3.8;1.5;1.4;0.5;3.2;1.3;109.7;108;22;68;31;87241;0.23;7.53;0.36;0.4
2012;12;24;359;3.4;-0.7;-3.8;1.3;-2.8;-5.3;0.1;2;0.48;3.2;1.3;108.02;144;30;67;52;87170;0.19;0;0.36;0.4
2012;12;25;360;3.4;-0.6;-3.1;0.1;-3.1;-4.8;0.1;1.9;0.47;3.2;1.3;107.37;152;31;74;51;86773;0.18;0.02;0.35;0.4
2012;12;26;361;1.9;-1.3;-5.9;-0.5;-3.7;-8.8;1.1;1;0.47;3.2;1.3;108.34;109;21;82;42;87183;0.18;2.17;0.35;0.4
2012;12;27;362;0.5;-2.9;-7.8;-2.3;-5.6;-10.5;0.7;1.5;0.47;3.2;1.3;110.88;125;20;68;32;86902;0.36;8.14;0.35;0.4
2012;12;28;363;-0.9;-2.7;-7.8;-1.9;-4.1;-9.1;1.3;0.4;0.51;3.2;1.3;128.18;55;10;78;31;87962;0.25;17.65;0.35;0.4
2012;12;29;364;1.2;-4;-7.6;-1.8;-6.7;-9.5;0.1;1.8;0.52;3.2;1.3;132.67;142;30;77;53;87732;0.11;0;0.35;0.4
2012;12;30;365;1.3;-3.7;-8;-2.4;-7.1;-10.9;0.7;1.1;0.52;3.2;1.3;132.76;117;22;74;42;87768;0.03;0.19;0.35;0.4
2012;12;31;366;1.8;-5.6;-10.4;-4.5;-10.2;-13.9;0.1;1.5;0.51;3.2;1.3;132.87;131;28;76;48;87599;0.01;0;0.35;0.4
2013;1;1;1;1.5;-4.4;-9.1;-4;-9.8;-14.8;0.3;1.4;0.51;3.1;1.3;132.9;121;26;49;32;86824;0;0.55;0.35;0.4
2013;1;2;2;-1.5;-3.7;-7.6;-3.8;-6.1;-10.5;0.5;0.1;0.52;3.1;1.3;136.98;107;22;73;32;87822;0.11;4.31;0.35;0.4
2013;1;3;3;0.1;-4.8;-11.8;-1.8;-8.3;-15.1;0.7;1.3;0.52;3.1;1.3;138.47;71;13;54;7;88745;0;4.76;0.35;0.4
2013;1;4;4;2.1;1.4;0.6;1.2;0.4;-1.3;1.2;0.5;0.5;3.1;1.3;143.98;39;7;13;-1;88897;-0.06;9.78;0.35;0.4
2013;1;5;5;1.6;0.4;-0.4;1.2;0.2;-0.5;1.2;0.2;0.5;3.1;1.3;149.1;10;2;2;0;88570;-0.06;31.9;0.36;0.4
2013;1;6;6;2.7;0.6;-0.4;1.2;-0.1;-0.7;1.2;0;0.51;3.1;1.3;160.9;113;20;56;21;88361;0.02;4.61;0.37;0.4
2013;1;7;7;1.4;-0.5;-4.2;-0.1;-1.4;-5.3;0.5;0.3;0.49;3.1;1.3;160.67;119;21;66;35;88244;0.04;0.79;0.37;0.4
2013;1;8;8;4.2;-0.3;-4.6;0;-4;-6.4;0.4;0.7;0.47;3.1;1.3;160.35;162;32;79;45;88027;0.21;0;0.37;0.4
2013;1;9;9;4.5;-0.6;-4.2;-0.3;-4.3;-7.7;0.3;0.7;0.46;3.1;1.3;160.34;159;33;84;52;87562;0.06;0;0.37;0.4
2013;1;10;10;0.4;-1.4;-2.2;-1.9;-3.8;-6;0.8;0.1;0.47;3.1;1.2;161.67;71;13;27;12;86885;0.06;4.17;0.37;0.4
2013;1;11;11;-2.1;-3.5;-5.2;-2.8;-4.8;-6.5;0.8;-0.7;0.5;3.1;1.2;169.11;107;22;55;26;86802;0.2;7.94;0.37;0.4
2013;1;12;12;-3;-5.9;-12.2;-6.5;-8.4;-13.7;0.3;0.3;0.51;3;1.2;173.37;133;28;82;47;86943;0.13;1.27;0.36;0.4
2013;1;13;13;-3.3;-7.7;-13.6;-7.3;-10.6;-16;-0.2;0.2;0.51;3;1.2;173.6;147;31;69;40;86627;0.12;0.3;0.36;0.4
2013;1;14;14;-4.1;-5.4;-6.5;-6.7;-7.8;-8.8;0.1;-0.3;0.51;3;1.2;174.4;89;20;38;18;86523;0.03;1.39;0.36;0.4
2013;1;15;15;-2.3;-5.8;-9.2;-7.1;-8.8;-12.2;0;0.1;0.51;3;1.2;175.47;175;37;81;45;86063;0.08;2.43;0.36;0.4
2013;1;16;16;-6.2;-7.8;-9.5;-7.8;-9.7;-10.7;0.6;-0.3;0.52;3;1.2;180.96;77;18;23;15;85945;0.06;8.14;0.36;0.4
2013;1;17;17;-8.4;-9.5;-10.6;-10.7;-11.3;-12.2;1.1;-0.1;0.53;3;1.2;190.17;67;14;21;12;86243;0.12;8.8;0.36;0.4
2013;1;18;18;-7.5;-11;-17.3;-12.1;-14;-19.6;-0.1;0.6;0.53;3;1.2;194.52;144;33;70;52;86005;0.12;0.08;0.36;0.4
2013;1;19;19;-2.4;-10.3;-19.1;-8.8;-14.8;-21.7;-0.2;1.2;0.53;3;1.2;194.47;115;25;51;18;85112;0.08;0.07;0.36;0.4
2013;1;20;20;3.4;-2.9;-7.8;-2.2;-6.6;-10.8;0;1.2;0.53;3;1.2;194.58;136;30;55;23;85000;0.01;0.01;0.36;0.4
2013;1;21;21;-1.8;-3.5;-6;-3.5;-5.5;-7.3;0.4;0.3;0.53;3;1.2;196;101;20;39;16;85407;0.03;2.72;0.36;0.4
2013;1;22;22;-2.5;-5.8;-10.9;-6.1;-8.2;-12.3;0.4;0.6;0.53;3;1.2;197.55;141;31;65;40;85935;0.14;0.36;0.35;0.4
2013;1;23;23;-0.2;-9.3;-16.4;-7.3;-13.1;-18.6;0;1;0.52;3;1.2;197.6;191;43;92;68;86064;0.18;0;0.35;0.4
2013;1;24;24;-5;-9.5;-15;-7.3;-11.4;-17.5;-0.1;0.2;0.52;3;1.2;197.9;140;32;62;30;86207;-0.06;1.27;0.35;0.4
2013;1;25;25;-6.5;-8.7;-12.9;-8.3;-10.7;-14.2;-0.2;-0.5;0.52;3;1.2;199.96;132;29;57;30;86779;0.13;1.38;0.35;0.4
2013;1;26;26;-2.5;-11.6;-18.8;-8.6;-15.6;-21;0.1;1;0.52;3;1.2;200.24;203;46;99;65;86582;0.13;0;0.35;0.4
2013;1;27;27;1.8;-7.4;-16.7;-5.7;-12;-19.7;0.2;1.3;0.52;3;1.2;200.31;188;38;62;22;86598;0.08;0.65;0.35;0.39
2013;1;28;28;-0.8;-4;-10.7;-3.3;-6;-12.8;0.7;0.6;0.52;3;1.2;203.63;98;21;76;24;87090;0.04;3.53;0.35;0.39
2013;1;29;29;2;-2.7;-10.2;-0.5;-5.9;-12.3;1;1.4;0.52;3;1.2;206.48;80;16;35;5;87435;0.1;8.22;0.35;0.39
2013;1;30;30;6.1;2.9;-1.7;2;-0.5;-3.9;1.9;1;0.51;3;1.2;209.56;143;29;56;27;87436;0.12;7.93;0.35;0.39
2013;1;31;31;3.4;1.1;-1.2;0.7;-3.9;-6.8;2.2;0.6;0.49;3;1.2;207.16;217;49;103;62;87564;0.85;3.41;0.36;0.39
2013;2;1;32;2;0.4;-1.4;1;-1.2;-2.9;0.5;1;0.48;3;1.2;210.89;89;17;39;16;86428;0.14;11.58;0.36;0.39
2013;2;2;33;0.3;-2.6;-5.7;-1.3;-3.7;-6.6;0.9;-0.6;0.51;3;1.2;222.65;66;14;36;16;85639;0.55;21.66;0.37;0.39
2013;2;3;34;-3.8;-6.3;-8.9;-7.6;-9;-10.5;1.6;0.3;0.53;3;1.2;234.29;146;32;72;34;87053;0.54;4.96;0.37;0.39
2013;2;4;35;0.4;-1.6;-5.6;-2.3;-4.5;-9.8;1.9;1.2;0.53;3;1.2;243.06;43;11;14;7;87069;0.16;10.75;0.36;0.39
2013;2;5;36;1.3;-1;-3.4;-2.1;-3.6;-5.2;1.3;0.6;0.53;3;1.2;248.9;160;36;67;29;86290;0.41;9.39;0.36;0.39
2013;2;6;37;-2.4;-5.6;-9.6;-5.8;-9.4;-12.7;0.3;0.4;0.53;3;1.2;256.65;162;34;77;45;85560;0.52;3.38;0.36;0.39
2013;2;7;38;-4.9;-6.9;-9.7;-7.5;-9.1;-12.2;1.3;0.1;0.54;3;1.2;265.67;143;30;73;31;86258;0.23;11.1;0.36;0.39
2013;2;8;39;-6.2;-9.4;-11.5;-9;-12.1;-14;0.8;0.6;0.54;3;1.2;273.41;130;33;75;37;86536;0.16;6.61;0.36;0.39
2013;2;9;40;-8;-10.7;-15.8;-11.9;-13.4;-18;0.8;0.1;0.54;3;1.2;279;189;44;87;47;86823;0.14;3.92;0.36;0.39
2013;2;10;41;-8.1;-15.1;-20.8;-16.7;-20.1;-23.7;-0.3;1.1;0.54;3;1.2;280.17;238;59;99;76;86493;0.26;0;0.36;0.39
2013;2;11;42;-1.3;-9.5;-20.9;-9.4;-14.8;-24;-0.2;1;0.53;3;1.2;280.26;219;50;76;31;85608;0.17;0.19;0.36;0.39
2013;2;12;43;-5.5;-7.8;-9.7;-8;-9.8;-12.1;0.5;-0.2;0.53;3;1.2;282.71;133;29;24;10;86069;-0.03;5.4;0.36;0.39
2013;2;13;44;-6.9;-8.8;-11.6;-8.8;-11.5;-13.7;-0.1;-0.5;0.53;3;1.2;286.45;197;48;71;43;87204;0.17;0.92;0.36;0.39
2013;2;14;45;-2.1;-9.7;-17.1;-8.4;-13.5;-19;-0.1;0.7;0.53;3;1.2;286.69;245;61;85;62;87275;0.11;0;0.35;0.39
2013;2;15;46;-1.9;-6.6;-14;-4.1;-8.6;-16.5;0.6;0.3;0.53;3;1.2;289.15;115;28;31;3;87151;-0.04;6.36;0.35;0.39
2013;2;16;47;-2.2;-4;-6;-4.6;-6.1;-7.7;0.2;-0.2;0.53;3;1.2;293.72;206;51;73;36;87611;0.22;0.94;0.35;0.39
2013;2;17;48;-2.4;-6;-9.7;-6.1;-8.4;-11.5;-0.5;0.2;0.53;3;1.2;294.17;215;54;81;49;87388;0.19;0.18;0.35;0.39
2013;2;18;49;-2.8;-7.3;-12.9;-7.2;-10.1;-14.5;-0.2;0.3;0.53;3;1.2;294.28;243;61;86;63;87201;0.18;0;0.35;0.39
2013;2;19;50;-2;-7.7;-15.8;-5.8;-11.3;-18.3;0.8;0.6;0.52;3;1.2;294.86;175;41;68;31;86994;0.22;5.38;0.35;0.39
2013;2;20;51;-4.6;-6.5;-10.1;-5.9;-8.7;-11.9;-0.5;-1;0.53;3;1.2;304.02;202;43;52;24;87007;0.29;5.85;0.35;0.39
2013;2;21;52;-5.9;-9.6;-12;-10.4;-12;-13.4;-1.1;-0.8;0.53;3;1.2;305.51;219;54;61;39;86682;0.27;0.92;0.35;0.39
2013;2;22;53;-8.3;-10.8;-12.4;-12.4;-13.2;-13.7;-0.9;-0.8;0.53;3;1.2;306.58;176;48;57;32;86090;0.24;1.05;0.35;0.39
2013;2;23;54;-7.1;-10.7;-16.6;-11.2;-13.7;-18.5;-0.2;-0.3;0.53;3;1.2;307.05;255;67;84;47;85964;0.17;0.8;0.35;0.39
2013;2;24;55;-5.9;-8.8;-12.2;-10.3;-11.5;-13.5;0;-0.4;0.53;3.1;1.2;308.55;216;55;60;32;86313;0.15;1.27;0.34;0.39
2013;2;25;56;-3.4;-7.7;-14.5;-7.9;-10.9;-16.3;-0.1;0.2;0.52;3.1;1.3;308.95;273;71;92;63;86997;0.17;0.02;0.34;0.39
2013;2;26;57;-2.2;-7.8;-17.1;-4.9;-10.6;-19;0;0.6;0.52;3.1;1.3;310;118;31;65;21;87610;0.02;2.02;0.34;0.39
2013;2;27;58;0.8;-2.4;-5.3;-2;-4.2;-6.6;-0.7;-0.2;0.52;3.1;1.3;311.11;211;53;70;25;87838;-0.04;0.14;0.34;0.39
2013;2;28;59;2.4;-2.1;-7.8;-1.6;-4.3;-9.3;-0.2;0.1;0.52;3.1;1.3;311.33;254;70;82;57;87682;0.11;0;0.34;0.39
2013;3;1;60;1.2;-4;-10.2;-2.5;-6.1;-11.8;-0.2;0;0.51;3.1;1.3;311.38;272;73;88;60;87459;0.17;0.13;0.34;0.39
2013;3;2;61;1.1;-3;-6.7;-2.7;-5.2;-8;-0.4;-0.2;0.51;3.1;1.3;311.61;266;74;97;65;87445;0.18;0.09;0.34;0.39
2013;3;3;62;2.8;-4.1;-11.5;-4.6;-8.7;-14.3;-0.2;0.5;0.51;3.1;1.3;311.57;308;84;105;76;87461;0.4;0;0.34;0.39
2013;3;4;63;5.6;-4.4;-13.8;-2;-9.4;-16.2;-0.3;1.1;0.5;3.1;1.3;311.51;322;89;115;81;87326;0.43;0;0.34;0.39
2013;3;5;64;7.2;-2.3;-10.6;-0.9;-7;-12.5;-0.1;1.8;0.5;3.1;1.3;311.44;314;84;99;68;86923;0.44;0;0.34;0.39
2013;3;6;65;4.6;-0.1;-5.6;0.3;-3.4;-8.1;-0.2;1.9;0.49;3.1;1.3;311.44;235;65;64;46;86238;0.29;0.09;0.34;0.39
2013;3;7;66;9.4;3.1;-2.4;1.4;-1.1;-4.1;0.1;0.9;0.48;3.2;1.3;310.31;315;84;83;45;86056;0.39;0.25;0.34;0.39
2013;3;8;67;10.2;2.2;-5.2;1.9;-1.2;-6.6;0.3;0.7;0.47;3.2;1.3;308;316;88;84;49;85996;0.47;3.56;0.34;0.39
2013;3;9;68;5.8;2.4;-1.6;1.1;-0.1;-2.5;0.4;0.6;0.45;3.2;1.3;303.85;274;63;58;25;86174;0.29;2.73;0.35;0.39
2013;3;10;69;4.8;0.4;-3.9;1;-1.8;-5.2;0.5;0.6;0.44;3.2;1.3;298.86;314;88;93;55;85850;0.41;1.61;0.35;0.39
2013;3;11;70;3.8;-0.7;-4.9;1;-2.1;-6.1;-0.1;0.3;0.43;3.2;1.3;297.02;270;69;69;43;85724;0.29;3.2;0.35;0.39
2013;3;12;71;5;-0.7;-6.4;0.7;-2.8;-7;0.1;0.4;0.43;3.2;1.3;297.73;277;75;69;48;85478;0.57;3.4;0.35;0.39
2013;3;13;72;-0.5;-2.3;-6.2;-1.6;-3.4;-8.2;-0.1;-1.2;0.46;3.2;1.3;302.22;205;46;42;18;85604;0.72;7.69;0.36;0.39
2013;3;14;73;-6;-7.8;-9.7;-8.7;-12.6;-14.3;0.4;-1.4;0.49;3.2;1.3;306.59;251;66;71;43;86094;1.16;2.3;0.35;0.39
2013;3;15;74;-6.5;-9.4;-13.3;-13.7;-14.8;-17;1.1;-0.4;0.5;3.2;1.3;309.28;271;76;87;52;86670;0.67;3.42;0.35;0.39
2013;3;16;75;-0.3;-8;-17.3;-11.4;-15;-20.2;-0.6;1;0.5;3.2;1.3;310.18;357;103;113;75;86838;0.59;0;0.35;0.39
2013;3;17;76;3.8;-3.1;-9.3;-5.5;-9.3;-14.7;-0.4;1.8;0.5;3.3;1.3;310.11;323;84;86;45;86060;0.48;0.22;0.35;0.39
2013;3;18;77;0.6;-1.5;-3.5;-1.9;-4.2;-6.7;0.5;0.1;0.51;3.3;1.3;313.18;134;33;34;14;85205;0.09;9.39;0.35;0.39
2013;3;19;78;1.1;-2.2;-7.8;-4.7;-6.4;-11.1;1.6;0.5;0.52;3.3;1.3;320.96;337;87;95;57;85789;0.74;2.39;0.35;0.39
2013;3;20;79;4.2;-2.6;-9.1;-2.2;-6.8;-11.8;0.5;0.8;0.52;3.3;1.3;321.76;282;71;70;44;86232;0.56;1.7;0.35;0.39
2013;3;21;80;0.7;-2.6;-5.3;-1.8;-4.3;-6.6;1.1;-0.2;0.52;3.3;1.3;325.44;290;81;75;48;87037;0.24;5.88;0.35;0.39
2013;3;22;81;3.2;-1.8;-7.5;-3.4;-5.6;-9.8;-0.6;-0.1;0.51;3.3;1.3;328.42;331;97;95;69;86857;0.53;0.03;0.35;0.39
2013;3;23;82;1.5;-0.9;-2.8;-0.5;-3;-5.1;-0.8;-0.4;0.51;3.3;1.3;329.88;201;64;57;32;86594;0.21;2.82;0.35;0.39
2013;3;24;83;4.1;-0.7;-3.5;-1.5;-3.8;-5.6;-1.1;-0.8;0.5;3.4;1.4;331.14;341;92;71;45;86307;0.76;1.1;0.35;0.39
2013;3;25;84;-0.5;-2.7;-4.5;-3.7;-5.1;-6.8;-0.8;-1;0.49;3.4;1.4;332.65;176;40;46;21;86080;0.65;3.7;0.34;0.39
2013;3;26;85;-4.1;-5.5;-7.7;-6.8;-7.6;-8.7;-0.8;-1;0.52;3.4;1.4;339.97;143;36;27;16;86028;0.5;9.07;0.34;0.39
2013;3;27;86;0.6;-4.8;-9.2;-4.7;-7.6;-10.3;-0.4;-0.3;0.52;3.4;1.4;343.8;335;104;99;62;86164;0.44;0.22;0.34;0.39
2013;3;28;87;4.4;-2.1;-11.3;-2.1;-6.6;-14;0;0.4;0.52;3.4;1.4;343.92;317;81;71;41;86259;0.43;1.69;0.34;0.39
2013;3;29;88;2.8;-0.8;-2.7;-1.6;-2.7;-4.4;0.4;-0.6;0.52;3.4;1.4;348.56;292;73;55;22;86257;0.43;6.21;0.34;0.38
2013;3;30;89;2.4;-0.4;-2.1;0;-1.5;-3.1;-0.2;-0.5;0.52;3.4;1.4;353.91;185;51;39;19;85903;0.2;9.76;0.34;0.38
2013;3;31;90;-1.6;-3.1;-6.2;-1.9;-4.6;-7.3;0.2;-1.2;0.52;3.5;1.4;366.34;168;49;52;22;86123;0.76;8.81;0.34;0.38
2013;4;1;91;1.5;-4.4;-9.9;-5.1;-7.6;-10.9;-0.9;-0.3;0.52;3.5;1.4;369.06;368;118;102;79;86123;0.81;0.02;0.34;0.38
2013;4;2;92;2.9;-3.4;-11.3;-2.5;-6.1;-13.2;-0.6;-0.3;0.51;3.5;1.4;368.84;354;106;84;55;86108;0.44;0.14;0.34;0.38
2013;4;3;93;2;-1.6;-4.1;-3.1;-4;-5.4;-1;-0.6;0.51;3.5;1.4;369.02;317;96;70;42;86467;0.53;0.21;0.34;0.38
2013;4;4;94;5;-1;-9.1;-0.4;-4.1;-10.4;-0.7;-0.1;0.5;3.5;1.4;368.81;403;129;99;72;86287;0.57;0;0.34;0.38
2013;4;5;95;3.2;-0.3;-3.1;-0.3;-2;-4.6;-0.2;-0.6;0.49;3.5;1.4;368.93;324;86;54;32;86090;0.37;0.89;0.34;0.38
2013;4;6;96;2.3;-0.8;-2.7;-1.7;-2.6;-3.3;-0.3;-1;0.48;3.5;1.4;369.71;346;86;64;22;86885;0.71;0.83;0.34;0.38
2013;4;7;97;1.1;-2;-5.9;-3.2;-4.8;-7.1;-0.6;-0.9;0.47;3.6;1.4;370.43;283;83;83;38;87133;1.03;1.4;0.33;0.38
2013;4;8;98;4.8;-1.3;-8.8;-0.4;-4.5;-10.4;0;0.1;0.46;3.6;1.4;370.98;355;91;86;47;86326;0.72;4.46;0.33;0.38
2013;4;9;99;5.6;0;-5.2;0.5;-2.7;-6.4;0;0.5;0.47;3.6;1.4;374.92;377;93;102;52;86252;0.59;3.25;0.33;0.38
2013;4;10;100;5.1;1.1;-3.6;-1.6;-3.7;-5.5;1.4;0.7;0.45;3.6;1.4;375.56;398;125;84;55;86739;1.42;3.06;0.34;0.38
2013;4;11;101;10.4;3.3;-3;3.9;0.5;-4.6;-0.1;1.2;0.44;3.6;1.4;371.9;301;76;73;25;86590;0.24;4.22;0.34;0.38
2013;4;12;102;5.3;2.6;-1;2.1;0.4;-2.5;1;0.7;0.43;3.6;1.4;364.19;195;63;80;28;86675;0.19;5.68;0.35;0.38
2013;4;13;103;6.9;2.4;-2.8;0.2;-2;-5.1;1.1;0.5;0.43;3.6;1.4;357.65;400;135;92;67;87725;0.96;0.72;0.36;0.38
2013;4;14;104;13.2;5.1;-3.2;4.6;-0.3;-4.4;-0.1;0.7;0.42;3.7;1.5;347.72;472;138;87;53;88277;0.82;0;0.37;0.38
2013;4;15;105;16.3;7.7;-2.7;6.6;1.5;-3.9;0.2;0.6;0.41;3.7;1.5;332.12;486;159;100;60;88001;0.79;0;0.38;0.38
2013;4;16;106;12.1;7;-0.3;5.6;2.2;-1.5;0.8;0.6;0.41;3.7;1.5;313.58;423;137;77;41;87970;0.77;0.13;0.39;0.38
2013;4;17;107;15.1;8.7;1.6;7.8;4;0.3;-0.1;0.6;0.4;3.7;1.5;292.86;442;151;76;45;88128;0.52;0.59;0.4;0.38
2013;4;18;108;14.9;8.5;0.1;9.4;3.9;-1.9;0.8;0.6;0.4;3.7;1.5;271.32;452;147;69;44;87862;0.64;2.82;0.42;0.39
2013;4;19;109;6.9;3.3;0;6;2.7;-0.4;-0.1;-1.1;0.41;3.7;1.5;254.87;131;37;14;-2;87841;-0.18;19.92;0.43;0.39
2013;4;20;110;5.1;2.3;-0.4;3;1.2;-0.6;-1.2;-0.7;0.48;3.8;1.5;255.44;224;70;34;17;87550;0.07;5.93;0.43;0.4
2013;4;21;111;8.7;4.7;-1.4;5.3;2.5;-2.1;0.1;-0.4;0.46;3.8;1.5;244.03;364;118;67;31;87352;0.36;0.61;0.43;0.4
2013;4;22;112;6.4;4.6;3;4.6;3.4;2.2;-0.1;-0.6;0.45;3.8;1.5;229.79;163;43;12;-2;87386;0.02;3.11;0.43;0.41
2013;4;23;113;8.9;6.4;3.8;4;2.9;1.3;0.1;-0.1;0.43;3.8;1.5;216.44;374;107;56;21;87922;0.55;0.65;0.43;0.41
2013;4;24;114;14.6;8.1;-1.5;5.8;2.2;-2.7;0.1;0.4;0.42;3.8;1.5;200.53;494;162;93;58;88379;0.9;0;0.43;0.41
2013;4;25;115;15.1;8.6;-1;7.3;2.7;-2;-0.2;0.6;0.41;3.8;1.5;181.59;509;171;90;61;88248;1;0;0.43;0.42
2013;4;26;116;17.7;9.6;-0.4;9.5;4.3;-2.2;0.2;0.6;0.4;3.9;1.5;161;494;147;74;37;87212;0.87;5.7;0.43;0.42
2013;4;27;117;10.9;7.2;2.3;8.9;6;1.3;0;-0.2;0.38;3.9;1.5;139.42;414;127;74;28;86265;-0.05;13.36;0.43;0.42
2013;4;28;118;8.5;5.6;2.7;5.3;4.2;2.5;-0.1;-1;0.35;3.9;1.5;121.6;321;100;35;15;87008;0.47;0.39;0.42;0.43
2013;4;29;119;8.3;6.5;4.2;7.8;5.5;3.1;-0.3;-0.5;0.34;3.9;1.6;109.68;227;68;35;14;87515;0.22;4.55;0.42;0.43
2013;4;30;120;13.7;8.6;2.3;9.5;6.9;2.3;-0.3;-0.2;0.32;3.9;1.6;96.21;364;118;49;19;87545;0.57;1.01;0.42;0.43
2013;5;1;121;16.1;11.2;5.6;11.3;8.1;4.9;-0.4;-0.2;0.31;3.9;1.6;79.59;526;158;75;38;87635;1.08;1.15;0.42;0.43
2013;5;2;122;11.2;9.3;6.9;9.7;8;6;0.2;-0.4;0.3;4;1.6;64.37;370;102;46;13;87522;0.56;8.13;0.42;0.43
2013;5;3;123;12.7;8.8;5.7;8.2;6.8;5.4;-0.2;-0.4;0.28;4;1.6;50.86;522;138;67;20;87256;1.39;19.3;0.42;0.43
2013;5;4;124;10.4;7.1;3.8;7;5.3;3.5;0.7;0;0.26;4;1.6;39.57;447;138;59;29;87631;1.56;8.79;0.42;0.43
2013;5;5;125;12;7.7;1;5;3.8;0.9;-1;-0.3;0.24;4;1.6;31.19;520;165;73;46;87885;1.94;0.14;0.41;0.43
2013;5;6;126;12;8.8;5.3;8.9;6.2;3.2;0.2;0;0.24;4;1.6;24;330;129;61;35;87502;1.28;5.42;0.4;0.43
2013;5;7;127;12;8.4;5.2;9.2;6.4;4;0.5;0.3;0.23;4;1.6;16.96;376;124;52;25;87442;1.68;5.62;0.4;0.43
2013;5;8;128;15;10;2;9.3;5.4;1.1;-0.1;0.2;0.2;4.1;1.6;10.32;614;209;90;59;87414;2.63;0.46;0.4;0.43
2013;5;9;129;16.1;11.2;5.1;10.3;7.1;3.1;-0.1;-0.2;0.16;4.1;1.6;5.13;557;194;83;45;87456;2.52;3.44;0.39;0.43
2013;5;10;130;9.6;7.2;5.4;8.3;6.8;5;0.5;-0.4;0.14;4.1;1.6;2.6;85;28;12;6;87371;0.76;33.54;0.4;0.43
2013;5;11;131;7.3;5.5;2.9;5.8;4.2;1.4;0.4;-0.3;0.13;4.1;1.6;1.72;264;102;58;25;87385;2.23;8.59;0.41;0.43
2013;5;12;132;8;3.6;-0.5;3.7;1.2;-1.1;1.4;0.3;0.13;4.1;1.6;1.17;529;173;88;50;87453;2.71;6.61;0.41;0.43
2013;5;13;133;7.4;3.9;-2;3.7;0.3;-2.8;1.1;0.4;0.13;4.1;1.7;0.98;326;119;78;44;87600;1.97;0.79;0.4;0.43
2013;5;14;134;14.3;8.1;-0.4;6.9;3.3;-1.3;-0.5;0;0.12;4.2;1.7;0.54;642;239;102;71;87069;3.04;0.38;0.4;0.43
2013;5;15;135;17.8;11;2.6;8.6;3.8;1.3;-0.1;1.2;0.12;4.2;1.7;0.22;778;256;120;77;86353;4.1;0.58;0.39;0.43
2013;5;16;136;15.5;10.8;4.7;8.4;5.6;2.5;-0.5;0.6;0.12;4.2;1.7;0.09;549;173;85;54;85828;2.73;0.67;0.38;0.43
2013;5;17;137;12.1;9;6.4;9.4;7.3;4.5;0.3;-0.3;0.12;4.2;1.7;0.04;387;113;65;32;86057;1.76;15.85;0.38;0.43
2013;5;18;138;15.7;9.7;3.2;6.9;4.3;2.5;-0.4;0;0.12;4.2;1.7;0;800;274;126;83;86771;4.09;0.91;0.38;0.42
2013;5;19;139;12.5;7.1;3.3;7.7;4.8;2;0.7;0.4;0.12;4.2;1.7;0;503;127;75;43;86719;1.94;10.97;0.38;0.42
2013;5;20;140;10.1;5.5;0.3;5.1;3.1;-0.6;0.2;0.2;0.12;4.2;1.7;0.01;586;199;76;55;87131;3.47;11.35;0.38;0.42
2013;5;21;141;10.9;5.3;0;5.3;3.1;-1;0.2;0.2;0.12;4.2;1.7;0.03;601;186;93;55;87020;2.9;8.34;0.39;0.42
2013;5;22;142;7.4;4.2;0.5;3.9;2.6;0.1;1.2;-0.2;0.12;4.2;1.7;0.02;419;139;61;32;86871;2.58;7.45;0.39;0.42
2013;5;23;143;7.7;3.5;0;2.3;0.8;-0.8;0.8;-0.7;0.13;4.3;1.7;0.5;624;192;85;36;86612;3.43;8.7;0.39;0.42
2013;5;24;144;3;0.7;-1.2;1.3;-0.8;-2.6;0.5;-0.6;0.19;4.3;1.7;2.96;393;117;40;29;86692;1.96;7.29;0.39;0.42
2013;5;25;145;5.2;1.5;-0.7;2.6;0;-2.3;0.3;-0.6;0.22;4.3;1.7;4.11;526;140;60;28;86765;2.28;14.08;0.39;0.42
2013;5;26;146;5.1;1.7;-2.3;1.1;-1;-3.3;2.2;0.6;0.29;4.3;1.7;6.2;451;135;64;34;86973;2.56;7.12;0.39;0.42
2013;5;27;147;10.5;5.8;1.2;4.3;1.8;-0.2;1.4;0;0.23;4.3;1.7;4.11;434;143;69;35;86956;2.48;1.69;0.39;0.42
2013;5;28;148;14;8.3;1;8.4;3.8;-0.1;0;0.2;0.16;4.3;1.7;1.56;681;220;95;62;86440;3.1;2.96;0.39;0.42
2013;5;29;149;6;4.2;2.5;4.3;2.6;1.6;0.9;-0.1;0.14;4.3;1.7;0.9;359;104;49;23;86262;2.27;10.34;0.4;0.42
2013;5;30;150;6.3;3.6;1.6;4.9;3;1;1;0;0.15;4.3;1.7;1.15;339;102;42;16;86478;2.28;17.6;0.4;0.42
2013;5;31;151;4.2;3.2;2.5;3.8;3;1.9;2.3;0.8;0.17;4.3;1.7;2.14;166;50;15;6;86250;1.86;43.46;0.42;0.42
2013;6;1;152;9.8;6.2;3.3;7.6;5.5;2.6;1.4;0.2;0.17;4.3;1.7;1.79;332;66;26;5;86901;1.24;44.15;0.43;0.42
2013;6;2;153;6.1;5.5;4;6;5.4;3.8;1.2;-0.3;0.14;4.3;1.7;0.77;132;31;12;4;87585;0.76;37.86;0.44;0.43
2013;6;3;154;6.7;4;1.5;3.9;2.8;1.4;0.1;-0.9;0.13;4.4;1.8;0.43;342;84;23;10;87876;1.78;5.92;0.43;0.44
2013;6;4;155;12.5;7.6;2;6.4;4.6;1.2;-0.7;-0.5;0.12;4.4;1.8;0.22;605;176;55;32;87675;2.54;0.05;0.42;0.44
2013;6;5;156;15.2;9.5;2.6;9.6;6.3;2.4;-0.7;-0.1;0.12;4.4;1.8;0.03;727;251;107;65;87593;3.42;1.9;0.4;0.43
2013;6;6;157;15.7;10.6;2.5;7.9;5.4;2.4;-0.5;-0.2;0.12;4.4;1.8;0;753;265;103;74;87759;4;0.3;0.39;0.43
2013;6;7;158;16;11.1;3;10.8;6.8;1.9;-0.2;0;0.12;4.4;1.8;0;627;236;106;72;87796;3.48;1.75;0.38;0.43
2013;6;8;159;18.8;12.5;3.4;12.4;7.6;2.6;-0.3;0.2;0.12;4.4;1.8;0;745;255;103;73;87457;4.11;1.23;0.37;0.43
2013;6;9;160;16.8;11.2;6;11.4;8.9;5.1;0.3;0.2;0.12;4.4;1.8;0;663;196;98;49;86963;3.19;23.89;0.37;0.43
2013;6;10;161;10.4;8.1;6.7;8.6;7.3;6.4;0.9;0.8;0.12;4.4;1.8;0;245;71;34;15;87024;2.22;37.59;0.39;0.43
2013;6;11;162;13.7;9.6;6.9;10.5;8;5.8;0.4;-0.1;0.12;4.4;1.8;0;588;165;77;29;87591;2.89;11.27;0.41;0.43
2013;6;12;163;15;10.8;5.2;8.5;6.4;4.6;0;0.1;0.12;4.4;1.8;0;599;215;98;63;88003;3.51;1.59;0.4;0.43
2013;6;13;164;21.1;14;3.6;13.5;7.9;2.7;0.1;0.2;0.12;4.4;1.8;0;799;294;114;80;87825;4.79;0.68;0.39;0.43
2013;6;14;165;12.4;10.5;8.2;11;9.6;8.2;-0.3;-0.7;0.12;4.4;1.8;0;250;72;43;13;87857;1.71;7.48;0.39;0.43
2013;6;15;166;19;13.3;5.8;13.1;10.7;5.7;0.3;0.4;0.12;4.5;1.8;0;608;218;85;46;87688;3.68;3.03;0.39;0.43
2013;6;16;167;19.8;14.8;8.7;15.5;12;8.4;-0.3;0.3;0.12;4.5;1.8;0;693;204;78;50;87760;3.25;1.06;0.38;0.42
2013;6;17;168;25.9;18.2;8.7;19.7;12.8;8;-0.3;0.8;0.12;4.5;1.8;0;742;268;109;76;87695;4.82;0.23;0.37;0.42
2013;6;18;169;26.5;19.3;10.4;18.1;13.7;9.5;-0.5;0.5;0.12;4.5;1.8;0;788;266;119;75;87792;4.89;0.82;0.37;0.42
2013;6;19;170;27.3;19.9;11.4;19.2;12.9;8.9;-0.2;1;0.12;4.5;1.8;0;763;287;118;87;87606;5.45;0.08;0.36;0.42
2013;6;20;171;26;19;11.5;17.3;13.9;9.8;0.2;0.6;0.12;4.5;1.8;0;767;266;110;79;87460;4.99;3.03;0.35;0.42
2013;6;21;172;16;13.5;11;10.5;9.2;8.1;0.2;-0.4;0.12;4.5;1.8;0;483;134;57;32;87670;2.96;2.74;0.35;0.42
2013;6;22;173;14.2;12.2;10.2;12;10.7;9;0.2;-0.3;0.12;4.5;1.8;0;339;96;62;27;87733;2.1;5.79;0.35;0.42
2013;6;23;174;13.7;10.2;6.8;11.1;9;6.4;0.6;0.2;0.12;4.5;1.8;0;401;98;61;28;87633;2.28;17.12;0.35;0.42
2013;6;24;175;9;7.1;5.8;7.1;5.9;4.8;1;0.2;0.12;4.5;1.8;0;285;98;43;26;87804;2.64;11.29;0.36;0.42
2013;6;25;176;10.6;7.2;5.2;7.6;5.9;4.9;1;-0.3;0.12;4.5;1.8;0;524;168;77;28;88073;3.57;14.52;0.37;0.42
2013;6;26;177;9.1;6.7;4.7;6.6;4.2;1.5;0.7;-0.6;0.12;4.5;1.8;0;552;161;68;32;88303;2.94;7.46;0.38;0.42
2013;6;27;178;10.1;6.9;3.9;5.2;3.4;1.9;0.3;0.1;0.12;4.5;1.8;0;445;170;88;54;88060;2.67;3.35;0.37;0.42
2013;6;28;179;11.1;7.3;3.7;7.1;4.9;3.1;0.5;0;0.12;4.5;1.8;0;599;203;77;50;87887;3.15;4.12;0.37;0.42
2013;6;29;180;9.6;7.1;3.4;7.5;5.3;1.9;1;0.8;0.12;4.5;1.8;0;290;94;54;29;87876;2.17;11.31;0.37;0.42
2013;6;30;181;12.1;9.7;6.1;8.3;6.8;5.9;0.6;-0.5;0.12;4.5;1.9;0;458;161;51;30;88102;2.75;2.72;0.38;0.41
2013;7;1;182;17.7;12.8;5.8;11;7.7;5.7;-0.1;0;0.12;4.6;1.9;0;695;260;96;72;87852;4.18;0.56;0.37;0.41
2013;7;2;183;19;13.3;5.8;12.9;9.4;5.1;0.1;0.7;0.12;4.6;1.9;0;735;229;98;66;87714;3.77;2.12;0.37;0.41
2013;7;3;184;17.4;12.4;8;13;10.6;7.2;0.3;0.4;0.12;4.6;1.9;0;377;117;65;37;87495;2.16;18.61;0.37;0.41
2013;7;4;185;17.1;13.2;10.2;14.1;11.6;9.3;0.4;-0.3;0.12;4.6;1.9;0;544;182;73;31;88067;3.16;10.79;0.38;0.41
2013;7;5;186;16.6;13.4;10.6;14.5;12.1;10.4;0;-0.5;0.12;4.6;1.9;0;469;141;64;27;88569;2.64;5.66;0.39;0.41
2013;7;6;187;18.3;14.3;8.9;11.9;10.4;8.8;-1.1;-0.4;0.12;4.6;1.9;0;684;246;99;62;88560;4.13;0.65;0.38;0.41
2013;7;7;188;19.3;14.7;9.6;13.2;11.6;9.3;-1.2;-0.4;0.12;4.6;1.9;0;665;218;88;54;88538;3.55;1.8;0.38;0.41
2013;7;8;189;19.6;15.2;9.1;12.6;11.4;9;-1.2;-0.4;0.11;4.6;1.9;0;695;223;88;55;88509;3.89;0.54;0.37;0.41
2013;7;9;190;20;15;9.6;14.9;12.8;9.5;-0.5;0;0.11;4.6;1.9;0;658;202;95;52;88153;3.24;3.41;0.37;0.41
2013;7;10;191;18.5;14.9;9.7;13.5;11.3;9.5;0.1;-0.1;0.11;4.6;1.9;0;601;222;82;59;87764;3.85;1.34;0.37;0.41
2013;7;11;192;15.8;13.4;10.4;13.2;10.4;7.6;-0.2;-1.1;0.11;4.6;1.9;0;515;195;83;54;87697;2.97;2.13;0.37;0.41
2013;7;12;193;17.4;13.3;8.7;8.9;7.9;7.3;-0.5;-0.8;0.11;4.6;1.9;0;738;272;115;78;87882;4.26;0;0.36;0.41
2013;7;13;194;17.6;13.9;7.9;9.7;7.9;6.8;0;-0.5;0.11;4.6;1.9;0;780;270;112;80;87965;4.29;0.07;0.36;0.41
2013;7;14;195;18.8;14.4;7.4;10.9;7.8;6.4;0.2;-0.2;0.11;4.6;1.9;0;802;285;120;84;88076;4.68;0;0.35;0.41
2013;7;15;196;18.3;14.7;9.9;10;8.8;7.5;0.6;-0.5;0.11;4.6;1.9;0;653;244;95;68;88148;4.09;0.57;0.34;0.41
2013;7;16;197;21.3;16.3;9.7;11.9;9.3;7.6;-0.5;-0.3;0.11;4.6;1.9;0;813;300;125;96;88186;4.86;0;0.34;0.41
2013;7;17;198;21.8;16.5;8.4;11.6;9.3;7.1;-0.2;-0.2;0.11;4.6;1.9;0;809;289;125;91;88128;4.69;0;0.33;0.41
2013;7;18;199;21.1;15.9;11.6;15.4;11.9;9.1;-0.6;0.1;0.11;4.6;1.9;0;685;215;95;63;88037;3.43;3.63;0.33;0.41
2013;7;19;200;20.9;15.5;10.1;15.3;12.3;9.5;-0.3;0.2;0.11;4.6;1.9;0;723;228;99;64;87956;3.74;3.2;0.33;0.41
2013;7;20;201;20.9;16.2;9;13.6;11.4;8.3;-0.6;-0.1;0.11;4.6;1.9;0;638;232;101;69;87908;3.95;0.73;0.33;0.41
2013;7;21;202;22;17.3;10.8;13.2;11.4;9.6;-0.7;-0.2;0.11;4.6;1.9;0;765;272;111;82;87986;4.34;0.14;0.32;0.41
2013;7;22;203;23.3;17.8;9.5;12.8;10.3;8.3;0.2;-0.1;0.11;4.6;1.9;0;733;266;110;82;87903;4.44;0.01;0.32;0.4
2013;7;23;204;23.6;18;10.5;13.2;10.2;7.8;0.4;0.1;0.11;4.6;1.9;0;713;255;107;80;87698;4.4;0.03;0.31;0.4
2013;7;24;205;22.4;16.8;12.5;14.3;12.4;10.7;0.6;0.1;0.11;4.6;1.9;0;738;212;96;61;87771;3.56;5.34;0.31;0.4
2013;7;25;206;22.1;17.3;9.7;14.1;10.6;8.6;0.6;0.3;0.11;4.6;1.9;0;664;231;92;66;87911;4.16;0.19;0.31;0.4
2013;7;26;207;25.4;19.4;11.7;17;11.7;10;0;0.2;0.11;4.6;1.9;0;712;255;105;73;87820;4.33;0.21;0.3;0.4
2013;7;27;208;28.4;20.7;12.5;16.2;11.9;9;-0.2;0.9;0.11;4.6;1.9;0;745;248;112;78;87529;4.54;0.94;0.3;0.4
2013;7;28;209;29.6;20.7;13;18.7;13.1;10.3;-0.1;0.5;0.11;4.6;1.9;0;758;257;105;74;87561;4.59;1.25;0.29;0.4
2013;7;29;210;20.1;14.8;11;15.2;12.9;8.9;0.4;-0.3;0.11;4.6;1.9;0;406;111;51;34;87692;2.93;43.56;0.3;0.4
2013;7;30;211;16.7;13.5;10.2;9.9;8.4;7.1;1.2;0.1;0.11;4.6;1.9;0;530;174;87;54;88166;3.56;0.98;0.32;0.4
2013;7;31;212;19.5;15.2;9.4;11.9;10;7.9;0.7;0.1;0.11;4.5;1.9;0;581;202;96;63;88178;3.55;0.1;0.32;0.4
2013;8;1;213;25.4;18.2;8.6;16.4;10.8;7.8;-0.4;0.3;0.11;4.5;1.9;0;790;287;128;94;87980;5.18;0;0.32;0.4
2013;8;2;214;26.9;19.6;10.9;19.9;12.5;8.8;-0.1;0.5;0.11;4.5;1.9;0;772;266;120;84;87946;4.78;0.1;0.31;0.4
2013;8;3;215;25.4;19.3;12;17.7;13.9;10.8;0;0.3;0.11;4.5;1.9;0;653;238;96;66;88081;4.44;4.74;0.31;0.4
2013;8;4;216;23.2;18;12.5;17.5;15.4;12.1;0;0.2;0.11;4.5;1.8;0;657;195;103;63;88211;3.42;3.66;0.31;0.4
2013;8;5;217;25.3;19.2;12;18.3;14.8;11.4;-0.3;0.5;0.11;4.5;1.8;0;725;233;102;72;87944;4.01;0.68;0.31;0.4
2013;8;6;218;25.5;18.4;14.1;16.6;14.4;12.4;0;0.6;0.11;4.5;1.8;0;715;211;93;59;87796;3.9;10.96;0.3;0.4
2013;8;7;219;25.9;18.8;11.7;18.7;14.6;10.8;-0.1;0.4;0.11;4.5;1.8;0;692;194;93;65;87420;3.77;3.96;0.31;0.39
2013;8;8;220;21.3;16.5;13.6;15.2;14.2;13.1;-0.2;-0.9;0.11;4.5;1.8;0;498;143;71;41;87671;3.04;20.29;0.31;0.39
2013;8;9;221;14.1;12.8;10.3;14;12.7;9.8;0.4;-0.5;0.11;4.5;1.8;0;119;27;36;10;87970;1.26;55.13;0.35;0.39
2013;8;10;222;17.3;13;7.5;9.5;7.7;5.6;0.5;-0.1;0.11;4.5;1.8;0;670;225;104;69;88062;4.22;0.14;0.37;0.39
2013;8;11;223;16.5;13.5;10.3;11.9;10.5;8.5;0.4;-0.1;0.11;4.5;1.8;0;557;160;77;54;87942;2.3;1.17;0.36;0.39
2013;8;12;224;19;14.5;10.3;13.8;11.1;9.5;0.3;0.2;0.11;4.5;1.8;0;568;196;88;59;87747;3.34;0.99;0.36;0.39
2013;8;13;225;15.4;12.5;10.8;12.2;10.5;8.5;0.7;-0.5;0.11;4.5;1.8;0;486;139;68;38;87838;2.8;7.9;0.36;0.39
2013;8;14;226;13;11.2;9.5;8;7.2;6.5;-0.5;-1;0.11;4.5;1.8;0;432;119;59;29;88083;2.5;1.2;0.36;0.39
2013;8;15;227;16.4;12.7;9;8.6;7.3;6.3;-0.7;-0.3;0.11;4.5;1.8;0;517;192;99;66;88154;3.17;0;0.36;0.39
2013;8;16;228;20.1;14.3;7.1;12.7;9.7;5.9;0;0.2;0.11;4.5;1.8;0;733;240;109;79;87963;3.83;0.01;0.36;0.39
2013;8;17;229;20.2;15.2;8.7;15.5;11.1;7.7;0.3;0.5;0.11;4.4;1.8;0;610;205;93;66;87871;3.47;0.48;0.35;0.39
2013;8;18;230;21.1;15.8;10.1;15.3;12.3;8.9;0.2;0.6;0.11;4.4;1.8;0;603;186;88;57;87832;3.37;3.16;0.35;0.39
2013;8;19;231;16.3;13.2;8.9;15.2;12.1;8.6;0.6;0.2;0.11;4.4;1.8;0;215;72;48;33;87866;2;12.36;0.35;0.39
2013;8;20;232;13.2;10.2;7.7;9.2;7.3;5.3;0.1;-0.5;0.11;4.4;1.8;0;458;147;68;45;88432;2.82;2.93;0.36;0.39
2013;8;21;233;16.8;12;7.1;8.7;7.4;6.4;-1.1;-0.5;0.11;4.4;1.8;0;704;239;111;88;88238;3.51;0;0.36;0.39
2013;8;22;234;18.9;13.8;8.9;11.2;9.5;7.2;-0.6;-0.3;0.11;4.4;1.8;0;701;236;114;83;87862;3.43;0;0.35;0.39
2013;8;23;235;18.9;13.6;8.4;13;10.5;7.4;0.1;0.2;0.11;4.4;1.8;0;559;183;87;66;87671;2.78;0.56;0.35;0.39
2013;8;24;236;19.4;13.8;7.9;12.4;10.2;6.9;0.1;0.2;0.11;4.4;1.8;0;587;185;93;57;87355;3.35;7.03;0.35;0.39
2013;8;25;237;11.7;9.9;8;10.2;9;6.9;1;0.3;0.11;4.4;1.8;0;231;56;81;28;87127;1.87;28.36;0.36;0.39
2013;8;26;238;12.3;9.3;5.3;11.3;8.5;5.3;-0.3;0.1;0.11;4.4;1.8;0;316;96;61;36;87229;1.85;4.99;0.37;0.39
2013;8;27;239;13.8;10.4;8.2;10.7;8.8;7.4;0.1;-0.3;0.11;4.4;1.8;0;426;130;55;35;87237;2.5;15.05;0.37;0.39
2013;8;28;240;13.4;10.1;8.1;11.5;9;7.3;0.5;-0.1;0.11;4.4;1.8;0;437;115;68;32;87634;2.47;12.6;0.39;0.39
2013;8;29;241;15.8;10.6;3.9;8.5;6.7;3.8;-0.2;0.1;0.11;4.3;1.8;0;689;207;111;65;88006;3.2;0.07;0.39;0.39
2013;8;30;242;16.6;11.5;5;9.1;6.6;4.2;0.1;0.1;0.1;4.3;1.8;0;690;214;111;75;88010;3.28;0;0.39;0.39
2013;8;31;243;15.9;11.8;6.7;9.2;7.5;5.4;0.8;0.2;0.1;4.3;1.8;0;536;173;81;57;88099;2.82;2.63;0.38;0.39
2013;9;1;244;13.3;10;7.4;10.6;9;7;0.6;-0.4;0.1;4.3;1.8;0;405;112;62;31;88255;2.63;18.57;0.39;0.39
2013;9;2;245;14.2;10.1;6.9;7.7;6;4.1;0.9;0.1;0.1;4.3;1.7;0;514;103;79;40;88431;2.08;0;0.39;0.39
2013;9;3;246;18.4;13.5;7.8;12.3;8.2;4.2;0.1;0;0.1;4.3;1.7;0;671;205;116;66;88569;3.15;0;0.39;0.39
2013;9;4;247;21.1;14.4;6.1;13.2;10.1;5.3;-0.3;0.2;0.1;4.3;1.7;0;684;220;117;86;88286;3.36;0;0.39;0.39
2013;9;5;248;21.4;14.6;6.7;12.8;9.8;5.8;-0.2;0.3;0.1;4.3;1.7;0;682;219;121;85;87784;3.61;0;0.38;0.39
2013;9;6;249;20.7;14.9;8.2;16.1;11.8;7.3;0.2;0.6;0.1;4.3;1.7;0;526;168;90;61;87461;2.74;1.4;0.38;0.39
2013;9;7;250;19.5;14.9;10.2;15.3;12.2;8.9;-0.1;0.3;0.1;4.3;1.7;0;515;166;82;58;87753;2.48;1.01;0.38;0.39
2013;9;8;251;16.8;13.1;9.8;13.2;11.1;8.3;0.2;-0.1;0.1;4.3;1.7;0;408;96;58;31;87748;1.93;11.9;0.38;0.39
2013;9;9;252;12.3;10;6.8;11.6;5.9;3.1;1.3;-0.1;0.1;4.3;1.7;0;505;145;104;49;87822;3.51;16.36;0.39;0.39
2013;9;10;253;11.8;7.8;5.5;9.2;6.1;3.3;0.4;0.4;0.1;4.2;1.7;0;270;71;64;34;87533;1.74;11.14;0.4;0.39
2013;9;11;254;10.2;6.7;2.3;4.6;2.7;1.6;1.3;0.2;0.1;4.2;1.7;0;421;132;75;54;87448;2.39;0.75;0.4;0.39
2013;9;12;255;6.9;5.6;4.2;6.5;4.8;2.9;1.5;0.7;0.1;4.2;1.7;0;219;65;66;24;87481;2.37;21.81;0.41;0.39
2013;9;13;256;10.3;6.5;4.2;7.2;4.8;2.8;1;0.5;0.1;4.2;1.7;0;393;95;71;33;87912;2.09;7.37;0.42;0.39
2013;9;14;257;13.5;7.5;1.3;10.9;5.9;0.6;0.1;1;0.1;4.2;1.7;0;271;65;68;35;87625;1.05;1.19;0.41;0.39
2013;9;15;258;13.9;9.9;6.5;10.4;8.3;5.3;0.4;0.6;0.1;4.2;1.7;0;391;92;57;30;87132;1.72;5.31;0.41;0.39
2013;9;16;259;11.7;9.2;6;9.9;8.1;5.7;0.9;-0.2;0.1;4.2;1.7;0;274;62;57;22;86640;1.63;15.35;0.41;0.39
2013;9;17;260;6.8;4.5;2.3;4.5;1.6;-0.7;1.6;0.3;0.11;4.2;1.7;0.3;516;131;89;39;86614;2.75;11.94;0.42;0.4
2013;9;18;261;11.8;7.6;3.1;9;6.4;0.7;1.6;0.9;0.11;4.1;1.7;0.28;296;73;54;14;86337;2.68;22.4;0.43;0.4
2013;9;19;262;9;6.6;4.4;6.8;3.3;1.6;1.2;-0.4;0.1;4.1;1.7;0.07;367;97;75;33;87194;2.27;9.8;0.43;0.4
2013;9;20;263;11.9;8.3;4.1;7.3;5.1;2.3;1;0;0.1;4.1;1.7;0.03;251;86;71;36;87646;1.28;0.98;0.42;0.41
2013;9;21;264;12.1;9.1;6.8;7;6.2;5.8;0.4;-0.5;0.1;4.1;1.6;0;452;122;73;46;88314;1.88;1.09;0.41;0.41
2013;9;22;265;14.9;9.5;2;8.1;5.4;2;0.3;0.2;0.1;4.1;1.6;0;539;157;104;75;88494;2.13;0;0.41;0.41
2013;9;23;266;16.1;10.3;4;10.1;7.1;2.8;0.1;0;0.1;4;1.6;0;564;170;115;84;88219;1.94;0;0.4;0.41
2013;9;24;267;17.6;10.5;1.7;10.7;6.6;1;0.2;0.4;0.09;4;1.6;0;615;184;130;93;87654;2.35;0;0.4;0.41
2013;9;25;268;17.7;10.7;2.4;9.6;6.4;1.4;0.7;0.6;0.09;4;1.6;0;599;174;116;78;87349;2.48;0.03;0.39;0.41
2013;9;26;269;14.6;10.8;7.7;11.4;8.9;6.3;0.9;0.7;0.09;4;1.6;0;315;73;64;28;87471;1.43;6.53;0.39;0.41
2013;9;27;270;14;10.4;6.9;11.5;9.4;6.8;0.3;0.2;0.09;4;1.6;0;286;90;57;35;87490;1.5;6.16;0.39;0.41
2013;9;28;271;17.1;11;5.5;12.3;9.3;5.2;-0.3;0.2;0.09;4;1.6;0;454;131;82;46;87165;1.88;0.05;0.39;0.41
2013;9;29;272;15.4;10.8;7.8;10.9;9.3;7.7;-0.7;-0.2;0.09;3.9;1.6;0;371;96;73;35;86684;1.49;5.72;0.39;0.41
2013;9;30;273;7.6;7.1;6.6;7.6;6.9;6.4;-0.3;-0.7;0.09;3.9;1.6;0;84;18;10;3;86603;0.85;5.67;0.39;0.41
2013;10;1;274;11.4;7.7;5.1;6.7;5.8;5;-0.1;-0.7;0.09;3.9;1.6;0;444;111;73;37;87001;1.73;1.27;0.39;0.41
2013;10;2;275;12.4;7.4;3.3;5.2;4.3;2.1;-0.9;-0.2;0.09;3.9;1.6;0;541;152;124;77;87544;1.86;0.01;0.39;0.41
2013;10;3;276;15.7;8.1;0;7.9;4.1;-0.9;-0.4;0.4;0.09;3.9;1.6;0;536;155;119;82;87819;1.95;0.72;0.39;0.41
2013;10;4;277;16.1;10.5;6.3;12.6;9.1;4.9;-0.1;0.8;0.09;3.8;1.5;0;374;93;66;38;87915;1.34;4.9;0.39;0.41
2013;10;5;278;13.1;9.7;7.1;11.6;8.7;5.9;0.4;0.8;0.09;3.8;1.5;0;185;36;50;23;87642;0.75;5.74;0.39;0.41
2013;10;6;279;11.6;9.4;7.4;8.8;8;6.8;0;-0.5;0.09;3.8;1.5;0;250;54;33;13;88036;1.06;1.25;0.39;0.41
2013;10;7;280;12.5;10;8.6;9.4;8.9;7.9;-0.8;-0.8;0.09;3.8;1.5;0;277;63;32;9;88129;1.15;1.15;0.39;0.41
2013;10;8;281;13.1;9.8;7.8;8.9;8.4;7.1;-0.1;-0.7;0.09;3.8;1.5;0;376;90;65;23;88096;1.16;0.7;0.38;0.41
2013;10;9;282;9;8.2;7.6;8;7.2;6.5;0;-0.3;0.09;3.7;1.5;0;102;24;29;8;87754;0.84;2.65;0.38;0.41
2013;10;10;283;8.8;3.7;-1.1;7;3.1;-1.3;0.5;0.1;0.17;3.7;1.5;2.75;174;33;50;24;86792;0.83;25.61;0.38;0.41
2013;10;11;284;2.5;-0.8;-6.5;-1.3;-2.6;-6.9;0.3;0;0.51;3.7;1.5;19.26;182;42;94;35;86955;0.57;8.64;0.39;0.41
2013;10;12;285;4;-0.3;-7.3;0.8;-2.2;-7.7;0;0.4;0.5;3.7;1.5;19.6;272;64;88;42;87227;0.42;1.89;0.39;0.41
2013;10;13;286;8.6;3.6;-1.2;2.5;-0.1;-2.5;-0.2;0.6;0.45;3.7;1.5;16.77;310;82;93;54;87644;0.71;1.15;0.39;0.41
2013;10;14;287;10.3;5.1;-0.3;4.1;1;-2.8;0;0.7;0.39;3.6;1.5;12.6;222;59;50;39;87634;0.61;0.17;0.39;0.41
2013;10;15;288;11.5;6;-0.1;5.3;2.4;-1.8;0.3;0.6;0.3;3.6;1.5;8.37;321;83;82;39;87160;0.9;11.83;0.4;0.41
2013;10;16;289;6.8;4.4;1.6;4.2;2.4;-0.5;1.1;0.1;0.22;3.6;1.5;5.02;272;71;78;38;87213;1.2;9.82;0.41;0.41
2013;10;17;290;10.3;5.7;1.4;5.3;2;-0.7;1.3;0.6;0.16;3.6;1.4;2.97;392;97;96;46;87602;1.52;2.15;0.41;0.41
2013;10;18;291;11.5;5.4;-0.4;5.1;2;-1.7;-0.2;0.4;0.13;3.6;1.4;1.71;422;112;108;71;87662;1.09;0;0.41;0.41
2013;10;19;292;16;6.9;-0.8;10.8;3.4;-2.4;0;1.3;0.11;3.6;1.4;0.99;414;107;104;74;87594;1.14;0;0.41;0.41
2013;10;20;293;15.2;8.2;1.9;8.1;4.6;-0.1;0.1;1;0.1;3.6;1.4;0.51;348;93;81;49;87743;1.2;1.09;0.4;0.41
2013;10;21;294;15.1;8.3;3.6;9.1;5.9;2.7;-0.2;0.9;0.09;3.6;1.4;0.22;426;107;98;61;87806;1.33;0;0.4;0.41
2013;10;22;295;17.2;9.6;4;9.8;5.8;2.3;-0.2;1.8;0.09;3.6;1.4;0.09;389;96;101;59;87446;1.28;0;0.4;0.41
2013;10;23;296;12.6;9.6;7.4;11.4;7.8;4.8;-0.1;1.1;0.08;3.5;1.4;0.04;145;39;47;28;87327;0.55;12.75;0.4;0.41
2013;10;24;297;12.4;8.5;3.8;9.1;6.9;3.1;-0.4;0.6;0.08;3.5;1.4;0;310;71;83;46;87781;1.01;5.97;0.41;0.41
2013;10;25;298;15.9;8.4;3.6;10;5.2;2;0;1.2;0.08;3.5;1.4;0;423;101;104;65;87713;1.21;0;0.41;0.41
2013;10;26;299;18.4;9.6;3.2;12.9;6.2;1.2;0;1.4;0.08;3.5;1.4;0;415;107;105;68;87808;1.24;0;0.4;0.41
2013;10;27;300;15.2;8.9;3.9;9.8;6.3;2.5;0.3;0.9;0.08;3.5;1.4;0;323;81;90;47;87476;1.17;3.07;0.4;0.41
2013;10;28;301;17.5;10.4;5.5;11.1;7.3;4.2;0.2;1;0.08;3.5;1.4;0;430;103;113;62;87126;1.44;0.08;0.4;0.41
2013;10;29;302;7.6;6.2;5.1;5.7;5.1;4.4;0.3;0.1;0.08;3.5;1.4;0;208;36;45;23;87488;0.88;8.54;0.4;0.41
2013;10;30;303;6.4;4.6;2.8;4.1;2.6;1.2;-0.3;-0.3;0.08;3.5;1.4;0.06;294;52;64;33;87982;1.17;4.61;0.4;0.41
2013;10;31;304;10.3;5.6;2.4;5.7;3.6;1;-0.1;0.1;0.08;3.5;1.4;0.05;351;81;78;55;88020;0.68;0.06;0.4;0.41
2013;11;1;305;11.1;6.2;2.6;7.1;4;1.6;-0.1;0.7;0.08;3.5;1.4;0.02;303;68;79;50;87692;0.63;0.01;0.4;0.41
2013;11;2;306;11.4;6.3;2.4;7.6;3.9;1.2;0.1;1.1;0.08;3.5;1.4;0;253;55;90;42;86999;0.73;0.83;0.4;0.41
2013;11;3;307;5.7;2.9;-1.1;5.4;1.4;-2.8;1;0.9;0.08;3.4;1.4;0.07;119;25;71;32;86778;0.91;14.1;0.4;0.41
2013;11;4;308;9.6;4;-0.9;3;0.2;-3.2;0.1;0.8;0.08;3.4;1.4;0.09;371;71;92;44;85893;0.85;0.29;0.4;0.41
2013;11;5;309;3.6;2;0.6;2.3;0.2;-0.7;0.6;-0.1;0.09;3.4;1.4;0.64;210;46;69;28;85933;0.98;7.74;0.4;0.41
2013;11;6;310;6.3;3.4;0.9;4.7;2.6;0.4;1.9;0.9;0.15;3.4;1.4;2.55;40;7;52;12;86609;0.86;15.05;0.41;0.41
2013;11;7;311;11.8;5.8;-0.5;6.9;3;-1.9;0.8;0.8;0.14;3.4;1.4;1.98;334;80;93;64;87291;0.8;0;0.41;0.41
2013;11;8;312;13.4;5.7;-1.2;6.8;2.2;-2.3;0;0.9;0.12;3.4;1.4;1.29;361;84;105;58;87097;0.8;0.2;0.41;0.41
2013;11;9;313;5.1;2.4;-2.7;3.9;1.4;-3;0.7;0.6;0.11;3.4;1.4;1.07;185;36;75;35;87118;0.97;9.68;0.41;0.41
2013;11;10;314;2.2;-0.8;-3.3;1.5;-1.6;-3.7;0.7;0.3;0.16;3.4;1.4;3.32;122;28;69;26;86528;0.57;15.06;0.41;0.41
2013;11;11;315;-0.2;-2.1;-3.3;-2.8;-3.6;-4.6;0;-0.7;0.49;3.4;1.4;15.72;139;31;63;32;88086;0.32;4.17;0.41;0.41
2013;11;12;316;4.7;0.5;-3.2;1.4;-1.2;-4.2;-0.2;-0.1;0.48;3.4;1.4;15.32;183;43;81;47;87939;0.1;0;0.41;0.41
2013;11;13;317;2.1;-0.2;-1.9;-0.3;-1.5;-2.6;-0.3;-0.3;0.44;3.3;1.4;13.84;145;34;60;34;88156;0.22;0.04;0.41;0.41
2013;11;14;318;2.9;0;-2;0;-1.4;-3.3;0.3;-0.3;0.42;3.3;1.3;13.47;130;29;46;24;87498;0.2;4.84;0.41;0.41
2013;11;15;319;1.4;-0.7;-2.1;-0.9;-1.9;-2.9;-0.9;-0.6;0.47;3.3;1.3;17.04;93;21;56;27;87588;0.24;1.13;0.41;0.41
2013;11;16;320;3.6;-0.1;-3.7;1.1;-1.4;-4.3;-0.5;-0.1;0.45;3.3;1.3;16.34;170;39;68;39;88040;0.15;0.07;0.4;0.41
2013;11;17;321;5.4;1.6;-1;2.5;0.1;-2;-0.3;-0.1;0.4;3.3;1.3;14.26;162;37;72;39;87626;0.11;0.02;0.4;0.41
2013;11;18;322;8.3;1.2;-4;2.6;-2.3;-6.4;-0.1;1.2;0.36;3.3;1.3;12.04;237;54;96;54;86969;0.35;0;0.4;0.41
2013;11;19;323;5.7;1;-2.2;2.7;-0.6;-4.2;0.2;0.4;0.33;3.3;1.3;10.28;101;25;43;23;86167;0.09;2.61;0.4;0.41
2013;11;20;324;1.4;-0.3;-1.7;-0.5;-1.4;-2.3;0.6;-0.5;0.36;3.3;1.3;12.05;133;24;37;19;86024;0.39;3.46;0.4;0.41
2013;11;21;325;2.6;-0.9;-2.5;-1.9;-2.9;-3.6;-0.5;-0.7;0.39;3.3;1.3;13.74;191;41;78;38;85459;0.37;1.96;0.4;0.41
2013;11;22;326;1.2;-0.8;-2;-2.3;-2.8;-3.9;0.1;-0.6;0.42;3.3;1.3;15.79;171;37;76;38;85856;0.28;1.61;0.4;0.41
2013;11;23;327;-0.2;-0.8;-1.6;-0.5;-1.8;-3.3;0;-0.9;0.46;3.3;1.3;20.04;42;7;22;6;86459;0.06;13.71;0.4;0.41
2013;11;24;328;-0.2;-1.2;-2.4;-0.8;-1.6;-3;0.5;-1;0.51;3.3;1.3;36.63;44;10;13;8;87036;0.2;17.27;0.4;0.41
2013;11;25;329;-2.7;-7;-9.3;-3.6;-9.4;-11.8;0.5;-0.7;0.52;3.3;1.3;47.6;158;33;74;44;87774;0.33;3.51;0.39;0.41
2013;11;26;330;-6.7;-8.6;-9.8;-10.2;-11;-11.3;0.6;-0.4;0.52;3.3;1.3;50.86;142;27;67;26;88075;0.16;5.33;0.39;0.41
2013;11;27;331;-7;-10.6;-16.4;-10;-13.1;-17.9;-0.4;0.6;0.52;3.3;1.3;53.72;172;38;86;56;88198;0.11;0.13;0.39;0.41
2013;11;28;332;-1.2;-7.6;-17.8;-6.3;-12.1;-19.8;0.2;0.7;0.52;3.3;1.3;53.76;123;22;45;12;88237;0.11;0.09;0.39;0.41
2013;11;29;333;-0.1;-2.4;-4.7;-3.7;-5.3;-7.6;0.6;0.2;0.52;3.3;1.3;54.14;147;33;75;35;87787;0.11;0.49;0.38;0.41
2013;11;30;334;-1.8;-4.2;-10.9;-4.4;-6.4;-12;0.4;0.2;0.52;3.3;1.3;58.56;127;24;78;28;87340;0.16;5.31;0.38;0.41
2013;12;1;335;-2;-8.3;-14.6;-6;-11.3;-16.4;-0.3;0.9;0.52;3.3;1.3;59.62;175;37;92;55;87966;0.09;0;0.38;0.41
2013;12;2;336;-0.9;-8.4;-13.7;-4.7;-11.9;-16.4;-0.6;1.1;0.51;3.3;1.3;59.65;163;35;84;49;88175;0.07;0.01;0.38;0.41
2013;12;3;337;2.8;-8.4;-17.3;-2.7;-12.6;-19.9;0.2;1.6;0.51;3.3;1.3;59.72;168;37;86;53;88184;0.01;0;0.38;0.41
2013;12;4;338;3.4;-5.6;-15.1;-2;-10.4;-18.4;0.5;1.1;0.51;3.3;1.3;59.75;165;36;78;49;88058;0.04;0;0.37;0.41
2013;12;5;339;0.8;-4.5;-10.2;-3.7;-8.3;-12.8;1;1;0.5;3.3;1.3;59.81;150;31;87;38;87772;0.12;0.52;0.37;0.41
2013;12;6;340;-0.9;-3.2;-5.7;-3.6;-5.9;-8.6;3.1;-0.2;0.52;3.3;1.3;67.06;101;22;58;32;87458;0.44;11.41;0.37;0.41
2013;12;7;341;-2.8;-5.6;-10.1;-7.4;-9;-12.9;1.4;0.7;0.52;3.3;1.4;72.35;95;18;57;37;88034;0.22;1.25;0.37;0.41
2013;12;8;342;-0.1;-8.2;-14.2;-5.4;-11.6;-16.3;0.4;1.2;0.52;3.3;1.4;72.56;149;30;80;44;88161;0.09;0.04;0.37;0.41
2013;12;9;343;0.6;-6.7;-14.6;-4.9;-10.2;-17;0.3;1.3;0.52;3.3;1.4;72.6;141;29;60;27;88474;0.03;0;0.37;0.41
2013;12;10;344;3.9;-3.2;-8.4;0.1;-6.1;-11.3;0;1.2;0.51;3.3;1.4;72.59;155;33;71;45;88767;0.05;0;0.36;0.41
2013;12;11;345;3.4;-4.9;-9.9;0.7;-7.5;-12;0.1;1.5;0.51;3.3;1.4;72.59;158;33;79;52;88736;0.04;0;0.36;0.41
2013;12;12;346;3.4;-4.8;-9.9;0;-7.4;-11.7;0.2;1.4;0.5;3.3;1.4;72.59;158;33;82;51;88389;0.02;0;0.36;0.41
2013;12;13;347;2.3;-5.9;-11.9;-1;-9;-14.3;0.2;1.3;0.5;3.3;1.4;72.63;160;33;85;54;87992;0;0;0.36;0.41
2013;12;14;348;0.5;-6.1;-13.3;-3.8;-9.3;-16.8;0.5;1;0.49;3.3;1.4;73.23;143;29;56;35;88268;0.02;1.97;0.36;0.41
2013;12;15;349;-0.6;-7.6;-12;-4.8;-10.4;-14;0.2;1.7;0.5;3.3;1.4;74.66;127;28;70;52;88634;0.2;0;0.36;0.41
2013;12;16;350;0.2;-7.5;-11.9;-3.2;-10.3;-14.4;0.1;2;0.5;3.3;1.3;74.57;160;34;82;55;88609;0.18;0;0.36;0.41
2013;12;17;351;0.9;-7.3;-12.2;-3.3;-10.6;-15;0.2;1.9;0.49;3.3;1.3;74.48;159;33;85;60;88296;0.22;0;0.35;0.4
2013;12;18;352;-0.6;-8.1;-14.3;-3.6;-11.1;-16.4;0.1;1.7;0.49;3.3;1.3;74.34;101;22;71;42;87803;0.12;0;0.35;0.4
2013;12;19;353;-0.4;-5.1;-10.8;-4.2;-8.5;-14.3;0.1;1.8;0.49;3.3;1.3;74.27;94;17;50;22;87009;0.17;0.11;0.35;0.4
2013;12;20;354;1.7;-2.6;-6;-1.1;-4.9;-9.2;0.3;0.9;0.48;3.3;1.3;74.75;115;21;67;34;87921;0.03;1.73;0.35;0.4
2013;12;21;355;1.6;-4.6;-9.1;-1.3;-6.9;-10.6;0.1;1.5;0.48;3.2;1.3;75.59;158;33;79;54;88486;0.02;0;0.35;0.4
2013;12;22;356;1.2;-3.1;-6.9;-1.7;-5.8;-9.2;0.1;1.7;0.47;3.2;1.3;75.57;118;24;59;33;88011;0.14;0;0.35;0.4
2013;12;23;357;2.2;-3;-5.4;-1.1;-5.8;-8.7;0.1;1.6;0.47;3.2;1.3;75.41;156;31;83;51;87642;0.08;0;0.35;0.4
2013;12;24;358;2.4;-2.3;-5.8;-2;-5.6;-8.8;-0.2;2.4;0.46;3.2;1.3;75.36;160;34;86;56;86458;0.09;0;0.35;0.4
2013;12;25;359;4.2;0.6;-2;0.5;-2.1;-5.1;-0.2;1.1;0.46;3.2;1.3;75.4;129;26;81;39;85428;0.06;2.02;0.34;0.4
2013;12;26;360;0.5;-0.4;-1.5;0;-1.3;-2.9;0.8;0.2;0.47;3.2;1.3;79.85;59;12;35;17;85391;0.08;9.32;0.34;0.4
2013;12;27;361;2.7;-2.3;-6.4;-0.5;-4.5;-10.4;0.1;1;0.49;3.2;1.3;85.27;158;33;91;58;86565;0.11;0.16;0.34;0.4
2013;12;28;362;1;-3.8;-7.6;-3.3;-7.6;-11.5;0.1;1.8;0.49;3.2;1.3;85.33;143;30;79;43;86420;0.11;1.66;0.34;0.4
2013;12;29;363;0.1;-2;-4.9;-1.7;-4;-8.1;0.5;0.6;0.5;3.2;1.3;90.22;89;20;69;37;87443;0.05;3.98;0.34;0.4
2013;12;30;364;-1.2;-5.8;-9.9;-4.8;-8.7;-14.2;0;0.9;0.5;3.2;1.3;90.86;162;32;94;58;87966;0.03;0;0.34;0.4
2013;12;31;365;0.2;-7.9;-11.7;-6.6;-14.1;-18.3;0;1.4;0.49;3.2;1.3;90.86;163;33;96;55;87389;0.01;0;0.34;0.4
2014;1;1;1;1.9;-7.2;-12.1;-5.5;-13.7;-19.7;0;1.5;0.49;3.1;1.3;90.86;158;32;77;44;87009;0.02;0;0.34;0.4
2014;1;2;2;-0.9;-4.8;-8;-3.1;-8.2;-13;0.1;1.7;0.49;3.1;1.3;91.53;52;11;64;22;86645;0.02;1.7;0.34;0.4
2014;1;3;3;1.7;-3.7;-8.9;-1.5;-6.7;-11.7;0.1;1.7;0.49;3.1;1.3;92.51;120;21;51;33;87081;0;0;0.34;0.4
2014;1;4;4;1.5;-1.6;-4.7;-0.1;-4;-8.4;-0.1;1.4;0.48;3.1;1.3;93.41;71;16;59;22;86577;0;3.25;0.34;0.4
2014;1;5;5;-0.1;-2.2;-6.3;-0.9;-3.4;-7.8;0.6;0.7;0.49;3.1;1.3;97.39;57;11;61;31;86623;0.06;4.6;0.34;0.4
2014;1;6;6;4.2;-3.5;-9.1;1;-6.3;-10.9;0;1.8;0.49;3.1;1.3;98.86;163;34;77;54;87214;0.02;0;0.34;0.4
2014;1;7;7;7.7;-0.2;-5;3.6;-3.6;-9.2;0;1.4;0.48;3.1;1.3;98.55;157;33;79;44;87603;-0.01;0.18;0.34;0.4
2014;1;8;8;8.3;0.3;-4.4;5.2;-2.2;-8;0;1.3;0.47;3.1;1.3;97.64;145;30;73;38;87886;-0.04;0.01;0.34;0.4
2014;1;9;9;7.1;-0.1;-4.1;2.7;-3.1;-7;0.3;1.5;0.47;3.1;1.3;96.84;149;33;73;42;87312;-0.03;0.15;0.34;0.4
2014;1;10;10;2.1;0.2;-0.8;0.7;-0.8;-2.5;0.4;0.4;0.48;3.1;1.2;100.55;99;19;44;15;87463;0.02;7.94;0.34;0.4
2014;1;11;11;4.9;-0.6;-7.3;2.1;-2.6;-8.6;0.5;1;0.47;3.1;1.2;101.07;150;30;61;39;87492;0.13;0.83;0.34;0.4
2014;1;12;12;2.7;-1.4;-7.5;0.6;-2.7;-11;0;0.4;0.46;3;1.2;101.25;149;32;90;55;87773;0.01;0.55;0.34;0.4
2014;1;13;13;5.1;-2.1;-8.7;-1;-7.3;-15.2;0.1;1;0.46;3;1.2;100.77;182;39;92;52;87102;0.06;0.05;0.34;0.4
2014;1;14;14;-0.2;-0.8;-1.6;-1.2;-2.9;-5.5;0.5;0.2;0.47;3;1.2;104.44;44;8;23;6;86366;0;11.05;0.34;0.4
2014;1;15;15;0.1;-3.1;-7.1;-2.8;-5.5;-9.2;0.3;0.5;0.5;3;1.2;111.72;154;34;94;41;86768;0.29;0.19;0.34;0.4
2014;1;16;16;2.3;-3.2;-7.4;-1.9;-6.6;-10.3;0.1;1.6;0.5;3;1.2;111.57;142;30;55;35;86402;0.19;0.09;0.34;0.4
2014;1;17;17;1.8;-2.6;-6.4;-0.2;-4.6;-8;-0.1;1;0.5;3;1.2;112.65;79;17;64;30;86291;0.03;2.06;0.34;0.39
2014;1;18;18;4;-2.8;-7.6;0;-5.3;-9.7;-0.2;1.6;0.49;3;1.2;113.45;166;34;80;46;86085;0.02;0;0.33;0.39
2014;1;19;19;4.4;-0.3;-3.2;0.8;-3.4;-6;-0.1;1.6;0.49;3;1.2;113.47;129;30;72;43;85732;0.03;0.28;0.33;0.39
2014;1;20;20;2.5;-0.5;-2.6;0.3;-2.4;-5.7;0.6;0.3;0.48;3;1.2;113.88;121;24;43;21;85910;0;4.38;0.33;0.39
2014;1;21;21;-0.2;-1.2;-2.5;-1.3;-1.8;-2.9;0.9;-0.1;0.5;3;1.2;120.26;57;13;35;11;86590;0.11;5.66;0.33;0.39
2014;1;22;22;1.2;-2.1;-5.6;-1.7;-3.4;-6.4;-0.1;0.2;0.49;3;1.2;122.04;162;35;73;50;86766;0.13;0.15;0.33;0.39
2014;1;23;23;1;-3.2;-8.2;-2.8;-6.7;-12.5;0.4;0.6;0.49;3;1.2;122.21;158;34;61;45;86982;0.07;0.55;0.33;0.39
2014;1;24;24;-2.6;-4.2;-5.3;-5.3;-6.5;-7.5;1.1;-0.1;0.5;3;1.2;126.31;113;26;53;24;86859;0.16;6.56;0.33;0.39
2014;1;25;25;-3;-4.9;-7.6;-6.2;-7.7;-9.2;0.6;0.2;0.51;3;1.2;129.48;169;36;80;38;87064;0.18;0.63;0.33;0.39
2014;1;26;26;-2.5;-5.4;-10.2;-5.8;-8.8;-13.6;1.5;0.7;0.52;3;1.2;134.32;103;20;92;32;86475;0.3;6.53;0.33;0.39
2014;1;27;27;-2.1;-4.6;-7.4;-4.6;-7;-10.9;0.5;0.8;0.53;3;1.2;141.95;98;22;41;17;85692;0.09;8.71;0.33;0.39
2014;1;28;28;-2.5;-7.6;-13;-7.8;-11;-15.6;-0.1;0.7;0.53;3;1.2;144.85;147;32;85;46;85685;0.22;0.29;0.33;0.39
2014;1;29;29;-0.4;-9.4;-15.5;-9.4;-15;-19.5;-0.2;1.4;0.53;3;1.2;144.87;207;47;98;57;85597;0.15;0.02;0.33;0.39
2014;1;30;30;0.1;-6.4;-12.4;-4.6;-10.1;-15.7;-0.2;1.4;0.53;3;1.2;145.03;112;27;51;30;86082;0;0.57;0.33;0.39
2014;1;31;31;3.3;-2.3;-6.4;-1.6;-5.5;-9;-0.1;0.8;0.52;3;1.2;146.36;195;46;84;44;86425;0.03;1.05;0.33;0.39
2014;2;1;32;7.5;-1;-7.7;1.3;-4.4;-10.5;0.1;0.7;0.52;3;1.2;146.8;205;48;83;42;86304;0.04;1.53;0.33;0.39
2014;2;2;33;0.2;-1.1;-2.2;-1.2;-2;-2.5;0;-0.6;0.51;3;1.2;150.19;72;16;18;7;86807;0.1;5.09;0.33;0.39
2014;2;3;34;5;-0.5;-4.2;0.3;-2.6;-5.9;-0.5;0.4;0.51;3;1.2;152.94;186;45;82;48;86669;0.12;0.1;0.33;0.39
2014;2;4;35;3.2;-1.6;-5.7;-1;-4.3;-7.6;-0.1;0.4;0.5;3;1.2;152.85;201;45;78;54;86681;0.14;0.06;0.33;0.39
2014;2;5;36;4.4;-1.8;-7.5;-1.4;-5.4;-10.7;0;1.2;0.5;3;1.2;153.04;157;36;64;41;86127;0.05;1.15;0.33;0.39
2014;2;6;37;3.7;-1.2;-6;-1.3;-5;-8;-0.2;1;0.49;3;1.2;154.13;231;55;96;63;86588;0.26;0.22;0.32;0.39
2014;2;7;38;4.8;-0.2;-3.6;0;-3.7;-7.8;0.6;1.2;0.49;3;1.2;154.81;156;35;58;37;86221;0.14;4.58;0.32;0.39
2014;2;8;39;5.7;-0.5;-7.4;-1.1;-4;-8.3;-0.1;1;0.49;3;1.2;157.05;226;49;87;51;85945;0.21;0.37;0.33;0.39
2014;2;9;40;-0.2;-2;-6;-3;-5.5;-10.4;0.7;0.5;0.5;3;1.2;161.52;120;29;89;42;85935;0.33;5.86;0.32;0.39
2014;2;10;41;2.6;-2.5;-6.2;-2.9;-7.4;-11.5;-0.3;1.2;0.5;3;1.2;162.81;98;26;71;31;85506;0.05;0.77;0.32;0.39
2014;2;11;42;2.1;-0.9;-3.4;-2.6;-4.4;-6.7;0.7;0.1;0.51;3;1.2;165.77;196;46;98;44;86274;0.32;2.76;0.32;0.39
2014;2;12;43;0.2;-3.4;-8.1;-3.5;-7;-12.9;0.5;0.6;0.5;3;1.2;166.78;164;38;98;57;86600;0.07;1.12;0.32;0.39
2014;2;13;44;2.6;-2.1;-8.2;-4.3;-8;-13.7;0.5;1.3;0.5;3;1.2;167.66;171;37;59;33;86039;0.22;2.62;0.32;0.39
2014;2;14;45;3.5;-0.9;-4.2;-4.6;-7;-11.3;0.4;0.6;0.51;3;1.2;170.26;250;60;104;51;86639;0.49;0.65;0.32;0.39
2014;2;15;46;10.1;2.3;-3.3;0.6;-3.9;-8.9;0.1;1.2;0.5;3;1.2;169.73;249;60;86;51;86435;0.39;1.04;0.32;0.39
2014;2;16;47;1.8;-0.1;-1.7;-0.5;-1.3;-2.8;0.3;0.3;0.5;3;1.2;172.98;85;16;28;15;87006;0.04;7.86;0.32;0.39
2014;2;17;48;2.1;-0.3;-2.8;-1.7;-2.8;-3.9;-0.4;0.1;0.5;3;1.2;177.25;177;40;71;40;87127;0.31;1.65;0.32;0.39
2014;2;18;49;9.3;1.9;-4.9;0.6;-3.5;-7.1;-0.1;0.8;0.5;3;1.2;176.76;264;63;95;60;87188;0.27;0;0.32;0.39
2014;2;19;50;1.6;-0.1;-1.9;0.8;-1.8;-4.9;0.4;0.5;0.49;3;1.2;178.61;82;17;33;17;87133;-0.02;6.84;0.32;0.39
2014;2;20;51;5.9;0.2;-4.6;-1;-4;-6.8;0.1;0.4;0.49;3;1.2;180.99;259;66;98;62;87053;0.47;0.27;0.33;0.39
2014;2;21;52;3.8;-1;-5;-0.3;-3.5;-7.6;0.5;0.5;0.48;3;1.2;181.65;135;28;68;28;86800;0.07;4.55;0.33;0.39
2014;2;22;53;0.8;-1.3;-3.8;-3.4;-6.4;-8.7;0.6;0;0.49;3;1.2;184.69;182;46;93;50;87251;0.51;1.17;0.33;0.38
2014;2;23;54;3.5;0.2;-3.7;-4.4;-6.5;-8.2;-0.4;0.2;0.48;3;1.2;184.69;289;76;103;66;87699;0.48;0.1;0.32;0.38
2014;2;24;55;6.3;-0.5;-7;-2.8;-7.8;-12.4;0;0.8;0.48;3.1;1.2;184.43;301;81;116;86;87368;0.45;0;0.32;0.38
2014;2;25;56;5.3;-0.2;-5.6;-2.6;-7;-10.9;-0.1;0.5;0.48;3.1;1.3;184.13;293;77;110;71;87150;0.36;0;0.32;0.38
2014;2;26;57;5.9;0.2;-5.5;-2.3;-5.4;-10.2;0.1;0.3;0.47;3.1;1.3;183.43;301;77;102;54;87148;0.41;0.61;0.32;0.38
2014;2;27;58;2.1;-0.3;-2.1;-1.8;-2.6;-4.4;0.4;-0.1;0.48;3.1;1.3;185.8;214;58;77;43;87245;0.26;4.56;0.32;0.38
2014;2;28;59;4.3;-0.3;-4.7;-3.4;-5.5;-8.7;-0.3;0.7;0.49;3.1;1.3;187.72;289;73;104;61;86256;0.5;1.78;0.32;0.38
2014;3;1;60;1.5;-1.1;-4.4;-2.3;-4.4;-8.8;0.3;-0.5;0.48;3.1;1.3;188.24;144;38;55;28;85841;0.18;3.27;0.32;0.38
2014;3;2;61;0.8;-1.1;-2.4;-2;-2.6;-3.6;-0.1;-0.5;0.5;3.1;1.3;192.74;137;30;63;23;85947;0.18;2.89;0.32;0.38
2014;3;3;62;4.3;-0.7;-5.2;-1.2;-3.9;-8.2;0.1;0.1;0.5;3.1;1.3;193.77;293;68;92;46;85329;0.38;4.24;0.32;0.38
2014;3;4;63;1.7;-0.4;-1.6;1.2;-0.8;-1.9;0.5;-0.5;0.5;3.1;1.3;199;156;41;44;17;85849;0;9.78;0.32;0.38
2014;3;5;64;2.5;-0.4;-2.3;0.7;-1.7;-4.3;0.5;-0.5;0.5;3.1;1.3;205.38;236;59;74;33;87149;0.24;10.3;0.33;0.38
2014;3;6;65;2.7;-0.5;-3.3;-2.5;-3.5;-4.5;-0.7;-0.4;0.5;3.1;1.3;209.51;215;58;76;44;88025;0.59;0.78;0.33;0.38
2014;3;7;66;5.7;2.2;-1.4;0.3;-1.8;-4.6;0.2;0;0.48;3.2;1.3;208.85;326;91;100;74;88035;0.4;0;0.33;0.38
2014;3;8;67;5.9;2.4;-2.3;0.2;-2.1;-5.6;-0.6;0.3;0.47;3.2;1.3;207.18;323;92;106;70;88517;0.51;0.01;0.33;0.38
2014;3;9;68;7.8;2.3;-4.7;-0.2;-3.6;-7.7;-0.7;0.3;0.46;3.2;1.3;204.79;348;99;107;80;88434;0.64;0;0.33;0.38
2014;3;10;69;7.2;3.1;-2.2;0.6;-2.3;-6;-0.3;0;0.45;3.2;1.3;201.39;361;102;111;80;87854;0.45;0;0.33;0.38
2014;3;11;70;6.7;2.9;0.3;-0.6;-2.5;-3.8;-0.9;0;0.44;3.2;1.3;198.28;364;103;113;82;88061;0.6;0;0.34;0.38
2014;3;12;71;8.6;3.6;-4.1;1.3;-2.2;-7;-0.4;0.2;0.43;3.2;1.3;194.69;377;109;112;80;88380;0.51;0;0.34;0.38
2014;3;13;72;9.7;3.9;-4.4;3.3;-0.9;-6.5;0.2;0.3;0.42;3.2;1.3;188.95;381;110;102;71;88328;0.41;0;0.34;0.38
2014;3;14;73;10.5;4.6;-2.4;2.5;-0.2;-4.5;0.3;0.3;0.41;3.2;1.3;181.53;392;113;97;69;88138;0.59;0;0.35;0.38
2014;3;15;74;8.1;1.9;-2.1;1.3;-1.4;-4.5;1.9;0.3;0.4;3.2;1.3;175.42;355;74;82;38;87702;0.71;5.82;0.35;0.38
2014;3;16;75;6;3.1;0.1;1.8;0.4;-0.7;2.1;0.8;0.41;3.2;1.3;170.54;115;32;70;22;87768;0.21;1.49;0.36;0.38
2014;3;17;76;10.2;5.2;-2.3;0.8;-1.9;-4.1;1.2;0.4;0.4;3.3;1.3;162.81;411;121;103;73;87815;1.06;0;0.36;0.38
2014;3;18;77;11.3;5.4;-4.2;0.6;-2.6;-6.1;0.8;0.5;0.39;3.3;1.3;154.43;412;120;97;65;87502;0.81;0.57;0.37;0.38
2014;3;19;78;6;3.1;-0.9;1.8;-0.9;-3.7;1.8;-0.1;0.39;3.3;1.3;147.17;291;88;74;41;88069;1.02;2.23;0.38;0.38
2014;3;20;79;15.8;5.2;-4.5;3.7;-1.6;-5.8;-0.1;0.9;0.37;3.3;1.3;139.45;448;134;107;77;87825;1;0;0.38;0.39
2014;3;21;80;12.5;5.9;-3.5;1.7;-2.2;-5.4;0.2;0.4;0.35;3.3;1.3;130.48;457;135;106;72;87284;1.22;0;0.38;0.39
2014;3;22;81;10.3;3.2;-2.5;3.3;0.1;-4.1;0.3;0.4;0.34;3.3;1.3;123.4;418;106;82;40;86588;0.7;11.81;0.38;0.39
2014;3;23;82;-0.3;-1.5;-3.6;-0.4;-2;-4.4;0.5;-0.5;0.49;3.3;1.3;138.16;103;24;24;11;86293;0.39;27.8;0.39;0.39
2014;3;24;83;-0.3;-3.5;-8.6;-4.2;-5.9;-10.2;0.9;0.1;0.52;3.4;1.4;153.6;287;80;74;46;86640;0.76;6.09;0.39;0.39
2014;3;25;84;0.6;-5.4;-13.5;-3.9;-9.2;-15.9;-0.2;0.4;0.51;3.4;1.4;154.67;320;97;98;66;86451;0.67;0.44;0.39;0.39
2014;3;26;85;3.4;-3.5;-12.6;-3.9;-8.5;-15.6;-0.4;0.3;0.51;3.4;1.4;154.16;327;100;90;64;86528;0.77;0.06;0.39;0.39
2014;3;27;86;5;-1.5;-11.3;-2.1;-6.8;-14.4;-0.4;0.4;0.5;3.4;1.4;152.58;356;110;97;69;86638;0.76;0;0.39;0.39
2014;3;28;87;6.7;0.9;-6.9;-0.5;-4.6;-10.7;-0.2;0.4;0.49;3.4;1.4;150.11;389;118;106;71;87194;0.77;0;0.39;0.39
2014;3;29;88;10.7;3.3;-5.9;0.5;-4.1;-9.4;-0.5;0.7;0.47;3.4;1.4;146.52;406;126;113;79;87578;1.04;0;0.39;0.39
2014;3;30;89;13.9;5.6;-4.7;1.5;-3.1;-7.1;0;0.5;0.43;3.4;1.4;142.05;436;135;107;74;87421;1.21;0;0.39;0.39
2014;3;31;90;11.4;5.9;-3.4;2.8;-0.8;-5.4;0.3;0.2;0.39;3.5;1.4;137.61;464;145;103;72;87298;1.2;0;0.39;0.39
2014;4;1;91;11.9;6.4;-1.6;3.5;0.6;-3.3;0;0.3;0.37;3.5;1.4;132.32;472;141;92;60;87126;1.26;0.2;0.39;0.39
2014;4;2;92;14.2;7.5;-1.1;2.8;0;-2.4;0;0.4;0.35;3.5;1.4;125.32;483;151;91;64;86875;1.48;0.2;0.4;0.39
2014;4;3;93;16;7.6;-1;3.8;0;-3.2;-0.3;0.6;0.34;3.5;1.4;117.69;495;145;95;64;86592;1.53;0.35;0.4;0.39
2014;4;4;94;12.9;6.8;-1.6;4;0.8;-3.3;-0.1;0.3;0.33;3.5;1.4;110.58;446;130;87;60;86555;1.28;0.73;0.4;0.39
2014;4;5;95;8.8;5.7;1.7;6.6;4;0;0.9;0.4;0.32;3.5;1.4;103.55;302;89;49;25;87149;0.67;12.92;0.4;0.39
2014;4;6;96;10;6.8;3.6;7.6;5.1;2.4;0.3;0.1;0.32;3.5;1.4;94.11;375;99;62;24;87720;0.72;4.15;0.42;0.4
2014;4;7;97;14.3;8.2;-0.5;5.4;2.4;-1.1;-0.1;0.3;0.32;3.6;1.4;83.83;538;171;97;60;87682;1.56;0;0.42;0.4
2014;4;8;98;9;4.3;0.6;6.8;2.7;-0.1;1.3;0.5;0.31;3.6;1.4;75.54;135;44;49;23;87635;0.6;12.86;0.42;0.4
2014;4;9;99;5.1;2.2;-1.4;1.5;-1;-3;1.3;-0.4;0.32;3.6;1.4;71.88;453;134;77;50;87987;1.42;4.5;0.42;0.4
2014;4;10;100;5.6;3;-0.1;3.7;0.6;-3.3;0.5;0.2;0.31;3.6;1.4;68.71;141;47;52;22;87806;0.45;1.78;0.42;0.41
2014;4;11;101;9.7;5.2;-2.4;3.4;1.6;-3.7;0;-0.2;0.3;3.6;1.4;63.25;488;161;91;64;87473;1.27;0.29;0.42;0.41
2014;4;12;102;9.4;5.3;-0.1;5.3;1.9;-1.9;0.4;0.4;0.28;3.6;1.4;55.86;453;139;72;48;87392;1.21;5.34;0.42;0.41
2014;4;13;103;8.9;5.4;2.6;6.2;3.3;0.7;0.9;0.4;0.27;3.6;1.4;49.06;415;112;76;29;87562;1.11;9.11;0.42;0.41
2014;4;14;104;8;3.5;-1.2;2;0.2;-1.6;2;-0.4;0.26;3.7;1.5;43.98;451;138;77;43;87380;1.83;12.18;0.42;0.42
2014;4;15;105;1.4;-1.3;-3.7;-1.8;-4;-5.6;1.1;-1;0.41;3.7;1.5;50.55;377;120;76;51;87677;1.44;9.05;0.42;0.42
2014;4;16;106;2.8;-0.6;-3.4;-3;-4.9;-6.9;-0.6;-0.7;0.44;3.7;1.5;54.19;339;115;70;48;88047;1.33;1.69;0.41;0.42
2014;4;17;107;6.1;2;-2.7;-2.1;-3.9;-5.2;-0.8;-0.1;0.42;3.7;1.5;52.79;507;170;120;85;87651;1.29;0;0.41;0.42
2014;4;18;108;6.3;0.6;-3.7;1.4;-2.5;-6.3;0.8;0;0.4;3.7;1.5;52.24;283;63;61;26;86842;0.67;11.58;0.41;0.42
2014;4;19;109;7.3;2.8;-1.9;3.7;0.3;-2.2;-1.4;-0.6;0.46;3.7;1.5;57.43;343;118;75;42;86638;0.88;2.04;0.41;0.42
2014;4;20;110;8.4;4.4;-2.3;4.7;2.2;-2.7;-0.4;0;0.38;3.8;1.5;51.27;336;104;65;36;86389;0.7;2.27;0.41;0.42
2014;4;21;111;11.1;4.9;-0.1;6.8;2.6;-1.4;0.2;0.4;0.32;3.8;1.5;45.69;418;115;63;38;86349;1.15;10.63;0.41;0.42
2014;4;22;112;10.3;5.1;-1.4;6.4;3.2;-2;0;0.4;0.28;3.8;1.5;40.8;512;143;74;45;87085;1.41;4.21;0.42;0.42
2014;4;23;113;12.1;6.3;-0.8;6.2;3.2;-1.3;-0.5;0.3;0.26;3.8;1.5;35.64;545;174;88;57;87615;1.77;0.91;0.42;0.42
2014;4;24;114;12.2;7.2;-0.7;5.2;2.3;-1.2;-0.8;0.1;0.24;3.8;1.5;30.44;568;192;97;73;87501;2.13;0.31;0.41;0.42
2014;4;25;115;14.4;8.6;-1.2;5.9;2.6;-2.2;0.2;0.1;0.24;3.8;1.5;24.95;621;197;105;68;86983;2.34;1.45;0.41;0.42
2014;4;26;116;12.4;8.8;4.1;7.1;5.4;2.7;0.2;0.1;0.23;3.9;1.5;19.43;490;137;74;41;86959;1.66;2.17;0.41;0.42
2014;4;27;117;5.9;4.5;3.7;5;3.7;2.5;0.8;0.1;0.23;3.9;1.5;15.4;287;65;37;10;86642;1.34;13.48;0.41;0.42
2014;4;28;118;6.7;4.8;3.2;4.6;3.4;2.1;0.2;-0.7;0.22;3.9;1.5;12.1;257;70;19;8;86746;1.36;6.04;0.41;0.42
2014;4;29;119;8.2;5.8;3.5;5.1;4;2.9;0.5;-0.3;0.2;3.9;1.6;8.73;258;66;36;10;86989;1.06;1.45;0.41;0.42
2014;4;30;120;10.7;6.3;3.5;7.6;4.7;2.8;0.3;-0.1;0.17;3.9;1.6;5.67;449;127;59;27;86814;1.93;13.46;0.41;0.42
2014;5;1;121;12.3;7.1;3.5;6.5;4;2.1;0.2;0.1;0.15;3.9;1.6;3.2;618;168;85;40;86992;2.36;6.18;0.41;0.42
2014;5;2;122;8.5;5.9;2.7;7.5;5.1;2.3;0.4;-0.3;0.13;4;1.6;1.78;330;108;36;19;86936;1.92;12.16;0.41;0.42
2014;5;3;123;4.6;2.2;-0.3;4.6;1.6;-0.5;-0.1;-1.2;0.13;4;1.6;1.35;247;61;15;6;87394;1.68;11.24;0.42;0.42
2014;5;4;124;7;2.8;-1.1;-0.9;-2.4;-3.6;-0.9;-0.9;0.15;4;1.6;2.04;568;195;104;55;87607;2.88;1.96;0.41;0.42
2014;5;5;125;13.2;6.7;-1.1;3.9;-0.3;-3.6;-0.2;0;0.13;4;1.6;1.05;780;270;130;95;87476;3.15;0;0.41;0.42
2014;5;6;126;16.6;9.4;-1.5;6.3;2.4;-2.6;0.3;0.2;0.12;4;1.6;0.32;650;222;112;67;87410;3.24;0.01;0.4;0.42
2014;5;7;127;11.2;7.1;3.7;7.8;4.9;1.5;1.1;0.5;0.12;4;1.6;0.09;305;95;71;34;87391;2.18;11.4;0.4;0.42
2014;5;8;128;13.7;8.4;2.3;5.5;2.7;0.5;1;0.4;0.11;4.1;1.6;0.03;611;221;110;70;87551;3.28;0.28;0.4;0.42
2014;5;9;129;14.2;8.6;4.4;8;5.9;2.4;1.1;0.5;0.11;4.1;1.6;0;566;137;85;36;87572;2.26;5.41;0.39;0.42
2014;5;10;130;15.7;10.3;4.6;7.9;5.8;4.2;0.7;0.2;0.11;4.1;1.6;0;644;209;87;52;87393;3.39;1.96;0.39;0.42
2014;5;11;131;7.8;5.9;2.1;6.7;3.5;-0.2;2;0.2;0.11;4.1;1.6;0;431;109;67;32;86929;2.96;12.95;0.39;0.42
2014;5;12;132;8.1;4.1;0.7;0.8;-0.4;-1.6;1.5;0.3;0.12;4.1;1.6;0.07;731;204;96;55;87189;2.84;2.45;0.39;0.42
2014;5;13;133;6.6;3.2;0.2;3.3;0.9;-1.3;1.2;0;0.12;4.1;1.7;0.48;573;192;73;50;87342;2.87;8.17;0.39;0.42
2014;5;14;134;5.8;1.8;-1.6;3.8;0.5;-2.4;1;-0.1;0.2;4.2;1.7;3.24;574;140;67;38;88056;2.38;20.48;0.4;0.42
2014;5;15;135;5.4;1.7;-2.7;3.7;0.5;-4.2;0.5;-0.6;0.32;4.2;1.7;7.32;434;137;64;33;88323;1.57;13.09;0.4;0.42
2014;5;16;136;7.6;3.7;0.9;4.7;1.8;0.1;0.2;-0.9;0.27;4.2;1.7;5.51;497;146;57;25;88082;2.26;8.86;0.41;0.42
2014;5;17;137;7.9;4.8;2.4;3.3;2.2;1;0.3;-0.4;0.21;4.2;1.7;3.31;434;107;83;22;87673;1.86;4.55;0.41;0.42
2014;5;18;138;12.9;7.9;1.8;6.6;3.3;0.3;0.2;0.1;0.16;4.2;1.7;1.48;666;211;90;60;87262;2.7;0.48;0.41;0.42
2014;5;19;139;16.4;9.9;1;7.8;3.8;-0.1;-0.2;0.7;0.13;4.2;1.7;0.44;742;253;107;79;87056;3.75;0.36;0.4;0.42
2014;5;20;140;18.1;11.3;1.6;9.3;4.1;-0.4;-0.2;0.3;0.12;4.2;1.7;0.08;794;259;122;83;87382;4.09;0;0.4;0.42
2014;5;21;141;21.4;13.4;2.9;12.1;6.6;2;-0.5;0.7;0.12;4.2;1.7;0;797;290;122;89;87363;4.78;0;0.39;0.42
2014;5;22;142;23.3;15.4;6;10.6;7.9;4.2;-0.1;1.1;0.12;4.2;1.7;0;800;279;121;84;87131;4.95;0.08;0.38;0.42
2014;5;23;143;13.7;10.9;8.4;9.5;8.3;7.2;-0.2;-0.5;0.12;4.3;1.7;0;459;152;88;47;87111;2.49;2.71;0.38;0.42
2014;5;24;144;12.2;9.2;4.2;7.3;6;3.3;0.7;-0.3;0.12;4.3;1.7;0;601;186;81;48;87445;2.64;2;0.37;0.42
2014;5;25;145;16.5;12.4;8.2;10.3;8;6.6;-1.1;-0.9;0.12;4.3;1.7;0;616;217;90;49;87642;3.49;1.09;0.37;0.42
2014;5;26;146;14.7;10.2;5.8;10.9;8.2;5.1;0.6;0.2;0.12;4.3;1.7;0;529;163;78;50;87272;2.68;9.02;0.37;0.42
2014;5;27;147;10.2;8;5.7;8.5;6.8;5.1;1.3;0.4;0.12;4.3;1.7;0;350;98;49;25;87099;2.61;16.6;0.38;0.42
2014;5;28;148;11.5;8.3;5.7;7.7;6.1;4.5;0.9;-0.3;0.12;4.3;1.7;0;573;165;64;37;87151;2.93;5.16;0.38;0.42
2014;5;29;149;12;8;4.7;6.7;5.7;3.7;0.6;-0.2;0.12;4.3;1.7;0;530;172;57;34;87306;3.02;8.88;0.38;0.41
2014;5;30;150;8.1;6.3;4.3;6.5;4.9;2.1;-0.3;-0.9;0.12;4.3;1.7;0;363;84;46;15;87579;1.83;7.14;0.39;0.41
2014;5;31;151;11.6;7.8;3;3.6;2;1.4;-1.1;-0.6;0.12;4.3;1.7;0;631;236;92;67;87720;3.27;0.32;0.38;0.41
2014;6;1;152;11.9;8.3;2.5;4.6;2.4;0.8;-0.1;0;0.12;4.3;1.7;0;592;204;90;67;87696;2.94;0.66;0.38;0.41
2014;6;2;153;13.5;8.7;1.8;7.3;3.9;0.4;0.1;0;0.12;4.3;1.7;0;645;242;104;76;87586;3.35;1.25;0.37;0.41
2014;6;3;154;13;8.2;2.6;8.8;5.9;2.3;0.2;0.2;0.12;4.4;1.8;0;668;213;85;58;87401;3.17;4.27;0.37;0.41
2014;6;4;155;15.5;9.6;2;8.2;5.4;1.4;0.3;0.2;0.12;4.4;1.8;0;676;208;113;52;87046;3.53;9.44;0.37;0.41
2014;6;5;156;12.6;9.7;6.2;6.6;5.5;4.5;0;-0.3;0.12;4.4;1.8;0;432;172;84;49;87477;2.91;1.52;0.37;0.41
2014;6;6;157;20.2;13.4;3.4;11.1;7.2;2.3;-0.3;0.1;0.12;4.4;1.8;0;809;287;124;85;87735;4.62;0.03;0.37;0.41
2014;6;7;158;22.5;15.8;5.9;14;8.9;4.7;0;0.3;0.12;4.4;1.8;0;765;281;115;82;87887;4.93;0.04;0.36;0.41
2014;6;8;159;25.1;17.4;7.2;16.8;9.8;5.7;-0.1;0.5;0.12;4.4;1.8;0;809;295;130;92;88106;5.36;0;0.36;0.41
2014;6;9;160;26.3;18.2;7.9;14.6;9.7;6.4;-0.2;0.5;0.12;4.4;1.8;0;800;294;131;94;88040;5.57;0.04;0.35;0.41
2014;6;10;161;24.2;17.8;8.8;13.1;9.1;6.4;0.1;0.5;0.12;4.4;1.8;0;744;272;120;86;88039;5.12;0.42;0.34;0.41
2014;6;11;162;21.9;15.8;9;14.9;11.8;7.3;0.3;0.4;0.12;4.4;1.8;0;751;229;104;65;88298;3.71;2.22;0.34;0.41
2014;6;12;163;20.9;15.7;10;14.8;12.5;8.8;-0.1;0.1;0.12;4.4;1.8;0;670;224;99;63;88308;3.67;4.76;0.34;0.41
2014;6;13;164;18.1;14;9;13.3;11.3;9;0.4;-0.1;0.12;4.4;1.8;0;546;214;86;58;87888;3.68;7.32;0.34;0.41
2014;6;14;165;14.2;11.3;9.1;8.5;7.1;5.3;0.1;-1.1;0.12;4.4;1.8;0;609;194;74;49;87575;3.53;3.57;0.34;0.41
2014;6;15;166;14.1;10.7;7.8;6.4;5;4;-1.3;-1.1;0.12;4.5;1.8;0;604;203;87;56;87624;3.73;0.61;0.34;0.41
2014;6;16;167;13.8;10.8;6.5;6.2;4.9;4.2;-0.7;-0.6;0.12;4.5;1.8;0;605;211;106;66;87601;3.22;0.37;0.33;0.41
2014;6;17;168;14.2;10.9;7.2;7;5.3;3.7;-0.8;-0.6;0.12;4.5;1.8;0;661;224;95;70;87574;3.26;0.92;0.33;0.41
2014;6;18;169;16.2;11.9;6.7;9.2;5.8;4.2;-0.8;-0.4;0.12;4.5;1.8;0;702;255;103;77;87643;3.78;1.87;0.33;0.41
2014;6;19;170;15.6;10.8;4.2;10;6.8;3.4;0.8;0.3;0.12;4.5;1.8;0;662;228;98;66;87640;3.61;7.2;0.32;0.4
2014;6;20;171;11.3;8.4;5.4;8.6;7.4;5.1;0.6;0;0.12;4.5;1.8;0;430;120;54;30;87581;2.97;13;0.33;0.4
2014;6;21;172;14.4;10.8;6;7.4;6.4;5.8;0.3;-0.5;0.12;4.5;1.8;0;436;174;94;46;87667;3.05;0.2;0.33;0.4
2014;6;22;173;18.8;14;6.4;11.8;7.9;4.7;0.7;-0.4;0.12;4.5;1.8;0;727;276;109;80;87841;4.24;0.27;0.33;0.4
2014;6;23;174;19.2;14.2;9.9;12.8;9.9;6.8;-0.2;-0.1;0.12;4.5;1.8;0;705;236;98;59;87854;3.9;6.94;0.33;0.4
2014;6;24;175;12.8;11.1;9.1;11.1;9.9;8.4;0.1;0.2;0.12;4.5;1.8;0;347;78;50;27;87533;1.9;18.02;0.34;0.4
2014;6;25;176;14.9;10.1;6.5;9.4;7.9;6.3;0.6;-0.1;0.12;4.5;1.8;0;630;212;81;50;87127;3.7;14.18;0.34;0.4
2014;6;26;177;15.4;10.8;4.1;9.6;6.5;4.1;0.1;-0.1;0.12;4.5;1.8;0;648;206;84;55;87356;3.58;0.02;0.35;0.4
2014;6;27;178;16.9;12.6;6.5;11.7;7.7;5.2;0.5;0.4;0.12;4.5;1.8;0;584;225;87;63;87637;3.71;0.65;0.34;0.4
2014;6;28;179;20.2;14.5;8.4;14.6;10.2;6.6;-0.2;0.5;0.12;4.5;1.8;0;708;230;90;63;87433;3.92;1.62;0.34;0.4
2014;6;29;180;12.2;9.8;6;11.9;9.1;5.5;0.6;0.7;0.12;4.5;1.8;0;179;46;48;23;87124;1.97;28.47;0.35;0.4
2014;6;30;181;11.9;8.6;5.5;7.7;6.1;4.4;1.3;0;0.12;4.5;1.9;0;554;175;79;42;87485;3.96;10.46;0.37;0.4
2014;7;1;182;15.9;11;4.5;9.9;6.3;3.5;-0.3;0;0.12;4.6;1.9;0;765;258;111;73;87693;4.07;1.01;0.37;0.4
2014;7;2;183;12;9.5;5.4;10.8;8.6;5.4;0.2;0.3;0.12;4.6;1.9;0;251;78;62;34;87934;1.62;12.45;0.37;0.4
2014;7;3;184;18.8;12.1;1.7;11.8;6.9;1.5;-0.2;0.2;0.12;4.6;1.9;0;820;302;124;90;88338;5.02;0;0.37;0.4
2014;7;4;185;25.2;16.8;6;18.3;11.3;5.2;-0.3;0.8;0.12;4.6;1.9;0;808;262;114;79;87520;4.7;10.5;0.37;0.4
2014;7;5;186;17.4;14;8.4;12.8;10.6;8.1;0.8;0.4;0.12;4.6;1.9;0;549;199;73;57;87389;3.76;2.83;0.37;0.4
2014;7;6;187;22.8;16.5;8.7;16.6;11.8;8.3;-0.4;0.4;0.12;4.6;1.9;0;717;264;98;72;87421;4.71;0.59;0.37;0.4
2014;7;7;188;19.5;15.4;11.5;14.2;12.5;10.4;-0.5;0.3;0.12;4.6;1.9;0;565;174;68;45;87511;3.17;1.83;0.36;0.4
2014;7;8;189;13.2;10;6.7;11.6;9.2;6.4;1.5;0.5;0.11;4.6;1.9;0;192;59;64;22;87040;2.55;16.65;0.37;0.4
2014;7;9;190;9.6;7.7;6.2;7.3;6.1;4.7;1.5;0.3;0.11;4.6;1.9;0;344;107;51;21;86952;3.27;12.65;0.38;0.4
2014;7;10;191;11;8.4;5.1;6.9;5.6;4.3;1.2;0;0.11;4.6;1.9;0;371;107;62;23;86954;2.19;3.89;0.38;0.4
2014;7;11;192;14.2;10.5;8;11.1;9.4;6.8;0.8;0.2;0.11;4.6;1.9;0;466;113;70;24;87198;2.72;18.01;0.39;0.4
2014;7;12;193;15.8;11.4;6.8;12.1;9.8;6.4;0.7;0.2;0.11;4.6;1.9;0;546;172;78;41;87299;3.19;12.38;0.4;0.4
2014;7;13;194;17;12.1;7.3;12.2;10.1;7.3;0.5;0.3;0.11;4.6;1.9;0;666;202;76;50;87276;3.37;4.85;0.4;0.4
2014;7;14;195;16.8;12.8;7.8;11.7;9.4;7.3;0.6;0;0.11;4.6;1.9;0;628;210;82;52;87550;3.68;4.49;0.4;0.4
2014;7;15;196;17.7;13.8;9.4;12.3;10.2;8.9;0;-0.2;0.11;4.6;1.9;0;630;196;78;49;88067;3.42;1.53;0.4;0.4
2014;7;16;197;19.9;15.3;8.9;14.7;11.1;8.1;-0.2;0;0.11;4.6;1.9;0;754;244;96;67;88166;4.04;0.82;0.39;0.4
2014;7;17;198;19.3;15.4;9.3;14.6;11.1;8.4;0.1;0;0.11;4.6;1.9;0;682;238;98;73;88197;3.97;0.51;0.39;0.4
2014;7;18;199;21.8;16.1;8.1;13.9;10;6.9;-0.2;0.4;0.11;4.6;1.9;0;781;289;119;90;88055;5.13;0;0.38;0.4
2014;7;19;200;25.6;18.2;8.1;18.3;12.3;7.2;-0.2;0.5;0.11;4.6;1.9;0;811;296;126;91;87708;5.36;0;0.38;0.4
2014;7;20;201;25.2;18;12.7;18;14.5;11;0.1;0.6;0.11;4.6;1.9;0;722;216;102;62;87351;3.92;6.43;0.37;0.4
2014;7;21;202;14.4;12.4;10.8;14;12.1;10.5;1.1;0.2;0.11;4.6;1.9;0;107;43;48;16;87254;1.78;36.76;0.38;0.4
2014;7;22;203;15.4;12.8;10.3;14.1;12;9.8;0.8;0.1;0.11;4.6;1.9;0;247;73;28;12;87325;2.13;31.32;0.41;0.4
2014;7;23;204;18.7;14.5;10.1;13.9;11.7;9.9;-0.8;-0.2;0.11;4.6;1.9;0;649;203;87;54;87524;3.47;0.85;0.42;0.4
2014;7;24;205;18.2;14.3;7.9;11.3;9.3;7.7;-0.4;-0.1;0.11;4.6;1.9;0;584;219;94;69;87317;3.88;0.19;0.41;0.4
2014;7;25;206;18.7;14.4;7.8;13.3;9.3;6.4;0.1;0.3;0.11;4.6;1.9;0;676;246;102;74;87436;4.07;0.65;0.4;0.4
2014;7;26;207;16.5;12.7;9.4;13.6;11.5;8.7;0.6;0.2;0.11;4.6;1.9;0;410;109;46;29;87356;2.22;30.7;0.4;0.4
2014;7;27;208;14.4;12.5;10.5;12.3;11.6;10.1;1;0.5;0.11;4.6;1.9;0;197;58;46;10;87594;1.76;16.84;0.43;0.4
2014;7;28;209;19.6;15;11.7;15;13;10.6;-0.1;0;0.11;4.6;1.9;0;638;193;79;43;87273;3.21;6.12;0.42;0.4
2014;7;29;210;15.1;13.2;11.4;13;12.2;11.1;0.7;-0.4;0.11;4.6;1.9;0;273;88;43;16;86974;2.4;13.76;0.43;0.41
2014;7;30;211;13.8;12.5;11.9;13.4;12.2;11.3;1.1;0.1;0.11;4.6;1.9;0;169;44;18;8;87113;1.42;26.74;0.43;0.41
2014;7;31;212;15.8;13.3;10.4;14.2;12.5;10.4;0;-0.3;0.11;4.5;1.9;0;435;100;60;24;87503;2.04;28.81;0.43;0.42
2014;8;1;213;18.8;14;8.4;14;11.5;8.3;-0.5;0.2;0.11;4.5;1.9;0;550;175;78;46;87274;2.82;0.51;0.42;0.42
2014;8;2;214;20;14.3;9.5;15.7;12.6;8.9;0.2;0.6;0.11;4.5;1.9;0;643;179;81;52;87135;2.98;10.22;0.41;0.42
2014;8;3;215;18.3;13.7;8.6;14.7;12.2;8.3;0.3;0.2;0.11;4.5;1.9;0;533;179;70;45;87362;3.18;18.34;0.42;0.42
2014;8;4;216;18.4;13.8;7.8;13.1;10.7;7.7;0.5;0.2;0.11;4.5;1.8;0;719;226;99;61;87690;3.84;3.89;0.42;0.42
2014;8;5;217;15.9;12.4;8.5;12.4;10.8;8.2;0.6;0;0.11;4.5;1.8;0;516;169;70;44;87854;3.24;9.41;0.42;0.42
2014;8;6;218;18.5;13.2;7.2;10;8.4;6.7;-0.1;0.1;0.11;4.5;1.8;0;743;244;113;65;87745;4.29;0.14;0.41;0.42
2014;8;7;219;17.8;13.3;9;13.1;10.8;8.9;0.3;0.4;0.11;4.5;1.8;0;692;188;97;52;87648;3.2;9.08;0.41;0.42
2014;8;8;220;19.8;14.5;7.8;14;10.5;7.1;-0.3;0.5;0.11;4.5;1.8;0;739;225;103;69;87535;3.8;0.03;0.41;0.42
2014;8;9;221;18.6;14.1;9.7;14.6;12;8.7;0.1;0.8;0.11;4.5;1.8;0;496;147;84;54;87547;2.62;8.9;0.4;0.42
2014;8;10;222;24;16.3;8;17.1;12.3;7.4;0;0.9;0.11;4.5;1.8;0;712;222;103;65;87383;4.02;0.43;0.4;0.42
2014;8;11;223;15.4;14;11.6;14;12.7;11;0.2;0;0.11;4.5;1.8;0;257;69;32;21;87564;1.85;12.42;0.4;0.42
2014;8;12;224;15.7;12.8;10.6;10.7;9.3;7.8;-0.2;-0.4;0.11;4.5;1.8;0;415;134;62;35;87513;2.86;2.61;0.4;0.42
2014;8;13;225;13.7;11.3;9.1;13.4;10.3;6.4;0.4;0.2;0.11;4.5;1.8;0;161;40;33;21;86904;1.65;30.26;0.41;0.42
2014;8;14;226;11.9;9.8;8;9.1;7.1;5.7;0.7;0.1;0.11;4.5;1.8;0;325;127;78;44;87371;2.79;4.92;0.41;0.42
2014;8;15;227;11.3;8.6;5.5;7.6;5.5;4.2;1.1;0.5;0.11;4.5;1.8;0;390;135;79;53;87458;2.73;5.89;0.41;0.42
2014;8;16;228;11.6;8.1;5.4;7.6;5.5;3.7;1.3;0.1;0.11;4.5;1.8;0;539;148;82;48;87817;2.74;7.01;0.41;0.42
2014;8;17;229;16.5;10.3;3.2;7.4;5.3;2.3;0.5;0.3;0.11;4.4;1.8;0;758;248;118;81;87631;3.75;0;0.41;0.42
2014;8;18;230;16.9;11.6;5.2;10.1;7.8;4.5;0.5;0;0.11;4.4;1.8;0;634;192;88;55;87243;3.06;2.21;0.4;0.42
2014;8;19;231;14.7;11.6;8.7;12;9.9;8.2;0.2;-0.3;0.11;4.4;1.8;0;433;127;78;33;87305;2.49;7.19;0.4;0.42
2014;8;20;232;10.5;9;8.4;8.6;7.9;7.1;-0.4;-0.4;0.11;4.4;1.8;0;108;29;25;11;87520;1.29;6.33;0.4;0.42
2014;8;21;233;12.3;9.4;6.1;7.7;6.2;5.2;0;-0.2;0.11;4.4;1.8;0;516;155;71;46;87609;2.61;2.69;0.4;0.42
2014;8;22;234;13.6;10.5;6.4;8.2;6.7;4.7;0.4;0;0.11;4.4;1.8;0;433;135;65;45;87510;2.13;0.74;0.4;0.42
2014;8;23;235;12.1;9.5;5.9;9.6;7.9;5.1;0.6;0.3;0.11;4.4;1.8;0;303;89;58;30;87499;2.03;8.23;0.39;0.42
2014;8;24;236;11;7.8;5.2;5.7;3.6;1.7;1.1;-0.2;0.11;4.4;1.8;0;565;149;82;46;87767;2.94;6.15;0.4;0.42
2014;8;25;237;15;10;3.9;8.6;5.2;2;-0.1;0.1;0.11;4.4;1.8;0;694;210;108;62;87554;3.07;2.1;0.39;0.42
2014;8;26;238;14.7;11.4;8.6;13.1;10.2;7.5;0.5;0.6;0.11;4.4;1.8;0;294;71;54;23;86950;1.44;7.96;0.39;0.42
2014;8;27;239;12.6;10;6.7;10.5;8.9;6.5;0.8;0.2;0.11;4.4;1.8;0;405;120;69;40;87457;2.81;11.83;0.4;0.42
2014;8;28;240;17.2;11.4;4.6;10.6;8.1;4.5;0.1;0.2;0.11;4.4;1.8;0;628;176;100;56;87776;2.92;0.07;0.4;0.42
2014;8;29;241;17.8;13;7;13.7;10.3;6.1;0.3;0.6;0.11;4.3;1.8;0;429;141;79;49;87812;2.24;1.84;0.39;0.42
2014;8;30;242;15.2;12.1;9.6;13.2;11.4;9.2;0.3;0.3;0.1;4.3;1.8;0;291;85;52;27;87850;1.62;11.18;0.4;0.42
2014;8;31;243;13.9;9.5;6.4;11.5;8.7;6;0.8;0.4;0.1;4.3;1.8;0;329;79;54;27;87504;2.19;19.64;0.4;0.42
2014;9;1;244;10;7.6;5.5;8.6;6.5;5.4;0.7;-0.4;0.1;4.3;1.8;0;355;96;31;18;87696;2.36;11.5;0.41;0.42
2014;9;2;245;11.8;8.6;5.8;6.9;5.8;5;0;-0.3;0.1;4.3;1.7;0;415;132;60;36;87827;2.28;1.81;0.41;0.42
2014;9;3;246;14.9;10.6;6.9;10;8.6;6.5;-1.2;-0.4;0.1;4.3;1.7;0;466;123;52;30;87710;2.15;4.04;0.41;0.42
2014;9;4;247;17.8;12.8;6.8;13.7;10.4;6.7;-0.3;0;0.1;4.3;1.7;0;507;145;68;45;87601;2.12;1.53;0.41;0.42
2014;9;5;248;17.5;11.8;6.9;13.2;10.5;6.7;0.3;0.5;0.1;4.3;1.7;0;542;125;70;36;87533;2.11;8.85;0.4;0.42
2014;9;6;249;17.5;12;6.5;12.7;10.4;6.4;0.2;0.4;0.1;4.3;1.7;0;564;150;71;43;87430;2.42;2.47;0.4;0.42
2014;9;7;250;18.1;12.3;6.4;12.9;9.6;6.2;0.2;0.4;0.1;4.3;1.7;0;590;176;97;55;87512;2.85;0.75;0.4;0.42
2014;9;8;251;19.4;13.3;6.1;14.5;9.8;5.6;0.2;0.5;0.1;4.3;1.7;0;639;185;104;67;87679;2.9;0.95;0.4;0.42
2014;9;9;252;17;12.2;8.2;13.7;10.7;7.2;0.3;0.2;0.1;4.3;1.7;0;468;134;71;46;87706;2.25;10.82;0.39;0.42
2014;9;10;253;15.2;11.2;8.9;12.3;10.1;8.4;0;-0.2;0.1;4.2;1.7;0;507;139;66;36;87491;2.75;10.61;0.4;0.42
2014;9;11;254;10.4;8.4;6;8.9;7.2;4.7;0.5;-0.5;0.1;4.2;1.7;0;388;103;67;33;87340;2.46;12.01;0.41;0.42
2014;9;12;255;8.6;6.8;4.5;6.8;5.4;4;1.3;0.3;0.1;4.2;1.7;0;229;65;66;20;87437;2.2;6.12;0.41;0.42
2014;9;13;256;11.1;8.9;7;8.4;7.4;6;0.6;-0.1;0.1;4.2;1.7;0;343;81;48;18;87790;1.82;4.87;0.41;0.41
2014;9;14;257;13.9;10.9;8.5;9.8;8.5;7.1;0;-0.2;0.1;4.2;1.7;0;389;108;63;31;87677;1.82;0.59;0.41;0.41
2014;9;15;258;16.2;11.5;7.2;11.3;9.2;7.2;-0.3;0.1;0.1;4.2;1.7;0;486;144;81;55;87554;1.98;0.56;0.4;0.41
2014;9;16;259;16.8;11.1;5.2;10.9;8.1;4.8;-0.2;0.3;0.1;4.2;1.7;0;497;154;93;58;87527;2.33;0.24;0.4;0.41
2014;9;17;260;18.4;11.8;5.6;11.9;8.3;4.4;-0.2;0.6;0.1;4.2;1.7;0;562;167;99;68;87376;2.52;0.04;0.39;0.41
2014;9;18;261;18.5;12.6;6.5;12.6;9.2;5.1;0;0.7;0.1;4.1;1.7;0;554;151;95;59;87400;2.31;0.81;0.39;0.41
2014;9;19;262;19.4;12.8;6.9;14.5;9.9;5.6;0;0.8;0.1;4.1;1.7;0;589;163;97;62;87579;2.51;6.66;0.39;0.41
2014;9;20;263;17.6;11.7;7.2;12;9.6;6.7;0.5;0.7;0.1;4.1;1.7;0;477;135;84;54;87650;2.28;2.45;0.39;0.41
2014;9;21;264;15.8;10.8;6.8;9.6;8;5.6;1.3;0.3;0.1;4.1;1.6;0;480;134;84;49;87535;2.32;12.57;0.39;0.41
2014;9;22;265;9.3;6.1;3.3;7;4.9;2.8;1.5;-0.4;0.1;4.1;1.6;0;451;113;79;34;87612;2.71;15.95;0.4;0.41
2014;9;23;266;11.5;6.6;2;3.7;2.3;1.2;-0.1;-0.2;0.1;4;1.6;0;619;178;129;86;87699;2.52;0.04;0.4;0.41
2014;9;24;267;15.5;8.7;0.4;8.2;4.4;-0.7;0.5;0.2;0.1;4;1.6;0;595;165;112;66;87335;2.33;6.66;0.4;0.41
2014;9;25;268;9.8;7.6;5.6;7.2;5.4;4.3;1.1;-0.2;0.09;4;1.6;0;419;114;77;45;87765;2.05;9.53;0.4;0.41
2014;9;26;269;11.2;8;3.2;7.5;5.2;2.7;0.3;0.3;0.09;4;1.6;0;202;49;65;30;88270;0.84;0.24;0.4;0.41
2014;9;27;270;15.8;11.3;6;10.1;8.1;6;-0.6;-0.2;0.09;4;1.6;0;537;151;97;58;88502;1.87;0;0.4;0.41
2014;9;28;271;19;11.7;4.3;13;9.2;3.8;0;0.3;0.09;4;1.6;0;586;161;112;64;88431;2.07;0;0.39;0.41
2014;9;29;272;18.4;12.8;7.2;12.5;9.8;6.6;0.2;0.3;0.09;3.9;1.6;0;567;159;112;63;88437;2.13;0.14;0.39;0.41
2014;9;30;273;16.9;12;8.2;12.2;10;7.2;0.2;0.1;0.09;3.9;1.6;0;465;107;81;35;88443;1.7;10.51;0.39;0.41
2014;10;1;274;13.3;10.6;7.3;12.2;10.1;7.2;0.4;0;0.09;3.9;1.6;0;271;72;53;22;88439;1.63;11.73;0.4;0.41
2014;10;2;275;13.9;9.3;4.8;8.6;7.1;4.3;-0.6;0.2;0.09;3.9;1.6;0;351;106;84;53;88505;1.73;0.28;0.4;0.41
2014;10;3;276;14.2;8.6;3.8;7.3;5.9;3.6;-0.6;0;0.09;3.9;1.6;0;572;148;114;66;88184;1.81;0;0.39;0.41
2014;10;4;277;14.5;8.3;1.8;8.4;5.5;1.7;0;0.3;0.09;3.8;1.5;0;510;134;99;65;87674;1.67;0.03;0.39;0.41
2014;10;5;278;13.3;8.4;4.3;9;6.4;3.4;-0.1;0.4;0.09;3.8;1.5;0;396;105;78;53;87471;1.37;3.09;0.39;0.41
2014;10;6;279;14.4;8.5;3.6;8;5.3;2.5;-0.2;0.4;0.09;3.8;1.5;0;487;131;102;69;87198;1.9;0.04;0.39;0.41
2014;10;7;280;17;10.3;3.9;10.2;5.6;2.6;0;1;0.09;3.8;1.5;0;489;134;97;59;87136;2.01;0.22;0.38;0.41
2014;10;8;281;17.9;11.6;6.7;12.2;8.2;5.4;-0.4;1.2;0.09;3.8;1.5;0;452;118;97;58;87280;1.56;0.03;0.38;0.41
2014;10;9;282;19.4;12.6;7.7;11.7;7.5;4.7;-0.1;1.4;0.09;3.7;1.5;0;530;145;118;73;87267;2.18;0;0.37;0.41
2014;10;10;283;16.4;11.2;6.7;11.5;8.5;5.3;-0.5;0.4;0.09;3.7;1.5;0;456;115;84;58;87524;1.4;0.09;0.37;0.41
2014;10;11;284;14.3;9.9;6.5;11.6;8.5;5.7;-0.1;0.6;0.09;3.7;1.5;0;284;66;59;36;87459;0.92;4.67;0.37;0.41
2014;10;12;285;17.4;10;3.8;10.8;7.4;3.6;-0.3;0.8;0.09;3.7;1.5;0;471;125;102;65;87302;1.77;0;0.37;0.41
2014;10;13;286;15.4;10.1;6.2;11.9;8.5;5.2;0;0.6;0.09;3.7;1.5;0;295;62;64;39;87000;0.78;7.33;0.37;0.41
2014;10;14;287;14.5;9.7;5.8;8.6;7.3;5.1;0;0.3;0.09;3.6;1.5;0;457;110;95;55;87054;1.71;5.52;0.37;0.41
2014;10;15;288;13.6;9.6;6.1;8.3;6.8;5.3;0.4;0.5;0.09;3.6;1.5;0;434;109;95;44;86948;1.54;5.45;0.37;0.41
2014;10;16;289;15.1;10.8;7.4;9.8;8.3;6.9;0.3;0.6;0.09;3.6;1.5;0;353;83;67;37;87119;1.37;2.04;0.38;0.41
2014;10;17;290;10.4;8.7;4.5;9.3;8;4.4;0.4;0.2;0.09;3.6;1.4;0;221;36;67;26;87510;0.93;5.8;0.38;0.41
2014;10;18;291;17.2;9;2.5;10.5;5.5;1.3;-0.1;1;0.08;3.6;1.4;0;488;127;118;72;88147;1.77;0;0.38;0.41
2014;10;19;292;18.9;10;2.6;12.3;6.2;1.9;0.2;1.2;0.08;3.6;1.4;0;477;127;118;79;88205;1.62;0;0.37;0.41
2014;10;20;293;17.1;10.9;4.8;10.2;7.2;2.9;0.6;0.6;0.08;3.6;1.4;0;451;104;94;50;87889;1.39;6.39;0.37;0.41
2014;10;21;294;12.1;8.7;1.2;10;7.2;-0.4;1.4;0.4;0.08;3.6;1.4;0.06;259;52;89;32;87152;1.59;15.97;0.38;0.41
2014;10;22;295;1.1;-0.3;-1;0;-0.9;-1.7;2.6;0;0.25;3.6;1.4;6.2;111;25;62;24;87203;1.22;29.5;0.39;0.41
2014;10;23;296;0.8;0;-0.6;-0.3;-0.4;-0.8;1.6;0.1;0.53;3.5;1.4;41.78;38;8;5;3;87754;0.13;32.81;0.39;0.41
2014;10;24;297;4;2.2;-2.7;2;0.6;-2.9;-0.6;0.1;0.5;3.5;1.4;45.8;195;49;68;36;87766;0.17;0.08;0.4;0.41
2014;10;25;298;8.6;2.2;-6.2;4;-0.5;-7.7;0.1;0.7;0.48;3.5;1.4;41.53;209;49;66;31;87786;0.18;0.86;0.4;0.41
2014;10;26;299;8.6;4.3;-2.3;5.4;2.5;-2.7;-0.3;0.5;0.45;3.5;1.4;33.58;229;56;86;39;88215;0.14;0.08;0.4;0.41
2014;10;27;300;9.5;2.7;-3.8;3.1;-0.4;-4.6;-0.3;0.5;0.41;3.5;1.4;27.77;274;68;99;62;88076;0.44;0;0.41;0.41
2014;10;28;301;9.3;2.1;-3.5;3.7;-1.1;-5.6;0.1;0.7;0.38;3.5;1.4;23.77;293;72;100;61;87671;0.42;0;0.41;0.41
2014;10;29;302;7.4;1.7;-4.4;3.3;-0.9;-6.3;0.5;0.8;0.35;3.5;1.4;20.06;216;53;74;44;87626;0.35;0.05;0.41;0.41
2014;10;30;303;7.9;2.9;-2.9;4.3;0.1;-4.6;0.2;0.9;0.31;3.5;1.4;16.86;173;41;50;31;88120;0.33;0.04;0.41;0.41
2014;10;31;304;12.2;4.6;-2.2;6.7;1.6;-3.3;0;1;0.28;3.5;1.4;13.48;321;80;87;57;88300;0.57;0;0.41;0.41
2014;11;1;305;13.4;5.1;-1;7.5;2.2;-2;0.2;1;0.25;3.5;1.4;10;337;83;98;62;88106;0.63;0;0.41;0.41
2014;11;2;306;12.9;4.6;-1.6;7.8;2;-2.7;0;1.2;0.22;3.5;1.4;6.88;332;82;92;61;87713;0.67;0;0.41;0.41
2014;11;3;307;11.5;4.3;-0.8;4;0.6;-1.8;-0.2;1.7;0.17;3.4;1.4;4.6;357;89;107;72;86898;0.87;0;0.4;0.41
2014;11;4;308;12.3;5.5;0.1;3.9;1.2;-1.6;-0.6;1.4;0.14;3.4;1.4;3.18;385;91;109;68;85818;0.94;0.34;0.4;0.41
2014;11;5;309;5.7;2.7;0.2;5;2;-0.1;0.4;-0.3;0.15;3.4;1.4;3.4;166;29;51;14;86054;0.69;20.83;0.4;0.41
2014;11;6;310;1.5;0.7;-0.1;0.8;0.3;-0.1;-0.1;-0.2;0.4;3.4;1.4;13.01;82;18;50;15;86865;0.27;8.48;0.41;0.41
2014;11;7;311;7.4;3;-2.1;6.1;2;-3;0.1;0.6;0.39;3.4;1.4;12.52;134;29;56;19;86840;0.11;0.72;0.41;0.41
2014;11;8;312;6.6;3.5;0.3;4;1.7;-1.7;-0.4;0.6;0.33;3.4;1.4;9.72;211;47;88;42;87105;0.39;0.29;0.41;0.41
2014;11;9;313;11.6;4.7;0.1;5.6;1.5;-2.4;-0.2;1.1;0.28;3.4;1.4;7.29;289;68;95;50;86812;0.51;0;0.41;0.41
2014;11;10;314;8;4.7;2.7;4.6;2.4;0.1;-0.1;0.5;0.22;3.4;1.4;5.27;185;42;58;33;87021;0.31;0.81;0.41;0.41
2014;11;11;315;12.8;6.2;2.6;6.4;3.3;1;-0.4;1.5;0.17;3.4;1.4;3.67;328;70;93;44;86697;0.77;0;0.41;0.41
2014;11;12;316;11.5;6.4;3.6;5.6;3.9;1.7;0.3;0.3;0.14;3.4;1.4;2.33;318;69;96;42;86397;0.59;0.52;0.41;0.41
2014;11;13;317;6.9;4.9;0.5;4.7;4.1;0.4;0.1;-0.2;0.11;3.3;1.4;1.36;128;24;72;17;86976;0.53;1.91;0.41;0.41
2014;11;14;318;11.6;4.5;-0.2;6;1.9;-1.3;-0.1;1.1;0.1;3.3;1.3;0.91;347;79;109;62;86810;0.75;0;0.4;0.41
2014;11;15;319;10;5.1;1.9;4.8;2.5;-0.1;-0.1;0.6;0.09;3.3;1.3;0.63;264;59;77;47;86209;0.48;2.07;0.4;0.41
2014;11;16;320;4.9;2.2;-1.7;3.3;1.4;-2.7;0.3;0.5;0.1;3.3;1.3;0.73;167;41;71;42;86195;0.78;3.66;0.4;0.41
2014;11;17;321;5.6;1.3;-2.2;2.2;-0.6;-3.5;0.2;0.5;0.09;3.3;1.3;0.72;212;46;71;49;86237;0.44;0.98;0.4;0.41
2014;11;18;322;1.8;0.2;-1.3;1;-0.5;-2.9;1.3;0.4;0.28;3.3;1.3;7.68;65;14;58;15;86458;0.39;14.13;0.4;0.41
2014;11;19;323;2.8;0.5;-1.7;1;-0.6;-2.8;0.6;0.3;0.34;3.3;1.3;9.48;109;24;70;25;87474;0.36;1.78;0.4;0.41
2014;11;20;324;5.2;1.2;-2.1;1.2;-1.1;-4.5;-0.3;0.3;0.31;3.3;1.3;8.63;230;52;95;53;87961;0.38;0;0.4;0.41
2014;11;21;325;7.2;2.6;-1.4;2.4;-0.4;-3.3;-0.1;0.7;0.28;3.3;1.3;7.34;164;33;46;24;87788;0.25;0.01;0.4;0.41
2014;11;22;326;10.7;3.5;-1.4;5.8;0.9;-2.7;0;1;0.23;3.3;1.3;5.72;240;52;88;46;87831;0.31;0;0.4;0.41
2014;11;23;327;11.6;2.9;-2.5;7.4;0.5;-3.5;0.1;1.3;0.19;3.3;1.3;4.2;280;62;100;59;87925;0.31;0;0.4;0.41
2014;11;24;328;12.3;4.5;-0.6;9.3;2.9;-3.2;0;0.8;0.16;3.3;1.3;2.94;262;55;83;41;87970;0.23;0.02;0.4;0.41
2014;11;25;329;8.7;4.1;1.6;5.7;3.1;0.9;-0.6;0;0.13;3.3;1.3;2.02;236;52;70;40;87712;0.27;0;0.39;0.41
2014;11;26;330;7.7;3.1;-0.1;5.2;2.2;-0.3;-0.1;0.4;0.12;3.3;1.3;1.5;203;40;56;35;87201;0.34;0.8;0.39;0.41
2014;11;27;331;8.4;2.9;-0.2;5.7;1.2;-2.2;0;1;0.11;3.3;1.3;1.16;260;52;79;52;86735;0.31;0;0.39;0.41
2014;11;28;332;10;3;-0.9;5.1;0.4;-2.9;-0.3;1.5;0.1;3.3;1.3;0.9;301;65;105;61;86748;0.43;0;0.39;0.41
2014;11;29;333;10;3.4;-0.7;5.6;1.1;-1.9;-0.2;1.2;0.09;3.3;1.3;0.68;301;64;104;58;86967;0.4;0;0.39;0.41
2014;11;30;334;8;3;-1;4;0.5;-2.6;-0.1;0.9;0.09;3.3;1.3;0.53;240;48;76;40;86768;0.3;0.71;0.38;0.41
2014;12;1;335;5.4;2.6;0.7;4.3;1.7;0.4;-0.4;-0.1;0.09;3.3;1.3;0.46;174;38;47;24;86174;0.35;0.74;0.38;0.41
2014;12;2;336;2.8;1;0.1;1.2;0.5;-0.5;-0.2;-0.5;0.1;3.3;1.3;1.35;163;24;34;12;86472;0.42;3.39;0.38;0.41
2014;12;3;337;3.2;0.8;-0.6;1;0.1;-0.8;-0.6;-0.5;0.12;3.3;1.3;1.91;192;39;53;22;86920;0.47;0.25;0.38;0.41
2014;12;4;338;5.1;1.3;-1;2.6;0.4;-1.6;-0.2;0;0.12;3.3;1.3;1.71;224;46;71;40;86947;0.47;1.16;0.38;0.41
2014;12;5;339;4.3;1.1;-0.6;1.4;-0.5;-2.3;-0.1;-0.1;0.11;3.3;1.3;1.48;226;49;75;45;87190;0.29;0.62;0.38;0.41
2014;12;6;340;0.5;-0.4;-0.9;-1;-1.6;-2;-0.2;-0.8;0.15;3.3;1.3;3.08;108;20;24;12;87382;0.26;2.86;0.38;0.41
2014;12;7;341;0.6;-0.6;-1.4;-1.4;-2;-2.6;0.4;-0.6;0.22;3.3;1.4;5.65;82;17;31;14;87488;0.17;2.04;0.37;0.41
2014;12;8;342;-0.1;-1.4;-2.3;-2.2;-3.2;-3.9;0.4;-0.3;0.28;3.3;1.4;7.92;112;18;49;24;87378;0.16;3.54;0.37;0.41
2014;12;9;343;-1.8;-3.3;-4.6;-3.3;-4.8;-6.2;-0.2;-0.9;0.38;3.3;1.4;11.22;139;25;69;40;87782;0.17;2.09;0.37;0.41
2014;12;10;344;0.9;-1.4;-4.2;-4;-6;-8.4;0.5;0.5;0.39;3.3;1.4;11.52;138;29;54;31;87773;0.17;0.23;0.37;0.41
2014;12;11;345;1;-0.7;-1.7;-1.2;-3.8;-6.4;1.4;0.7;0.4;3.3;1.4;11.9;100;22;83;32;87335;0.37;1.91;0.37;0.41
2014;12;12;346;4.8;-0.8;-4.2;-1.2;-5.8;-9.6;0.3;1.4;0.39;3.3;1.4;11.89;190;40;104;58;86956;0.17;0.04;0.37;0.41
2014;12;13;347;4.2;-1.1;-4.7;0.6;-5.2;-9.3;0;1.5;0.37;3.3;1.4;11.08;161;34;87;48;87040;0.07;0;0.37;0.41
2014;12;14;348;6.2;0.9;-3;1.4;-2.5;-6;0.1;1.1;0.34;3.3;1.4;10.21;171;36;82;36;87380;0.08;0;0.37;0.41
2014;12;15;349;5.7;1.3;-2.7;2.1;-1.2;-4.3;0.1;0.9;0.31;3.3;1.4;9.23;125;24;49;27;87383;0.08;0.18;0.36;0.41
2014;12;16;350;2.4;0.5;-0.5;2.1;-0.1;-2;0.5;0.1;0.33;3.3;1.3;10.2;61;11;30;8;86994;0.02;11.48;0.37;0.41
2014;12;17;351;2.1;0.1;-1.4;1.1;-0.7;-1.8;0.6;0.4;0.37;3.3;1.3;12.8;105;20;49;19;86945;0.19;5.01;0.37;0.41
2014;12;18;352;4.9;2.6;0.5;3.3;1.3;-1.5;1.2;1;0.35;3.3;1.3;12.74;104;16;40;8;87515;0.07;7.26;0.37;0.4
2014;12;19;353;7.6;3;-0.7;5.1;1;-1.8;1.4;0.8;0.3;3.3;1.3;9.95;180;36;65;45;87692;0.2;2.46;0.38;0.4
2014;12;20;354;3.1;1;-1.4;2.7;-0.5;-4.6;2;0.1;0.29;3.3;1.3;9.35;140;29;76;32;87952;0.67;8.04;0.39;0.4
2014;12;21;355;1.2;-0.9;-2;-3.5;-4.2;-5.3;1.5;0.1;0.35;3.2;1.3;13.11;142;29;78;43;88473;0.44;2.79;0.39;0.4
2014;12;22;356;4.9;0.4;-2.9;-1.7;-6.2;-8.8;1.2;1.1;0.35;3.2;1.3;13.09;194;39;98;62;88199;0.21;0;0.38;0.4
2014;12;23;357;6.5;-0.9;-4.8;0.5;-6.2;-10.1;0.8;1.4;0.33;3.2;1.3;12.4;201;42;114;68;88036;0.09;0;0.38;0.4
2014;12;24;358;3.9;-0.9;-4.6;-1.5;-5.8;-8.7;0.9;0.9;0.32;3.2;1.3;11.84;191;40;98;63;87839;0.09;0;0.38;0.4
2014;12;25;359;0.8;-1.2;-4.3;0;-4;-7.5;1.4;0.1;0.33;3.2;1.3;12.83;61;10;79;22;87915;0.26;6.43;0.38;0.4
2014;12;26;360;-3.8;-6.7;-13.9;-5.3;-8.3;-15.3;1;0.1;0.45;3.2;1.3;21.76;66;12;76;30;87939;0.1;12.94;0.38;0.4
2014;12;27;361;-5.6;-10.3;-17.2;-8.1;-13;-19.3;0;1.5;0.51;3.2;1.3;29.1;47;10;54;16;86090;0.1;3.71;0.38;0.4
2014;12;28;362;-6.6;-9.2;-13;-7.9;-11;-14.3;0;-0.4;0.52;3.2;1.3;34.55;54;12;64;22;86562;0.07;6.84;0.38;0.4
2014;12;29;363;-8.6;-12.7;-19.9;-10;-15;-21.4;1.2;0.7;0.52;3.2;1.3;40.25;71;13;60;22;88016;0.08;7.98;0.38;0.4
2014;12;30;364;-6.4;-7.8;-9.6;-7.8;-9.5;-11.1;1.2;0.3;0.53;3.2;1.3;51.46;37;8;26;8;88374;0.07;15.31;0.38;0.4
2014;12;31;365;-4.5;-5.6;-6.4;-6.8;-7.3;-7.8;0.3;-0.1;0.54;3.2;1.3;64.48;84;17;45;20;88491;0.05;3.99;0.38;0.4
2015;1;1;1;-1.1;-6.1;-11.4;-5.4;-9.1;-13.4;0;1.1;0.53;3.1;1.3;65.2;137;30;68;42;88676;0;0;0.37;0.4
2015;1;2;2;2.1;-4;-11.7;-1;-7.2;-13.8;1;1;0.53;3.1;1.3;65.43;137;26;45;20;88563;0.03;2.12;0.37;0.4
2015;1;3;3;3.7;0.8;-1.8;1;-1.1;-2.6;1;0.6;0.51;3.1;1.3;67.02;107;16;56;16;87997;-0.01;14.86;0.37;0.4
2015;1;4;4;2.6;-3.5;-6.3;1.4;-4.9;-8;1.6;-0.7;0.51;3.1;1.3;70.14;123;25;67;36;88265;0.29;7.93;0.39;0.4
2015;1;5;5;-1.6;-7.2;-13.7;-7.1;-10.8;-16.7;0.5;1.1;0.51;3.1;1.3;72.18;159;33;82;54;88480;0.06;0.36;0.38;0.4
2015;1;6;6;1.4;-9.2;-16.5;-3.9;-12.6;-19.1;0.2;1.5;0.5;3.1;1.3;72.21;165;35;82;48;87910;-0.02;0;0.38;0.4
2015;1;7;7;-0.6;-6.9;-12.5;-4.4;-10.3;-16.4;0.3;1;0.5;3.1;1.3;72.24;98;22;43;30;88214;0;0.11;0.38;0.4
2015;1;8;8;1.2;-4.6;-11.3;-2.5;-8;-13.4;0.8;1.2;0.5;3.1;1.3;72.39;120;26;62;26;88326;0.08;0.67;0.38;0.4
2015;1;9;9;3.6;1.2;-1.8;1.2;-2.5;-5.7;2.2;1.2;0.49;3.1;1.3;72.89;124;16;63;16;88263;0.33;10.35;0.38;0.4
2015;1;10;10;7.7;5.8;3.4;3.5;2.2;0.5;3;1;0.47;3.1;1.2;62.84;135;28;77;27;87679;-0.4;3.32;0.4;0.4
2015;1;11;11;3.9;-1.1;-4.3;2.9;-3.3;-7.3;2.6;0.1;0.48;3.1;1.2;57.3;121;18;75;27;87557;0.33;16.33;0.41;0.4
2015;1;12;12;2;-2.9;-8.7;-5;-9.1;-16;1.3;1.3;0.5;3;1.2;61.05;138;27;92;54;88000;0.41;0.64;0.4;0.4
2015;1;13;13;5.7;-3.5;-9.6;-1.2;-10.5;-17.6;0.1;1.8;0.5;3;1.2;60.39;177;39;94;62;87434;0.11;0;0.4;0.41
2015;1;14;14;1.3;-2.3;-5.7;-1.2;-6.1;-11.5;0.6;0.9;0.49;3;1.2;61.22;115;17;73;30;87272;0.05;5.05;0.4;0.41
2015;1;15;15;2.9;-2.6;-5.9;-1.2;-6.2;-9;-0.1;1.6;0.5;3;1.2;63.16;147;32;77;47;86930;0.14;0;0.4;0.41
2015;1;16;16;5;-1.4;-5.7;1.3;-4.4;-8.8;0;1.6;0.49;3;1.2;62.11;170;33;68;49;86493;-0.03;0.4;0.4;0.41
2015;1;17;17;-0.8;-1.8;-2.9;-1.5;-2.4;-4.2;0.4;-0.6;0.51;3;1.2;73.03;44;8;27;6;86868;0.06;20.44;0.39;0.41
2015;1;18;18;-0.9;-4.6;-14;-3.5;-6.1;-15.8;-0.3;0.2;0.53;3;1.2;83.58;135;31;85;45;87011;0.16;1.91;0.39;0.41
2015;1;19;19;0;-9.9;-17.5;-6.5;-13.7;-20;0.1;1.1;0.52;3;1.2;83.84;174;37;77;52;86574;0.09;0;0.39;0.41
2015;1;20;20;-1.4;-8.1;-14.2;-5.9;-11.1;-16.7;0.1;0.6;0.52;3;1.2;83.81;160;33;73;38;86466;0.05;0;0.39;0.41
2015;1;21;21;0.3;-8.2;-15.9;-4.2;-11.2;-18;-0.3;1;0.52;3;1.2;83.79;181;39;79;47;86402;0.02;0;0.39;0.41
2015;1;22;22;1.1;-4.4;-9.7;-2.4;-6.7;-12.4;0.2;0.5;0.51;3;1.2;83.89;120;27;55;26;86620;0;0.4;0.38;0.41
2015;1;23;23;-2.8;-4;-4.8;-4.5;-5.1;-5.8;0.5;-0.5;0.51;3;1.2;85.3;56;12;16;7;87274;0.05;2.76;0.38;0.41
2015;1;24;24;-2.1;-4.4;-6;-5.1;-6.3;-7.7;0.9;-0.5;0.52;3;1.2;87.4;149;29;44;25;87369;0.16;1.82;0.38;0.41
2015;1;25;25;-4.6;-6.9;-10.8;-6.7;-8.3;-12.4;0.8;-0.1;0.53;3;1.2;94.49;105;22;70;24;87846;0.1;9.21;0.38;0.41
2015;1;26;26;-2.8;-8;-13.2;-7.9;-12;-16.1;0.5;1;0.53;3;1.2;98.28;196;45;90;41;87671;0.16;3.79;0.38;0.41
2015;1;27;27;-3.9;-5;-7.4;-5.4;-6.7;-9.1;1.6;-0.2;0.54;3;1.2;108.76;116;23;44;16;87373;0.13;16.08;0.37;0.41
2015;1;28;28;-2.5;-6.5;-8.7;-9.2;-10.5;-12.8;0.5;1.1;0.54;3;1.2;119.1;176;39;82;41;86909;0.12;2.28;0.37;0.41
2015;1;29;29;-0.8;-4.6;-6.8;-5.7;-7.5;-10.6;0.2;1.1;0.54;3;1.2;124.52;139;28;57;19;85139;0.1;6.31;0.37;0.41
2015;1;30;30;-5.4;-7.3;-11;-8.4;-11.1;-15.2;1.3;0.9;0.54;3;1.2;128.97;125;27;75;35;83801;0.28;4.51;0.37;0.41
2015;1;31;31;-3;-7.4;-11;-8.9;-12;-14.7;0.4;0.6;0.53;3;1.2;131.02;196;44;83;43;84294;0.13;0.98;0.37;0.4
2015;2;1;32;-5.6;-9.6;-16.6;-9.2;-12.8;-19.3;0.7;0.9;0.53;3;1.2;131.99;150;36;76;37;84908;0.04;3.17;0.37;0.4
2015;2;2;33;-4.9;-7.5;-10.3;-8.5;-10.4;-13.1;1.1;0.6;0.54;3;1.2;138.35;173;31;60;27;85631;0.07;8.37;0.36;0.4
2015;2;3;34;-4.9;-9.2;-14.7;-9.7;-12.6;-17.7;-0.3;0.3;0.54;3;1.2;142.73;192;46;82;63;85730;0.04;0.01;0.36;0.4
2015;2;4;35;-6.7;-9.2;-13.5;-9.2;-11.3;-15.6;-0.6;-0.1;0.53;3;1.2;142.96;186;43;66;37;86210;-0.02;0.59;0.36;0.4
2015;2;5;36;-6;-8.3;-10.1;-8.2;-9.9;-11.4;-1;-0.7;0.53;3;1.2;144.35;128;29;37;24;86448;-0.04;1.67;0.36;0.4
2015;2;6;37;-5.5;-7.8;-9.7;-8.5;-9.5;-10.7;-1.5;-0.7;0.53;3;1.2;145.57;124;32;43;28;86814;-0.03;0.82;0.36;0.4
2015;2;7;38;-4.5;-8.7;-13.1;-8.5;-11.2;-14.5;-0.6;-0.1;0.53;3;1.2;146.06;228;55;91;65;87526;-0.01;0.12;0.36;0.4
2015;2;8;39;-5.8;-9;-12.4;-8.7;-11.7;-15.7;1.3;-0.3;0.53;3;1.2;149.16;124;24;56;22;87628;0;7.37;0.36;0.4
2015;2;9;40;-4.7;-7.6;-11.1;-8.4;-10.8;-13.9;1;0.7;0.53;3;1.2;154.09;61;17;48;17;88064;0.05;1.21;0.35;0.4
2015;2;10;41;1.1;-4.2;-9.3;-3.9;-7.7;-11.8;-0.2;0.4;0.53;3;1.2;154.7;220;51;75;49;88136;0.02;0.02;0.35;0.4
2015;2;11;42;5.9;-4.1;-12.6;-0.8;-7.8;-14.5;0;1;0.53;3;1.2;154.77;237;59;91;62;87887;0;0;0.35;0.4
2015;2;12;43;5.6;-4.5;-12.9;-1.6;-8.7;-14.9;0.1;1.1;0.52;3;1.2;154.78;244;61;100;69;87698;0.16;0;0.35;0.4
2015;2;13;44;4.8;-5.1;-13.7;-4;-9.9;-15.7;0;1.1;0.52;3;1.2;154.78;247;62;96;66;87359;0.15;0;0.35;0.4
2015;2;14;45;4.4;-5;-11.8;-3.7;-9;-13.6;-0.1;1.4;0.51;3;1.2;154.73;250;62;91;60;86702;0.12;0;0.35;0.4
2015;2;15;46;4.6;-3.1;-8.9;-2.4;-6.9;-11.9;0;0.9;0.51;3;1.2;154.75;235;60;84;62;86675;0.1;0;0.35;0.4
2015;2;16;47;3.7;-4.2;-11.3;-3.3;-8.5;-13.2;0;1.1;0.5;3;1.2;154.72;263;66;98;66;87286;0.25;0;0.35;0.4
2015;2;17;48;2.4;-4.3;-11.8;-2.9;-7.6;-13.9;0.2;0.3;0.5;3;1.2;154.68;255;65;93;58;88238;0.09;0.06;0.34;0.4
2015;2;18;49;1.3;-3;-7.6;-3.1;-5.2;-9.7;-0.6;0.1;0.5;3;1.2;154.81;270;67;107;63;88844;0.15;0.07;0.34;0.4
2015;2;19;50;4.9;-5.1;-14.3;-3.7;-10.2;-16.4;0.1;1.1;0.49;3;1.2;154.82;278;72;108;77;88331;0.16;0;0.34;0.4
2015;2;20;51;5.4;-5.1;-14.1;-4.2;-10.3;-16;-0.1;1.1;0.49;3;1.2;154.74;286;75;108;75;87308;0.15;0;0.34;0.4
2015;2;21;52;3.6;-4.1;-11.9;-3.6;-7.9;-14.2;0;0.8;0.49;3;1.2;154.71;215;53;66;46;85912;0.11;1.45;0.34;0.4
2015;2;22;53;-1.3;-3.1;-5.1;-3.6;-4.7;-6.5;0.1;-0.8;0.51;3;1.2;160.96;142;33;60;18;86324;0.17;6.53;0.34;0.4
2015;2;23;54;4.9;-3;-11.1;-2.3;-6.4;-13;0.2;0.9;0.51;3;1.2;162.9;257;54;75;42;86021;0.07;2.28;0.34;0.4
2015;2;24;55;-0.8;-2.8;-5;-3.7;-4.8;-7.2;0.8;0.1;0.52;3.1;1.2;168.14;145;38;55;32;86493;0.18;5.4;0.34;0.4
2015;2;25;56;-1.1;-4.8;-8.5;-5.3;-7.8;-10.3;0.3;0.4;0.52;3.1;1.3;170.58;178;49;72;48;87288;0.16;1.1;0.34;0.4
2015;2;26;57;0.1;-6.2;-13.1;-6.8;-10.4;-15.3;-0.1;0.8;0.51;3.1;1.3;170.98;275;73;97;66;87310;0.13;0;0.34;0.4
2015;2;27;58;0.1;-6.5;-15.6;-3.7;-9.4;-17.8;0.6;0.8;0.51;3.1;1.3;172.11;180;46;66;30;86789;0.07;5.13;0.34;0.4
2015;2;28;59;0.3;-2.7;-7.9;-4.1;-5.2;-9.5;0.2;-0.2;0.52;3.1;1.3;177.21;176;50;86;37;87330;0.2;1.46;0.33;0.4
2015;3;1;60;1.7;-3.6;-10.9;-1.8;-6.2;-12.8;0.3;1.4;0.52;3.1;1.3;178.03;102;23;63;16;86796;0.04;1.63;0.33;0.4
2015;3;2;61;0.8;-1.1;-2.9;-0.8;-2.7;-5.3;1.2;0.7;0.52;3.1;1.3;187.74;97;17;44;17;86690;0.25;23.16;0.34;0.4
2015;3;3;62;1.5;-2.8;-7.3;-5.6;-8.3;-10.5;1.1;0.6;0.52;3.1;1.3;197.21;249;75;101;75;87671;0.8;0.07;0.34;0.4
2015;3;4;63;-1.5;-3.8;-6.7;-4.1;-6.4;-8.7;0.8;-0.1;0.52;3.1;1.3;200.34;131;37;58;28;87875;0.23;5.96;0.34;0.4
2015;3;5;64;-3;-5.6;-7.9;-5.2;-7.5;-9.7;0.8;-0.6;0.53;3.1;1.3;207.26;135;36;56;28;88461;0.11;8.13;0.33;0.4
2015;3;6;65;-0.8;-4.6;-9.6;-6.7;-8.7;-12;0.1;0.2;0.53;3.1;1.3;211.22;254;73;78;59;88766;0.2;0.41;0.33;0.4
2015;3;7;66;5.2;-3.7;-13.1;-2.9;-9;-15.5;-0.2;0.9;0.53;3.2;1.3;211.22;300;83;92;67;88541;0.11;0;0.33;0.39
2015;3;8;67;7.3;-1.8;-11.8;0;-6.9;-13.5;-0.1;0.8;0.52;3.2;1.3;211.14;306;86;97;68;88056;0.16;0;0.33;0.39
2015;3;9;68;6.4;-0.2;-6.5;0;-5;-9.9;0.1;0.7;0.51;3.2;1.3;210.99;315;85;96;68;87993;0.18;0;0.33;0.39
2015;3;10;69;7;0.1;-8.7;-2.4;-5.9;-11.2;0.5;0.5;0.51;3.2;1.3;210.6;328;93;105;71;88084;0.45;0.03;0.33;0.39
2015;3;11;70;-0.2;-1;-3.1;-0.7;-3.4;-6.5;0.5;-0.4;0.5;3.2;1.3;213.48;157;37;70;25;88081;0.22;6.22;0.33;0.39
2015;3;12;71;0.9;-2.8;-6.4;-4.5;-6.6;-8.1;-0.6;-0.1;0.5;3.2;1.3;215.4;276;79;83;63;88054;0.52;0.14;0.33;0.39
2015;3;13;72;2.1;-2.2;-5.3;-4.2;-5.8;-7.3;-0.5;-0.2;0.5;3.2;1.3;215.29;316;93;101;77;87473;0.32;0;0.33;0.39
2015;3;14;73;2;-2.5;-6.6;-4;-6.1;-10;-0.5;-0.1;0.49;3.2;1.3;215.19;309;89;90;68;87499;0.23;0;0.33;0.39
2015;3;15;74;4.6;-1.1;-7.5;-2;-5.2;-10.3;-0.7;0.4;0.49;3.2;1.3;215.08;349;98;103;71;87581;0.17;0.03;0.33;0.39
2015;3;16;75;6.7;0.3;-4.6;-1;-4.1;-7.5;-0.4;1.4;0.48;3.2;1.3;214.48;293;86;87;56;87750;0.51;0.14;0.33;0.39
2015;3;17;76;10.3;2.1;-3.1;1.5;-2.5;-5.6;-0.2;1.4;0.47;3.3;1.3;212.18;314;89;81;55;87911;0.46;0.01;0.33;0.39
2015;3;18;77;8.2;3.1;-3.9;1.4;-1.7;-5.8;0.5;0.4;0.46;3.3;1.3;207.99;364;101;95;56;87942;0.45;0.18;0.33;0.39
2015;3;19;78;5.8;2.2;-2.7;0.6;-1.9;-4.3;0;0.1;0.45;3.3;1.3;203.27;348;105;96;69;87897;0.6;0;0.34;0.39
2015;3;20;79;6.7;2;-4.5;-0.3;-2.8;-6.2;-0.2;0.4;0.44;3.3;1.3;199.27;408;121;123;83;87712;0.64;0;0.34;0.39
2015;3;21;80;3.8;0;-5.2;1.8;-1.5;-6.4;0.2;0.6;0.44;3.3;1.3;197.97;114;31;64;21;87213;0.04;9.8;0.34;0.39
2015;3;22;81;3.4;0.1;-2;-0.2;-1.6;-3.1;-1.2;-0.8;0.49;3.3;1.3;206.13;228;67;71;32;87254;0.53;4.21;0.34;0.39
2015;3;23;82;6.7;1.4;-4.4;0.5;-1.9;-5.5;-0.1;0.2;0.47;3.3;1.3;204.29;388;109;94;72;87112;0.51;0;0.34;0.39
2015;3;24;83;8.9;1.8;-5.4;1;-3.3;-6.8;-0.2;0.6;0.45;3.4;1.4;200.78;371;107;90;66;86626;0.65;0.61;0.35;0.39
2015;3;25;84;9.1;2.6;-4.5;2;-1.4;-6.3;0.1;0.5;0.44;3.4;1.4;196.79;268;77;74;39;86144;0.41;1.21;0.35;0.39
2015;3;26;85;4.4;1.9;0;1.5;0.4;-0.9;0.9;-0.5;0.43;3.4;1.4;190.73;232;59;29;13;86544;0.26;3.18;0.36;0.39
2015;3;27;86;2.8;0.1;-2.3;0.7;-1.3;-3.4;1.3;-0.2;0.45;3.4;1.4;188.33;288;81;86;34;87337;0.47;6.89;0.36;0.39
2015;3;28;87;5.6;1;-4.4;-1.2;-3.4;-5.4;1;0.2;0.45;3.4;1.4;186.74;398;120;106;60;87632;1.03;1.27;0.37;0.39
2015;3;29;88;7.7;3.5;1.4;2.3;0.9;-1;1.7;0.8;0.44;3.4;1.4;181.38;310;57;44;15;86830;0.14;7.4;0.37;0.39
2015;3;30;89;3.3;1.7;-0.3;2.1;0.5;-1.5;2.2;0.4;0.44;3.4;1.4;172.16;125;33;35;15;86494;-0.07;26.67;0.4;0.39
2015;3;31;90;8.5;3;-1.1;2;0.3;-2.3;3.1;0.7;0.46;3.5;1.4;166.41;284;76;63;29;86612;0.61;9.99;0.4;0.39
2015;4;1;91;-0.1;-1.9;-3.2;-3;-4.5;-6;3.2;-0.1;0.49;3.5;1.4;169.34;267;73;65;45;87349;1.11;10.85;0.41;0.4
2015;4;2;92;0.8;-1.7;-4.9;-1.5;-4.1;-6.6;2.2;0.4;0.51;3.5;1.4;179.76;117;27;80;28;87238;0.56;15.98;0.4;0.4
2015;4;3;93;2.4;-1.3;-7.4;-3.6;-5.9;-8.4;0.6;0;0.52;3.5;1.4;188.52;383;115;111;63;87453;0.86;2;0.4;0.4
2015;4;4;94;0.3;-1;-2.6;-1.2;-1.9;-3.3;-0.4;-0.8;0.52;3.5;1.4;196.77;91;29;21;8;86805;0.17;14.12;0.4;0.4
2015;4;5;95;-0.6;-2.9;-5;-3.3;-5.3;-7.1;-0.6;-0.9;0.52;3.5;1.4;205.67;325;94;83;49;87291;0.82;3.96;0.39;0.4
2015;4;6;96;-1;-3.9;-6.7;-3.7;-6.4;-8.9;0.6;-0.7;0.52;3.5;1.4;209.41;284;85;76;52;87910;0.45;7.82;0.39;0.4
2015;4;7;97;0.3;-3;-6.2;-6.8;-7.6;-9.2;-0.2;-0.1;0.53;3.6;1.4;214.96;364;118;103;76;88632;0.75;0.37;0.39;0.4
2015;4;8;98;4.3;-0.2;-7.1;-3.3;-7.1;-10.9;0.1;0.2;0.52;3.6;1.4;214.72;399;127;101;75;88584;0.59;0;0.39;0.4
2015;4;9;99;12.4;4.5;-5.8;3.1;-2.1;-7.6;0.2;0.4;0.51;3.6;1.4;212.33;400;129;98;70;88305;0.62;0;0.39;0.4
2015;4;10;100;14.3;6.1;-5;3.8;-1.5;-6.2;0.1;0.6;0.5;3.6;1.4;206.4;411;131;102;66;88046;0.9;0;0.39;0.4
2015;4;11;101;8.7;4.4;-1.5;3.9;-0.3;-3.1;0.8;0.6;0.48;3.6;1.4;199.32;373;111;70;46;88105;0.63;2.02;0.39;0.4
2015;4;12;102;9.8;4.9;-1.4;2.8;-0.1;-2.8;0.4;0.4;0.45;3.6;1.4;190.67;391;132;101;58;88575;0.89;0.02;0.4;0.4
2015;4;13;103;9.8;4.6;-2.8;2.8;0.1;-4.2;1.4;0.2;0.43;3.6;1.4;180.39;416;132;77;55;88566;0.94;1.68;0.4;0.4
2015;4;14;104;10;5.1;-1.3;2.6;0;-3.9;1.2;0.4;0.42;3.7;1.5;168.62;455;147;88;58;88523;1.23;0.2;0.41;0.4
2015;4;15;105;15.7;6.3;-3.6;6.9;-1.3;-5.9;0.2;0.9;0.39;3.7;1.5;156.64;521;172;113;81;87938;1.32;0;0.41;0.4
2015;4;16;106;14.9;7.7;-1.8;7.4;0.4;-5.3;0.5;0.8;0.36;3.7;1.5;145.07;437;147;89;57;87467;1.23;0;0.42;0.4
2015;4;17;107;8.3;5.9;2.6;6.4;3.5;0.3;0.8;0.3;0.34;3.7;1.5;135.28;271;68;34;13;87210;0.51;19.07;0.42;0.41
2015;4;18;108;3.8;1.3;-1.4;2;-2.6;-5.8;-0.8;-1;0.34;3.7;1.5;130.28;362;101;89;44;87646;1.4;3.41;0.42;0.41
2015;4;19;109;8.9;2.9;-4.5;-0.3;-3.5;-6.5;-1.1;-0.1;0.34;3.7;1.5;127.53;586;197;127;98;87533;1.62;0;0.42;0.41
2015;4;20;110;9.1;4.4;-2.3;0.5;-1.8;-5;-0.3;-0.2;0.33;3.8;1.5;122.13;530;189;110;83;87957;1.45;0;0.42;0.41
2015;4;21;111;10.8;5.2;-2.5;1.8;-0.9;-4.7;0.2;0.2;0.32;3.8;1.5;114.53;589;198;111;84;88390;1.5;0;0.42;0.41
2015;4;22;112;12.1;5.2;-4;1.4;-1.6;-5.7;0.7;0;0.32;3.8;1.5;105.74;601;202;120;86;87999;1.87;0.09;0.41;0.42
2015;4;23;113;6.8;3.2;-0.7;-0.6;-1.3;-2.1;0.3;-0.5;0.31;3.8;1.5;98.2;522;174;104;75;87416;1.24;0.8;0.41;0.42
2015;4;24;114;11.1;4.7;-3.5;2.4;-1.1;-5.1;0.6;0.5;0.31;3.8;1.5;91.01;604;207;113;84;87323;1.55;0;0.41;0.42
2015;4;25;115;13.8;6.2;-3.4;6;1.5;-5.1;0.2;0.4;0.3;3.8;1.5;82.4;417;128;66;44;87129;1.02;1.36;0.41;0.42
2015;4;26;116;14;8.3;1.9;6.4;3.2;1.1;-0.1;0.3;0.29;3.9;1.5;72.81;509;175;83;50;86855;1.63;3.36;0.41;0.42
2015;4;27;117;15.8;9.3;1.5;7.1;3.7;-0.1;-0.1;0.6;0.27;3.9;1.5;62.01;614;195;94;56;86192;1.93;3.56;0.4;0.42
2015;4;28;118;6.4;2.5;-0.5;4.4;1.9;-0.9;1.2;-0.1;0.27;3.9;1.5;56.39;136;46;44;16;87040;0.99;19.93;0.41;0.43
2015;4;29;119;10;4.1;-3;1.4;-0.5;-3.4;-0.7;0;0.27;3.9;1.6;53.74;580;199;93;61;87459;2.05;0.25;0.41;0.43
2015;4;30;120;9.1;5.4;1.9;3.3;1.8;0.2;0.5;0;0.27;3.9;1.6;49.5;551;150;86;34;87324;1.58;9.69;0.41;0.43
2015;5;1;121;8.6;6;3.5;7.9;4.7;0.4;-0.1;0.4;0.26;3.9;1.6;45.58;130;41;15;9;86666;0.58;19.16;0.41;0.43
2015;5;2;122;9.3;6.8;4;8;5.6;3;0.4;0.2;0.25;4;1.6;40.74;378;92;38;13;86966;1.14;9.54;0.41;0.43
2015;5;3;123;14;9;4.9;11.6;7.8;4.2;-0.1;1;0.24;4;1.6;35.44;190;49;25;4;86960;0.48;9.78;0.42;0.43
2015;5;4;124;15.8;11.3;7;10.7;8.6;5.9;-0.2;0.7;0.24;4;1.6;29.39;368;101;56;20;87169;1.19;2.44;0.41;0.43
2015;5;5;125;21.7;13.2;6.1;12.4;8.7;4.4;0.3;0.6;0.23;4;1.6;21.69;511;171;71;36;86999;2.37;8.97;0.41;0.43
2015;5;6;126;10.5;8.7;6.8;9.3;6.4;3.6;0.6;-0.3;0.22;4;1.6;13.98;355;79;91;24;87486;1.56;14.29;0.42;0.43
2015;5;7;127;10.8;8.1;5.5;5.1;3.7;2.7;0.2;-0.6;0.2;4;1.6;9.78;437;152;75;39;87744;2;0.72;0.41;0.43
2015;5;8;128;15.9;10.3;3.2;9.2;5.7;1.4;0.3;0.3;0.16;4.1;1.6;5.61;620;205;96;57;87496;2.71;3.76;0.4;0.43
2015;5;9;129;13.4;9.1;6;8.3;6.6;3.9;1.1;0.3;0.14;4.1;1.6;2.7;570;151;65;35;87949;2.5;7.63;0.4;0.43
2015;5;10;130;13.2;9.2;4.1;6.7;4.3;2.7;0.8;-0.3;0.13;4.1;1.6;1.37;552;205;97;60;88451;3.13;1.86;0.4;0.43
2015;5;11;131;19.6;11.8;0.9;10.6;5;0;-0.1;0.3;0.12;4.1;1.6;0.64;795;269;134;90;88337;4.12;0;0.39;0.43
2015;5;12;132;21.2;13.7;2.9;12.3;6.7;1.9;0.5;0.6;0.12;4.1;1.6;0.24;751;261;117;83;88092;4.3;0;0.38;0.42
2015;5;13;133;19.1;14;10.1;12.3;8.8;5.7;0.7;-0.1;0.12;4.1;1.7;0.08;687;212;102;59;87732;3.19;1.84;0.37;0.42
2015;5;14;134;13.2;11;9.1;9.5;8.2;7;0.9;-0.1;0.12;4.2;1.7;0.02;527;155;67;35;87126;3.54;13.1;0.38;0.42
2015;5;15;135;9;7.2;6.2;7.5;6.9;5.9;0.4;-0.7;0.12;4.2;1.7;0;131;38;24;8;87063;1.15;25.12;0.39;0.42
2015;5;16;136;12.9;9.5;7;7.3;6.8;5.6;0.9;-0.5;0.12;4.2;1.7;0;408;126;70;24;88023;2.32;1.7;0.39;0.42
2015;5;17;137;12.2;9.4;6.4;7;6;4.8;0.3;-0.7;0.12;4.2;1.7;0;485;149;54;38;88132;2.19;1.41;0.39;0.42
2015;5;18;138;17.8;12;4.2;11;8;4;0;0.2;0.12;4.2;1.7;0;727;242;105;70;87268;3.45;3.08;0.38;0.42
2015;5;19;139;11.4;8.5;5.5;10.1;7.9;5.1;0.3;0.2;0.12;4.2;1.7;0;272;67;34;15;86953;1.82;29.24;0.39;0.42
2015;5;20;140;5.3;3.3;2;4.5;3;1.9;0.3;-0.3;0.16;4.2;1.7;1.82;143;42;32;10;87167;1.46;29.29;0.41;0.42
2015;5;21;141;4.3;2.4;0.3;4;2;0.2;0.4;-0.5;0.27;4.2;1.7;5.39;163;57;20;9;87821;1.43;18.99;0.42;0.42
2015;5;22;142;7.8;4.4;2.4;5.5;3.5;2.1;-0.1;-0.3;0.25;4.2;1.7;4.41;399;107;39;18;87961;1.74;8.97;0.42;0.42
2015;5;23;143;6;4.1;2.2;4.7;3.2;2;-0.1;0.1;0.19;4.3;1.7;2.72;221;67;20;15;87585;1.62;10.18;0.42;0.42
2015;5;24;144;9.8;6.6;3.1;5.4;4.1;1.9;-0.5;-0.1;0.15;4.3;1.7;1.38;325;105;73;25;87563;1.85;2.77;0.43;0.42
2015;5;25;145;12.1;8.1;3.3;7.4;5.3;2.3;0.5;0;0.13;4.3;1.7;0.52;490;178;89;39;87324;2.62;7.98;0.42;0.43
2015;5;26;146;8.5;6;3.4;6;5.2;3.2;0.7;-0.5;0.12;4.3;1.7;0.12;400;113;60;18;87420;2.77;21.95;0.43;0.43
2015;5;27;147;8.6;5.4;2;3.9;1.5;0.1;0.7;-0.8;0.12;4.3;1.7;0.08;592;188;70;46;87872;2.94;2.79;0.43;0.43
2015;5;28;148;14.8;8.9;-0.1;4.6;1.8;-1.4;0.6;0;0.12;4.3;1.7;0.03;765;290;126;93;87626;3.98;0;0.42;0.43
2015;5;29;149;16.7;10.7;1.7;10.1;4.2;0.3;0.3;0.3;0.12;4.3;1.7;0;676;244;110;71;87295;3.78;1.2;0.41;0.43
2015;5;30;150;13.3;9.8;5.2;7.6;6.1;3.4;0.9;-0.3;0.12;4.3;1.7;0;602;201;77;47;87472;3.26;3.84;0.4;0.43
2015;5;31;151;16;11;5.8;11;8;5.6;-0.2;0.1;0.12;4.3;1.7;0;666;196;83;50;87596;3.13;3.16;0.39;0.43
2015;6;1;152;18;11.8;5.7;11.6;8.7;5;0;0.2;0.12;4.3;1.7;0;702;206;97;54;87689;3.45;9.15;0.39;0.43
2015;6;2;153;18.8;13.2;4.4;13.2;9.5;4.2;0.2;0.3;0.12;4.3;1.7;0;650;233;95;64;87894;3.71;0.64;0.39;0.43
2015;6;3;154;19.7;15.2;6.7;12.3;9.9;6.1;0.4;0.1;0.12;4.4;1.8;0;632;228;91;66;88275;3.91;0.89;0.38;0.43
2015;6;4;155;21.1;16.3;9.4;16.3;12.4;8.1;-0.6;-0.2;0.12;4.4;1.8;0;689;245;97;69;88416;3.66;0.82;0.37;0.42
2015;6;5;156;22.8;17.1;8.7;16.4;12.9;8;-0.2;0.4;0.12;4.4;1.8;0;653;247;103;71;88199;4.1;0.58;0.37;0.42
2015;6;6;157;22.6;16.1;9.8;15.4;12.8;8.7;0.3;0.5;0.12;4.4;1.8;0;720;229;95;61;88341;3.72;7.87;0.36;0.42
2015;6;7;158;20.8;15.3;9.3;14.7;12.7;8.6;-0.2;0.1;0.12;4.4;1.8;0;692;220;97;60;88392;3.89;4.61;0.36;0.42
2015;6;8;159;17.4;12.9;10.1;12.9;11.5;10;0.4;-0.3;0.12;4.4;1.8;0;444;150;56;30;88006;3;10.76;0.36;0.42
2015;6;9;160;11.1;9.8;8.9;9.9;9;8.4;-0.7;-1.1;0.12;4.4;1.8;0;178;57;11;3;87926;1.56;2.88;0.37;0.42
2015;6;10;161;17.7;12.9;8.5;12.5;10.5;8.4;-0.9;-0.7;0.12;4.4;1.8;0;623;185;74;33;87967;2.91;1.34;0.36;0.42
2015;6;11;162;18.1;14.4;10;13.8;11.8;10;-0.5;0;0.12;4.4;1.8;0;607;206;73;52;87780;3.4;2.49;0.36;0.42
2015;6;12;163;22.4;15.8;7.9;15.8;10.9;6.7;-0.1;0.6;0.12;4.4;1.8;0;732;256;106;74;87409;4.46;0.5;0.35;0.42
2015;6;13;164;18.4;14.4;10;13.5;11.6;8.3;0.3;0.6;0.12;4.4;1.8;0;600;186;72;55;87341;3.3;5.48;0.35;0.42
2015;6;14;165;19.5;13.7;9.2;13.8;11.7;8.1;0;-0.1;0.12;4.4;1.8;0;675;194;95;51;87096;3.05;20.9;0.35;0.42
2015;6;15;166;12;11.2;9.9;11.6;10.9;9.8;0.5;-0.2;0.12;4.5;1.8;0;150;42;21;11;87411;1.37;30.74;0.38;0.42
2015;6;16;167;13.2;10.9;9.5;11.1;9.4;7.4;-0.5;-0.7;0.12;4.5;1.8;0;400;114;55;24;87743;2.33;4.29;0.39;0.42
2015;6;17;168;12.8;10.2;7.6;8.9;7.7;6.7;0;-0.7;0.12;4.5;1.8;0;493;159;64;36;87956;2.54;1.98;0.39;0.42
2015;6;18;169;13.5;10.7;7.3;10.1;8.1;6;1.1;0.3;0.12;4.5;1.8;0;388;117;66;31;87702;2.15;13.71;0.38;0.41
2015;6;19;170;11.8;9;6;9.4;7.8;5.4;0.8;-0.6;0.12;4.5;1.8;0;548;170;58;27;87552;3.94;22.94;0.4;0.41
2015;6;20;171;9.7;6.3;4.7;6.3;5.3;4.4;1;0.1;0.12;4.5;1.8;0;441;119;62;30;87692;2.9;19.73;0.41;0.41
2015;6;21;172;12.4;8.4;4.9;7.1;5.8;4.2;0.9;0.3;0.12;4.5;1.8;0;386;137;80;41;87739;2.57;2.8;0.42;0.41
2015;6;22;173;16.6;10.7;6.3;10.4;6.9;4.4;0.7;0.4;0.12;4.5;1.8;0;579;171;88;44;87306;2.88;4.8;0.41;0.41
2015;6;23;174;11.4;8.5;5;7.5;5.3;3.4;1.7;-0.3;0.12;4.5;1.8;0;573;178;89;42;87258;3.7;18.43;0.42;0.41
2015;6;24;175;13;9.1;4.1;6.5;5;3.5;0;-0.3;0.12;4.5;1.8;0;485;202;100;59;87987;3.17;0.65;0.42;0.42
2015;6;25;176;15.7;11.5;3.9;8.9;5.7;2.7;0;-0.2;0.12;4.5;1.8;0;602;236;97;72;88180;3.77;0.05;0.41;0.42
2015;6;26;177;18;13.1;5.7;10.3;7.2;4.6;0.2;0;0.12;4.5;1.8;0;679;249;103;66;88114;4.21;0.09;0.4;0.42
2015;6;27;178;18.2;12.8;8.4;11.9;9.6;7.3;0.7;0.6;0.12;4.5;1.8;0;568;174;79;47;87900;3.15;10.71;0.4;0.42
2015;6;28;179;16.2;12.3;6.5;10.9;8.7;6.1;0.2;-0.4;0.12;4.5;1.8;0;561;210;86;59;88092;3.52;0.93;0.4;0.42
2015;6;29;180;19.1;14.3;7.3;11.8;9.2;6.2;0.6;0.1;0.12;4.5;1.8;0;689;228;85;63;88178;3.93;0.4;0.39;0.42
2015;6;30;181;21.6;16.2;8.1;13.5;9.7;7.1;-0.3;0.1;0.12;4.5;1.9;0;786;292;112;82;88148;5.25;0;0.39;0.41
2015;7;1;182;24.4;18.1;9.1;15.6;12.3;7.8;-0.4;0.1;0.12;4.6;1.9;0;807;300;122;88;88114;5.17;0;0.38;0.41
2015;7;2;183;24.9;18.8;10.4;18.4;13.9;9.3;0.1;0.4;0.12;4.6;1.9;0;784;272;107;79;88318;4.74;0.17;0.37;0.41
2015;7;3;184;24.8;19;11.8;19.2;14.6;10.3;0;0.5;0.12;4.6;1.9;0;685;246;96;70;88583;4.28;2.21;0.37;0.41
2015;7;4;185;27.1;19.9;10.8;19.4;13.7;9.7;0.3;0.6;0.12;4.6;1.9;0;779;281;117;83;88415;5.23;1.08;0.36;0.41
2015;7;5;186;28.4;21.4;13;21;14.2;10.6;0;0.6;0.12;4.6;1.9;0;800;288;116;80;88064;5.46;0.16;0.36;0.41
2015;7;6;187;22.8;19.6;16.2;17.6;15.7;13.5;0.1;-0.2;0.12;4.6;1.9;0;664;209;82;51;88194;3.5;1.41;0.35;0.41
2015;7;7;188;27;21.1;13.5;18.5;15.2;12.6;0.3;0.7;0.11;4.6;1.9;0;604;234;95;67;87695;4.45;0.4;0.35;0.41
2015;7;8;189;17.3;14.3;11.3;14.4;12.3;8.4;1.3;-0.2;0.11;4.6;1.9;0;209;72;62;25;87481;2.42;15.87;0.35;0.41
2015;7;9;190;13.7;11.3;9.2;8.2;7;5.8;1.6;-0.4;0.11;4.6;1.9;0;573;206;76;48;87892;4.16;3.33;0.35;0.41
2015;7;10;191;18.5;13.9;9;10.2;8.1;5.8;-0.2;-0.6;0.11;4.6;1.9;0;814;295;121;89;88092;4.67;0;0.35;0.41
2015;7;11;192;22.9;16.7;7.6;11.8;9.5;6.4;0.9;0.5;0.11;4.6;1.9;0;767;266;115;81;87888;4.99;0.05;0.34;0.41
2015;7;12;193;20.9;16.7;10.4;12.1;10;8.1;0.8;-0.1;0.11;4.6;1.9;0;708;234;113;63;87924;4.22;0.35;0.34;0.41
2015;7;13;194;16.9;14;11.9;11.8;10.3;7.9;0.6;-0.2;0.11;4.6;1.9;0;447;119;63;29;87935;2.36;1.93;0.33;0.41
2015;7;14;195;20.9;16.7;12.1;12.4;10.9;10.2;1.1;-0.1;0.11;4.6;1.9;0;677;213;87;53;87968;3.91;0.01;0.33;0.41
2015;7;15;196;21.3;17.6;13.3;14.4;12;10.5;-0.1;-0.4;0.11;4.6;1.9;0;627;233;96;67;88080;3.84;0.09;0.33;0.41
2015;7;16;197;23.3;18.3;11.4;17.9;13.6;10.4;-0.3;0.6;0.11;4.6;1.9;0;580;214;83;63;87997;3.79;0.93;0.32;0.41
2015;7;17;198;26.5;19.8;12.1;16.9;12.8;9.5;0.3;0.6;0.11;4.6;1.9;0;773;262;115;74;88008;4.66;0.12;0.32;0.41
2015;7;18;199;23.7;17.6;12.1;16.2;13.5;10.8;0.2;0.6;0.11;4.6;1.9;0;688;194;103;62;87994;3.45;10.71;0.31;0.41
2015;7;19;200;23.3;17.9;11.5;16.1;13.9;10.5;0.4;0.8;0.11;4.6;1.9;0;630;213;82;61;87629;4.12;6.25;0.32;0.41
2015;7;20;201;21.7;17.8;13.2;16.3;14.2;12.8;0.3;0;0.11;4.6;1.9;0;601;207;74;51;87774;3.87;1.32;0.32;0.4
2015;7;21;202;23.8;19.4;13;15.9;14.4;12;0.1;0.1;0.11;4.6;1.9;0;616;231;88;65;87870;4.14;0.3;0.32;0.4
2015;7;22;203;25.7;19.3;12.9;17.1;15.3;11.9;0.4;0.6;0.11;4.6;1.9;0;658;213;95;62;87723;3.94;14.84;0.31;0.4
2015;7;23;204;18.9;16.4;15;17.2;15.2;13.9;0;-0.4;0.11;4.6;1.9;0;360;92;29;14;87712;2.48;9.22;0.33;0.4
2015;7;24;205;22.4;18.4;15.4;17.7;15.3;13.7;-0.6;0.3;0.11;4.6;1.9;0;510;167;67;43;87308;3.33;1.05;0.33;0.4
2015;7;25;206;18.8;14.4;10.3;13.8;10.3;5.8;1.3;0;0.11;4.6;1.9;0;558;156;81;43;87271;3.29;9.62;0.33;0.4
2015;7;26;207;17.6;13;8.9;11.7;8;5.8;-0.3;-0.5;0.11;4.6;1.9;0;674;224;95;54;87397;4.06;4.63;0.33;0.4
2015;7;27;208;16.8;13.7;11.6;12.2;9.5;7.7;1.3;0;0.11;4.6;1.9;0;521;176;83;42;87015;3.82;3.18;0.33;0.4
2015;7;28;209;14.8;13;10.6;9.9;8.7;7.8;1.2;-0.3;0.11;4.6;1.9;0;310;109;45;29;87169;2.24;3.55;0.33;0.4
2015;7;29;210;17.6;12.5;9.8;10.8;10;8.9;0.6;-0.4;0.11;4.6;1.9;0;610;163;79;33;87223;3.58;10.21;0.33;0.4
2015;7;30;211;11.8;10.4;8.6;9.5;7.2;6.2;0;-0.4;0.11;4.6;1.9;0;220;77;53;27;87533;1.94;0.84;0.33;0.4
2015;7;31;212;17.9;13.2;9.3;8.5;6.8;5.7;-1;-0.4;0.11;4.5;1.9;0;779;276;119;81;87565;4.36;0;0.33;0.4
2015;8;1;213;16;13.1;10.2;12.8;11;7.8;0.3;0;0.11;4.5;1.9;0;331;113;52;29;87556;2.24;11.74;0.33;0.4
2015;8;2;214;17.5;13.9;10.8;11.6;10.7;9.2;-0.1;-0.3;0.11;4.5;1.9;0;565;157;84;42;87924;3.01;3.94;0.34;0.4
2015;8;3;215;22.4;16.4;8.3;14;11;7.2;0.1;0.1;0.11;4.5;1.9;0;726;267;109;83;87904;4.55;0;0.34;0.4
2015;8;4;216;23.4;16.5;9.8;15.2;12.8;8.7;0.6;0.5;0.11;4.5;1.8;0;654;204;92;58;87788;3.81;4.53;0.33;0.4
2015;8;5;217;23.1;18;12.6;15.9;13.8;12;-0.7;0;0.11;4.5;1.8;0;655;236;92;63;87889;4.36;0.04;0.33;0.4
2015;8;6;218;25.2;19.7;12.4;17.9;13.2;11.4;-0.2;0.4;0.11;4.5;1.8;0;637;225;99;66;87948;4.37;0;0.33;0.4
2015;8;7;219;25.9;19.9;12.7;18.9;14.7;11.7;0.3;0.8;0.11;4.5;1.8;0;613;211;85;65;87919;4.1;0.51;0.32;0.4
2015;8;8;220;26.4;20.2;14;17.3;13.7;11.9;0.3;0.5;0.11;4.5;1.8;0;728;242;115;72;88025;4.65;1.08;0.32;0.39
2015;8;9;221;25.8;19.2;12.5;18.6;14.5;11.1;-0.2;0.4;0.11;4.5;1.8;0;664;218;99;67;87794;4.06;1.61;0.31;0.39
2015;8;10;222;22.4;17.8;12.7;15.3;13.9;12.4;0.2;0;0.11;4.5;1.8;0;612;198;83;62;87650;3.52;0.41;0.31;0.39
2015;8;11;223;21.1;16.8;13;16.7;14.8;12.4;0.1;0.2;0.11;4.5;1.8;0;460;134;75;44;87810;2.32;2.95;0.31;0.39
2015;8;12;224;24.5;18.2;11;15.5;11.9;9.8;0;0.4;0.11;4.5;1.8;0;744;253;117;81;88032;4.6;0;0.31;0.39
2015;8;13;225;26.2;19.8;11.1;14.7;11.3;9.3;0;0.8;0.11;4.5;1.8;0;622;219;102;73;87681;4.16;0.02;0.3;0.39
2015;8;14;226;24.5;18.2;13.5;16.6;13.6;11.7;0.1;-0.1;0.11;4.5;1.8;0;726;196;105;63;87269;3.41;8.39;0.3;0.39
2015;8;15;227;17;14;11.6;13.3;12.5;11.3;0.6;-0.2;0.11;4.5;1.8;0;445;128;52;28;87207;3.55;21.15;0.31;0.39
2015;8;16;228;12.7;11.6;10.9;11.5;11.1;10.5;0.7;-0.4;0.11;4.5;1.8;0;171;41;17;7;87207;1.62;9.94;0.33;0.39
2015;8;17;229;11.8;10.7;9.5;10.7;10.2;9.4;0.5;-0.4;0.11;4.4;1.8;0;212;59;27;13;87267;1.99;9.67;0.33;0.39
2015;8;18;230;14.5;11.6;9.2;10.3;9.7;8.6;-0.2;-0.7;0.11;4.4;1.8;0;405;117;46;28;87459;2.5;4.25;0.34;0.39
2015;8;19;231;10.9;10;9.2;10;9.4;8.3;0.1;-0.8;0.11;4.4;1.8;0;165;43;17;9;87774;1.63;11.08;0.34;0.39
2015;8;20;232;13.5;10.9;8.3;9.5;8.6;7.7;0.3;-0.2;0.11;4.4;1.8;0;367;113;59;33;88185;2.3;2.21;0.35;0.39
2015;8;21;233;15.5;11.3;5.6;9.2;7.3;5.5;-0.1;-0.1;0.11;4.4;1.8;0;582;189;82;60;88232;3;0.39;0.34;0.39
2015;8;22;234;17.8;12.5;5.7;8.5;6.9;5.2;-0.8;0;0.11;4.4;1.8;0;743;232;116;81;87807;3.76;0.02;0.34;0.39
2015;8;23;235;20.3;14;7.4;13.6;9.8;5.9;-0.1;0.6;0.11;4.4;1.8;0;641;198;103;66;87141;3.31;0.98;0.34;0.39
2015;8;24;236;20.9;14.9;10.3;14.2;11.8;9.5;0;0.3;0.11;4.4;1.8;0;546;162;78;45;87030;3.37;13.19;0.34;0.39
2015;8;25;237;14;11.6;9.4;10.7;8.5;6.7;0.2;0.1;0.11;4.4;1.8;0;423;102;83;38;87812;2.52;6.53;0.35;0.39
2015;8;26;238;21.4;14.5;7;13.1;9.4;5.6;-0.3;0.3;0.11;4.4;1.8;0;726;241;120;87;87847;3.9;0;0.35;0.39
2015;8;27;239;23.9;16.6;8.3;15.4;11;7.3;-0.1;0.6;0.11;4.4;1.8;0;715;226;114;77;87664;4;0;0.34;0.39
2015;8;28;240;23.5;18;10.8;17.4;12.4;9.2;0.1;0.4;0.11;4.4;1.8;0;683;224;99;69;88029;3.86;0;0.34;0.39
2015;8;29;241;25;19.4;12.6;17.2;14.5;11.4;-0.5;0.1;0.11;4.3;1.8;0;688;219;97;68;88291;3.87;0.16;0.33;0.39
2015;8;30;242;24.8;18.8;11.7;17;13.9;10.3;0.2;0.5;0.1;4.3;1.8;0;677;216;104;73;88149;3.83;0.02;0.33;0.39
2015;8;31;243;24;18.2;11.7;13.6;12.1;10.4;0.4;0.6;0.1;4.3;1.8;0;633;207;103;74;87769;3.83;0;0.33;0.39
2015;9;1;244;23.9;15.8;10.5;14.1;11.5;10;0.8;0.3;0.1;4.3;1.8;0;657;194;108;52;87441;3.91;13.74;0.32;0.39
2015;9;2;245;11.2;10.8;10.4;11;10.3;9.3;-0.4;-0.4;0.1;4.3;1.7;0;55;20;45;11;87566;0.93;8.1;0.34;0.39
2015;9;3;246;13.1;10.5;8.7;11;9.5;8.6;0.3;-0.2;0.1;4.3;1.7;0;351;83;47;23;87386;2.25;24.46;0.34;0.39
2015;9;4;247;12.9;10;6.7;9.2;7.6;6.4;0;-0.2;0.1;4.3;1.7;0;424;125;61;42;87478;2.31;6.24;0.36;0.38
2015;9;5;248;8.9;6.9;4.1;7.9;5.9;3.7;0.7;0;0.1;4.3;1.7;0;180;55;62;24;87524;2.12;16.18;0.37;0.38
2015;9;6;249;8;5.6;3.7;5.8;4.1;3.1;1.2;0;0.1;4.3;1.7;0;437;102;70;34;87972;2.5;7.38;0.38;0.38
2015;9;7;250;9.6;6.9;3.7;4.4;2.8;1.4;0.8;-0.3;0.1;4.3;1.7;0;319;105;67;38;88213;1.86;0.38;0.38;0.38
2015;9;8;251;13;8.9;5.1;5.6;4.3;3.3;-0.6;-0.5;0.1;4.3;1.7;0;596;169;94;66;88068;2.38;0;0.37;0.38
2015;9;9;252;12.4;8.2;3.5;5.2;4;3;-0.7;-0.5;0.1;4.3;1.7;0;496;161;95;66;87815;2.29;0.05;0.37;0.38
2015;9;10;253;11.4;7.5;3.4;5.5;4;3;-0.9;-0.4;0.1;4.2;1.7;0;488;147;85;66;87616;1.93;0.08;0.37;0.38
2015;9;11;254;15.3;9.1;3.4;8.6;4.9;1.6;0.1;0.8;0.1;4.2;1.7;0;613;175;101;70;87643;2.57;0.47;0.37;0.38
2015;9;12;255;18.9;11.5;4.4;10.5;6.4;3;-0.2;0.8;0.1;4.2;1.7;0;649;189;113;75;87704;3.03;0;0.36;0.38
2015;9;13;256;18.8;12.1;6.2;14.6;9;5;-0.3;1.1;0.1;4.2;1.7;0;495;123;77;57;87225;1.79;0.62;0.36;0.38
2015;9;14;257;11.8;10.3;8.6;11;9;7;0;0.4;0.1;4.2;1.7;0;198;58;62;26;86894;1.25;10.46;0.36;0.38
2015;9;15;258;12.8;10;8.1;8.9;7.8;7.1;-0.5;-0.4;0.1;4.2;1.7;0;368;86;56;22;87052;1.87;2.46;0.37;0.38
2015;9;16;259;21.2;13.3;6.2;13.2;9.1;4.6;-0.5;1.5;0.1;4.2;1.7;0;583;145;93;62;86498;2.5;0.11;0.37;0.38
2015;9;17;260;20.7;11.7;8.2;12;8.7;6.7;0.4;0.5;0.1;4.2;1.7;0;631;158;111;50;86786;2.76;4.48;0.36;0.38
2015;9;18;261;10.9;9.5;6.8;8.7;7.2;6.3;-0.1;-0.1;0.1;4.1;1.7;0;205;65;47;28;87684;1.37;2.83;0.36;0.38
2015;9;19;262;10.7;8.4;5.5;8.1;6.6;5.4;0.3;-0.1;0.1;4.1;1.7;0;260;71;44;29;87987;1.51;3.78;0.36;0.38
2015;9;20;263;10.5;8;6;7.2;5.8;4.7;0.4;-0.7;0.1;4.1;1.7;0;426;109;60;36;88054;2.02;3.19;0.37;0.38
2015;9;21;264;14.6;9.9;5.9;7.1;5.8;4.8;-0.6;-0.1;0.1;4.1;1.6;0;618;182;113;79;87502;2.33;0;0.37;0.38
2015;9;22;265;13.1;8.6;4.6;8.8;6.7;3.5;-0.2;0;0.1;4.1;1.6;0;284;82;62;36;86771;1.23;8.29;0.36;0.38
2015;9;23;266;7.9;5.2;3.4;7.7;4;2.6;0.8;0.3;0.12;4;1.6;0.68;178;49;43;19;87057;1.91;19.69;0.38;0.38
2015;9;24;267;9;6.5;4.2;4.7;3.6;3;0.1;-0.1;0.12;4;1.6;0.64;282;79;67;33;87773;1.5;0.97;0.38;0.38
2015;9;25;268;10.9;7.7;3.8;6.2;4.4;2.6;-0.2;-0.1;0.11;4;1.6;0.37;376;89;50;28;87934;1.15;0.06;0.38;0.38
2015;9;26;269;10.7;8.4;6.6;6.7;5.8;5.1;-0.9;-0.7;0.1;4;1.6;0.13;254;69;35;21;88006;1.1;0.46;0.38;0.38
2015;9;27;270;10.2;7.4;5.6;6.4;4;2.5;-1.5;-0.6;0.1;4;1.6;0.04;382;108;64;37;88339;1.59;0.13;0.38;0.38
2015;9;28;271;8.7;5.7;3.1;2.5;1.5;0.8;-1.8;-0.6;0.09;4;1.6;0;465;115;84;57;88618;1.6;0.27;0.38;0.38
2015;9;29;272;10.5;5.4;1.1;2;1.3;0.2;-1.7;-0.4;0.09;3.9;1.6;0;548;165;119;91;88458;1.87;0;0.37;0.38
2015;9;30;273;10.1;5;1.5;2.1;1.1;0.4;-1.4;-0.6;0.09;3.9;1.6;0;584;166;121;89;88323;1.79;0;0.37;0.38
2015;10;1;274;12.7;6.2;0.6;3.9;1.4;-0.7;-0.8;0.1;0.09;3.9;1.6;0;589;171;126;90;88139;2;0;0.37;0.38
2015;10;2;275;17;9;2.1;9.7;5.1;0.5;-0.4;0.7;0.09;3.9;1.6;0;567;160;109;75;87859;1.96;0;0.37;0.38
2015;10;3;276;15.5;9.7;5;9.7;6.3;3.3;0;0.7;0.09;3.9;1.6;0;512;141;97;66;87594;1.71;0.13;0.36;0.38
2015;10;4;277;9.7;6.9;2.7;7.2;5.4;2.5;0.3;0.7;0.09;3.8;1.5;0;257;64;88;39;87605;1.37;6.88;0.37;0.38
2015;10;5;278;14.6;8.2;2.1;7.1;3.7;0.9;-0.2;0.8;0.09;3.8;1.5;0;397;121;98;55;87409;1.89;0.73;0.37;0.38
2015;10;6;279;16.3;11.1;7.4;10.9;8.5;5.2;0.1;0.8;0.09;3.8;1.5;0;375;91;70;31;86947;1.54;8.6;0.37;0.38
2015;10;7;280;9.3;8.1;6.7;9;7.8;6.5;0.8;0.4;0.09;3.8;1.5;0;88;24;27;14;87322;0.82;11.27;0.38;0.38
2015;10;8;281;9.5;7.6;6.5;6.5;5.9;5.4;-0.3;-0.6;0.09;3.8;1.5;0;234;56;37;17;87710;1.27;1.28;0.38;0.38
2015;10;9;282;11.5;8;5;6.2;5.5;4.7;-0.6;-0.3;0.09;3.7;1.5;0;321;83;59;32;87662;1.08;0.07;0.38;0.38
2015;10;10;283;9.2;7.4;6.3;6.9;6.4;5.7;-0.7;-1;0.09;3.7;1.5;0;217;57;58;17;87250;0.83;2.71;0.38;0.38
2015;10;11;284;6.8;5.4;3.2;6.1;4.9;3.1;-0.9;-0.8;0.09;3.7;1.5;0;199;44;55;16;87034;0.92;0.85;0.38;0.38
2015;10;12;285;10.9;6.3;2.6;5.4;4;2.4;-0.4;-0.1;0.09;3.7;1.5;0;485;128;99;66;87200;1.2;0;0.38;0.38
2015;10;13;286;10.6;6.7;4.1;7.5;5.4;3.1;0;-0.2;0.09;3.7;1.5;0;271;67;53;24;87067;1.11;15.36;0.38;0.38
2015;10;14;287;4.9;2.6;0.3;3.8;1.2;0.2;-0.4;-0.9;0.14;3.6;1.5;1.78;233;52;39;15;87020;1.5;15.75;0.39;0.38
2015;10;15;288;3.5;1.5;-0.2;0.8;0.3;-0.4;0.3;-0.8;0.25;3.6;1.5;5.26;177;44;35;16;86855;0.9;3.26;0.4;0.38
2015;10;16;289;2.2;0.8;-0.7;0.2;-0.7;-1.3;0.4;-0.8;0.27;3.6;1.5;6.12;161;40;24;16;87246;1.05;4.22;0.4;0.38
2015;10;17;290;6.2;2.4;-1.2;0.8;-0.5;-2.8;-0.5;-0.2;0.25;3.6;1.4;5.65;327;77;65;40;87351;0.97;1.29;0.4;0.38
2015;10;18;291;5;2.9;1;3.6;1.9;0.8;-0.1;-0.3;0.22;3.6;1.4;4.66;204;39;41;19;87352;0.73;6.86;0.4;0.38
2015;10;19;292;4.3;1.5;-0.1;3.6;1;-0.5;0.2;-0.3;0.23;3.6;1.4;4.9;276;65;53;30;87507;0.89;6.59;0.4;0.38
2015;10;20;293;4.7;1.3;-3.6;-0.1;-1.6;-4.8;0.2;0;0.21;3.6;1.4;4.15;386;89;91;48;87656;1.06;0.06;0.4;0.38
2015;10;21;294;7.1;3;-0.3;1.4;-0.4;-2.2;-0.3;-0.3;0.18;3.6;1.4;3.25;408;97;97;52;87598;0.86;0;0.4;0.39
2015;10;22;295;7.4;4.3;1.5;1.9;0.9;0;0.6;-0.1;0.15;3.6;1.4;2.35;330;78;74;35;87568;0.78;0.63;0.4;0.39
2015;10;23;296;9.8;6;0.8;6.1;3.9;0.6;-0.2;0.1;0.12;3.5;1.4;1.36;244;61;87;39;87991;0.7;0.42;0.4;0.39
2015;10;24;297;15.9;6.2;-1.5;9.5;2.6;-3.7;0.2;1;0.1;3.5;1.4;0.75;454;117;123;79;87809;1.19;0;0.4;0.39
2015;10;25;298;12.8;6.5;1.2;7;3.7;-0.3;-0.1;0.3;0.09;3.5;1.4;0.39;385;91;91;56;88107;0.94;0;0.4;0.39
2015;10;26;299;14.2;6.2;-0.1;8.2;3.5;-0.9;-0.2;0.6;0.09;3.5;1.4;0.19;432;110;120;76;87737;1.12;0.02;0.39;0.39
2015;10;27;300;13.4;5.3;-0.9;6.6;1.8;-2.3;0;0.8;0.08;3.5;1.4;0.09;449;114;123;80;87483;1.19;0;0.39;0.39
2015;10;28;301;12.6;5.5;0.2;7.6;2.6;-1.4;0;1.2;0.08;3.5;1.4;0.06;298;75;91;58;87112;0.75;0.01;0.39;0.39
2015;10;29;302;6.8;5.4;3.8;5.8;4.7;2;0.4;0;0.08;3.5;1.4;0.03;138;26;23;8;87616;0.52;6.18;0.39;0.39
2015;10;30;303;12.5;6.4;1.7;8.2;5.2;1.5;-0.5;0.2;0.08;3.5;1.4;0;382;94;94;56;88157;0.86;0.01;0.39;0.39
2015;10;31;304;15.2;6.5;0.9;8.9;3.6;-0.2;-0.2;0.9;0.08;3.5;1.4;0;427;105;121;77;88360;1.04;0;0.39;0.39
2015;11;1;305;13.8;4.4;-2.3;6.6;0.9;-3.6;-0.1;1;0.08;3.5;1.4;0;434;107;130;91;88628;1.05;0;0.39;0.39
2015;11;2;306;13.7;3.4;-3.5;7.9;-1;-8.6;0;1.4;0.08;3.5;1.4;0;444;111;142;102;88411;0.9;0;0.38;0.39
2015;11;3;307;15;5.5;-2;9.1;0.9;-6.2;0.1;1.4;0.08;3.4;1.4;0;421;103;115;73;87969;0.9;0.08;0.38;0.39
2015;11;4;308;12;5.9;0.1;5.4;2.3;-1.5;-0.3;0.7;0.08;3.4;1.4;0;356;79;94;54;87994;0.83;0;0.38;0.39
2015;11;5;309;11.9;5.4;0.7;6.1;2.6;-0.3;0;0.7;0.08;3.4;1.4;0;392;96;107;68;87992;0.87;0;0.38;0.39
2015;11;6;310;13.3;5.8;0.1;6.8;2.7;-0.8;0.3;0.9;0.08;3.4;1.4;0;387;93;106;61;88272;0.94;0;0.38;0.39
2015;11;7;311;14.1;6.5;1.2;8.5;3.8;-0.2;0.2;1.1;0.08;3.4;1.4;0;320;58;100;42;88549;0.61;0;0.37;0.39
2015;11;8;312;15.2;7.1;1.4;10;4.8;0.2;0;1;0.08;3.4;1.4;0;362;88;99;63;88649;0.8;0;0.37;0.39
2015;11;9;313;14.4;7.8;1.7;6.9;3.8;0;1.2;0.8;0.08;3.4;1.4;0;318;67;77;47;88535;0.83;0;0.37;0.39
2015;11;10;314;14.3;8.1;2.2;8.5;4.6;1.1;0.6;0.7;0.08;3.4;1.4;0;369;87;104;66;88497;0.87;0;0.37;0.39
2015;11;11;315;12.5;6.1;1.2;6.8;3.2;-0.1;0.1;0.7;0.08;3.4;1.4;0;368;87;112;74;88353;0.77;0;0.37;0.39
2015;11;12;316;11.6;4.4;-0.2;5.7;1.7;-1.8;-0.1;0.8;0.08;3.4;1.4;0;374;89;115;77;88357;0.69;0;0.37;0.39
2015;11;13;317;12.4;5.1;-0.9;6.7;1.7;-1.9;0.5;0.7;0.08;3.3;1.4;0;337;76;101;61;88288;0.69;0.05;0.37;0.39
2015;11;14;318;5.8;4;2.8;3.4;2.1;1;1.1;0;0.08;3.3;1.3;0;218;48;61;29;88402;0.83;2.87;0.37;0.39
2015;11;15;319;11.7;7.5;3.3;3.5;1.2;-1.3;2;1.2;0.08;3.3;1.3;0;327;70;98;51;87816;1.21;0.33;0.36;0.39
2015;11;16;320;13.2;6.3;0.8;6.2;2;-1.2;0.6;1.1;0.08;3.3;1.3;0;328;76;109;74;87727;0.71;0;0.36;0.39
2015;11;17;321;12;5.2;-1;3.7;0.8;-2;0.9;0.9;0.08;3.3;1.3;0;304;62;86;49;87580;0.73;0;0.36;0.39
2015;11;18;322;11.1;6.7;1;4.9;1.8;-1.9;1.7;0.9;0.08;3.3;1.3;0;298;71;107;65;87783;0.78;0;0.36;0.39
2015;11;19;323;10.5;5.7;0.9;1.9;-0.7;-3.1;1.6;1;0.08;3.3;1.3;0;297;68;106;58;87751;0.79;0;0.36;0.39
2015;11;20;324;8;5.7;0.1;6;3.2;0.1;1.6;0.9;0.09;3.3;1.3;0.49;98;14;42;16;86639;1.06;29.36;0.36;0.39
2015;11;21;325;-0.2;-1.5;-4.5;-0.3;-3;-7;1;-0.4;0.48;3.3;1.3;13.96;136;28;58;26;85580;0.44;8.64;0.37;0.39
2015;11;22;326;-2.8;-5;-6.5;-4.8;-7.7;-9.6;1.3;-0.1;0.52;3.3;1.3;20.84;96;22;74;37;86171;0.25;7.01;0.37;0.39
2015;11;23;327;-3.4;-6.1;-10.1;-7.6;-10.1;-13.7;0.5;0.4;0.52;3.3;1.3;24.24;159;35;84;53;87417;0.32;0.01;0.37;0.39
2015;11;24;328;-0.1;-5.3;-9.6;-8.4;-11.1;-14;0.1;0.7;0.52;3.3;1.3;23.92;179;41;104;50;87467;0.33;0;0.37;0.39
2015;11;25;329;0.2;-2.8;-6.5;-2.8;-5.9;-11;0.4;0.3;0.51;3.3;1.3;24.24;72;16;44;16;86501;0.23;2.49;0.37;0.39
2015;11;26;330;-2.5;-3.9;-4.8;-3.7;-5;-5.8;0.5;-0.5;0.52;3.3;1.3;30.55;81;17;58;17;86842;0.12;8.32;0.37;0.39
2015;11;27;331;-2.6;-5;-10.1;-4.5;-6.5;-10.8;-0.3;0.2;0.52;3.3;1.3;34.29;129;30;80;39;87102;0.17;0.13;0.37;0.39
2015;11;28;332;-1.6;-7.4;-15.7;-3.6;-9.5;-17.4;0.9;0.9;0.52;3.3;1.3;35.65;52;12;48;19;87098;0.09;2.83;0.37;0.39
2015;11;29;333;2.1;-2.8;-10.6;-0.7;-5.9;-13.6;1.5;1.3;0.52;3.3;1.3;37.28;87;16;53;21;87642;0.25;2.06;0.37;0.39
2015;11;30;334;3.9;2.5;1.7;-0.1;-1.8;-2.9;2.7;0.9;0.49;3.3;1.3;35.01;121;23;51;37;87973;0.62;0.72;0.37;0.39
2015;12;1;335;3.3;2.8;1.8;1.4;0.3;-2.8;1.9;1;0.47;3.3;1.3;30.68;31;7;26;6;88300;0.07;9.01;0.38;0.39
2015;12;2;336;6.9;1.7;-3.4;5.3;0.2;-4.8;0;0.7;0.43;3.3;1.3;26.35;169;36;82;50;88472;-0.01;0.01;0.39;0.39
2015;12;3;337;7.8;0;-4.5;4.1;-3;-8.3;0.1;1.2;0.4;3.3;1.3;24.2;194;42;110;63;88469;0.07;0;0.39;0.39
2015;12;4;338;6.9;0.4;-5.5;0.6;-4.3;-11.2;0.4;1;0.39;3.3;1.3;22.81;193;38;89;34;88645;0.16;1.18;0.39;0.39
2015;12;5;339;7;1.3;-3.4;5.1;-0.1;-4.8;0;0.9;0.36;3.3;1.3;21.25;201;43;93;56;88674;0.07;0.01;0.39;0.39
2015;12;6;340;7.7;0.5;-4.1;4.4;-2.1;-6.4;0.2;1.2;0.34;3.3;1.3;19.53;205;44;91;55;88570;0.1;0;0.39;0.39
2015;12;7;341;7.2;0.1;-4.1;2.5;-2.7;-5.9;-0.1;1.1;0.32;3.3;1.4;18.12;205;43;93;55;88797;0.17;0;0.39;0.39
2015;12;8;342;6.3;-0.3;-4.3;1.8;-3.3;-7.3;0.3;1.1;0.3;3.3;1.4;17.07;212;45;94;57;88651;0.2;0;0.39;0.39
2015;12;9;343;1.5;-1.4;-4;1.1;-2.3;-5.4;0.6;0.7;0.3;3.3;1.4;17.19;40;9;46;19;88921;0.02;5.9;0.39;0.39
2015;12;10;344;3.7;-2;-5.5;-0.3;-5;-9.6;-0.1;1.2;0.3;3.3;1.4;17.61;233;49;122;78;88851;0.25;0;0.39;0.39
2015;12;11;345;4.9;-1.2;-5.4;0.4;-6.7;-12.4;0.4;1.1;0.3;3.3;1.4;17.25;215;46;110;69;88392;0.1;0;0.39;0.39
2015;12;12;346;4.8;-0.2;-3.9;-1;-5.6;-9.4;0.4;0.9;0.29;3.3;1.4;16.88;201;42;98;60;88073;0.08;0;0.39;0.39
2015;12;13;347;5.6;-0.3;-4.6;-0.3;-5.1;-9.8;0.1;1;0.27;3.3;1.4;16.52;221;47;107;66;87765;0.06;0;0.39;0.39
2015;12;14;348;4.7;-1.2;-5.1;-2.2;-5.5;-7.8;0.1;1;0.26;3.3;1.4;16.17;226;48;106;67;87784;0.06;0;0.39;0.39
2015;12;15;349;5.4;-1.6;-6.2;-0.3;-5.5;-10.4;0.1;1.1;0.26;3.3;1.4;15.85;220;44;90;52;88106;0.04;0;0.38;0.39
2015;12;16;350;2.7;-0.4;-3.6;2.4;-1.6;-5.6;0.2;1.3;0.25;3.3;1.3;15.49;77;14;30;10;88405;0.03;8.31;0.38;0.39
2015;12;17;351;7.7;1.7;-3.7;7;1.1;-4.7;0.1;1.1;0.24;3.3;1.3;14.18;191;37;74;30;88387;0.03;2.61;0.39;0.39
2015;12;18;352;6.4;0.3;-3.8;5;-1.2;-5.9;0.2;1.4;0.23;3.3;1.3;12.98;130;23;61;26;88213;0;0;0.39;0.39
2015;12;19;353;8;1.3;-3.2;6.2;0.1;-4;0;1.2;0.22;3.3;1.3;12;200;41;77;42;88132;0.06;0;0.39;0.39
2015;12;20;354;9.4;1;-3.2;5.8;-1.2;-4.9;0.1;1.5;0.22;3.3;1.3;10.95;229;48;86;54;88037;0.05;0;0.39;0.39
2015;12;21;355;4.1;-0.3;-3.2;2.9;-1.7;-4.9;0.4;1.1;0.21;3.2;1.3;10.19;81;20;61;28;88327;0.03;0.51;0.39;0.39
2015;12;22;356;8.3;0.7;-3.4;5.3;-1.3;-4.8;0.2;1.2;0.2;3.2;1.3;9.49;234;48;90;53;88562;0.11;0;0.39;0.39
2015;12;23;357;7.7;1.2;-3.3;3.7;-1.7;-6.1;0.2;1;0.2;3.2;1.3;8.69;233;49;98;52;88499;0.1;0;0.39;0.39
2015;12;24;358;7.1;0;-4.1;2.5;-2.8;-6.5;0.1;1.3;0.19;3.2;1.3;8.04;238;50;95;60;88311;0.14;0;0.39;0.39
2015;12;25;359;7.5;-0.1;-3.9;2.9;-2.9;-6.1;0.1;1.3;0.19;3.2;1.3;7.4;240;50;95;59;88716;0.08;0;0.39;0.39
2015;12;26;360;7.2;-0.6;-4.2;3.6;-3.2;-7;0.2;1.4;0.18;3.2;1.3;6.73;246;52;101;66;88676;0.08;0;0.39;0.39
2015;12;27;361;7;-0.9;-4.8;3.5;-3.8;-7.9;0.1;1.4;0.17;3.2;1.3;6.19;254;53;106;70;88683;0.06;0;0.39;0.39
2015;12;28;362;6.9;-1.3;-5.3;3.1;-4.5;-8.9;0;1.4;0.17;3.2;1.3;5.77;261;55;113;74;88437;0.06;0;0.39;0.39
2015;12;29;363;6.1;-0.6;-5.2;-0.1;-5.3;-9.9;0.5;1;0.16;3.2;1.3;5.42;257;54;113;73;88285;0.06;0;0.39;0.39
2015;12;30;364;4.9;-0.3;-4.1;0.3;-3.7;-7.6;-0.2;0.7;0.15;3.2;1.3;5.15;266;54;113;67;88119;0.06;0;0.38;0.39
2015;12;31;365;3.1;-1.5;-5.2;-1.3;-5.6;-11.8;0.2;1;0.15;3.2;1.3;5.11;138;28;70;38;87910;0.05;1.96;0.38;0.39
2016;1;1;1;2.9;0;-2.4;1.3;-1.1;-3.4;-0.4;0.3;0.17;3.1;1.3;5.73;140;29;98;34;87867;0.22;1.99;0.38;0.39
2016;1;2;2;3;-0.5;-2.3;0.2;-2.3;-5.8;0.3;0.4;0.19;3.1;1.3;6.22;141;27;44;24;86970;0.15;5.67;0.38;0.39
2016;1;3;3;1.2;-1.7;-5.3;-0.5;-2.6;-7.1;0.1;0.5;0.37;3.1;1.3;13.96;120;24;74;29;86382;0.19;4.91;0.38;0.39
2016;1;4;4;0.7;-3.1;-10;-1.7;-4.9;-11;0.5;1.1;0.42;3.1;1.3;17.33;120;23;80;32;85298;0.28;6.48;0.38;0.39
2016;1;5;5;-0.5;-6.8;-12.3;-3.6;-9;-13.4;0.2;1.3;0.46;3.1;1.3;20.09;108;23;80;37;85486;0.13;0.88;0.38;0.39
2016;1;6;6;0;-5.6;-10;-3.7;-8.8;-13.1;0.4;0.9;0.46;3.1;1.3;20.54;164;34;81;40;85768;0.11;1.6;0.38;0.39
2016;1;7;7;-0.3;-4.7;-11.8;-2.6;-7.3;-13.1;0.3;1.3;0.48;3.1;1.3;22.54;161;28;76;26;85782;0.18;3.64;0.38;0.39
2016;1;8;8;2.1;-0.6;-4.7;-0.4;-2.3;-6.7;0.2;0.5;0.49;3.1;1.3;25.09;154;26;81;27;86343;0.05;4.18;0.38;0.39
2016;1;9;9;3.4;0.6;-2.1;2.1;-0.6;-3;-0.1;0.8;0.47;3.1;1.3;27.08;88;14;35;14;86160;0;6.08;0.38;0.39
2016;1;10;10;2;-2.3;-7.3;0.7;-3.7;-8.3;0.2;0.8;0.45;3.1;1.2;26.95;106;20;61;35;85790;-0.04;3.53;0.39;0.39
2016;1;11;11;2.3;-0.5;-2.5;1.2;-2;-4.3;0.7;0.5;0.46;3.1;1.2;30.47;134;17;66;33;85300;0.01;6.12;0.39;0.39
2016;1;12;12;-1.2;-3.4;-5.5;-3.3;-5.6;-7.9;1.5;1;0.48;3;1.2;35.15;80;15;71;36;85877;0.15;7.88;0.39;0.39
2016;1;13;13;-2.6;-4.7;-8;-5.8;-7.6;-10.6;2.1;0.9;0.51;3;1.2;43.03;82;16;76;37;86962;0.19;7.37;0.39;0.39
2016;1;14;14;-2.8;-9.4;-18.1;-8.7;-12.9;-19.8;0.3;1.3;0.52;3;1.2;46.45;152;31;78;34;86664;0.06;2.95;0.39;0.39
2016;1;15;15;-5.2;-7;-9.6;-9.3;-11.2;-12.7;1.9;0.9;0.52;3;1.2;50.66;106;20;46;29;86579;0.25;3.63;0.39;0.39
2016;1;16;16;-5.5;-7.1;-8.3;-7.9;-9.3;-10.6;1.5;0;0.53;3;1.2;58.04;117;23;62;26;87207;0.1;10.98;0.38;0.39
2016;1;17;17;-7.4;-9.4;-11.5;-9.4;-11.7;-14.7;1.4;-0.3;0.53;3;1.2;68.88;63;15;51;27;87321;0.13;10.96;0.38;0.39
2016;1;18;18;-7.6;-14.6;-23.3;-14.6;-18.7;-26.4;-0.1;1.1;0.54;3;1.2;74.32;178;39;97;66;87018;0;0.02;0.38;0.39
2016;1;19;19;-4.3;-12.4;-23.7;-10.1;-17.3;-26.7;0.2;1;0.53;3;1.2;74.41;108;22;38;6;86747;0.01;0.73;0.38;0.39
2016;1;20;20;-3.1;-6;-8;-6.4;-8;-10.1;0.4;0.2;0.53;3;1.2;76.56;163;31;82;35;87086;0.01;1.94;0.38;0.39
2016;1;21;21;-4.8;-8.9;-16.3;-8.8;-11.2;-18.4;-0.2;0.5;0.53;3;1.2;77.13;153;32;83;43;87663;0.01;0.19;0.38;0.39
2016;1;22;22;-1;-13.1;-22.4;-7.6;-17.4;-25.2;0.1;1.5;0.53;3;1.2;77.15;185;42;84;54;88010;-0.01;0;0.38;0.39
2016;1;23;23;-0.2;-5.3;-14.7;-3.1;-7.9;-17.3;0.8;0.8;0.53;3;1.2;78.87;104;21;62;15;88582;-0.01;2.4;0.38;0.39
2016;1;24;24;1.6;-6.2;-14.3;-3.6;-9.7;-16.9;0.3;1.4;0.52;3;1.2;79.81;106;25;65;27;88719;0.03;0.87;0.38;0.39
2016;1;25;25;6.9;0.5;-3.7;2.3;-2.4;-5.4;0.2;1.4;0.51;3;1.2;79.62;181;39;76;37;88534;0.03;0;0.38;0.39
2016;1;26;26;5.4;-2;-6.7;1.5;-4.3;-8.4;0.3;1.6;0.5;3;1.2;78.05;174;37;79;50;88401;0.1;0;0.38;0.39
2016;1;27;27;6.3;-1.9;-7.6;0.9;-4.5;-9.6;0.3;1.6;0.49;3;1.2;76.6;183;41;68;48;88063;0.06;0;0.38;0.39
2016;1;28;28;5;-0.7;-6.5;-0.1;-3.8;-9.3;0.4;1.1;0.48;3;1.2;74.99;147;32;57;35;88052;0.06;0.23;0.38;0.39
2016;1;29;29;4.2;-0.2;-6.2;1.5;-1.9;-7.6;0.4;0.8;0.47;3;1.2;74.19;161;31;83;33;88380;-0.06;1.93;0.38;0.39
2016;1;30;30;6.3;-2.1;-9.8;-1.3;-5.7;-11.8;0.5;1;0.47;3;1.2;72.66;219;50;97;49;87569;0.02;3.79;0.38;0.39
2016;1;31;31;4.1;0.4;-1.3;1.3;-0.8;-2;0.8;0.7;0.5;3;1.2;85.55;50;9;14;5;87134;-0.02;29.8;0.38;0.39
2016;2;1;32;6;4.1;0.3;3.4;1.5;-2.4;2;0.8;0.5;3;1.2;81.25;137;26;81;26;87925;-0.49;2.92;0.4;0.39
2016;2;2;33;7.9;2.5;-0.6;2.1;-0.9;-2.9;0.8;0.6;0.47;3;1.2;75.93;186;41;89;41;87770;-0.09;0.02;0.4;0.39
2016;2;3;34;0.2;-1.8;-5.7;-1.3;-3.4;-7.6;1.2;0;0.49;3;1.2;81.73;47;10;54;21;87444;0.22;16.3;0.4;0.39
2016;2;4;35;-1.6;-3.7;-6.4;-4.1;-6.7;-8.2;2.1;0.7;0.52;3;1.2;92.8;173;35;54;26;87865;0.33;12.07;0.4;0.4
2016;2;5;36;2.7;-1.8;-7.8;-1.1;-3.8;-9.2;0.7;0.6;0.53;3;1.2;106.69;118;30;74;35;88097;0.05;5.95;0.4;0.4
2016;2;6;37;6.3;-2.7;-8.8;-0.6;-6.1;-10.5;-0.1;1.8;0.52;3;1.2;106.95;210;50;84;64;87451;-0.01;0;0.39;0.4
2016;2;7;38;3.7;-0.5;-4.4;-0.2;-3.6;-8.3;0.2;1.1;0.52;3;1.2;106.26;130;30;65;35;86550;0;3.74;0.39;0.4
2016;2;8;39;6;0.9;-4.7;0.1;-2.3;-6.3;0.4;1.1;0.51;3;1.2;108.27;181;44;70;43;86595;-0.02;1;0.39;0.4
2016;2;9;40;3;-0.7;-5;-0.9;-3.6;-7.8;0.3;1.2;0.5;3;1.2;107.55;136;33;59;37;85841;0.03;7.87;0.39;0.4
2016;2;10;41;-1.1;-3.7;-6.2;-2.2;-7.5;-10.8;2.3;0.5;0.52;3;1.2;115.8;191;33;82;39;85643;0.64;4.85;0.39;0.4
2016;2;11;42;-1.1;-5.7;-10.5;-10.6;-12.4;-15.5;0.7;0.7;0.52;3;1.2;116.85;242;59;100;71;86270;0.16;0;0.39;0.4
2016;2;12;43;-0.4;-4.5;-10.1;-8.3;-11.5;-16.4;-0.3;0.9;0.51;3;1.2;116.76;244;56;95;43;85675;0.12;0.38;0.39;0.4
2016;2;13;44;2.4;-1.8;-4.9;-2.8;-5.7;-8.4;-0.1;0.9;0.51;3;1.2;117.64;177;36;64;23;85104;0.1;1.68;0.39;0.4
2016;2;14;45;3.9;-1.4;-6.9;-1;-4.1;-9.8;0.3;0.5;0.51;3;1.2;118.78;191;47;74;39;85006;0.07;3.62;0.39;0.4
2016;2;15;46;0.6;-1.9;-6.1;-2.3;-3.4;-7.1;0.1;-0.5;0.5;3;1.2;121.31;183;45;66;32;86527;0.2;4.44;0.39;0.4
2016;2;16;47;-1.2;-2.6;-4;-2.8;-3.6;-4.6;-1;-1;0.52;3;1.2;127.47;84;22;19;10;88000;0.15;4.87;0.39;0.4
2016;2;17;48;2;-1.1;-3.4;-2.1;-3.5;-4.7;-0.2;-0.4;0.52;3;1.2;130.14;153;36;64;35;87160;0.06;1.38;0.38;0.4
2016;2;18;49;2.8;-0.8;-4.2;-2.6;-4.3;-7;-0.1;0;0.51;3;1.2;130.37;253;62;90;58;87034;0.04;0.05;0.38;0.4
2016;2;19;50;-0.5;-2.7;-4.6;-2.9;-5.1;-6.9;1.1;0.2;0.51;3;1.2;131.35;151;38;61;34;87423;0.17;3.07;0.38;0.4
2016;2;20;51;1.5;-3.6;-10.5;-0.7;-7;-13.7;0.7;1.4;0.51;3;1.2;135.26;132;26;72;26;87625;0.11;10.43;0.38;0.4
2016;2;21;52;7;3.7;-2.7;3;0.9;-4.5;1.9;1;0.51;3;1.2;137.02;157;40;85;31;87574;-0.36;2.29;0.39;0.4
2016;2;22;53;8.9;2.5;-4.8;0;-2.9;-7.6;1.1;0.8;0.49;3;1.2;131.27;279;70;95;55;87105;0.12;1.33;0.39;0.4
2016;2;23;54;4.9;1;-4.1;1.1;-0.6;-5.2;1.4;0.2;0.47;3;1.2;129.49;190;38;54;23;86884;0.15;8.54;0.39;0.4
2016;2;24;55;0.3;-3.8;-8;-6.2;-7.8;-9.2;0.2;0.3;0.48;3.1;1.2;131.08;268;71;106;58;87090;0.46;0.46;0.4;0.4
2016;2;25;56;-0.3;-2.4;-3.9;-2.2;-4.2;-7.1;0.2;-0.5;0.49;3.1;1.3;134.92;124;30;26;14;86590;0.07;8.04;0.39;0.4
2016;2;26;57;0.2;-4.4;-9.8;-5;-7.3;-11.7;-0.8;-0.1;0.51;3.1;1.3;139.27;299;75;110;63;86534;0.27;0.28;0.39;0.4
2016;2;27;58;3.8;-4.9;-13.5;-3;-9;-16;-0.4;1.1;0.51;3.1;1.3;138.98;269;71;98;61;86094;0.15;0;0.39;0.4
2016;2;28;59;6.2;-1.5;-7.9;0.4;-4.3;-10.1;-0.4;0.3;0.5;3.1;1.3;138.45;244;53;78;40;86306;-0.01;0.3;0.39;0.4
2016;2;29;60;0;-1.5;-2.6;-1;-2.3;-3.6;0.7;-0.4;0.51;3.1;1.3;144.7;69;17;21;9;86549;0.06;18.19;0.39;0.4
2016;3;1;61;-0.7;-3.4;-6.5;-3.9;-5.6;-8.3;1.2;0;0.53;3.1;1.3;160.46;103;28;67;22;87262;0.29;6.33;0.38;0.4
2016;3;2;62;6;-0.8;-5;-0.4;-3.5;-7;0.5;0.4;0.53;3.1;1.3;164.19;194;40;44;16;86337;0.17;9.34;0.38;0.4
2016;3;3;63;-0.9;-3.9;-5.8;-5.8;-7.4;-9.5;0.9;0.1;0.53;3.1;1.3;171.66;190;48;54;35;85947;0.5;5.45;0.38;0.4
2016;3;4;64;2.5;-3.1;-10.6;-5.3;-8.1;-12.6;-0.3;1;0.53;3.1;1.3;175.14;293;76;102;54;85918;0.21;0.12;0.38;0.4
2016;3;5;65;1.5;-2.2;-5.9;-1.4;-4.7;-9.3;0.3;0.3;0.53;3.1;1.3;179.39;163;41;53;23;85351;0.09;18.52;0.38;0.4
2016;3;6;66;-0.9;-3.7;-11.2;-2.8;-6.6;-13.2;1.1;0.2;0.53;3.2;1.3;195.72;238;66;91;51;85810;0.37;3.31;0.38;0.4
2016;3;7;67;-2;-7.4;-14.3;-7.3;-11.2;-16.6;0.1;0.4;0.53;3.2;1.3;196.57;237;66;71;46;85968;0.24;0.76;0.38;0.4
2016;3;8;68;-2.6;-6.6;-11.3;-6.2;-9.3;-13.3;0.5;0.2;0.53;3.2;1.3;198.17;221;57;52;35;86701;0.12;2.6;0.37;0.4
2016;3;9;69;1.8;-5.1;-12.8;-4.2;-8.8;-14.7;-0.3;0.5;0.53;3.2;1.3;199.43;291;84;99;67;86451;0.08;0.01;0.37;0.4
2016;3;10;70;1.3;-4.5;-14.3;-3.1;-8.3;-17.1;-0.1;0.1;0.52;3.2;1.3;199.34;304;84;84;52;86919;0.11;0.03;0.37;0.4
2016;3;11;71;1.4;-1.3;-4.7;-2.4;-3.3;-5.3;-0.8;-0.4;0.52;3.2;1.3;199.46;200;51;64;18;87578;0.1;0.5;0.37;0.4
2016;3;12;72;1.5;-0.9;-2.6;-1.8;-2.4;-2.8;-1;-0.9;0.51;3.2;1.3;200.05;170;45;52;14;87797;0.19;1.67;0.37;0.4
2016;3;13;73;1;-1.4;-3.1;-2.7;-3.2;-3.7;-1.6;-1;0.5;3.2;1.3;201.41;175;50;42;21;87896;0.39;1.41;0.37;0.4
2016;3;14;74;1.8;-1.7;-5.8;-2.6;-3.9;-7.2;-1.2;-0.4;0.5;3.2;1.3;201.87;265;73;93;46;87914;0.37;0.3;0.37;0.4
2016;3;15;75;-0.1;-4.6;-10.4;-2.5;-6.3;-12.7;-0.1;-0.1;0.5;3.2;1.3;203.73;131;37;77;34;87511;0.1;5.28;0.36;0.4
2016;3;16;76;2.7;-3.2;-8.7;-5.4;-7.4;-11.7;-1.4;-0.1;0.51;3.2;1.3;206.91;339;92;105;63;87470;0.47;0.2;0.36;0.4
2016;3;17;77;4.3;-3.4;-13.1;-2.4;-8.1;-15.9;-0.1;0.7;0.5;3.3;1.3;206.49;354;104;103;75;87777;0.24;0;0.36;0.4
2016;3;18;78;4.6;-2.5;-13;-2.8;-7.7;-15.8;0.4;0.5;0.5;3.3;1.3;205.93;360;107;104;75;87498;0.27;0;0.36;0.4
2016;3;19;79;5;-1.5;-12.6;-0.8;-5.6;-15;0.3;0.2;0.49;3.3;1.3;205.02;367;108;103;74;87383;0.24;0;0.36;0.4
2016;3;20;80;5.1;0;-7.3;0.2;-3;-9.9;0.3;-0.2;0.49;3.3;1.3;203.45;353;106;98;57;87244;0.05;0.04;0.36;0.4
2016;3;21;81;3.8;0.7;-1.8;-1.1;-1.8;-2.3;0.2;-0.8;0.48;3.3;1.3;201.34;282;83;60;25;87178;0.26;0.62;0.36;0.4
2016;3;22;82;2.7;-0.2;-2.3;-2.5;-3.6;-4.3;0;-0.9;0.47;3.3;1.3;200.17;278;83;67;36;86793;0.65;0.84;0.36;0.4
2016;3;23;83;1.6;-1.3;-3.1;-2;-3.4;-4.5;0.2;-0.7;0.46;3.3;1.3;200.4;318;89;71;43;86424;0.52;5.03;0.36;0.4
2016;3;24;84;2;-1;-4.2;-2.7;-4;-6;0.8;-0.4;0.48;3.4;1.4;204.71;276;77;56;37;86959;0.52;3.2;0.36;0.4
2016;3;25;85;2.8;-0.5;-3.9;-0.2;-2.5;-5.9;1;0.3;0.48;3.4;1.4;206.46;179;44;36;18;87160;0.17;9.9;0.36;0.4
2016;3;26;86;8;1.6;-5.3;-0.6;-2.3;-7.1;0.2;0.4;0.49;3.4;1.4;211.69;337;93;103;52;87467;0.34;3.5;0.37;0.4
2016;3;27;87;10;1.3;-6.3;1.4;-2.5;-10.1;0.8;0.1;0.47;3.4;1.4;208.27;345;93;92;49;87054;0.25;6.2;0.37;0.4
2016;3;28;88;8.1;3.1;-2.9;1.7;-0.3;-3.1;0.2;0.4;0.46;3.4;1.4;204.43;393;97;90;49;86695;0.34;0.22;0.38;0.4
2016;3;29;89;6;2.3;-4;0;-2.2;-6.3;1;0.3;0.44;3.4;1.4;199.07;361;106;83;55;87019;0.52;0.7;0.38;0.4
2016;3;30;90;11.4;5.1;-1.6;4.5;0.9;-3.2;0;0.4;0.42;3.4;1.4;192.95;362;100;70;41;87142;0.3;0.61;0.38;0.4
2016;3;31;91;12.5;6;-1.1;3.2;0.6;-2.9;-0.1;1.6;0.41;3.5;1.4;181.4;444;126;92;58;86840;0.5;0.01;0.39;0.4
2016;4;1;92;8.1;4.3;-0.3;5.1;2.4;-2.2;-0.2;-0.1;0.4;3.5;1.4;169.46;294;80;47;23;87227;-0.17;0.8;0.4;0.4
2016;4;2;93;16.3;8.2;-0.8;8.6;3.8;-1.4;-0.5;0.5;0.39;3.5;1.4;154.06;458;141;87;60;87438;0.28;0;0.41;0.4
2016;4;3;94;17.5;9;-0.1;6.3;1.6;-1.5;-0.2;1.1;0.36;3.5;1.4;138.61;448;137;90;52;87178;0.97;0;0.41;0.4
2016;4;4;95;15.5;9.2;2.6;6.8;3.2;0.3;-0.1;0.5;0.34;3.5;1.4;124.6;503;152;85;53;86815;1;0.81;0.42;0.4
2016;4;5;96;16;8.5;1.3;7.7;3.7;-0.7;0;0.4;0.33;3.5;1.4;112.31;385;123;69;42;86750;0.86;1.94;0.42;0.4
2016;4;6;97;8;5.7;2.4;5.4;4.3;2.3;0.4;-0.3;0.32;3.5;1.4;101.51;277;68;50;14;87148;0.53;8.2;0.42;0.41
2016;4;7;98;5.6;3.9;1.3;4;2.6;1;0.2;-0.6;0.31;3.6;1.4;94.77;198;52;15;5;86934;0.49;7.04;0.42;0.41
2016;4;8;99;2.1;0.6;-0.5;0.3;-0.3;-1.1;-0.6;-1;0.34;3.6;1.4;92.8;203;57;19;14;86702;0.84;10.16;0.42;0.41
2016;4;9;100;3.3;1.2;-1.1;1.4;0.2;-1.2;-0.4;-0.8;0.43;3.6;1.4;99.31;190;56;26;11;86467;0.65;7.27;0.42;0.42
2016;4;10;101;7.7;3.9;0.9;1.5;0.6;-0.2;-0.5;-0.3;0.4;3.6;1.4;95.37;353;113;90;46;86839;0.98;0.16;0.42;0.42
2016;4;11;102;11;6.2;-1.2;5.8;2.2;-3.2;-0.3;0.1;0.37;3.6;1.4;88.42;515;158;103;67;86889;0.91;0.82;0.42;0.42
2016;4;12;103;9.3;5.3;-0.2;5;2.3;-1.9;0.2;0.3;0.35;3.6;1.4;81.5;360;125;82;51;86965;0.76;5.15;0.42;0.42
2016;4;13;104;12.8;4.9;0.7;5.7;2.4;-1.2;0.4;0.4;0.33;3.6;1.4;73.84;528;138;88;41;86691;0.98;11.99;0.42;0.42
2016;4;14;105;6.2;3.7;1.3;4.9;2.2;-0.9;0.6;0.1;0.32;3.7;1.5;67.11;333;96;72;31;87029;0.76;6.88;0.42;0.42
2016;4;15;106;9.4;5;-1.4;5.3;1.3;-3.2;0.3;0.3;0.3;3.7;1.5;61.76;357;109;65;38;86797;0.75;0.41;0.42;0.42
2016;4;16;107;12.1;6.8;-0.4;7.6;3.5;-1.9;0.1;0.3;0.28;3.7;1.5;54.9;490;154;77;56;86556;1.06;2.88;0.42;0.42
2016;4;17;108;8.5;4.5;1.5;6.9;3.5;0.3;0.1;-0.2;0.27;3.7;1.5;48.94;308;73;51;15;86779;0.97;23.67;0.42;0.43
2016;4;18;109;5;2.1;0.2;3;1.4;0.1;-0.1;-0.5;0.32;3.7;1.5;49.4;334;70;42;11;87462;1.13;19.66;0.42;0.43
2016;4;19;110;7.4;3.4;-0.4;0;-0.6;-1.7;0.6;-0.6;0.34;3.7;1.5;49.14;428;136;79;39;88037;1.58;1.27;0.43;0.43
2016;4;20;111;10.2;5.8;1.4;1.9;0.6;-1;-0.7;-0.7;0.3;3.8;1.5;45.25;602;201;110;80;88236;1.6;0;0.42;0.43
2016;4;21;112;14.3;8.1;-1.6;6.1;2.4;-3.1;-0.2;0;0.27;3.8;1.5;40.5;631;213;113;83;87870;1.92;0;0.41;0.43
2016;4;22;113;12.1;8.2;3.1;5;2.6;1.1;0.5;-0.3;0.25;3.8;1.5;35.44;461;157;93;45;87338;1.66;0.64;0.41;0.43
2016;4;23;114;8.6;5.2;-1.2;5.2;3;-1.7;0.5;-0.5;0.25;3.8;1.5;31.91;362;85;32;16;86620;1.33;18.44;0.41;0.43
2016;4;24;115;1.4;-1.3;-4.2;-1.8;-3.6;-6.3;0.9;-1.1;0.39;3.8;1.5;37.98;432;130;77;42;86725;1.5;9.02;0.41;0.43
2016;4;25;116;0;-2.9;-6.8;-5.3;-6.8;-8.6;1.4;0;0.49;3.8;1.5;44.62;383;121;80;51;86709;1.14;4.23;0.4;0.43
2016;4;26;117;4.3;-0.2;-4.3;-0.3;-4;-9;0.8;0.2;0.48;3.9;1.5;45.21;308;90;61;29;86197;0.93;9.46;0.4;0.43
2016;4;27;118;0.4;-2.4;-8.6;-2.3;-7.2;-11;1.6;0.1;0.51;3.9;1.5;53.87;403;132;101;60;86642;1.54;3.66;0.39;0.43
2016;4;28;119;2.6;-2.1;-11.6;-3.1;-7.8;-14.4;0.3;0.1;0.5;3.9;1.5;53.19;359;118;88;53;87092;1.16;0.54;0.39;0.43
2016;4;29;120;5.9;3;-1.3;0.1;-2.5;-5.7;-0.4;0;0.47;3.9;1.6;50.22;450;146;86;61;87385;1.27;0.47;0.38;0.43
2016;4;30;121;10.1;5;-3;2.8;-0.8;-5;-0.3;0;0.4;3.9;1.6;44.85;516;168;98;62;87170;1.64;0.78;0.38;0.42
2016;5;1;122;4.2;3;2.2;4.1;2.4;1.2;0.7;-0.5;0.34;3.9;1.6;41.45;132;35;14;5;87253;0.34;16.35;0.39;0.42
2016;5;2;123;7;4.2;1.3;4.5;2.7;1;0.1;-0.4;0.32;4;1.6;39.58;273;86;43;20;87693;1.01;5.14;0.4;0.42
2016;5;3;124;8.7;4;0.6;5.6;2.6;-0.1;1.3;0.1;0.29;4;1.6;35.35;468;145;65;29;87706;1.87;15.06;0.4;0.42
2016;5;4;125;6.2;2.8;-1;2.3;-1.4;-3.7;-0.1;-0.5;0.29;4;1.6;33.37;506;159;81;56;88133;1.89;2.05;0.41;0.42
2016;5;5;126;11.4;5.1;-0.8;3.9;0.2;-2.6;-1.3;-0.1;0.27;4;1.6;30.4;591;211;99;78;87832;1.83;0;0.4;0.42
2016;5;6;127;14.5;7.9;-1.7;5;1.3;-3.5;-0.4;0.2;0.26;4;1.6;25.68;660;226;110;80;87433;2.48;0.01;0.4;0.42
2016;5;7;128;14.4;8.7;-0.1;4.2;1.4;-2;-0.6;0.2;0.25;4;1.6;20.04;631;224;103;78;87114;2.66;0.18;0.4;0.42
2016;5;8;129;15.1;9;-0.5;6;2.5;-1.8;-0.8;0.4;0.23;4.1;1.6;14.38;640;224;101;77;87103;2.8;0.4;0.4;0.42
2016;5;9;130;16.5;9.9;1.4;8.5;3.8;-0.9;-0.5;0.7;0.21;4.1;1.6;9.33;531;192;89;66;87232;2.48;0.09;0.39;0.42
2016;5;10;131;16.4;9.4;3.7;10.7;6.5;2.4;-0.1;0.9;0.18;4.1;1.6;5.18;474;142;68;44;87025;1.92;7.1;0.39;0.42
2016;5;11;132;17.8;9.9;1.7;10.6;6.5;1.1;-0.7;0.8;0.15;4.1;1.6;2.42;701;197;98;61;86413;2.76;0.88;0.39;0.42
2016;5;12;133;8.1;6.1;4.9;7;5;3.4;0.9;1.1;0.13;4.1;1.6;1.27;103;35;30;14;85890;1.21;17.31;0.39;0.42
2016;5;13;134;7.6;6;4.5;7;5.6;3.3;1.3;0.5;0.13;4.1;1.7;0.86;147;47;10;5;86000;1.34;23.62;0.4;0.42
2016;5;14;135;9.1;5.7;2.5;6.2;4.7;2.3;0.9;-0.1;0.12;4.2;1.7;0.52;415;87;53;15;86685;2.16;30.13;0.42;0.42
2016;5;15;136;5.9;2.5;0.3;1.4;-0.4;-2.3;1.2;-0.6;0.14;4.2;1.7;0.98;576;162;77;38;87432;2.78;5.26;0.42;0.42
2016;5;16;137;6.6;2.6;-0.9;2.2;-0.3;-2.5;1.4;0;0.15;4.2;1.7;1.22;563;180;64;46;87578;2.62;7.05;0.42;0.42
2016;5;17;138;8.6;4.4;0.4;5.2;2.2;-0.3;0.7;-0.2;0.14;4.2;1.7;1.07;625;201;82;48;87558;2.95;5.15;0.41;0.42
2016;5;18;139;12.6;7;-0.8;5.5;2.1;-1.5;0;0.2;0.13;4.2;1.7;0.4;630;215;94;62;87154;2.94;0.26;0.41;0.42
2016;5;19;140;5.3;3.9;2.7;5;3.3;1.8;0.8;0.3;0.14;4.2;1.7;0.97;164;42;46;12;87072;1.13;19.92;0.41;0.42
2016;5;20;141;12;7.5;2.9;6.2;3.7;2.2;0.3;-0.1;0.14;4.2;1.7;0.87;459;159;79;36;87836;2.58;0.99;0.41;0.42
2016;5;21;142;18.3;10.9;0.3;9.5;5.2;-0.4;-0.4;0.2;0.12;4.2;1.7;0.22;786;281;120;85;87755;4.02;0.02;0.41;0.42
2016;5;22;143;22.8;13.9;3.5;14;8.2;2.9;0.1;0.5;0.12;4.2;1.7;0.02;782;281;121;81;87197;4.66;2.92;0.4;0.42
2016;5;23;144;9.3;5.5;2.5;8.3;5.2;2.3;1.1;-0.2;0.13;4.3;1.7;0.39;216;68;28;15;87090;2.09;24.12;0.4;0.42
2016;5;24;145;7.6;5.1;2.4;5.3;4;1.9;1.1;0.1;0.15;4.3;1.7;1.43;204;56;19;8;87201;1.53;11.1;0.42;0.42
2016;5;25;146;14.6;10.1;4.7;8;6.1;4.4;-0.5;-0.5;0.13;4.3;1.7;0.56;690;224;93;59;87316;3.07;0.38;0.41;0.42
2016;5;26;147;17.3;11.6;3.2;10.6;6.8;2.4;-0.4;0.2;0.12;4.3;1.7;0.11;656;234;104;68;87517;3.46;0.79;0.4;0.42
2016;5;27;148;20;13.2;4.2;13.3;8.8;3.5;0.1;0.3;0.12;4.3;1.7;0;730;234;97;63;87518;3.76;1.47;0.4;0.42
2016;5;28;149;17.6;12.7;7.4;13.1;10.3;6.7;-0.3;0.5;0.12;4.3;1.7;0;640;184;78;49;87299;2.92;3.83;0.39;0.42
2016;5;29;150;15.9;11.3;7.3;12.3;9.9;6.4;0.2;0.4;0.12;4.3;1.7;0;428;146;65;43;86690;2.95;28.77;0.4;0.42
2016;5;30;151;13.8;9.7;6.3;9.8;8.1;6.2;0.3;0.5;0.12;4.3;1.7;0;485;137;65;34;86807;2.71;15.09;0.41;0.42
2016;5;31;152;13.5;9.7;4.8;8.2;6.8;4.5;-0.4;0.3;0.12;4.3;1.7;0;446;158;79;46;87117;2.8;5.25;0.41;0.42
2016;6;1;153;13.6;9.5;5.8;10;8;5.7;0.4;0.3;0.12;4.3;1.7;0;492;160;76;38;87278;2.89;12.63;0.41;0.42
2016;6;2;154;12.3;9;4.4;10;7.7;4;0;0.2;0.12;4.3;1.7;0;406;140;58;42;87102;2.78;6.6;0.41;0.42
2016;6;3;155;14.4;10.1;6.1;10.9;8.2;5.2;0.2;0.2;0.12;4.4;1.8;0;518;178;61;42;87070;2.97;8.63;0.41;0.42
2016;6;4;156;15.7;10.1;4.7;11.3;8.2;4.6;0.1;0.1;0.12;4.4;1.8;0;614;186;87;43;87235;2.93;14.69;0.41;0.42
2016;6;5;157;13.6;10.3;6.3;11.6;9.2;6;0.3;0.1;0.12;4.4;1.8;0;461;152;63;37;87572;2.89;14.16;0.42;0.42
2016;6;6;158;18.2;12.2;6.5;12.2;9.1;6.4;-0.6;0.1;0.12;4.4;1.8;0;746;249;99;61;87869;3.92;1.1;0.42;0.42
2016;6;7;159;18.7;13.3;5.5;12;8.7;5;-0.1;0;0.12;4.4;1.8;0;694;250;103;73;88041;4;0.86;0.41;0.42
2016;6;8;160;13.6;11.1;7.4;11.8;9.8;6.3;0.4;0.3;0.12;4.4;1.8;0;336;109;52;33;87791;2.15;10.93;0.4;0.42
2016;6;9;161;10.8;9.4;6;10.5;9;5.8;0.5;-0.3;0.12;4.4;1.8;0;153;53;46;13;87498;1.58;21.29;0.42;0.42
2016;6;10;162;16.5;10.9;2.9;8.7;5.6;2.7;0;0;0.12;4.4;1.8;0;790;278;113;73;87279;4.44;0;0.42;0.42
2016;6;11;163;13.2;10.1;7.3;11;8.6;6;0.4;0.6;0.12;4.4;1.8;0;321;95;60;35;87133;1.81;8.87;0.41;0.42
2016;6;12;164;14.6;10.3;5.2;9.1;6.8;4.2;1.2;0.2;0.12;4.4;1.8;0;616;202;86;53;87075;3.4;3.64;0.41;0.42
2016;6;13;165;13.4;10.4;8.1;8.9;7.8;6.4;0.9;0.1;0.12;4.4;1.8;0;506;152;69;36;86650;2.91;7.03;0.41;0.42
2016;6;14;166;14.4;10.1;7.5;9.8;8.3;6.9;0.6;0;0.12;4.4;1.8;0;599;167;77;33;86391;3.27;17.66;0.41;0.42
2016;6;15;167;13.8;9.8;5.2;8.9;6.7;4.5;0.1;0.1;0.12;4.5;1.8;0;567;197;78;52;86423;3.56;7.22;0.41;0.42
2016;6;16;168;16.7;11.8;7.7;10.6;9.1;7.2;0.3;-0.6;0.12;4.5;1.8;0;605;194;87;36;86412;3.33;12.48;0.41;0.42
2016;6;17;169;14.1;9.3;6.2;8.2;6.9;5.4;0.8;0.2;0.12;4.5;1.8;0;750;177;103;43;87043;3.67;15.46;0.42;0.42
2016;6;18;170;13.6;9.5;4;9.5;6.7;3.1;0.1;0.2;0.12;4.5;1.8;0;566;202;84;60;87699;3.48;7.45;0.42;0.42
2016;6;19;171;10.2;8.1;6.1;8.4;7;5.5;0.4;0.1;0.12;4.5;1.8;0;320;88;54;22;88004;2.02;15.03;0.42;0.42
2016;6;20;172;13.7;10.3;6.5;9.1;6.9;5.9;0.1;-0.3;0.12;4.5;1.8;0;436;161;86;37;88049;2.83;1.49;0.42;0.42
2016;6;21;173;15.6;12.5;8.5;12.6;10.2;7;0;0;0.12;4.5;1.8;0;267;97;50;23;88210;1.64;0.88;0.42;0.42
2016;6;22;174;21.8;16.6;9;15.5;12.5;8.9;-0.3;-0.1;0.12;4.5;1.8;0;713;260;101;68;88418;4.28;0.16;0.41;0.42
2016;6;23;175;25.9;18.5;7.6;16.6;12.3;6.9;-0.4;0.3;0.12;4.5;1.8;0;822;309;132;99;88240;5.48;0;0.4;0.42
2016;6;24;176;25;18.6;9.5;18.2;13.5;8.7;0.5;0.2;0.12;4.5;1.8;0;802;293;119;84;87924;5.12;0.02;0.39;0.42
2016;6;25;177;21.4;15.9;11.4;15.5;13.1;10.6;0.7;0;0.12;4.5;1.8;0;658;206;80;50;87519;3.75;14.56;0.39;0.42
2016;6;26;178;11.7;11;9.9;11.4;10.4;9.6;-0.3;-0.8;0.12;4.5;1.8;0;121;35;18;7;87793;1.45;9.4;0.39;0.42
2016;6;27;179;14;11.4;8.7;10.1;8.3;6;0.6;-0.4;0.12;4.5;1.8;0;627;208;79;48;87995;3.67;6.1;0.4;0.42
2016;6;28;180;18.1;13.7;6.9;11.5;8;5.4;0;-0.1;0.12;4.5;1.8;0;706;269;106;76;87844;4.35;0;0.39;0.42
2016;6;29;181;18.9;15;10.5;14.1;11.7;8.8;0;0.2;0.12;4.5;1.8;0;565;184;68;47;87641;3.02;1.37;0.38;0.42
2016;6;30;182;16.8;14.2;10.7;14.2;12.6;9.7;0;0.3;0.12;4.5;1.9;0;410;141;70;43;87653;2.6;5.99;0.38;0.42
2016;7;1;183;19.9;15.3;9;15.3;11.7;8.9;-0.2;0.2;0.12;4.6;1.9;0;654;225;83;54;87826;3.96;0.47;0.38;0.42
2016;7;2;184;17.7;13.5;9.9;15.4;12.4;9.7;0.6;-0.2;0.12;4.6;1.9;0;432;139;54;30;87738;3.06;21.28;0.38;0.42
2016;7;3;185;12.8;10.7;8.7;9.2;7.5;6.4;-0.2;-0.4;0.12;4.6;1.9;0;277;82;44;19;88058;2.08;1.19;0.39;0.42
2016;7;4;186;17.4;13.4;8.7;11.4;9.4;7.3;-0.5;-0.3;0.12;4.6;1.9;0;594;183;86;55;88051;2.85;0.02;0.38;0.42
2016;7;5;187;18.6;13.9;7.4;12.6;10.3;6.6;0.8;0.3;0.12;4.6;1.9;0;538;212;86;61;87807;3.76;4.74;0.38;0.42
2016;7;6;188;15.1;12.5;9.8;11.1;9.6;7.8;0.7;-0.8;0.12;4.6;1.9;0;534;201;81;50;87966;3.5;3.17;0.38;0.42
2016;7;7;189;18.9;14.3;7.7;11.6;9.1;7;-0.1;-0.4;0.11;4.6;1.9;0;775;285;108;82;88059;4.47;0;0.37;0.42
2016;7;8;190;21.4;15.9;7.6;12.1;9.9;6.5;0.7;0.2;0.11;4.6;1.9;0;725;260;106;75;87946;4.67;0.39;0.37;0.42
2016;7;9;191;19.5;16;10.8;13.1;11.2;9.1;0.8;0;0.11;4.6;1.9;0;626;208;88;57;88112;3.78;0.72;0.36;0.42
2016;7;10;192;24.7;18.3;9.4;18.2;13.6;8.7;-0.2;0.5;0.11;4.6;1.9;0;797;274;110;76;87765;4.74;0.68;0.35;0.41
2016;7;11;193;24.4;18.6;12.3;17.4;14.6;11.3;0.1;0.6;0.11;4.6;1.9;0;680;218;89;56;87615;4.14;5.23;0.35;0.41
2016;7;12;194;15.5;13.9;11.9;14.9;13.6;11.4;0;-0.4;0.11;4.6;1.9;0;305;70;39;17;87454;2.03;35.92;0.36;0.41
2016;7;13;195;11.8;9.9;6.2;10.8;8.9;5.9;1;0;0.11;4.6;1.9;0;236;75;43;20;87406;2.9;29.22;0.38;0.41
2016;7;14;196;8.9;6.6;3.8;7.6;5.5;3.6;1.3;0.4;0.12;4.6;1.9;0.02;400;100;72;27;87681;2.81;18.74;0.4;0.41
2016;7;15;197;11.6;7.9;4.7;8.1;6.1;4.1;0.8;-0.3;0.11;4.6;1.9;0.01;626;194;69;36;88247;3.55;8.3;0.41;0.41
2016;7;16;198;12.5;9.5;6.9;6.5;4.4;2.8;0.2;-0.3;0.11;4.6;1.9;0;497;184;75;49;88391;3.36;0.31;0.41;0.41
2016;7;17;199;17.3;12.4;5.9;12.7;8.4;3.8;0.4;0.3;0.11;4.6;1.9;0;502;181;85;52;88258;2.92;0.5;0.4;0.41
2016;7;18;200;19.4;14.7;8.2;14.5;11.5;7.2;0.2;0.1;0.11;4.6;1.9;0;662;232;87;63;88264;3.68;2.36;0.4;0.41
2016;7;19;201;21.4;16.5;9.3;14.6;12;8.6;-0.4;0;0.11;4.6;1.9;0;680;261;107;74;88195;4.51;0.22;0.39;0.41
2016;7;20;202;23.7;17.6;9.4;17.1;12.2;8.3;0.1;0.3;0.11;4.6;1.9;0;796;289;116;87;87940;5.18;0;0.39;0.41
2016;7;21;203;21.7;15.8;10.5;15.5;13.3;9.5;0.3;0.5;0.11;4.6;1.9;0;732;194;91;56;87805;3.66;7.72;0.38;0.41
2016;7;22;204;21.1;16.2;11.4;15.9;13.6;10.7;-0.4;0.2;0.11;4.6;1.9;0;651;189;95;54;87715;3.34;2.78;0.38;0.41
2016;7;23;205;19.2;14.9;10.2;15.7;13.4;10;0;0.2;0.11;4.6;1.9;0;499;144;60;40;87827;2.73;4.74;0.38;0.41
2016;7;24;206;20.1;15.3;9.2;16;12.7;9.1;0;0.1;0.11;4.6;1.9;0;539;201;72;52;87982;3.37;2.14;0.38;0.41
2016;7;25;207;18.9;15.3;11.7;16.4;14;10.8;0.3;0.3;0.11;4.6;1.9;0;530;158;57;41;88015;3.02;10.99;0.38;0.41
2016;7;26;208;19.5;15.1;11.3;15.2;13.3;11.3;0.2;0.1;0.11;4.6;1.9;0;662;182;78;41;88034;3.53;9.47;0.38;0.41
2016;7;27;209;18.3;14.2;10.8;14.7;12.6;10.3;0.4;0.4;0.11;4.6;1.9;0;528;159;72;44;87883;3.03;11.47;0.39;0.41
2016;7;28;210;18.1;14.4;9.8;13.2;11.7;9.6;0.1;0.1;0.11;4.6;1.9;0;586;183;85;51;87848;3.24;1.63;0.39;0.41
2016;7;29;211;18.8;15.2;10.6;13.8;12;9.5;0.4;0.3;0.11;4.6;1.9;0;619;192;72;53;87764;3.18;0.88;0.39;0.41
2016;7;30;212;21.7;16.3;10;16.3;12.8;9.2;0.1;0.5;0.11;4.6;1.9;0;620;219;86;61;87688;3.8;2.21;0.38;0.41
2016;7;31;213;17;14;11.3;14.8;12.8;10.2;0.4;0.4;0.11;4.5;1.9;0;263;87;50;33;87572;2.18;18.02;0.38;0.41
2016;8;1;214;15.1;12.4;9.9;11.2;9.3;6.6;0.3;-0.4;0.11;4.5;1.9;0;500;143;72;42;87934;2.86;1.65;0.39;0.41
2016;8;2;215;18.4;13.4;7.2;11.2;9.2;6.4;0.7;0.1;0.11;4.5;1.9;0;651;172;71;47;87934;3.08;1.59;0.39;0.41
2016;8;3;216;21.2;16.5;11.7;14.8;12.6;10.7;0.2;0.2;0.11;4.5;1.9;0;715;221;104;56;87817;3.89;0.28;0.38;0.41
2016;8;4;217;21.6;16.8;11.3;14.8;12.5;10.4;0;0.1;0.11;4.5;1.8;0;564;204;92;58;87522;3.98;11.8;0.38;0.41
2016;8;5;218;11.5;9.7;8;11.1;8.9;5.7;0.5;0.3;0.11;4.5;1.8;0;99;24;34;16;87811;1.68;52.9;0.41;0.41
2016;8;6;219;14.7;11.2;6.7;9.9;7.8;4.8;0.3;-0.2;0.11;4.5;1.8;0;419;147;58;40;88480;2.66;1.36;0.42;0.41
2016;8;7;220;18.5;13.6;7;10.2;8.6;7;-0.3;0;0.11;4.5;1.8;0;716;250;115;78;88642;4.03;0;0.41;0.41
2016;8;8;221;20.7;15.3;6.8;12.6;10;5.7;0.6;0.1;0.11;4.5;1.8;0;746;254;112;82;88215;4.2;0.2;0.4;0.41
2016;8;9;222;13.5;11.5;9.1;12.6;10.8;7.8;0.4;-0.4;0.11;4.5;1.8;0;157;40;35;14;87936;1.4;26.83;0.41;0.41
2016;8;10;223;10.6;8.3;5.5;8.3;7;4.8;0.6;-0.5;0.11;4.5;1.8;0;469;141;54;34;87817;4.01;19.37;0.42;0.41
2016;8;11;224;11.3;7.9;3.3;7.5;4.8;3.1;0.6;-0.1;0.11;4.5;1.8;0;581;191;84;59;88167;3.04;1.94;0.42;0.41
2016;8;12;225;10.8;8.7;6.6;10;7.2;3.6;0.6;0.8;0.11;4.5;1.8;0;107;27;34;14;88471;0.85;5.18;0.42;0.41
2016;8;13;226;20.4;13.6;4.1;14.1;9.9;3.8;0.2;0.2;0.11;4.5;1.8;0;757;250;113;74;88449;4.03;0.01;0.41;0.41
2016;8;14;227;21.7;15.3;7.6;15.8;11.7;6.7;0.2;0.3;0.11;4.5;1.8;0;726;239;106;72;88320;3.81;0.6;0.41;0.41
2016;8;15;228;19.9;14.5;9.7;14.6;12.5;8.8;0.1;0.4;0.11;4.5;1.8;0;600;175;81;55;88117;2.94;5.79;0.4;0.41
2016;8;16;229;19.7;14.1;7.7;14.3;10.8;7.4;0.5;0.1;0.11;4.5;1.8;0;613;207;96;57;87737;3.7;5.23;0.4;0.41
2016;8;17;230;17.2;13.3;9.2;13;11.2;8.5;0.3;0.1;0.11;4.4;1.8;0;532;164;84;56;87398;2.69;2.44;0.4;0.41
2016;8;18;231;18.7;13.7;9.7;11.4;9.9;8.6;0.7;0.3;0.11;4.4;1.8;0;596;180;89;53;87248;3.32;4.91;0.4;0.41
2016;8;19;232;18.8;14.2;9.9;13.5;11.3;9.1;0;0.1;0.11;4.4;1.8;0;583;189;82;54;87390;3.17;1.37;0.4;0.41
2016;8;20;233;21.3;14.8;10.8;15.3;12.7;9.9;0.1;-0.1;0.11;4.4;1.8;0;668;145;89;36;87624;2.66;37.57;0.4;0.41
2016;8;21;234;12.9;10.9;7.8;12.1;8.8;6;1;0;0.11;4.4;1.8;0;351;102;67;37;88085;2.62;13.16;0.42;0.41
2016;8;22;235;14.6;10.8;6.2;7.4;6.2;5;0.5;0;0.11;4.4;1.8;0;527;176;77;58;88637;2.96;0.21;0.42;0.41
2016;8;23;236;20.5;14.4;7.2;13.3;9.7;5.7;-0.6;0.1;0.11;4.4;1.8;0;716;240;109;81;88667;3.76;0;0.41;0.41
2016;8;24;237;23.1;16.1;8.1;15.3;12;7.1;-0.8;0.1;0.11;4.4;1.8;0;722;241;119;89;88360;3.87;0;0.4;0.41
2016;8;25;238;24;16.8;7.6;17.4;13;6.9;-0.2;0.3;0.11;4.4;1.8;0;728;249;125;93;88058;3.8;0;0.4;0.41
2016;8;26;239;24.7;17.8;9.4;18.4;14;8.6;0.4;0.4;0.11;4.4;1.8;0;708;234;108;81;88091;3.85;0;0.39;0.41
2016;8;27;240;24.4;18.2;9.9;18.1;14.6;9.3;0;0.4;0.11;4.4;1.8;0;664;210;110;73;88094;3.47;0.01;0.38;0.41
2016;8;28;241;23.3;17.6;12.3;15.6;13.4;11;0.5;0.9;0.11;4.4;1.8;0;638;201;97;67;88017;3.57;0.65;0.38;0.41
2016;8;29;242;16.9;14.3;12.3;14.4;12.6;10.9;0.3;0.3;0.11;4.3;1.8;0;396;107;55;39;88039;2.11;9.77;0.38;0.41
2016;8;30;243;17.9;14.4;11;12.4;11.6;10.6;-0.9;-0.3;0.1;4.3;1.8;0;477;150;66;48;88208;2.83;0.84;0.38;0.41
2016;8;31;244;20.1;14.9;8.6;15.1;12.3;7.7;0.2;0.3;0.1;4.3;1.8;0;556;179;85;62;88119;2.77;1.81;0.37;0.41
2016;9;1;245;17.9;13.9;10.2;15;12.5;9.8;0.4;0.4;0.1;4.3;1.8;0;477;137;73;44;88284;2.79;14.74;0.38;0.41
2016;9;2;246;19.1;14.6;8.8;13.1;10.8;8.5;0;0.2;0.1;4.3;1.7;0;547;181;86;62;88174;3.16;0.26;0.38;0.41
2016;9;3;247;20.1;14.9;9.1;13.1;10.8;8.1;0.4;0.3;0.1;4.3;1.7;0;627;197;99;72;88065;3.19;0.01;0.37;0.41
2016;9;4;248;20.1;14.4;8.5;13.7;10.9;7.5;0.9;0.7;0.1;4.3;1.7;0;504;151;88;56;87804;2.92;6.71;0.37;0.41
2016;9;5;249;12.8;10.7;9.2;10.2;7.9;6.4;1.8;0;0.1;4.3;1.7;0;458;124;68;36;87998;3.04;7.44;0.37;0.41
2016;9;6;250;13.7;10.9;8.5;12.1;9.2;7.3;-0.1;-0.3;0.1;4.3;1.7;0;429;114;86;32;88380;2.17;5.91;0.38;0.41
2016;9;7;251;20.9;13.7;5.5;14.4;10.2;5.5;-0.4;0;0.1;4.3;1.7;0;674;216;114;82;87935;3.1;0;0.37;0.41
2016;9;8;252;20.8;14.6;7.4;12.6;10.1;6.1;0.5;0.6;0.1;4.3;1.7;0;655;196;109;74;87690;3.27;0.01;0.37;0.41
2016;9;9;253;19;14.6;9.5;13.1;11;8.7;-0.3;0.3;0.1;4.3;1.7;0;569;159;86;56;87849;2.62;0.4;0.37;0.41
2016;9;10;254;19.9;14.7;8.9;15.1;12.2;7.8;0.2;0.4;0.1;4.2;1.7;0;560;163;93;58;87802;2.36;1.95;0.36;0.41
2016;9;11;255;19.3;14.4;9.3;14.6;12.2;8.6;-0.1;0.5;0.1;4.2;1.7;0;558;155;116;60;87950;2.38;4.9;0.36;0.41
2016;9;12;256;21.9;15.1;7.6;15.4;10.8;6.7;0.1;0.6;0.1;4.2;1.7;0;634;188;109;75;87976;3.15;0.14;0.36;0.41
2016;9;13;257;21.8;15.4;8.2;13.8;10.9;7.3;-0.3;0.5;0.1;4.2;1.7;0;626;188;112;79;87755;3.12;0;0.36;0.41
2016;9;14;258;21.1;14.9;7.8;13.9;10.6;6;-0.2;0.5;0.1;4.2;1.7;0;588;179;99;75;87499;2.89;0.05;0.35;0.41
2016;9;15;259;20.8;14.3;7.8;14.5;10.7;5.7;0.1;0.8;0.1;4.2;1.7;0;532;150;97;71;87352;2.41;1.63;0.35;0.41
2016;9;16;260;16.9;12.6;9.8;11.7;10.6;9.7;0.2;-0.4;0.1;4.2;1.7;0;518;133;98;43;87424;2.48;24.82;0.35;0.41
2016;9;17;261;11.3;9.3;7.8;9.4;8.2;7.2;1.1;0.3;0.1;4.2;1.7;0;250;65;37;20;87383;2.23;22;0.38;0.41
2016;9;18;262;12.2;9.5;7.7;8.7;7.9;7.3;1.1;0.2;0.1;4.1;1.7;0;315;90;50;28;87190;2.08;13.17;0.38;0.41
2016;9;19;263;8.5;8.1;7.7;8.4;7.8;7.4;1.1;-0.1;0.1;4.1;1.7;0;101;25;13;4;87503;1.32;17.68;0.4;0.41
2016;9;20;264;10.7;8.5;7.5;7.8;7.1;6.1;-0.4;-0.8;0.1;4.1;1.7;0;274;65;59;16;87573;1.55;2.17;0.4;0.41
2016;9;21;265;11.6;8.9;6.8;6.6;6.1;5.7;-0.9;-0.8;0.1;4.1;1.6;0;309;96;51;28;87627;1.58;0.6;0.4;0.41
2016;9;22;266;14.5;10;5.3;6.6;5.9;5.2;-0.3;-0.2;0.1;4.1;1.6;0;625;177;123;76;87966;2.31;0;0.4;0.41
2016;9;23;267;13.6;9.6;4.3;8.3;6.4;3.1;0.5;0.2;0.1;4;1.6;0;415;123;85;54;88325;1.67;0.6;0.39;0.41
2016;9;24;268;16.7;10.7;5.2;10;7.7;5;-0.4;0.2;0.09;4;1.6;0;609;174;118;75;88321;2.26;0;0.39;0.41
2016;9;25;269;16.6;10.6;3.5;9.8;7.3;2.7;0.2;0.3;0.09;4;1.6;0;568;149;105;65;88030;2.02;0.09;0.39;0.41
2016;9;26;270;15.7;10.3;4.1;8.8;6.8;3.9;-0.3;0.2;0.09;4;1.6;0;546;151;101;66;88044;2.13;0.01;0.38;0.41
2016;9;27;271;14.6;10.1;6.5;9.2;7.4;5.5;0.1;0.1;0.09;4;1.6;0;488;131;96;58;88376;1.91;1.52;0.38;0.41
2016;9;28;272;16.7;10.4;4.6;9;6.9;4.3;0.6;0.6;0.09;4;1.6;0;569;163;113;70;88706;2.21;0;0.38;0.4
2016;9;29;273;18.8;11.5;4.8;11;7.3;4.2;0.2;0.7;0.09;3.9;1.6;0;575;164;116;78;88259;2.39;0;0.37;0.4
2016;9;30;274;17;11.1;5.4;9.6;7.4;4.8;0.1;0.7;0.09;3.9;1.6;0;508;132;92;62;87722;1.94;0.45;0.37;0.4
2016;10;1;275;15.9;10.9;5.7;10.2;7.7;4.6;0.1;0.3;0.09;3.9;1.6;0;431;116;81;50;87331;1.73;3.31;0.37;0.4
2016;10;2;276;9.7;8.3;5.6;9.2;7.6;3.6;0.2;0;0.09;3.9;1.6;0;95;24;41;18;87512;1.16;13.71;0.37;0.4
2016;10;3;277;8.8;5.3;2.6;4.2;2.7;0.6;1.4;0.2;0.09;3.9;1.6;0;465;104;78;53;88161;1.82;4.06;0.38;0.4
2016;10;4;278;7.3;5;3.3;4.7;3.8;2.7;0;-0.8;0.09;3.8;1.5;0;319;65;40;19;88413;1.63;4.9;0.38;0.4
2016;10;5;279;4.8;3.1;1.1;3.5;-0.3;-3.7;-1;-1.1;0.09;3.8;1.5;0;341;87;82;40;88139;1.71;0.82;0.38;0.4
2016;10;6;280;6.1;2.8;0.1;1.6;-0.5;-3.7;-0.1;-0.5;0.09;3.8;1.5;0;368;99;77;50;87494;0.96;0.08;0.38;0.4
2016;10;7;281;6.9;4;1.6;3.6;2.3;0.8;-0.1;-0.6;0.09;3.8;1.5;0;237;57;47;24;87399;0.83;1.21;0.37;0.4
2016;10;8;282;4.2;3.3;2;3.5;2.6;0.7;0;-0.6;0.09;3.8;1.5;0.02;146;40;34;17;87614;1.18;5.39;0.38;0.4
2016;10;9;283;6.2;2.7;-0.3;0.7;-0.2;-1.5;-0.5;-0.4;0.09;3.7;1.5;0.23;398;102;72;42;87788;1.57;1.72;0.38;0.4
2016;10;10;284;4.3;2;0.3;0.6;-0.2;-1.2;-0.6;-0.8;0.12;3.7;1.5;1.22;326;82;60;40;87666;1.09;1.53;0.37;0.4
2016;10;11;285;4.1;1;-1.7;1.9;-0.4;-2.2;-0.3;-0.6;0.12;3.7;1.5;1.22;369;96;75;46;87279;1.14;3.9;0.37;0.4
2016;10;12;286;5.4;1.2;-2;-0.4;-1.9;-2.8;-0.7;-0.3;0.13;3.7;1.5;1.52;382;103;90;61;87282;1.32;0.53;0.37;0.4
2016;10;13;287;10;3.9;-0.7;2.6;-0.1;-2.8;-0.8;0.4;0.12;3.7;1.5;1.13;417;115;103;68;87019;1.07;0;0.37;0.4
2016;10;14;288;12.6;6.9;1.2;8.8;3.8;-1.1;-0.4;1.7;0.11;3.6;1.5;0.68;277;72;58;44;86766;0.84;1.31;0.37;0.4
2016;10;15;289;10;7.4;4.7;7.4;5.7;3.6;0.1;0.6;0.09;3.6;1.5;0.34;218;50;43;20;87376;0.83;1.85;0.37;0.4
2016;10;16;290;14.8;7.8;2.2;8.9;5.3;1.9;-0.3;0.6;0.09;3.6;1.5;0.16;494;130;115;71;87986;1.41;0;0.37;0.4
2016;10;17;291;13.7;7.4;1.6;7.1;4.5;1;0.3;0.5;0.09;3.6;1.4;0.06;387;97;89;45;88099;1.22;5.89;0.37;0.4
2016;10;18;292;8.5;6.1;2.7;7.5;5.5;2.5;0.6;0.5;0.09;3.6;1.4;0;270;53;69;23;88008;1.31;10.08;0.38;0.4
2016;10;19;293;6.3;3.9;2.1;4.9;3.1;1.8;0.7;0.4;0.08;3.6;1.4;0.01;210;48;39;22;87584;1.21;6.32;0.38;0.4
2016;10;20;294;5.9;2.7;-0.1;1.7;-0.3;-2;0.7;0.2;0.09;3.6;1.4;0.27;344;89;93;60;87198;1.37;0.87;0.38;0.4
2016;10;21;295;4;1;-1.1;1.7;-0.7;-3.4;0.5;0.3;0.1;3.6;1.4;0.47;260;68;68;46;87130;1.06;5.09;0.38;0.4
2016;10;22;296;6.9;1.9;-4.3;0.9;-1.2;-5.1;0.1;0.3;0.1;3.6;1.4;0.71;443;111;102;76;87161;1.21;0.12;0.38;0.4
2016;10;23;297;11;4.4;-1.5;5.6;0.7;-3.9;-0.3;0.9;0.1;3.5;1.4;0.48;381;84;90;54;87112;0.82;1.8;0.38;0.4
2016;10;24;298;15.5;7.8;0.9;9.4;4.8;-0.2;-0.2;1.6;0.09;3.5;1.4;0.25;401;99;89;52;87457;1.24;0;0.38;0.4
2016;10;25;299;11.6;8;5.1;10.2;7.3;4;0;0.2;0.09;3.5;1.4;0.09;187;36;39;13;87978;0.52;11.53;0.38;0.4
2016;10;26;300;8.8;7.1;5.8;7.6;6.9;5.6;-0.3;-0.7;0.08;3.5;1.4;0.04;175;28;21;5;88333;0.62;4.89;0.39;0.4
2016;10;27;301;8.5;5.7;3.6;5.4;3.8;2.6;0.2;-0.5;0.08;3.5;1.4;0;296;70;87;43;88799;1.12;0.65;0.39;0.4
2016;10;28;302;12.5;5.8;-0.6;6.3;2.4;-2;0.3;0.4;0.08;3.5;1.4;0;437;110;121;79;88926;1.05;0;0.39;0.4
2016;10;29;303;9.5;5.5;2.6;5.9;3.4;0.5;0.2;0;0.08;3.5;1.4;0;251;59;73;38;88811;0.53;0.26;0.38;0.4
2016;10;30;304;10.3;5;1.3;4.6;3;0.8;-0.2;0;0.08;3.5;1.4;0;397;95;108;60;88500;0.9;0.02;0.38;0.4
2016;10;31;305;10.8;4.9;-0.1;5.5;2.5;-0.8;-0.4;0.3;0.08;3.5;1.4;0;390;98;107;71;88309;0.84;0;0.38;0.4
2016;11;1;306;13.1;5.2;-1.4;5.5;1.6;-2.7;0.4;0.8;0.08;3.5;1.4;0;407;101;112;73;87903;1.02;0;0.38;0.4
2016;11;2;307;6.4;3.3;0;3.6;1.4;-0.8;1.2;0;0.08;3.5;1.4;0.14;193;42;58;27;87507;0.79;8.08;0.38;0.4
2016;11;3;308;3.7;0.7;-1.2;0;-1.9;-3.4;0.1;-0.3;0.11;3.4;1.4;1.22;289;73;104;62;87658;0.98;0.7;0.38;0.4
2016;11;4;309;8.6;1.9;-2.9;2.8;-1.6;-5.4;0;1;0.11;3.4;1.4;1.07;375;94;109;72;87254;0.62;0;0.38;0.4
2016;11;5;310;10.1;4.3;-0.5;4.8;1.1;-2.1;0;1;0.1;3.4;1.4;0.79;279;64;80;35;86280;0.61;8.01;0.38;0.4
2016;11;6;311;3.3;0.2;-2.1;3.3;-0.2;-2.8;0.4;-0.5;0.28;3.4;1.4;7.35;59;11;48;11;85970;0.36;19.66;0.39;0.4
2016;11;7;312;-1.3;-3.5;-7.2;-3.2;-4.9;-8.1;0.3;0.3;0.48;3.4;1.4;15.73;112;27;72;30;86357;0.27;4.73;0.39;0.4
2016;11;8;313;-1.1;-5.3;-10.4;-6.2;-7.7;-11;0.5;0.5;0.49;3.4;1.4;17.88;182;42;82;42;86530;0.35;0.48;0.39;0.4
2016;11;9;314;0.4;-6.1;-17.7;-4.8;-9.4;-19.2;0;0.9;0.49;3.4;1.4;17.83;211;47;85;37;86299;0.34;1.42;0.39;0.4
2016;11;10;315;0.4;-1.8;-4.4;-1.5;-4.3;-7;1;0.9;0.5;3.4;1.4;21.24;123;30;70;34;86595;0.22;8.49;0.39;0.4
2016;11;11;316;-0.2;-2;-2.8;-2;-3.5;-5;0.9;0.4;0.51;3.4;1.4;29.4;98;21;47;20;86908;0.2;11.43;0.39;0.4
2016;11;12;317;-1.3;-3.2;-6.9;-3.2;-4.5;-7.5;0.2;-0.4;0.51;3.4;1.4;36.63;132;31;87;36;87628;0.2;2.32;0.39;0.4
2016;11;13;318;0.1;-4.9;-11.9;-3.8;-7;-12.9;-0.4;0.3;0.51;3.3;1.4;36.99;114;25;53;28;87777;0.16;0.15;0.38;0.4
2016;11;14;319;0.4;-3.2;-5.9;-3.5;-5.1;-6.8;-0.3;0;0.5;3.3;1.3;36.93;192;44;91;55;88224;0.17;0;0.38;0.4
2016;11;15;320;4.4;-1.5;-10.6;-0.4;-6.2;-13.5;0.4;0.9;0.5;3.3;1.3;36.67;180;36;79;21;88327;0.29;1.62;0.38;0.4
2016;11;16;321;6.9;3.4;1.5;5.3;1.9;-0.3;0.5;1;0.48;3.3;1.3;33.56;82;15;20;-2;87875;-0.08;5.71;0.39;0.4
2016;11;17;322;7.3;2.4;-4.6;5.3;1.1;-5.5;0.3;0.9;0.46;3.3;1.3;28.65;130;26;55;32;87210;-0.12;0.12;0.39;0.4
2016;11;18;323;8.7;1.6;-5.1;3.3;-1.1;-6.6;-0.1;1.1;0.44;3.3;1.3;25;193;41;71;35;86727;0.12;1;0.4;0.4
2016;11;19;324;2.7;0;-3.2;2.6;-0.4;-4.4;-0.1;0.2;0.42;3.3;1.3;23.97;79;12;70;21;86836;-0.02;11.08;0.4;0.4
2016;11;20;325;6.9;-0.1;-5.5;2.1;-2.5;-6.5;-0.3;1.8;0.41;3.3;1.3;23.07;208;46;94;55;86677;0.14;0;0.41;0.4
2016;11;21;326;8.2;2.2;-3.4;3.4;-0.4;-4.8;-0.5;1.9;0.38;3.3;1.3;20.32;202;44;78;38;86612;0.13;0.08;0.41;0.4
2016;11;22;327;11.6;5.5;2.6;6.6;2.9;1;-0.3;1.7;0.33;3.3;1.3;16.98;178;37;61;30;87077;0.14;0.05;0.41;0.4
2016;11;23;328;11.8;5.6;2;6.6;2.7;0.4;-0.2;1.7;0.29;3.3;1.3;13.97;214;45;73;36;87488;0.28;0;0.41;0.4
2016;11;24;329;10.9;5.4;2.5;5.7;2.6;0.8;-0.5;1.2;0.26;3.3;1.3;11.72;199;42;77;44;87340;0.18;0;0.41;0.4
2016;11;25;330;7.6;3.9;0.3;4.4;2.3;-0.6;-0.6;0.2;0.25;3.3;1.3;10.05;144;30;39;25;87201;0.2;1.52;0.41;0.4
2016;11;26;331;6;3.2;-0.8;3.8;2.4;-1.5;0.2;-0.1;0.23;3.3;1.3;8.51;215;40;64;24;87362;0.31;2;0.41;0.4
2016;11;27;332;3.4;1.9;-1.2;2.7;1.5;-1.7;0.3;-0.6;0.2;3.3;1.3;6.77;104;21;31;8;87307;0.48;4.67;0.41;0.4
2016;11;28;333;-1.5;-3.6;-5.7;-1.9;-7;-10.8;-1.5;-1;0.25;3.3;1.3;7.81;147;32;87;47;87651;0.66;0.71;0.41;0.4
2016;11;29;334;0;-3.5;-6;-7.6;-9.4;-10.9;-0.9;-0.1;0.24;3.3;1.3;7.78;260;58;115;83;88215;0.18;0;0.4;0.4
2016;11;30;335;3.8;-2;-6.5;-3.8;-7.6;-10.7;0.7;0.7;0.24;3.3;1.3;7.53;254;55;108;69;88510;0.11;0;0.4;0.4
2016;12;1;336;3.5;0.2;-2.1;-3.6;-7.1;-10.3;1.1;0.6;0.22;3.3;1.3;7.3;151;30;73;44;88098;0.11;0;0.4;0.4
2016;12;2;337;1.6;-0.5;-2.2;-2;-4.7;-8.2;0.4;-0.2;0.22;3.3;1.3;7.22;223;48;90;54;87635;0.09;0.35;0.4;0.4
2016;12;3;338;1.5;-1.8;-3.7;-1.9;-3.3;-4.7;-0.8;-0.3;0.22;3.3;1.3;7.4;221;47;85;59;87541;0.09;0.11;0.4;0.4
2016;12;4;339;2.7;-2.1;-4.7;-2.3;-4.8;-6.7;-0.2;0.4;0.22;3.3;1.3;7.18;234;51;112;70;87870;0.09;0.01;0.4;0.4
2016;12;5;340;3.8;-2.5;-6.7;-5.2;-7.6;-9.6;0.2;1;0.21;3.3;1.3;6.84;261;56;120;75;88108;0.08;0;0.39;0.4
2016;12;6;341;4.2;-2.4;-7.3;-1.7;-6.7;-11.1;0.2;1;0.2;3.3;1.3;6.48;250;54;111;73;88450;0.04;0;0.39;0.4
2016;12;7;342;5;-2.7;-8.1;-2.9;-7.5;-11.2;0.1;1.2;0.19;3.3;1.4;6.1;243;52;112;75;88711;0.04;0;0.39;0.4
2016;12;8;343;6.9;-1.4;-6.3;-0.5;-6.6;-10.8;0.2;1.4;0.18;3.3;1.4;5.6;253;54;104;63;88801;0.04;0;0.39;0.4
2016;12;9;344;6.5;-1;-5.6;-1;-6.6;-11.1;0.2;1.3;0.17;3.3;1.4;5.09;265;55;112;70;88661;0.04;0;0.39;0.4
2016;12;10;345;7.8;-0.2;-4.5;1.9;-4.7;-9.1;0.2;1.3;0.16;3.3;1.4;4.53;257;55;101;62;88244;0.02;0;0.39;0.4
2016;12;11;346;5.5;-0.3;-4.9;-1.4;-4.8;-8.7;1;0.5;0.15;3.3;1.4;4.12;197;39;71;40;87814;0.09;0.95;0.39;0.4
2016;12;12;347;0.3;-1.3;-3.6;-1;-2;-4.3;0.4;0;0.19;3.3;1.4;5.47;87;18;55;25;88009;0.18;2.03;0.38;0.4
2016;12;13;348;4.1;-1.6;-5.5;0.2;-4.8;-9.2;0.1;1;0.2;3.3;1.4;5.7;250;52;109;67;88089;0.24;0;0.38;0.4
2016;12;14;349;4.2;-0.4;-4.1;-1.3;-4.9;-8.8;-0.1;0.8;0.19;3.3;1.4;5.29;156;35;73;40;88034;0.1;0;0.38;0.4
2016;12;15;350;4.2;-0.4;-3.3;-0.6;-3.8;-6.9;-0.4;0.5;0.18;3.3;1.4;4.89;243;51;103;63;88034;0.06;0;0.38;0.4
2016;12;16;351;4.1;-1.4;-4.8;-2.1;-5.2;-7.9;-0.1;0.7;0.17;3.3;1.3;4.59;239;51;117;70;88284;0.06;0;0.38;0.4
2016;12;17;352;3.6;-2.2;-6.8;-4;-7.6;-11.5;0.2;1;0.17;3.3;1.3;4.37;238;49;100;65;88945;0.04;0;0.38;0.4
2016;12;18;353;2.9;-2.2;-6.2;-2.7;-5.8;-9.9;0.2;0.3;0.17;3.3;1.3;4.5;229;43;85;44;88644;0.04;3.11;0.38;0.4
2016;12;19;354;2.1;-2.6;-6.1;-2.8;-5.4;-11.2;-0.6;0.6;0.28;3.3;1.3;7.91;173;39;104;56;87917;0.08;1.06;0.38;0.4
2016;12;20;355;5.4;-2;-6.4;-0.3;-6.8;-12.1;-0.1;1.5;0.26;3.3;1.3;7.6;222;46;99;61;87716;0.05;0;0.37;0.4
2016;12;21;356;4.9;-1.9;-5.7;-0.6;-5.1;-8.4;0;1;0.25;3.2;1.3;6.95;228;48;101;62;88247;0.05;0;0.37;0.4
2016;12;22;357;5.6;-1.7;-5.5;-0.1;-5.6;-9.5;0.1;1.1;0.23;3.2;1.3;6.34;234;48;103;64;88548;0.04;0;0.37;0.4
2016;12;23;358;3.4;-2.4;-5.6;-0.5;-5.3;-9;0;0.9;0.22;3.2;1.3;5.86;184;35;84;48;88737;0.08;0.15;0.37;0.4
2016;12;24;359;5;0.1;-4.1;-0.1;-4;-8.2;1.1;0.6;0.21;3.2;1.3;5.42;223;40;85;35;88479;0.09;1.14;0.37;0.4
2016;12;25;360;3.7;1.7;-1;-0.4;-1.5;-2.8;1.6;0.8;0.21;3.2;1.3;5.5;94;14;35;8;88471;0.33;1.42;0.37;0.4
2016;12;26;361;7.2;2.1;-2.4;4.2;0.4;-3.7;1;0.6;0.19;3.2;1.3;4.81;231;46;85;33;88549;0.17;3.03;0.37;0.4
2016;12;27;362;0.8;-1.6;-3.2;0.8;-4.4;-7.5;1.2;-0.4;0.19;3.2;1.3;4.67;214;43;95;50;89164;0.5;0.83;0.37;0.4
2016;12;28;363;1.5;-1.7;-3.2;-3.3;-5.5;-8.1;0.3;-0.2;0.19;3.2;1.3;4.69;229;46;100;57;89356;0.1;0.06;0.37;0.4
2016;12;29;364;2.6;-1.6;-3.8;-3.8;-5.5;-8.5;-0.8;0.2;0.19;3.2;1.3;4.56;253;52;115;71;89055;0.07;0;0.37;0.4
2016;12;30;365;3.6;-1.9;-5.2;-5.1;-8.8;-11.8;0;0.7;0.18;3.2;1.3;4.34;250;53;116;74;88905;0.06;0;0.37;0.4
2016;12;31;366;3.9;-2.9;-7.2;-5;-8.4;-11.6;0.1;1;0.17;3.2;1.3;4.12;259;54;119;76;88580;0.04;0;0.37;0.4
2017;1;1;1;4.3;-3.4;-8;-3.8;-8.9;-13.2;0.2;1.2;0.17;3.1;1.3;3.89;265;56;120;79;87700;0.04;0;0.37;0.4
2017;1;2;2;1.9;-4.4;-8.7;-4.6;-9.7;-15.1;0.6;0.2;0.17;3.1;1.3;4.22;244;49;107;56;87450;0.05;3.65;0.37;0.4
2017;1;3;3;-3.1;-5.7;-7.2;-6.7;-9.5;-13.2;0.8;0.1;0.28;3.1;1.3;7.46;229;47;105;54;87762;0.1;0.32;0.37;0.4
2017;1;4;4;-1.2;-4.2;-6.6;-5.8;-8.8;-14.4;2.3;0.4;0.35;3.1;1.3;11.17;108;18;40;20;87016;0.26;13.45;0.36;0.4
2017;1;5;5;-6.2;-9.8;-13.7;-7.6;-11.8;-15.5;1.1;-1;0.52;3.1;1.3;26.94;81;18;59;29;87522;0.14;11.87;0.36;0.4
2017;1;6;6;-12.9;-15.5;-26.3;-14.5;-18.1;-28.3;-0.3;-0.1;0.53;3.1;1.3;33.15;135;30;93;50;88459;0.05;0.88;0.36;0.4
2017;1;7;7;-7.9;-17.6;-31.7;-10.1;-22.5;-34.8;0.4;1.2;0.53;3.1;1.3;33.49;112;23;40;10;88176;0.08;3.15;0.36;0.4
2017;1;8;8;-4.3;-5.5;-7.5;-6.1;-7;-9.6;0.8;-0.1;0.54;3.1;1.3;42.57;43;8;31;8;88032;0.04;9.23;0.36;0.4
2017;1;9;9;-3.9;-7.9;-13.7;-6.9;-10.1;-15.6;0.1;0.4;0.53;3.1;1.3;45.63;123;27;74;43;87751;0;0.28;0.36;0.4
2017;1;10;10;-2.9;-11.1;-19.6;-10;-15.6;-22.3;0.2;1;0.53;3.1;1.2;45.77;162;34;86;35;86601;0.02;0.27;0.36;0.4
2017;1;11;11;-1.5;-4.4;-7.6;-3.8;-7.9;-10.3;1.1;0.9;0.53;3.1;1.2;47.21;144;27;78;19;86792;0.18;4.41;0.36;0.4
2017;1;12;12;1.5;-0.6;-2.1;-2.3;-2.9;-3.8;1;0.5;0.53;3;1.2;52.96;120;22;55;18;86680;0.13;4.34;0.36;0.4
2017;1;13;13;-1.4;-4.9;-8.4;-3.7;-8;-10.9;2.1;0.6;0.52;3;1.2;56.63;100;21;55;31;85875;0.37;4.56;0.36;0.4
2017;1;14;14;-5.2;-8;-10.6;-7.5;-10.5;-14;1.6;0.6;0.53;3;1.2;64.34;65;13;82;26;86549;0.05;11.23;0.35;0.4
2017;1;15;15;-7.2;-10.4;-13.8;-11.5;-13.9;-16.6;1.1;0.7;0.53;3;1.2;69.96;141;30;66;43;87173;0.03;2.25;0.35;0.4
2017;1;16;16;-9.1;-12.5;-16.7;-12.3;-15.3;-19.9;0.2;0.1;0.53;3;1.2;73.57;126;26;37;21;87290;0.01;4.89;0.35;0.4
2017;1;17;17;-8.5;-10.9;-12.9;-12.1;-12.9;-14.3;-1.2;-0.9;0.54;3;1.2;77.75;101;21;38;18;87828;0.08;2.52;0.35;0.4
2017;1;18;18;-8.8;-12.2;-16;-12.1;-14.5;-17.6;-1.1;-0.1;0.53;3;1.2;79.04;156;34;72;51;88083;-0.02;0.33;0.35;0.4
2017;1;19;19;-6.1;-13.7;-21.5;-11.9;-17.5;-24.3;-0.3;0.8;0.53;3;1.2;79.22;177;39;78;51;88109;0;0;0.35;0.4
2017;1;20;20;-3.7;-14.1;-22.2;-10.4;-18.5;-24.9;0;1.2;0.53;3;1.2;79.25;183;41;80;52;88090;-0.01;0;0.35;0.4
2017;1;21;21;-2.2;-14;-22.2;-9.2;-18.5;-24.9;0.1;1.5;0.52;3;1.2;79.27;187;43;89;56;87978;-0.02;0;0.35;0.4
2017;1;22;22;-1.7;-13.9;-21.8;-10.1;-18.8;-24.6;0.1;1.8;0.52;3;1.2;79.27;195;44;95;62;87669;-0.03;0;0.35;0.4
2017;1;23;23;-2.2;-13.3;-23.2;-9;-18.2;-26;0.2;1.2;0.52;3;1.2;79.31;200;46;95;62;87496;0;0;0.35;0.4
2017;1;24;24;-6.7;-13.3;-20.4;-12.5;-18;-24.9;-0.2;0.5;0.51;3;1.2;79.33;179;41;79;46;87549;0;0;0.35;0.39
2017;1;25;25;-5.3;-11.6;-18.4;-10.7;-15.7;-21.9;-0.4;0.6;0.51;3;1.2;79.38;187;43;78;47;87658;0;0.02;0.34;0.39
2017;1;26;26;-1.1;-10.7;-18.6;-7.8;-15.3;-21;-0.1;1.2;0.51;3;1.2;79.39;187;44;90;52;87573;0;0;0.34;0.39
2017;1;27;27;1.3;-8.9;-14.9;-5.8;-13.8;-18.9;0;1.9;0.5;3;1.2;79.41;211;49;99;64;87518;0;0;0.34;0.39
2017;1;28;28;3.2;-6.6;-13.9;-4.1;-11.1;-16.8;0.1;1.6;0.5;3;1.2;79.4;199;46;81;54;87468;0;0;0.34;0.39
2017;1;29;29;3.5;-6.3;-15.2;-3.6;-10.7;-17.2;0.1;1.2;0.5;3;1.2;79.38;210;49;88;57;87697;0.01;0;0.34;0.39
2017;1;30;30;1.6;-6;-15;-2.6;-9.1;-17.1;0.2;1.3;0.49;3;1.2;80.27;129;29;49;25;87305;0.09;4.98;0.34;0.39
2017;1;31;31;1.8;0.6;-0.3;-0.1;-1.1;-2.5;0.5;0.9;0.49;3;1.2;84.7;49;12;23;5;87153;0.12;18.06;0.34;0.39
2017;2;1;32;3.2;0.7;-3;0.2;-0.7;-4.2;0.1;0.7;0.48;3;1.2;85.57;76;17;62;14;87300;0.03;3.3;0.36;0.39
2017;2;2;33;6.9;-0.8;-4.6;0.8;-3.4;-5.8;-0.1;1.5;0.46;3;1.2;83.61;224;52;90;56;87012;0.2;0;0.36;0.39
2017;2;3;34;3.5;-1.1;-4.9;0.4;-3.2;-7;0.1;1;0.45;3;1.2;82.3;163;40;72;44;86584;0.05;2.05;0.36;0.39
2017;2;4;35;3;-0.8;-6.2;-0.6;-3;-6.8;0.1;1;0.46;3;1.2;84.7;189;40;72;43;86236;0.14;3.22;0.36;0.39
2017;2;5;36;2.3;-3.1;-12.1;-2;-5.9;-13.8;0.1;0.7;0.46;3;1.2;85.23;211;46;79;47;86090;0.11;2.11;0.36;0.39
2017;2;6;37;-0.5;-1.9;-2.7;-2.5;-3.1;-4.1;0.8;-0.3;0.48;3;1.2;90.45;105;21;34;16;86846;0.14;5.32;0.36;0.39
2017;2;7;38;0.8;-2.2;-5.8;-3.2;-4.3;-6.7;0;0.1;0.49;3;1.2;92.24;224;49;82;43;87183;0.07;0.77;0.36;0.39
2017;2;8;39;0.5;-2.8;-5.1;-2.9;-4.4;-6.3;-0.6;-0.3;0.49;3;1.2;93.36;182;37;49;24;87357;0.16;1.03;0.36;0.39
2017;2;9;40;-0.2;-4;-6.4;-3.8;-5.5;-7.6;-0.7;-0.4;0.49;3;1.2;93.64;216;52;80;48;87441;0.09;0.07;0.36;0.39
2017;2;10;41;1.9;-5;-13.1;-3.2;-8.5;-15.6;0;0.5;0.49;3;1.2;93.61;241;59;95;57;87290;0.03;0.22;0.36;0.39
2017;2;11;42;3.5;-4;-11.2;-1.8;-7.3;-13.5;-0.2;0.8;0.48;3;1.2;93.89;255;64;96;62;87427;0.06;0.16;0.36;0.39
2017;2;12;43;4.4;-4;-11.9;-1.2;-7.6;-14.1;-0.3;1;0.48;3;1.2;93.63;237;61;91;66;87812;0.08;0;0.36;0.39
2017;2;13;44;3.5;-4.3;-12.7;-1.4;-7.6;-14.7;-0.5;0.8;0.47;3;1.2;93.37;259;64;97;66;87930;0.17;0;0.35;0.39
2017;2;14;45;7.4;-2.8;-9.9;-0.4;-7.1;-12.6;0.1;1.2;0.47;3;1.2;92.88;273;70;105;74;88334;0.1;0;0.35;0.39
2017;2;15;46;8;-2.5;-12.4;0.9;-7;-14.2;0.3;1;0.46;3;1.2;91.63;276;70;101;68;88840;0.12;0;0.35;0.39
2017;2;16;47;6.5;-2.7;-11.6;1.6;-6.5;-13.9;0.2;1;0.46;3;1.2;90.08;278;71;96;66;88616;0.14;0;0.36;0.39
2017;2;17;48;-0.5;-3.3;-7.9;-1;-4.3;-9.5;0.6;0.7;0.49;3;1.2;96.24;47;13;48;18;88046;0.09;14.74;0.36;0.39
2017;2;18;49;1.2;-2.4;-9;-2.6;-4.8;-10.6;0;0.2;0.51;3;1.2;104.69;204;49;85;42;87988;0.18;2.16;0.36;0.39
2017;2;19;50;2.9;-5.2;-16.3;-3.9;-10;-18.9;0.7;0.9;0.51;3;1.2;104.93;273;71;103;66;87810;0.17;0.03;0.36;0.39
2017;2;20;51;2.5;-2.4;-7.8;-3.5;-6.2;-10.2;1;0.9;0.5;3;1.2;104.89;228;47;73;35;87746;0.14;0.46;0.35;0.39
2017;2;21;52;3.7;1.9;-0.5;1.8;-0.1;-4;1.5;0.9;0.49;3;1.2;104.58;62;16;11;0;87514;-0.12;10.21;0.36;0.39
2017;2;22;53;6.3;2.6;-1;1.7;-0.3;-4.2;1.5;0.7;0.47;3;1.2;98.77;239;60;87;43;87243;-0.07;0.86;0.37;0.39
2017;2;23;54;9.4;1.6;-5.1;-0.6;-4.3;-8.5;0.8;1.3;0.46;3;1.2;93.21;301;75;100;64;86561;0.18;0.17;0.37;0.39
2017;2;24;55;0.9;-1.5;-5.9;-1.1;-3.2;-7.4;1.5;-0.1;0.47;3.1;1.2;95.18;210;45;72;32;86818;0.39;10.81;0.38;0.39
2017;2;25;56;2.4;-3.3;-9.1;-5.9;-8.5;-11.1;-0.2;0.6;0.49;3.1;1.3;98.73;301;79;108;70;87575;0.21;0.03;0.38;0.39
2017;2;26;57;7.7;-0.5;-7.9;-1.3;-6.5;-12.6;0.3;1;0.48;3.1;1.3;97.88;204;55;62;37;87366;0.09;0.01;0.38;0.39
2017;2;27;58;10.2;1.4;-4.9;1.8;-3.3;-7.9;0;1;0.47;3.1;1.3;95.83;290;68;96;56;86609;-0.04;0.69;0.38;0.39
2017;2;28;59;2.7;-1.1;-4.6;-0.5;-3.5;-7.4;0.2;0.5;0.47;3.1;1.3;96.66;148;34;54;26;85778;0.13;10.08;0.38;0.39
2017;3;1;60;1.8;-1.3;-4.5;-4;-6.1;-8.4;1.5;0.8;0.49;3.1;1.3;102.17;242;61;69;41;86491;0.71;0.9;0.38;0.39
2017;3;2;61;2;-0.7;-7.7;-0.3;-3.9;-9.5;1;0.9;0.49;3.1;1.3;104.5;133;38;86;35;87095;0.34;5.45;0.38;0.39
2017;3;3;62;5.9;-1.9;-10.9;-1.6;-6.5;-13.5;-0.3;1.8;0.48;3.1;1.3;103.83;248;74;98;66;86900;0.26;0;0.38;0.39
2017;3;4;63;6.5;1.6;-3.6;0.1;-2.7;-6.8;-0.2;1.5;0.47;3.1;1.3;101.12;256;71;91;65;85778;0.13;1.86;0.38;0.39
2017;3;5;64;3.6;-0.3;-3.3;-2.1;-3.6;-5.4;0.2;0.7;0.48;3.1;1.3;104.5;263;54;92;39;86288;0.25;7.46;0.38;0.39
2017;3;6;65;3.8;-0.8;-4.4;-2.4;-4.7;-7.2;1.1;0.3;0.48;3.1;1.3;107.75;282;73;90;46;86162;0.61;8.13;0.38;0.39
2017;3;7;66;-0.3;-2.7;-5.7;-3;-4.6;-7.4;1.4;0.1;0.52;3.2;1.3;119.21;142;38;71;30;86990;0.25;11.05;0.38;0.39
2017;3;8;67;3.8;-1.6;-11.3;-1.2;-6.2;-13.6;0.4;1;0.52;3.2;1.3;123.95;254;64;95;36;87729;0.16;4.8;0.38;0.39
2017;3;9;68;3.2;2.2;1.3;2.1;1.1;-0.9;1.4;1;0.51;3.2;1.3;126.01;47;12;15;2;87728;-0.27;27.63;0.39;0.39
2017;3;10;69;3.1;0.8;-2.9;1.6;-2.9;-6;1.4;-0.8;0.49;3.2;1.3;124.1;274;74;85;50;88014;0.5;5.07;0.4;0.4
2017;3;11;70;6.6;0.5;-7.5;-3.6;-6.7;-9.9;-0.1;0.3;0.48;3.2;1.3;122.91;347;97;110;72;87741;0.38;0;0.4;0.4
2017;3;12;71;6;0.7;-5.1;-2.6;-5.4;-9.6;-0.4;0;0.46;3.2;1.3;121.22;367;105;116;82;87195;0.29;0;0.39;0.4
2017;3;13;72;5.9;1.5;-4.8;-1.3;-3.8;-8.4;0.4;0.1;0.45;3.2;1.3;119.27;375;107;115;72;87842;0.16;0.01;0.39;0.4
2017;3;14;73;6.3;2.5;-2.6;-1.5;-3.2;-5.6;0.7;0.2;0.44;3.2;1.3;116.71;361;93;107;61;88590;0.22;0;0.39;0.4
2017;3;15;74;7.3;2.4;-5.4;1.7;-2;-8.2;0.1;0.1;0.42;3.2;1.3;112.89;358;99;100;61;88568;0.13;0;0.39;0.4
2017;3;16;75;9.4;3.2;-4.4;0.1;-2.2;-5.9;-0.1;0.4;0.39;3.2;1.3;108.07;409;118;109;72;88095;0.51;0;0.4;0.4
2017;3;17;76;11.1;3.9;-4.5;2.8;-0.9;-6.6;1.6;0.7;0.37;3.3;1.3;102.17;422;115;94;52;87462;0.51;5.64;0.4;0.4
2017;3;18;77;5.3;3.2;2;2.8;1.9;0.8;2.6;0.7;0.34;3.3;1.3;95;155;34;32;11;87008;0.66;13.15;0.41;0.4
2017;3;19;78;8.9;5.5;3.1;4.2;2.9;1.9;2.2;0.6;0.33;3.3;1.3;86.18;215;62;58;20;87192;0.49;7.61;0.42;0.4
2017;3;20;79;10.2;6.2;2.9;4.6;3.2;1.7;0.7;-0.2;0.32;3.3;1.3;77.95;376;108;83;47;87085;0.33;0.06;0.42;0.41
2017;3;21;80;6.8;5;2.7;3.1;2.3;1.2;0.3;-0.3;0.32;3.3;1.3;71.6;227;57;44;10;86936;0.24;4.44;0.41;0.41
2017;3;22;81;3.7;2.8;2;3.2;2.4;1.6;-0.6;-0.8;0.31;3.3;1.3;66.5;156;38;18;2;86880;0.28;6.46;0.42;0.41
2017;3;23;82;10.3;5;0.5;3.5;2.3;0;-0.6;-0.1;0.31;3.3;1.3;60.24;413;118;97;50;87145;0.57;0.13;0.42;0.41
2017;3;24;83;10;4.7;-1;4.6;1.7;-3.3;-0.7;0;0.29;3.4;1.4;53.48;396;100;75;49;87888;0.39;0.03;0.42;0.41
2017;3;25;84;11.1;5.2;0.6;5.1;2.6;0.2;-1.1;-0.4;0.27;3.4;1.4;46.94;523;155;100;72;87820;0.66;0;0.41;0.41
2017;3;26;85;7.1;3.2;-0.8;1.3;-0.8;-3.4;-0.5;-0.6;0.26;3.4;1.4;40.88;409;125;97;64;87652;0.77;0.03;0.41;0.42
2017;3;27;86;10.8;4.6;-2.9;1.9;-1;-4.6;-0.4;0.2;0.25;3.4;1.4;36.03;572;176;117;88;87885;1.06;0;0.41;0.42
2017;3;28;87;11.4;5.2;-3;3.7;-0.5;-4.9;0.5;0.4;0.24;3.4;1.4;30.67;574;173;111;71;88106;1.28;0;0.41;0.42
2017;3;29;88;10.8;5.7;-0.7;3;0.9;-2.1;0.7;0.4;0.23;3.4;1.4;25.61;484;152;100;61;88369;1.21;0.03;0.4;0.42
2017;3;30;89;13.2;6.7;-1.8;5.2;1.7;-3.2;-0.3;0.3;0.23;3.4;1.4;20.12;583;179;104;72;88318;1.4;0.03;0.4;0.42
2017;3;31;90;16.8;8.2;-2.3;5.5;1.4;-3.8;0;0.4;0.22;3.5;1.4;14.07;596;186;114;78;87739;1.78;0;0.39;0.42
2017;4;1;91;14.9;7.3;-1.2;5.3;1.8;-2.6;0.3;0.5;0.19;3.5;1.4;8.93;573;175;106;70;87115;1.93;2.39;0.39;0.42
2017;4;2;92;11.5;6.7;3.2;5.6;3.3;1.5;0;-0.3;0.16;3.5;1.4;5.83;515;142;83;45;87483;1.66;1.4;0.39;0.42
2017;4;3;93;9.3;5.3;0.6;7.4;4.4;0.5;0.4;0;0.14;3.5;1.4;3.79;366;117;67;30;87912;1.73;8.74;0.39;0.42
2017;4;4;94;6.9;3.5;-0.9;5.3;2.6;-1.5;0.3;0.1;0.13;3.5;1.4;2.69;391;116;65;34;87788;2.06;12.46;0.39;0.42
2017;4;5;95;6.1;2.3;-2.7;3.2;0.4;-3.7;0.4;-0.2;0.13;3.5;1.4;2.04;404;91;63;26;87781;1.26;3.75;0.39;0.42
2017;4;6;96;4.8;2;0.1;1.4;-1;-3;0.6;-1;0.15;3.5;1.4;2.63;453;131;55;31;87888;1.8;6.25;0.39;0.42
2017;4;7;97;8.9;4.5;-0.4;2;-0.7;-3.4;0.9;-0.4;0.14;3.6;1.4;1.99;499;144;71;49;87959;1.39;0.02;0.39;0.42
2017;4;8;98;13.4;7.3;-0.6;5.4;2.2;-2.2;-0.2;-0.2;0.13;3.6;1.4;1.03;707;227;121;83;88033;2.24;0;0.39;0.42
2017;4;9;99;15.3;8.1;-1.1;5.4;2;-2.6;0.4;0.3;0.12;3.6;1.4;0.4;709;230;125;87;88144;2.65;0.04;0.38;0.42
2017;4;10;100;14.6;8.1;-0.6;4.5;1.4;-2.1;1.3;0.5;0.11;3.6;1.4;0.15;640;195;95;68;87871;2.64;1.01;0.38;0.42
2017;4;11;101;6.8;4.9;3.5;4.4;2;-0.9;0.3;-0.7;0.11;3.6;1.4;0.07;399;100;78;33;87931;1.64;7.71;0.38;0.42
2017;4;12;102;13.1;6.8;-1;2.7;0.4;-2.4;1;0.2;0.11;3.6;1.4;0.03;707;223;121;79;87619;2.56;0;0.37;0.42
2017;4;13;103;9.1;6.1;2.4;1.8;0.8;-0.9;1.7;-0.3;0.11;3.6;1.4;0;508;156;71;53;87295;2.01;1.34;0.37;0.42
2017;4;14;104;9.5;6;2.2;2.6;1.3;0.1;0.7;-0.5;0.11;3.7;1.5;0;512;167;88;49;87361;1.74;0.3;0.37;0.42
2017;4;15;105;9.3;5.5;1.8;3.8;1.9;0;1.4;0.1;0.11;3.7;1.5;0;561;162;73;42;87366;2.25;7.7;0.36;0.42
2017;4;16;106;2.5;1.1;-0.9;2.2;0.9;-1.2;1.1;-0.2;0.15;3.7;1.5;1.99;227;66;42;11;87518;1.74;20.55;0.37;0.42
2017;4;17;107;5.8;1;-2;1.6;-1.5;-3;1.6;0.2;0.3;3.7;1.5;7.49;485;122;63;30;87287;1.99;13.1;0.37;0.42
2017;4;18;108;-1.2;-3.4;-7.1;-3.2;-5.3;-9.7;1.3;-0.5;0.5;3.7;1.5;19.35;279;81;61;37;87449;0.68;15.2;0.38;0.42
2017;4;19;109;-1.4;-5.1;-9.4;-4.4;-7.7;-11.8;0.1;-0.9;0.53;3.7;1.5;33.48;362;100;68;35;87984;0.7;10.24;0.37;0.42
2017;4;20;110;-1.4;-4.7;-9.7;-6.5;-9.1;-11.1;0;-0.5;0.53;3.8;1.5;37.96;322;100;69;41;88458;1.03;1.68;0.37;0.41
2017;4;21;111;3.2;-4;-16.1;-3;-8.9;-17.2;0.5;0.6;0.52;3.8;1.5;37.89;412;140;96;70;88389;1.21;0;0.37;0.41
2017;4;22;112;6.5;0.2;-9.2;1.1;-3.9;-12;1.5;0;0.51;3.8;1.5;34.81;358;111;92;40;87886;1.03;6.19;0.37;0.41
2017;4;23;113;4;0.8;-1.5;-0.3;-2.6;-4.8;0.7;-0.8;0.49;3.8;1.5;32.52;331;98;81;45;87790;1.1;2.81;0.38;0.41
2017;4;24;114;10.8;3.5;-4.5;3.2;-1.5;-6.8;0.2;0.4;0.46;3.8;1.5;26.66;465;158;104;70;87313;1.2;0.03;0.38;0.41
2017;4;25;115;9.1;3.7;-3.2;5.5;1.4;-4.6;0.2;0;0.4;3.8;1.5;17.29;378;108;67;28;86655;0.8;9.37;0.38;0.41
2017;4;26;116;2.9;1.3;-0.7;2.9;1.2;-0.8;-0.1;-0.7;0.39;3.9;1.5;14.9;116;31;17;5;86567;0.25;17.37;0.4;0.41
2017;4;27;117;1.7;-0.3;-1.8;-0.5;-1.4;-1.9;-0.1;-1;0.5;3.9;1.5;26.37;176;53;25;12;86836;0.52;15.72;0.4;0.41
2017;4;28;118;-0.1;-1.7;-4.2;-1.9;-3.1;-5.5;0.8;-0.5;0.52;3.9;1.5;39.86;128;44;59;21;86865;0.5;11.27;0.4;0.41
2017;4;29;119;4;-1.9;-11.2;-1.4;-6.1;-12.5;-0.1;0.5;0.51;3.9;1.6;43.14;434;152;100;78;87350;1.23;0;0.4;0.41
2017;4;30;120;8.3;0.8;-12.9;2.2;-3.5;-14.5;-0.6;0.5;0.49;3.9;1.6;38.01;463;162;111;78;86897;1.04;0;0.4;0.41
2017;5;1;121;6.8;0.4;-4.4;2.8;-1.1;-6.1;1;0.5;0.48;3.9;1.6;33.24;255;59;57;23;86929;0.18;16.45;0.41;0.41
2017;5;2;122;7.7;3.5;-1.1;0.4;-0.9;-2.6;0.3;-0.2;0.48;4;1.6;34.61;440;146;89;55;87287;1.53;1.85;0.41;0.41
2017;5;3;123;6.9;4;0.3;5.2;2;-0.9;0.5;0;0.42;4;1.6;27.49;316;108;50;34;87372;0.53;4.44;0.42;0.41
2017;5;4;124;7.3;3.2;-1.9;5.3;2;-2.8;0.3;0.4;0.36;4;1.6;21.08;375;113;58;34;87229;0.95;12.07;0.42;0.41
2017;5;5;125;8.9;5;0.8;5.4;2.9;0;0;-0.1;0.32;4;1.6;15.22;471;148;89;44;87491;1.33;2.06;0.42;0.42
2017;5;6;126;14.8;6.8;-2.7;8.5;2.9;-4.2;0.3;0.5;0.27;4;1.6;9.1;439;150;78;44;86967;1.78;12.62;0.42;0.42
2017;5;7;127;6.3;4.9;3.5;4.9;4.2;3.2;1.4;0.5;0.21;4;1.6;4.44;153;39;11;4;87274;1;10.57;0.43;0.42
2017;5;8;128;5.1;4.2;2.5;4.8;3.9;2.5;1.2;0.1;0.17;4.1;1.6;2.69;141;39;9;4;87350;0.99;20.7;0.43;0.42
2017;5;9;129;6.5;3.1;1.1;2.3;1.3;0.4;0.2;-0.8;0.16;4.1;1.6;2.11;551;153;70;33;87280;2.5;5.72;0.43;0.43
2017;5;10;130;13.5;6.6;-2.3;4.6;1.2;-3.3;-0.2;0;0.14;4.1;1.6;1.01;791;279;131;92;86775;3.32;0;0.42;0.43
2017;5;11;131;16.9;9.1;0.1;10.2;4.2;-0.8;-0.3;1.2;0.12;4.1;1.6;0.28;722;220;109;65;86313;3.06;0.78;0.41;0.43
2017;5;12;132;14.5;8.6;4.3;7.9;5.3;2.6;0.2;0.7;0.12;4.1;1.6;0.08;645;169;91;42;86577;2.86;6.43;0.41;0.43
2017;5;13;133;14.2;9.7;3.9;7.6;6;3.6;0.6;0.3;0.12;4.1;1.7;0.02;620;203;81;52;87317;3.08;2.59;0.4;0.43
2017;5;14;134;13.6;9;4.7;8.7;6.6;2.8;0.5;0.2;0.12;4.2;1.7;0;567;161;67;43;88076;2.68;8.07;0.4;0.43
2017;5;15;135;12.7;8.4;3;9;6.6;2.6;0.2;0.2;0.12;4.2;1.7;0;580;189;69;50;88640;3.13;9.51;0.4;0.43
2017;5;16;136;16.8;10.4;1.8;8.3;5.1;1.6;-0.3;0;0.12;4.2;1.7;0;778;282;121;77;88636;4.13;0;0.39;0.43
2017;5;17;137;20.2;13;2.9;11.4;7.5;2.1;-0.6;0.2;0.12;4.2;1.7;0;800;275;120;83;88055;4.17;0;0.39;0.43
2017;5;18;138;17.6;13.1;6.2;12.6;9.6;5.6;0.2;0.3;0.12;4.2;1.7;0;540;188;75;52;87449;3.04;4.99;0.38;0.42
2017;5;19;139;16.8;9.4;4.4;10.5;7;3.3;0.9;0.1;0.12;4.2;1.7;0;561;176;75;42;87209;3.2;14.49;0.38;0.42
2017;5;20;140;8.7;6.4;3.4;3.6;2.4;1.3;0.1;-0.5;0.12;4.2;1.7;0;372;130;61;44;87955;2.14;1.47;0.38;0.42
2017;5;21;141;12.2;8.2;3.9;5.7;4;2.8;-0.9;-0.3;0.12;4.2;1.7;0;525;181;89;51;88201;2.82;0.29;0.38;0.42
2017;5;22;142;17.1;10.8;2.2;10;6.3;1.5;0.3;0.1;0.12;4.2;1.7;0;758;254;110;80;87777;3.55;0.96;0.37;0.42
2017;5;23;143;16.9;11.4;3.7;8;5.8;2.6;1.1;0.4;0.12;4.3;1.7;0;672;222;96;57;87897;3.71;1.42;0.37;0.42
2017;5;24;144;14.1;10.5;7.7;10;7.6;5.8;1.2;-0.5;0.12;4.3;1.7;0;620;177;75;33;88112;3.2;11.3;0.36;0.42
2017;5;25;145;13.6;10.2;6.4;7.9;6.2;4.6;0.2;-0.8;0.12;4.3;1.7;0;552;193;71;44;88014;3.28;2.41;0.37;0.42
2017;5;26;146;17.8;12.4;5.7;8.4;6.4;4.8;-1;-0.3;0.12;4.3;1.7;0;808;296;124;94;87921;4.38;0;0.36;0.42
2017;5;27;147;20.5;13.9;4;10.8;7.5;2.9;-0.4;0.1;0.12;4.3;1.7;0;813;299;128;97;88013;4.69;0;0.35;0.42
2017;5;28;148;21.9;15;4.7;12.3;8;3.9;0;0.3;0.12;4.3;1.7;0;811;294;127;94;88067;4.95;0;0.35;0.42
2017;5;29;149;22.4;16.2;6.3;13.1;9.5;5.3;0;0.3;0.12;4.3;1.7;0;733;273;113;82;87750;4.7;0.13;0.34;0.42
2017;5;30;150;20.7;15.3;9.5;14.6;11.7;8;0.4;0.4;0.12;4.3;1.7;0;656;200;95;61;87744;3.24;2.16;0.34;0.42
2017;5;31;151;19;14.4;10.7;13.9;11.7;9.1;0;0;0.12;4.3;1.7;0;637;202;78;48;88031;3.22;8.26;0.34;0.42
2017;6;1;152;17.1;13.4;9.2;13.3;11.7;9.1;-0.1;0.1;0.12;4.3;1.7;0;488;152;59;40;88042;2.52;4.61;0.34;0.41
2017;6;2;153;18.5;13;6.8;13.3;10.4;6.2;0;0.4;0.12;4.3;1.7;0;573;196;79;58;87839;3.15;5.17;0.34;0.41
2017;6;3;154;20.4;15.1;7.3;12.8;9.2;6.2;0.1;0.2;0.12;4.4;1.8;0;611;231;103;67;87543;4.02;0.09;0.34;0.41
2017;6;4;155;12.5;11.2;9.7;12.2;10;8.5;0.7;0.1;0.12;4.4;1.8;0;246;85;76;37;87466;2.35;14.89;0.34;0.41
2017;6;5;156;15.2;10.8;7.9;11;9.5;7.8;-0.3;-0.2;0.12;4.4;1.8;0;630;136;58;27;87320;2.61;12.75;0.34;0.41
2017;6;6;157;14;9.4;5.2;11.1;7.8;2.6;0.9;0.4;0.12;4.4;1.8;0;448;129;75;42;86923;3.39;19.11;0.36;0.41
2017;6;7;158;9.7;7.2;3;4.2;2.7;1.4;1.5;0;0.12;4.4;1.8;0;533;216;82;67;87695;3.32;1.73;0.36;0.41
2017;6;8;159;17.5;11.3;3.2;8.9;4.9;1.6;-0.4;0.2;0.12;4.4;1.8;0;742;285;109;90;87908;4.34;0;0.36;0.41
2017;6;9;160;19.5;12.4;4.5;11.8;8.4;3.7;0.6;0.7;0.12;4.4;1.8;0;642;206;106;63;87663;3.5;2.59;0.35;0.41
2017;6;10;161;17.1;12.8;7.7;9.9;8.5;7.2;0.2;-0.5;0.12;4.4;1.8;0;671;234;94;64;88054;3.9;1.7;0.35;0.41
2017;6;11;162;23.4;16.4;6.9;13.6;9.8;5.9;-0.4;0.2;0.12;4.4;1.8;0;804;300;122;88;87981;5.19;0;0.35;0.41
2017;6;12;163;21.2;16.2;10.9;13.8;12.1;9.1;1.2;0.1;0.12;4.4;1.8;0;542;202;80;49;87824;3.58;2.53;0.34;0.41
2017;6;13;164;20;15.7;12.5;12.1;11.6;10;0.2;-0.9;0.12;4.4;1.8;0;592;209;93;50;87854;3.77;0.33;0.34;0.41
2017;6;14;165;19.1;15.2;9.2;13.2;11.3;9.1;-0.4;-0.4;0.12;4.4;1.8;0;627;199;89;58;87798;3.25;0.9;0.34;0.41
2017;6;15;166;21.7;16.1;9;15.4;11.6;8.1;0.5;0.3;0.12;4.5;1.8;0;770;254;103;68;87822;4.07;1.7;0.33;0.41
2017;6;16;167;18.3;14.5;11.1;13.5;10.4;6.4;1.6;-0.5;0.12;4.5;1.8;0;686;209;96;52;88007;4.12;6.01;0.33;0.41
2017;6;17;168;15.2;11.9;8.8;7.1;6.1;5.1;1.2;-1.2;0.12;4.5;1.8;0;635;195;74;43;88317;3.5;0.8;0.33;0.4
2017;6;18;169;18.8;14;10.1;8.8;7.7;6.9;-1.1;-0.7;0.12;4.5;1.8;0;820;289;126;77;88271;4.78;0.62;0.33;0.4
2017;6;19;170;22.7;17;7.6;14.7;11;6.3;0.2;0;0.12;4.5;1.8;0;773;278;108;82;88144;4.47;0;0.32;0.4
2017;6;20;171;22.5;17.4;10.2;16.4;12.8;9.2;0.5;0.5;0.12;4.5;1.8;0;669;230;88;61;87988;3.85;1.87;0.32;0.4
2017;6;21;172;22.6;17.3;11.8;15.8;13;10.4;0.3;0.5;0.12;4.5;1.8;0;656;225;87;60;87890;3.91;2.84;0.31;0.4
2017;6;22;173;25.2;18.8;11.2;17;12.4;9.5;0.6;0.5;0.12;4.5;1.8;0;759;268;108;75;87874;4.72;0.06;0.31;0.4
2017;6;23;174;22.8;18.2;13;15.1;12.6;9.9;1.4;0.7;0.12;4.5;1.8;0;571;222;83;58;87897;3.92;1.99;0.31;0.4
2017;6;24;175;20.6;17.4;14.3;15.1;13.8;12.2;0.7;0;0.12;4.5;1.8;0;590;193;65;44;87907;3.38;2.72;0.31;0.4
2017;6;25;176;16.6;14.1;11.7;14.4;12.5;9.8;0.5;0.5;0.12;4.5;1.8;0;401;110;68;39;87659;2.5;12.71;0.31;0.4
2017;6;26;177;22.8;17.4;10.6;13.9;11.2;8.7;0;0;0.12;4.5;1.8;0;801;279;113;70;87513;4.83;1.71;0.31;0.4
2017;6;27;178;20.4;16.1;12.6;15.5;13.6;12.1;-0.2;0.2;0.12;4.5;1.8;0;669;202;84;52;87103;3.53;11.42;0.32;0.4
2017;6;28;179;18.2;14.5;11.6;13.9;12.4;10.3;0.2;0.2;0.12;4.5;1.8;0;555;171;66;44;86331;3.02;17.82;0.32;0.4
2017;6;29;180;16.9;11.8;8.7;10.6;8.8;6.6;1.5;0.2;0.12;4.5;1.8;0;719;192;101;40;86348;4.46;16.19;0.34;0.4
2017;6;30;181;14.6;11;7.3;9.4;7.7;6.4;0.2;0.4;0.12;4.5;1.9;0;620;214;94;58;86922;3.92;7.38;0.34;0.4
2017;7;1;182;15;10.9;7.1;8.2;6.7;5.7;1.5;0.2;0.12;4.6;1.9;0;687;234;87;58;87363;4.2;2.96;0.34;0.4
2017;7;2;183;11;9.8;8.9;9.2;8;5.8;1.4;0.2;0.12;4.6;1.9;0;147;40;34;11;87910;1.47;6.32;0.34;0.4
2017;7;3;184;15.5;12.1;9.2;11.3;9.6;8.4;0.7;-0.3;0.12;4.6;1.9;0;576;182;81;37;88207;3.26;4.26;0.35;0.4
2017;7;4;185;18.7;14;7.4;11.4;8.7;6.7;0.2;0;0.12;4.6;1.9;0;675;238;89;65;88146;4.08;0.01;0.34;0.4
2017;7;5;186;22.2;16.5;8.1;12.4;10;7;0.5;0.2;0.12;4.6;1.9;0;752;282;110;81;88019;5.07;0.03;0.34;0.4
2017;7;6;187;23.8;17.6;9.3;17.5;11.4;7.8;0.2;0.5;0.12;4.6;1.9;0;774;273;116;81;88081;4.94;0.16;0.33;0.39
2017;7;7;188;24.1;18.3;12.1;13.8;11.5;9.9;1;0.6;0.11;4.6;1.9;0;754;256;108;70;88009;5.02;1.83;0.33;0.39
2017;7;8;189;23.2;17.9;12.8;14.4;12.1;9.6;0.8;0.3;0.11;4.6;1.9;0;733;245;96;62;87976;4.73;3.87;0.33;0.39
2017;7;9;190;23.5;17.1;11.5;16;13.1;9.6;-0.2;0.9;0.11;4.6;1.9;0;644;194;94;58;87612;3.99;3.16;0.32;0.39
2017;7;10;191;20;16.1;13.2;14.6;13.4;11.8;0.5;0.3;0.11;4.6;1.9;0;555;184;70;49;87326;3.42;12.34;0.32;0.39
2017;7;11;192;17.8;14.3;10.8;12.5;11.6;10.3;0.6;0.2;0.11;4.6;1.9;0;562;191;71;51;87609;3.66;4.36;0.33;0.39
2017;7;12;193;19.5;14.3;9.2;13.6;11.6;8.1;1.1;0.2;0.11;4.6;1.9;0;598;200;79;53;87611;3.78;7.57;0.33;0.39
2017;7;13;194;16.6;13.1;10.5;11.1;9.6;8.4;-0.1;-1;0.11;4.6;1.9;0;501;161;65;35;87932;3.32;1.98;0.34;0.39
2017;7;14;195;14.6;12;8.4;10.6;9.7;8.2;0.8;0;0.11;4.6;1.9;0;445;152;77;39;87718;3.72;20.61;0.34;0.39
2017;7;15;196;12.4;9.9;7.4;9;6.7;4.4;0.6;-0.6;0.11;4.6;1.9;0;458;154;56;39;88068;3.22;8.33;0.35;0.39
2017;7;16;197;16.4;12.7;8;8;5.8;4.4;0.1;-0.3;0.11;4.6;1.9;0;711;265;113;78;88326;4.32;0;0.35;0.39
2017;7;17;198;20.2;15;7.4;12.9;9.7;5.9;-0.3;-0.1;0.11;4.6;1.9;0;785;250;105;68;88185;4.25;0.08;0.35;0.39
2017;7;18;199;21;16.3;9.9;15.7;12.8;8.7;-0.2;0.6;0.11;4.6;1.9;0;719;207;94;64;87950;3.52;1.79;0.34;0.39
2017;7;19;200;23.4;17.7;10.3;17.6;11.8;8.3;0.1;0.8;0.11;4.6;1.9;0;695;260;110;78;87715;4.83;0.04;0.34;0.39
2017;7;20;201;19.3;14.9;10.8;14.3;12.8;10.7;0.3;0.5;0.11;4.6;1.9;0;552;147;73;46;87569;2.85;10.25;0.34;0.39
2017;7;21;202;22;15.6;8.2;15.7;12.3;8.1;-0.3;0.5;0.11;4.6;1.9;0;763;229;100;55;87492;4.11;2.62;0.34;0.39
2017;7;22;203;20.1;16.1;12.6;14.9;12.5;10.9;0.1;0.4;0.11;4.6;1.9;0;585;174;85;50;87624;3.15;1.2;0.34;0.39
2017;7;23;204;17.5;14.6;12.2;13.5;12.4;11.1;0.3;-0.2;0.11;4.6;1.9;0;525;172;63;37;87727;3.56;10.41;0.34;0.39
2017;7;24;205;14.8;11.7;8.4;13;10.4;5.8;0.7;-0.1;0.11;4.6;1.9;0;188;61;65;25;87130;2.35;21.7;0.35;0.39
2017;7;25;206;12.1;9.2;7.2;8.2;6.8;5.7;2;0.4;0.11;4.6;1.9;0;684;183;67;38;87016;4.58;12.9;0.36;0.39
2017;7;26;207;8.6;7.9;7;8.4;7.5;6.5;1.8;0.9;0.11;4.6;1.9;0;100;29;33;10;87087;2.06;32.15;0.38;0.39
2017;7;27;208;14.4;10.5;4.8;12.7;9.1;4.2;0.4;0.9;0.11;4.6;1.9;0;208;81;59;32;87319;1.59;4.35;0.39;0.39
2017;7;28;209;15.1;12.3;9.1;12.4;11.1;8.8;0.4;0.2;0.11;4.6;1.9;0;352;95;70;32;87613;1.92;3.06;0.39;0.39
2017;7;29;210;20.9;15.3;8.1;15.7;12.1;8;-0.1;0.4;0.11;4.6;1.9;0;648;214;85;55;87803;3.49;0.74;0.39;0.39
2017;7;30;211;23.7;17.2;10;16.5;12.8;9.2;0;0.7;0.11;4.6;1.9;0;708;213;94;60;87671;4.04;2.21;0.39;0.39
2017;7;31;212;23.8;17.9;11.1;17.3;13.7;10;-0.3;0.6;0.11;4.5;1.9;0;752;238;100;71;87843;4.26;0.84;0.39;0.39
2017;8;1;213;28.2;20.4;12.1;21.2;15;10.6;-0.3;0.8;0.11;4.5;1.9;0;766;256;108;77;87882;4.9;0.21;0.38;0.39
2017;8;2;214;23.5;19.2;14.7;18.2;16.3;14.1;0;0.4;0.11;4.5;1.9;0;574;213;90;62;88150;3.54;2.46;0.38;0.39
2017;8;3;215;25.5;19.7;12.5;19;15.1;11.1;0.1;0.6;0.11;4.5;1.9;0;632;219;96;62;87905;4.26;1.8;0.37;0.39
2017;8;4;216;22;18.7;15.7;17.5;16.2;14.3;0.5;0;0.11;4.5;1.8;0;541;162;70;36;87809;3.19;3.97;0.37;0.39
2017;8;5;217;21.8;18.1;15.2;17.2;15.8;13.9;0.2;0;0.11;4.5;1.8;0;518;175;71;36;87829;3.35;7.18;0.37;0.39
2017;8;6;218;14.5;12.2;9.5;14.2;12;9.5;-0.1;-0.5;0.11;4.5;1.8;0;108;38;48;16;88106;1.56;15.91;0.38;0.39
2017;8;7;219;20.4;14;7.5;12.7;10.3;7.2;-0.8;0;0.11;4.5;1.8;0;789;259;118;70;87832;4.45;0;0.38;0.39
2017;8;8;220;23.6;15.9;10.4;15.4;12.3;8.8;0.2;0.3;0.11;4.5;1.8;0;706;208;97;54;87421;4.07;11.09;0.38;0.39
2017;8;9;221;15.8;13.5;11.1;13.9;11.9;10.3;-0.4;-0.8;0.11;4.5;1.8;0;226;75;27;11;87639;1.97;3.9;0.39;0.39
2017;8;10;222;13.5;11.8;8.7;13.3;11.5;7.9;0.6;-0.7;0.11;4.5;1.8;0;110;36;35;10;87676;1.5;13.25;0.39;0.39
2017;8;11;223;9.9;8.8;8;8.9;7.9;6.8;0.9;-0.3;0.11;4.5;1.8;0;169;48;27;12;87552;1.99;9;0.4;0.39
2017;8;12;224;13.2;10.1;7.4;8.1;7;6;1.3;0.1;0.11;4.5;1.8;0;484;122;73;33;87921;2.79;3.86;0.4;0.39
2017;8;13;225;17.5;12.6;6.2;10.9;8.5;5;-0.1;0;0.11;4.5;1.8;0;628;178;83;52;88070;2.82;0.01;0.4;0.39
2017;8;14;226;20;14.7;9.5;15;11.6;8.2;-0.2;0.5;0.11;4.5;1.8;0;559;201;87;66;88046;3.21;2.29;0.39;0.39
2017;8;15;227;23.1;16.7;8.3;17.4;11.2;7.1;0.2;0.4;0.11;4.5;1.8;0;681;233;107;76;88091;4.12;0.07;0.39;0.39
2017;8;16;228;19.3;15.5;11.8;14.3;12.8;10.8;0;0;0.11;4.5;1.8;0;636;190;88;51;88184;3.26;14.15;0.4;0.39
2017;8;17;229;21.3;16.2;9.7;16.4;12.5;8.5;0.1;0.4;0.11;4.4;1.8;0;610;197;89;64;88064;3.37;0.47;0.39;0.39
2017;8;18;230;23.3;17.3;11.3;17.5;13.9;10.3;0.3;0.2;0.11;4.4;1.8;0;634;205;91;55;87819;3.89;13.95;0.39;0.39
2017;8;19;231;13.1;11.8;8.7;12.6;10.9;8.1;0.4;-0.3;0.11;4.4;1.8;0;198;73;64;31;87932;2.36;20.15;0.4;0.39
2017;8;20;232;13.6;10.6;7.8;9;7.3;4.6;0.6;-0.4;0.11;4.4;1.8;0;568;178;80;52;88213;3.1;5.61;0.41;0.39
2017;8;21;233;13.9;11.1;8.2;6.9;6.2;5.8;0.2;-0.5;0.11;4.4;1.8;0;410;152;86;58;88231;2.38;0.21;0.41;0.39
2017;8;22;234;17;12.7;6.9;10;8.1;5.7;0;-0.2;0.11;4.4;1.8;0;585;197;96;65;88015;3.03;0.05;0.4;0.39
2017;8;23;235;20.3;14.4;7.1;14.9;10.7;6.6;0.3;0.5;0.11;4.4;1.8;0;712;224;106;75;87858;3.53;0.83;0.4;0.39
2017;8;24;236;22.2;15.5;8.9;15.8;12.1;6.8;0.3;0.6;0.11;4.4;1.8;0;694;211;102;60;87969;3.71;7.67;0.39;0.39
2017;8;25;237;22.6;17.1;10.9;16.5;13;9.8;-0.1;0.5;0.11;4.4;1.8;0;696;223;105;71;88030;4.15;0.19;0.39;0.39
2017;8;26;238;23;17;10.6;16.1;12.7;9.2;0.1;0.9;0.11;4.4;1.8;0;667;205;110;72;87977;3.57;0.88;0.39;0.39
2017;8;27;239;22.5;16.7;10.4;16.2;12.5;9.3;0.4;0.5;0.11;4.4;1.8;0;660;194;97;70;87961;3.41;0.49;0.39;0.39
2017;8;28;240;19.9;14.3;10.4;13.8;12;9.4;0.1;0.5;0.11;4.4;1.8;0;651;178;92;60;87960;2.88;6.97;0.38;0.39
2017;8;29;241;22.4;15.9;8.3;14.3;10.9;7.1;-0.2;0.4;0.11;4.3;1.8;0;704;232;115;84;87789;4.18;0;0.38;0.39
2017;8;30;242;25;17.8;9.1;15.8;12;8.2;0;0.5;0.1;4.3;1.8;0;690;220;112;74;87570;4.14;0;0.38;0.39
2017;8;31;243;19.8;14.9;10.9;15.4;13.4;10.8;0.5;-0.4;0.1;4.3;1.8;0;357;87;55;24;87678;1.99;17.93;0.38;0.39
2017;9;1;244;10.7;9.2;8.1;10.7;8.9;7.9;-0.1;-0.9;0.1;4.3;1.8;0;164;35;16;6;87648;1.94;38.82;0.4;0.39
2017;9;2;245;7.9;6.5;5.2;7.7;6.3;5;0.3;-0.7;0.1;4.3;1.7;0;120;35;15;8;87504;1.79;32.29;0.43;0.4
2017;9;3;246;9.4;7.1;4.9;8.1;5.3;3.7;0.4;-0.1;0.1;4.3;1.7;0;463;127;89;39;87533;2.48;5.88;0.43;0.4
2017;9;4;247;14.2;8.8;1.3;7;3.8;0.5;0.4;0.1;0.1;4.3;1.7;0;673;199;116;68;87671;2.94;0.65;0.42;0.4
2017;9;5;248;15.2;11.3;8.7;12;9.2;6.6;0.3;0.7;0.1;4.3;1.7;0;357;90;80;34;88027;1.72;3.05;0.41;0.41
2017;9;6;249;15.5;11.5;8.1;11.6;9.2;6.8;1.1;0.3;0.1;4.3;1.7;0;397;109;56;30;87827;2.3;6.26;0.41;0.41
2017;9;7;250;12.2;9.8;8;8.7;6.9;5;0.5;-0.2;0.1;4.3;1.7;0;454;126;73;43;87664;2.24;1.32;0.41;0.41
2017;9;8;251;16.8;11.2;5.1;9.9;7.3;4.3;0;0;0.1;4.3;1.7;0;631;199;106;76;87177;2.69;0;0.4;0.41
2017;9;9;252;14.4;9.7;6.8;9.5;7.9;5.6;0.2;0.1;0.1;4.3;1.7;0;399;91;66;33;86480;1.74;13.3;0.4;0.41
2017;9;10;253;8.3;7;5.1;7.4;6;4.9;0.1;0.4;0.1;4.2;1.7;0.05;181;49;45;18;86687;1.77;16.06;0.42;0.41
2017;9;11;254;12.8;8.9;4.2;7.2;6.1;4;0.5;0.2;0.1;4.2;1.7;0.03;338;80;69;33;86617;1.41;1.05;0.42;0.41
2017;9;12;255;8.8;6.8;4.3;6;4.7;2.5;1.1;0.5;0.1;4.2;1.7;0;307;81;69;39;87118;2.06;6.52;0.42;0.41
2017;9;13;256;15.9;8.5;0.4;9;5.2;-0.2;0.5;1.4;0.1;4.2;1.7;0;365;102;69;47;87299;1.75;0.95;0.41;0.41
2017;9;14;257;16.2;7.2;4.5;9.8;4.4;0.6;1.4;1;0.1;4.2;1.7;0;416;99;75;50;87085;2.16;9.21;0.41;0.41
2017;9;15;258;10.9;6.3;0.7;3.8;1.5;-1.2;-0.1;-0.1;0.1;4.2;1.7;0;573;159;108;62;87275;2.21;2.04;0.41;0.41
2017;9;16;259;7.2;6;4.8;5.1;4.2;2.9;-0.2;-0.1;0.1;4.2;1.7;0;238;55;62;24;87067;1.53;8.4;0.41;0.41
2017;9;17;260;9;5.7;3;4.8;3.3;2;0.4;0.1;0.1;4.2;1.7;0;446;113;72;48;87196;1.89;4.48;0.41;0.41
2017;9;18;261;9.5;5.9;2.6;5.5;3.7;2;0.4;0;0.1;4.1;1.7;0;490;141;71;50;87445;2.05;3.28;0.41;0.41
2017;9;19;262;5.5;4;2.8;4.7;3.2;2.2;0.7;0;0.1;4.1;1.7;0;167;50;43;20;87521;1.58;11.92;0.41;0.41
2017;9;20;263;7.3;4.1;0.3;6.1;3.4;0.2;0.7;0.4;0.1;4.1;1.7;0.1;358;88;70;31;87862;1.8;5.89;0.42;0.41
2017;9;21;264;12;5.6;-1.9;4.4;1.7;-2.9;-0.3;0.3;0.1;4.1;1.6;0.04;609;182;111;83;87866;2.34;0;0.42;0.41
2017;9;22;265;13.9;7.9;0.1;8.6;3.8;-1.2;0.4;0.4;0.1;4.1;1.6;0;489;144;102;72;87946;1.87;0;0.41;0.41
2017;9;23;266;14.7;8.6;2.4;8.3;5.5;1.5;0;0.2;0.1;4;1.6;0;572;154;102;58;87995;1.9;1.02;0.41;0.41
2017;9;24;267;12.3;8.2;4.8;8.2;6.3;4.3;0.2;0.2;0.09;4;1.6;0;500;136;79;48;87914;2;7.12;0.41;0.41
2017;9;25;268;12.8;7.4;2.4;7.4;4.5;1.9;-0.1;0.5;0.09;4;1.6;0;477;131;93;58;87795;2;0.27;0.4;0.41
2017;9;26;269;13.1;7.6;1.8;8.5;5.2;1;0;0.5;0.09;4;1.6;0;527;137;102;62;87959;1.72;1.47;0.4;0.41
2017;9;27;270;14.2;8.7;2.4;8.9;5.9;1.7;0;0.4;0.09;4;1.6;0;514;142;91;65;88173;1.88;0.46;0.4;0.41
2017;9;28;271;15;9.4;3.1;9.5;6.3;2.1;0;0.6;0.09;4;1.6;0;428;128;81;59;88388;1.7;0.27;0.39;0.41
2017;9;29;272;14.3;9.2;4.5;10.4;7.4;3.6;0.1;0.7;0.09;3.9;1.6;0;333;87;68;39;88220;1.16;2.94;0.39;0.41
2017;9;30;273;15.8;10.1;3.9;11.9;8.1;3.7;0.3;0.5;0.09;3.9;1.6;0;455;119;89;48;87758;1.92;8.84;0.39;0.41
2017;10;1;274;9.2;7.9;5.8;8.5;7.4;5.7;-0.2;-0.3;0.09;3.9;1.6;0;184;40;35;14;87960;1.12;17.16;0.4;0.41
2017;10;2;275;16.1;9.7;3.5;8;5.8;2.9;0.4;0.6;0.09;3.9;1.6;0;515;127;96;44;87892;2.02;1.27;0.4;0.41
2017;10;3;276;9.8;8.5;6.3;9.3;6.5;4.3;0.7;0.1;0.09;3.9;1.6;0;347;48;66;24;87842;1.39;16.72;0.41;0.41
2017;10;4;277;14.2;8.8;4.4;7.6;5.3;3.2;0.5;0.2;0.09;3.8;1.5;0;496;136;106;70;88170;1.66;0;0.41;0.41
2017;10;5;278;16.9;9.5;2.6;6.3;2.4;-1.3;1.7;0.4;0.09;3.8;1.5;0;554;157;123;70;87534;3.13;12.86;0.4;0.41
2017;10;6;279;6.3;3.7;1.8;4.8;2.7;1.4;1.5;-0.2;0.1;3.8;1.5;0.2;427;107;83;36;87616;2.3;12.24;0.41;0.41
2017;10;7;280;8.4;4.7;1.6;2.1;0.7;-1.3;1.2;0.3;0.12;3.8;1.5;1;426;106;94;44;87871;1.83;0.74;0.41;0.41
2017;10;8;281;5.9;4.6;3;3.6;2.5;-0.1;1.4;0.4;0.12;3.8;1.5;0.84;86;27;29;16;87605;1.03;4.03;0.41;0.41
2017;10;9;282;8.7;5.2;2.5;5.6;3.9;1.9;0.7;0.1;0.11;3.7;1.5;0.59;364;84;58;31;87754;1.37;4.55;0.41;0.41
2017;10;10;283;11.1;6.3;-0.2;5.1;3.2;-0.5;0.7;0.4;0.1;3.7;1.5;0.34;450;114;92;51;87828;1.64;0.03;0.41;0.41
2017;10;11;284;14.2;7.8;1.7;7.4;4;0.8;0.2;0.6;0.09;3.7;1.5;0.14;507;138;113;76;87956;1.6;0;0.41;0.41
2017;10;12;285;13.7;7.6;1.1;6.6;3.9;0.1;0.9;0.7;0.09;3.7;1.5;0.07;413;118;89;67;88262;1.46;0.01;0.4;0.41
2017;10;13;286;15.2;8.3;1.6;9;5.3;1;0.1;0.5;0.09;3.7;1.5;0.03;507;134;115;75;88570;1.43;0;0.4;0.41
2017;10;14;287;17.1;9.1;1.6;10;5.4;0.6;-0.1;0.7;0.09;3.6;1.5;0;498;136;112;76;88636;1.62;0;0.39;0.41
2017;10;15;288;18.6;9.8;1.9;12.5;6.5;1.2;0;0.8;0.09;3.6;1.5;0;500;136;118;78;88616;1.6;0;0.39;0.41
2017;10;16;289;18.5;10;2.3;12.1;6.1;1.5;-0.1;0.9;0.09;3.6;1.5;0;495;134;118;80;88588;1.73;0;0.39;0.41
2017;10;17;290;17.9;9.9;2.2;11;6.1;1.4;-0.1;0.7;0.09;3.6;1.4;0;493;130;122;77;88210;1.63;0;0.38;0.41
2017;10;18;291;16;9.2;2.6;7.7;5;1.7;0.1;0.6;0.08;3.6;1.4;0;486;128;122;81;87636;1.58;0;0.38;0.41
2017;10;19;292;16.1;8;0.8;7.6;3.9;0.2;-0.2;0.8;0.08;3.6;1.4;0;484;129;121;81;87462;1.61;0;0.37;0.41
2017;10;20;293;16.1;9;2.6;9.9;4.5;0.3;0.2;0.8;0.08;3.6;1.4;0;471;125;116;73;87582;1.51;0;0.37;0.41
2017;10;21;294;12.2;7.5;3.7;8.7;5.4;2.6;0.3;0.9;0.08;3.6;1.4;0;182;36;76;32;87658;0.44;2.97;0.37;0.41
2017;10;22;295;6.4;4.1;0.8;6.1;2;-1.2;1.3;0.2;0.08;3.6;1.4;0.03;242;56;70;29;87543;1.69;9.04;0.37;0.41
2017;10;23;296;3.1;1.6;-0.1;2.5;1.3;-0.2;1.3;0.1;0.13;3.5;1.4;1.9;166;36;30;15;87781;1.06;10.29;0.38;0.41
2017;10;24;297;8.9;4.7;1.8;3.5;2.3;0.4;0.5;0.7;0.15;3.5;1.4;2.3;232;57;54;29;88293;1;1.48;0.38;0.41
2017;10;25;298;15;7.2;0.8;8.7;3.6;-0.5;0.3;0.9;0.12;3.5;1.4;1.43;399;99;101;60;88321;1.07;0;0.38;0.41
2017;10;26;299;15.7;7.8;1.2;8.6;4.1;0.1;0.4;0.8;0.1;3.5;1.4;0.74;396;103;108;67;88364;1.18;0;0.37;0.41
2017;10;27;300;6.7;3.7;1.7;6.5;2.7;0.6;1.5;0.1;0.1;3.5;1.4;0.61;96;23;49;26;88126;0.81;18.98;0.38;0.41
2017;10;28;301;6.2;3.4;0.3;1.5;-0.8;-4.5;2;0.6;0.1;3.5;1.4;0.74;301;66;63;38;87943;1.29;0.41;0.39;0.41
2017;10;29;302;5.4;3.6;0.4;4.3;1.2;-4.9;2.8;0.1;0.1;3.5;1.4;0.73;40;10;43;13;87119;1.56;14.64;0.39;0.41
2017;10;30;303;2.5;0.2;-1.3;0.1;-2.4;-4.2;0.9;-0.7;0.13;3.5;1.4;1.68;314;70;84;45;87879;1.19;1.08;0.39;0.41
2017;10;31;304;5.7;2;-0.8;0.4;-1.4;-3.6;-0.2;-0.2;0.13;3.5;1.4;1.56;399;100;106;76;88112;0.66;0;0.39;0.41
2017;11;1;305;7.2;2.8;-1.4;4;-0.2;-3.8;0.2;1;0.11;3.5;1.4;1.23;123;31;59;31;88001;0.16;0;0.39;0.41
2017;11;2;306;10.1;4.4;-0.8;4.4;1;-1.9;0.9;0.8;0.11;3.5;1.4;0.92;298;66;83;42;87530;0.63;0.39;0.39;0.41
2017;11;3;307;8.2;4.5;-1.7;5.7;3.2;-2.7;-0.1;0.5;0.1;3.4;1.4;0.6;212;43;100;38;87434;0.52;2.43;0.39;0.41
2017;11;4;308;11;3.5;-2.4;5.5;0.4;-3.6;-0.1;1.3;0.09;3.4;1.4;0.4;298;73;97;60;87177;0.68;0;0.38;0.41
2017;11;5;309;7.9;2;-0.8;6;0.8;-1.7;0.7;0.5;0.14;3.4;1.4;2.39;198;42;53;28;86809;0.54;23.04;0.38;0.41
2017;11;6;310;0.1;-0.9;-1.5;-1;-1.5;-2.3;-0.4;-1;0.5;3.4;1.4;19.91;110;20;26;9;87369;0.28;12.51;0.39;0.41
2017;11;7;311;2.2;0.4;-1.3;1.1;-0.2;-1.4;-0.3;-0.3;0.49;3.4;1.4;22.97;147;34;54;27;87179;0.1;1.99;0.39;0.41
2017;11;8;312;2.9;0.1;-3.4;0.5;-1;-4.3;0;-0.2;0.47;3.4;1.4;22.2;153;31;47;25;87269;0.13;0.82;0.39;0.41
2017;11;9;313;3.2;1.5;-0.1;0.1;-0.2;-0.6;0;-0.6;0.44;3.4;1.4;20.53;127;29;34;17;87759;0.27;0.38;0.39;0.41
2017;11;10;314;3.3;1.3;-1.2;0.3;-0.9;-2.7;1;0.4;0.41;3.4;1.4;18.74;127;31;52;31;87610;0.34;1.71;0.39;0.41
2017;11;11;315;3.5;1.9;0.4;1.6;0.7;0;1.4;0.7;0.38;3.4;1.4;16.94;126;24;31;11;87075;0.52;12.6;0.4;0.41
2017;11;12;316;6.9;2.6;-2.4;5.3;1.6;-3.7;1.3;0.5;0.34;3.4;1.4;14.26;131;24;37;14;86215;0.54;25.47;0.41;0.41
2017;11;13;317;-1.7;-3.4;-4.7;-2.8;-4.3;-5.7;0.8;-0.8;0.49;3.3;1.4;25.81;98;21;50;21;86838;0.2;11.69;0.41;0.41
2017;11;14;318;-1.3;-3.8;-12.4;-2.9;-5.6;-13.4;-0.2;0;0.51;3.3;1.3;30.85;188;43;98;49;87820;0.3;0.41;0.41;0.41
2017;11;15;319;1.2;-5.9;-14.5;-3.8;-8.9;-16.3;-0.3;0.7;0.51;3.3;1.3;30.63;201;46;97;56;87878;0.32;0;0.41;0.41
2017;11;16;320;3.2;-1.5;-4.6;-0.4;-3.9;-8.5;0.1;0.2;0.5;3.3;1.3;30;175;40;79;43;87714;0.16;0;0.4;0.41
2017;11;17;321;1.5;-1.7;-6;-1;-3.4;-7.4;0;0.1;0.49;3.3;1.3;29.18;133;26;54;28;87896;0.13;0.15;0.4;0.41
2017;11;18;322;1.4;-1.3;-3.1;-1.9;-3.2;-4.9;0.8;0.2;0.49;3.3;1.3;28.58;103;25;79;35;87616;0.18;0.25;0.4;0.41
2017;11;19;323;-1.1;-2.9;-4.8;-2.9;-5.1;-7.4;1.7;0.3;0.5;3.3;1.3;34.31;70;16;66;25;87318;0.18;9.88;0.4;0.41
2017;11;20;324;-0.3;-3.2;-7.4;-3.9;-6.8;-11.1;0.8;1;0.51;3.3;1.3;38.64;84;18;57;21;87605;0.25;2.6;0.4;0.41
2017;11;21;325;3.6;1.1;-2.9;0.3;-1.9;-5.1;1.2;1.2;0.5;3.3;1.3;40.34;91;14;65;23;87440;0.22;2.74;0.39;0.41
2017;11;22;326;7.9;-2.6;-8.3;4.9;-4.5;-10.2;0.1;1.6;0.48;3.3;1.3;38.45;188;42;95;62;87230;-0.03;0;0.4;0.41
2017;11;23;327;5.4;-2.3;-8;2;-5.5;-11.3;0.1;1.8;0.47;3.3;1.3;36.29;164;38;80;51;87208;0.09;0;0.39;0.41
2017;11;24;328;6.7;-0.2;-6.7;2;-4.1;-10.9;0;1.6;0.44;3.3;1.3;34.12;184;40;80;41;87356;0.13;0;0.39;0.41
2017;11;25;329;4.7;-0.9;-4.2;1.9;-2.6;-6.7;0.8;0.5;0.43;3.3;1.3;33.97;146;20;45;27;86922;0.09;9.69;0.4;0.41
2017;11;26;330;-2.7;-5.5;-8.7;-3.7;-8.2;-11.3;1.4;0.1;0.49;3.3;1.3;40.09;160;34;81;46;87737;0.38;3.38;0.4;0.41
2017;11;27;331;-2.3;-7;-10.4;-7.9;-11;-13.7;0.6;1.2;0.49;3.3;1.3;41.28;182;39;92;44;87743;0.24;0.38;0.39;0.41
2017;11;28;332;1.8;-3;-8.6;-1.3;-5.7;-11.8;0.1;0.7;0.49;3.3;1.3;41.15;127;26;51;23;86668;0.08;1.25;0.39;0.41
2017;11;29;333;-1;-2.6;-4;-2.6;-3.9;-5.2;0.2;-0.3;0.5;3.3;1.3;46.15;102;19;37;16;86171;0.14;12.93;0.39;0.41
2017;11;30;334;-4.2;-6.8;-13.8;-5.2;-9.3;-15.7;1.1;0.5;0.52;3.3;1.3;58.05;102;21;66;35;86144;0.33;3.95;0.39;0.41
2017;12;1;335;-5.4;-10.1;-16.2;-8.2;-12.6;-18.2;-0.2;0.5;0.52;3.3;1.3;58.87;129;27;63;36;86591;0.08;0.46;0.38;0.41
2017;12;2;336;-4.6;-6.9;-10.6;-7.3;-8.8;-11.8;-0.8;-0.3;0.52;3.3;1.3;59.51;136;28;60;28;87366;0.08;0.67;0.38;0.41
2017;12;3;337;-5.2;-7.3;-9.1;-9;-10.6;-12.1;0.3;0.3;0.52;3.3;1.3;60.04;150;32;86;37;87692;0.15;1.17;0.38;0.41
2017;12;4;338;-2.3;-4.4;-8.4;-4;-6.7;-11.2;1.4;0.6;0.52;3.3;1.3;63.43;56;11;17;3;88244;0.12;6.05;0.38;0.41
2017;12;5;339;-0.3;-2.9;-8;-3.5;-5.1;-9.6;0.8;0.4;0.52;3.3;1.3;67.46;122;24;59;36;88792;0.12;0.66;0.38;0.41
2017;12;6;340;2.5;-5.8;-11.6;-2.6;-9.4;-14.9;0.3;1.1;0.52;3.3;1.3;67.52;158;34;87;54;88566;0.08;0;0.37;0.41
2017;12;7;341;2;-8.3;-14.9;-3.7;-12.6;-19;0.2;1.8;0.51;3.3;1.4;67.51;161;35;86;55;87771;0.18;0;0.37;0.41
2017;12;8;342;-1.5;-5;-11.1;-3.3;-7.7;-14.8;1.1;0.7;0.51;3.3;1.4;70.55;37;7;48;10;86802;0.15;7.39;0.37;0.41
2017;12;9;343;-6.8;-9.8;-17.7;-9.5;-13.1;-20.4;1.5;0.5;0.53;3.3;1.4;77.37;121;25;94;55;86876;0.25;3.25;0.37;0.41
2017;12;10;344;-3.6;-10.7;-18.9;-7;-14.3;-21.8;0;2.1;0.52;3.3;1.4;79.96;84;14;42;15;85554;0.19;6.16;0.37;0.41
2017;12;11;345;1;-1.7;-4.7;-0.6;-4.4;-8;-0.2;1.5;0.52;3.3;1.4;84.41;74;16;56;19;84775;0.16;7.9;0.37;0.41
2017;12;12;346;-0.4;-2.2;-6.6;-0.6;-3.6;-7.9;0.9;0.2;0.52;3.3;1.4;97.77;44;10;53;19;86454;0.31;11.31;0.37;0.41
2017;12;13;347;-4.2;-9.3;-14.8;-9;-12.8;-17.3;0.1;1.7;0.52;3.3;1.4;100.36;159;33;93;58;86762;0.13;0.35;0.36;0.41
2017;12;14;348;-1.9;-4.3;-7.4;-4.9;-7.5;-12.2;0.4;1.4;0.52;3.3;1.4;104.91;83;15;49;19;85836;0.17;10.09;0.36;0.41
2017;12;15;349;-0.7;-5.3;-13.4;-5.9;-8.4;-15.1;0.4;0.9;0.53;3.3;1.4;114.32;149;32;87;51;85665;0.15;4.23;0.36;0.41
2017;12;16;350;-4.3;-9.4;-17.5;-6.3;-12;-19.9;0.8;0.8;0.53;3.3;1.3;116.86;94;18;62;23;86448;0.04;7.11;0.36;0.41
2017;12;17;351;-5.2;-7.8;-10.7;-8.3;-10.1;-12.7;1.1;0.5;0.54;3.3;1.3;126.08;78;17;63;26;87559;0.07;6.22;0.36;0.41
2017;12;18;352;-6;-9.8;-14.6;-9.4;-12.8;-17.6;0.1;1.1;0.53;3.3;1.3;128.59;70;14;61;18;87680;0.03;0.97;0.36;0.41
2017;12;19;353;-3.6;-6.3;-8.8;-6.2;-8.4;-11;0.5;0.4;0.53;3.3;1.3;129.67;95;19;56;17;88358;0.03;2.2;0.36;0.41
2017;12;20;354;-1.1;-5.1;-11.9;-4.7;-7.1;-13.4;0.4;0.6;0.53;3.3;1.3;133.06;116;22;65;28;88566;0.08;2.06;0.35;0.4
2017;12;21;355;-0.1;-4.8;-11.6;-1.8;-7.4;-13.8;0.6;1.1;0.53;3.2;1.3;134.71;94;16;41;6;88788;0.09;6.79;0.35;0.4
2017;12;22;356;1;-0.2;-1.5;-0.4;-1.4;-2.9;0.8;0.7;0.53;3.2;1.3;142.52;46;7;9;0;88783;0.02;9.04;0.35;0.4
2017;12;23;357;1.9;-0.7;-5.7;-0.1;-2.3;-7.9;0.8;0.8;0.51;3.2;1.3;145.3;103;20;74;34;88811;0.14;1.44;0.36;0.4
2017;12;24;358;3.4;-5.4;-10.4;-1.3;-8.3;-12.5;0.4;1.4;0.49;3.2;1.3;144.59;156;33;86;61;88345;0.2;0;0.35;0.4
2017;12;25;359;2.3;-8.6;-13.7;-1.6;-11.1;-15.8;0.1;1.7;0.49;3.2;1.3;144.53;163;34;85;57;87609;0.04;0;0.35;0.4
2017;12;26;360;0.1;-7.6;-13.2;-4.2;-10.4;-15.2;0.1;1.5;0.49;3.2;1.3;144.57;152;32;79;46;86573;0.03;0;0.35;0.4
2017;12;27;361;0.7;-4.7;-10.9;-2.6;-6.7;-12.8;0.3;1;0.48;3.2;1.3;145.61;140;25;60;21;84932;0;7.49;0.35;0.4
2017;12;28;362;-3.2;-4.9;-6.9;-4.9;-7;-8.7;1.8;0.3;0.52;3.2;1.3;157.72;37;9;25;13;85572;0.2;11.09;0.35;0.4
2017;12;29;363;-4.9;-8.9;-13.4;-9.1;-12.8;-15.9;0.4;1.2;0.53;3.2;1.3;163.33;154;32;95;51;86488;0.17;2.42;0.35;0.4
2017;12;30;364;2.1;-3.4;-9.2;-0.4;-6.4;-11.9;0.9;1.8;0.53;3.2;1.3;168.07;52;9;42;4;86720;-0.03;7.91;0.35;0.4
2017;12;31;365;5;0.3;-5.9;0.9;-2.4;-8.4;0.7;1.2;0.52;3.2;1.3;170.54;151;31;86;49;87029;0.19;0.61;0.35;0.4
2018;1;1;1;0.8;-3.2;-6.9;-3.6;-6.5;-9.8;0.8;1.1;0.51;3.1;1.3;170.5;127;27;96;44;86615;0.31;1.41;0.35;0.4
2018;1;2;2;-1.3;-3.3;-6;-4.2;-6.2;-9.2;1.7;0.9;0.51;3.1;1.3;173.33;99;21;77;35;86987;0.24;3.5;0.35;0.4
2018;1;3;3;2.3;-1;-4.8;-0.4;-4;-8;1.9;1.2;0.52;3.1;1.3;179.61;69;11;41;18;86282;0.45;15.06;0.35;0.4
2018;1;4;4;3.7;0.7;-1.7;1.4;-1.5;-4;1.1;1.4;0.51;3.1;1.3;190.29;24;4;43;11;86207;0.14;21.42;0.35;0.4
2018;1;5;5;4;1.4;-2.5;1.5;-0.6;-4.4;0.6;1.1;0.49;3.1;1.3;189.46;136;27;66;36;86284;-0.03;2.72;0.37;0.4
2018;1;6;6;3;-1.8;-5.6;0.3;-4;-7.4;-0.1;1.4;0.47;3.1;1.3;188.19;156;34;90;53;86530;0.27;0.01;0.37;0.4
2018;1;7;7;2.7;-1.7;-5.6;0.3;-3.6;-7.3;-0.3;1.4;0.46;3.1;1.3;188.04;135;28;71;37;87234;0.09;0;0.37;0.4
2018;1;8;8;3.3;-0.8;-2.7;0.8;-2.8;-4.9;-0.4;1.6;0.45;3.1;1.3;188.05;156;32;82;43;87513;0.08;0.01;0.36;0.4
2018;1;9;9;4.5;-1.1;-5.7;1.3;-3.2;-6.9;-0.2;1.6;0.45;3.1;1.3;188.56;181;37;92;54;87031;0.17;0.95;0.36;0.4
2018;1;10;10;2.9;-4;-10;-0.8;-5.9;-11.2;0.1;1.1;0.44;3.1;1.2;188.57;187;39;93;54;86926;0.18;0;0.36;0.4
2018;1;11;11;1;-3.3;-9;-1.1;-4.6;-10;-0.1;0.1;0.44;3.1;1.2;188.69;138;27;51;23;87050;0.06;0.53;0.36;0.4
2018;1;12;12;0.7;-1.7;-3.4;-2;-2.9;-3.6;-0.7;-0.3;0.44;3;1.2;189.17;164;34;76;33;87696;0.16;0.07;0.36;0.4
2018;1;13;13;0.3;-3.1;-7;-2;-4.2;-7.7;-0.4;0.1;0.44;3;1.2;189.2;163;34;74;54;87622;0.03;0.03;0.36;0.4
2018;1;14;14;-1.5;-5.7;-10.6;-4.4;-7.5;-12.6;0.1;0.3;0.44;3;1.2;189.37;159;35;78;52;87398;0.05;0.28;0.36;0.4
2018;1;15;15;1;-6.7;-14.1;-4.3;-10.1;-16.6;0.1;1.3;0.43;3;1.2;189.54;203;43;102;53;87080;0.15;0.23;0.36;0.4
2018;1;16;16;1.2;-2.4;-5.5;-2.4;-5.2;-8.9;0.9;1.5;0.45;3;1.2;194.5;138;24;52;20;85936;0.29;17.34;0.36;0.4
2018;1;17;17;-2;-3.8;-5.3;-4;-6.6;-8.8;3;0.1;0.52;3;1.2;212.36;106;20;54;30;86107;0.72;12.55;0.36;0.4
2018;1;18;18;2.1;-1.6;-5;-2.8;-5.4;-8.2;1.8;1.4;0.53;3;1.2;219.6;78;17;49;21;86502;0.45;7.38;0.36;0.4
2018;1;19;19;-0.4;-2.8;-6.1;-2.7;-5.2;-8.3;1.4;0.5;0.53;3;1.2;230.18;146;28;94;41;86630;0.58;13.19;0.36;0.4
2018;1;20;20;-1.7;-4.5;-7.9;-5.8;-7.7;-11.5;0.4;1;0.53;3;1.2;236.85;139;28;73;35;86360;0.34;9.9;0.36;0.4
2018;1;21;21;-3;-4.5;-7.5;-4;-6.1;-9.2;1.2;0;0.54;3;1.2;252.38;90;16;78;24;86707;0.12;11.93;0.35;0.4
2018;1;22;22;2.4;-0.8;-6.4;0.8;-2.2;-8;0.8;0.9;0.54;3;1.2;267.18;67;13;14;0;86876;-0.02;27.15;0.35;0.4
2018;1;23;23;1.8;-0.9;-5.6;0.8;-2.5;-7.3;0.8;0.2;0.52;3;1.2;278.09;138;28;73;41;87979;0.29;4.38;0.36;0.4
2018;1;24;24;6;-2.1;-7.9;0.4;-5.2;-9.3;0.1;1.6;0.5;3;1.2;278.11;193;42;87;57;88008;0.45;0;0.36;0.4
2018;1;25;25;5.7;-1.1;-4.4;0.5;-4;-6.7;0;1.4;0.49;3;1.2;278;194;41;83;47;87466;0.19;0;0.36;0.4
2018;1;26;26;4.9;-0.7;-5;-0.4;-3.2;-6.3;0.2;0.8;0.48;3;1.2;277.96;181;42;87;55;87343;0.21;0;0.36;0.4
2018;1;27;27;3.9;-1.4;-7;-0.2;-3.2;-7.7;0.1;0.5;0.48;3;1.2;277.99;169;40;66;46;88360;0.07;0;0.36;0.4
2018;1;28;28;2.6;-2.1;-7.4;-0.8;-4.5;-8.4;0.7;1.1;0.47;3;1.2;277.96;88;20;55;24;88879;0.13;0;0.36;0.4
2018;1;29;29;6.2;-0.7;-6.4;1;-3.4;-7.7;0.8;0.8;0.47;3;1.2;278.01;215;50;91;57;88587;0.09;0;0.35;0.4
2018;1;30;30;2.9;0.2;-4.8;0.1;-1.8;-5.3;0.4;0.3;0.46;3;1.2;278.38;165;38;81;43;88339;0.06;0.44;0.35;0.39
2018;1;31;31;5.5;-2.2;-7.8;-0.7;-5.2;-9;0.2;1.1;0.46;3;1.2;278.38;223;53;93;59;87172;0.31;0;0.35;0.39
2018;2;1;32;-1.1;-2.8;-5.2;-2.1;-4.8;-6.9;0.4;0.6;0.48;3;1.2;282.07;46;13;44;19;86126;0.08;7.32;0.35;0.39
2018;2;2;33;-2.1;-5.7;-10.5;-7.1;-8.6;-12.4;0.5;0.3;0.5;3;1.2;285.7;175;42;97;57;86284;0.27;0.24;0.35;0.39
2018;2;3;34;-3.6;-8.1;-12.8;-7.9;-10.9;-14.4;0.6;0.6;0.5;3;1.2;285.97;158;36;69;41;86186;0.21;0.82;0.35;0.39
2018;2;4;35;-3.1;-8.1;-13.8;-8.5;-11.9;-16.1;0;0.6;0.5;3;1.2;286.5;170;42;69;52;86808;0.16;0.09;0.35;0.39
2018;2;5;36;-2.1;-8.2;-15.4;-7.4;-12.2;-18.1;-0.5;0.6;0.49;3;1.2;286.54;198;49;87;60;87209;0.13;0;0.35;0.39
2018;2;6;37;0.7;-6.7;-13.2;-5.2;-10.6;-15.4;-0.2;1;0.49;3;1.2;286.56;219;52;88;51;86624;0.14;0;0.35;0.39
2018;2;7;38;-2.1;-5.7;-10;-4.6;-7.9;-12.4;0.4;0.1;0.49;3;1.2;287.4;151;29;46;17;86496;0;2.62;0.35;0.39
2018;2;8;39;-1.9;-4.4;-5.9;-5.8;-6.3;-6.8;0.2;-0.4;0.5;3;1.2;290.09;149;35;63;24;87052;0.18;1.25;0.34;0.39
2018;2;9;40;-0.7;-4.7;-10.8;-5.3;-7.4;-12.3;-0.1;0.2;0.5;3;1.2;290.48;235;57;86;59;86932;0.16;0.21;0.34;0.39
2018;2;10;41;-1.9;-4.8;-7.2;-6.3;-7.4;-8.9;0.5;0.1;0.5;3;1.2;291.43;167;40;56;26;87014;0.21;1.3;0.34;0.39
2018;2;11;42;0.6;-4.5;-11.2;-3.6;-7.2;-13.4;0.4;0.6;0.5;3;1.2;292.82;138;32;64;26;86507;0.14;4.82;0.34;0.39
2018;2;12;43;-3.4;-5.6;-10.5;-4.3;-8;-12.7;1.2;-0.1;0.52;3;1.2;299.9;153;34;65;34;86814;0.38;5.96;0.34;0.39
2018;2;13;44;-6.1;-10.8;-16.5;-13;-15;-19.3;-0.4;0.8;0.52;3;1.2;302.37;239;61;97;76;86810;0.39;0.01;0.34;0.39
2018;2;14;45;-4.4;-13.6;-22.2;-13.2;-19.2;-24.8;-0.1;0.9;0.52;3;1.2;302.21;250;63;100;75;86906;0.25;0;0.34;0.39
2018;2;15;46;-2.2;-9.5;-20.6;-3.7;-12.7;-23.7;0.2;1.5;0.52;3;1.2;304.5;105;21;71;1;87274;0.05;8.91;0.34;0.39
2018;2;16;47;1.3;-0.8;-2.6;-0.8;-1.8;-3.6;0;0.2;0.52;3;1.2;316.61;59;14;25;-1;87868;-0.03;8.22;0.34;0.39
2018;2;17;48;1.6;-1.4;-5.1;-0.4;-2.5;-5.5;-0.1;-0.2;0.52;3;1.2;320.71;157;34;38;19;87337;0.11;6.26;0.34;0.39
2018;2;18;49;-1.5;-3.9;-7.4;-3.1;-5.7;-8;-0.6;-0.7;0.52;3;1.2;326.72;159;41;78;32;87650;0.55;1.89;0.34;0.39
2018;2;19;50;-2;-6.3;-11.9;-5.6;-8.5;-14;0.1;0;0.52;3;1.2;326.89;234;59;74;53;87106;0.23;0.24;0.34;0.39
2018;2;20;51;-3.6;-5.9;-7.4;-6.5;-7.9;-8.7;-0.2;-0.9;0.52;3;1.2;328.3;171;40;30;18;86761;0.3;2.97;0.33;0.39
2018;2;21;52;-3.5;-6.3;-8.1;-7.5;-8.7;-9.8;-1.1;-0.9;0.52;3;1.2;331.02;199;46;39;23;86931;0.4;2.31;0.33;0.39
2018;2;22;53;-4.5;-6.8;-8.4;-7.9;-8.9;-10.1;-1.5;-0.9;0.53;3;1.2;333.1;164;41;33;22;86662;0.31;1.98;0.33;0.39
2018;2;23;54;-3.3;-6.7;-9.2;-6.8;-8.5;-10.5;-1.2;-0.6;0.52;3;1.2;334.07;218;51;69;42;86642;0.11;0.48;0.33;0.39
2018;2;24;55;-2.5;-6.6;-9.1;-7;-9.2;-10.8;-1.6;-0.7;0.52;3.1;1.2;334.29;261;70;92;54;86882;0.27;0.23;0.33;0.39
2018;2;25;56;-8.7;-11.2;-15;-11.3;-15.5;-18.8;-1.7;-0.8;0.52;3.1;1.3;334.24;272;67;109;62;87038;0.59;0.19;0.33;0.39
2018;2;26;57;-13.7;-16.2;-18.8;-19.3;-20.7;-21.6;-1.2;-0.7;0.52;3.1;1.3;334.27;255;64;84;53;86785;0.33;1;0.33;0.39
2018;2;27;58;-13;-15.9;-17.9;-19.6;-20.6;-21.7;-1;-0.5;0.52;3.1;1.3;335.2;203;54;75;42;86448;0.18;0.76;0.33;0.39
2018;2;28;59;-9.3;-15.4;-23.3;-16.8;-20.6;-26.3;-0.9;0.3;0.51;3.1;1.3;335.4;304;82;98;77;86517;0.04;0;0.33;0.39
2018;3;1;60;-1;-8.1;-16.4;-8;-13.4;-20.8;-0.6;0.7;0.51;3.1;1.3;335.44;183;49;57;27;85811;-0.08;0.06;0.33;0.39
2018;3;2;61;3.4;-4.1;-11.9;-3;-8.1;-15;0.2;0.5;0.51;3.1;1.3;335.84;301;71;82;34;85226;-0.1;1.16;0.33;0.39
2018;3;3;62;2.9;-2.4;-10.5;-2.3;-5.4;-12.3;0;0.4;0.51;3.1;1.3;336.9;276;65;75;41;85485;-0.03;0.78;0.33;0.39
2018;3;4;63;5.3;-0.3;-6.2;-1.8;-4.3;-8.1;-0.3;0.9;0.5;3.1;1.3;337.64;312;85;101;61;85787;0.1;0.02;0.33;0.39
2018;3;5;64;4.8;-0.2;-3.9;-0.7;-3.3;-5.9;-0.4;0.3;0.5;3.1;1.3;337.57;294;72;88;45;85468;0.13;0.21;0.33;0.39
2018;3;6;65;2.2;-0.9;-3.6;-0.9;-2.8;-5;0.9;0.6;0.49;3.1;1.3;338.87;193;44;46;25;85066;0.21;3.35;0.33;0.39
2018;3;7;66;1.3;-1.8;-4.9;-1.7;-4.4;-7;0.9;0.8;0.49;3.2;1.3;341.02;169;45;69;43;85695;0.33;1.72;0.33;0.39
2018;3;8;67;3.5;-1.7;-6.7;-4.3;-7.1;-9.7;0.5;0.7;0.48;3.2;1.3;341.56;343;95;109;77;86457;0.48;0.03;0.33;0.39
2018;3;9;68;6.6;-0.7;-8.2;0.9;-4.7;-10.1;0;1.2;0.48;3.2;1.3;341.27;221;64;68;42;86765;0.27;0;0.32;0.39
2018;3;10;69;6.4;1.2;-3.1;1.9;-1.6;-5;0;1.4;0.47;3.2;1.3;340.91;142;44;48;23;86587;0.11;0.23;0.32;0.39
2018;3;11;70;10;2.4;-2;3;-0.8;-3.6;-0.1;1.5;0.46;3.2;1.3;338.54;352;81;84;48;85913;0.38;0.31;0.33;0.39
2018;3;12;71;5.1;1.1;-2.8;0.8;-1.4;-4.4;0.9;0.9;0.44;3.2;1.3;335.56;237;73;81;46;85796;0.38;1.9;0.33;0.39
2018;3;13;72;4.7;0.6;-3.3;-1.7;-3.2;-5.2;1.6;0.5;0.44;3.2;1.3;333.11;313;89;93;47;86501;0.85;1.51;0.33;0.39
2018;3;14;73;3.5;0;-5.8;0.5;-1.5;-6.6;0.2;0.2;0.44;3.2;1.3;332.43;301;74;87;44;86779;0.32;2.7;0.34;0.39
2018;3;15;74;6.9;0.3;-6.5;-0.3;-3.5;-8.5;-0.2;1.4;0.43;3.2;1.3;330.57;345;83;101;59;85817;0.7;0.63;0.34;0.38
2018;3;16;75;4.5;1.5;-1.7;0.8;-1.4;-3.9;0.7;0.5;0.44;3.2;1.3;330.47;279;83;83;48;86052;0.44;4.55;0.34;0.38
2018;3;17;76;3.8;-0.1;-3.5;0.8;-1.8;-4.1;-1;-0.6;0.44;3.3;1.3;329.07;239;62;56;31;85438;0.31;5.32;0.34;0.38
2018;3;18;77;0.3;-2.5;-4.7;-3.2;-4.7;-7.5;-0.7;-1.1;0.47;3.3;1.3;334.61;273;66;46;26;85581;0.96;4.71;0.34;0.38
2018;3;19;78;-3;-4.9;-6.9;-6.9;-7.8;-8.4;-0.3;-1.1;0.48;3.3;1.3;336.89;158;44;42;22;86089;0.83;3.91;0.34;0.38
2018;3;20;79;-4.3;-6.9;-9;-8.5;-10.7;-11.6;0.2;-0.8;0.5;3.3;1.3;339.72;249;75;72;38;86727;0.64;2.38;0.34;0.38
2018;3;21;80;-3.8;-7.4;-12.6;-8.4;-10.9;-15.2;-0.1;-0.4;0.5;3.3;1.3;342.27;270;75;87;43;87613;0.37;2.8;0.34;0.38
2018;3;22;81;0.2;-6.8;-15.9;-7.3;-11.8;-18.2;0.9;0.3;0.5;3.3;1.3;343.06;358;102;109;56;87195;0.39;1.66;0.34;0.38
2018;3;23;82;0;-3;-5.5;-4;-5.6;-7.6;0.5;0;0.51;3.3;1.3;346.11;201;52;69;24;86403;0.12;2.41;0.34;0.38
2018;3;24;83;3.7;-1.5;-7.7;-3.9;-6.4;-9.9;-0.4;0.2;0.51;3.4;1.4;346.68;376;114;113;82;85861;0.29;0;0.34;0.38
2018;3;25;84;4.6;-0.8;-8.7;-3.2;-6.5;-12.1;0.4;0.3;0.5;3.4;1.4;346.55;369;103;100;64;86332;0.33;0;0.34;0.38
2018;3;26;85;2.7;-0.9;-3.5;0;-3;-5.7;0.9;0;0.5;3.4;1.4;348.26;300;76;70;37;86883;0.14;7.47;0.34;0.38
2018;3;27;86;2.3;-0.9;-4.7;0.1;-2.9;-5.9;0.4;0.3;0.51;3.4;1.4;354.35;318;78;83;39;87019;0.27;5.44;0.34;0.38
2018;3;28;87;6.9;2.3;-1.6;1.7;-0.6;-3.8;1;0.7;0.5;3.4;1.4;358.34;250;62;40;18;86503;0.24;9.16;0.34;0.38
2018;3;29;88;3.1;0.7;-3.9;0.3;-1.2;-4.9;0.4;0.1;0.49;3.4;1.4;357.54;251;65;72;28;86495;0.5;8.17;0.35;0.38
2018;3;30;89;7.8;1.4;-5.5;0;-2.5;-6.6;-0.3;0.8;0.47;3.4;1.4;355.79;385;112;87;62;86105;0.96;0.11;0.35;0.38
2018;3;31;90;2.5;0.2;-1.8;0.1;-1;-2.9;0.5;-0.4;0.47;3.5;1.4;355.91;232;56;36;23;85772;0.32;9.03;0.36;0.38
2018;4;1;91;2.2;-0.7;-3;-1.2;-3;-5;2;0.4;0.48;3.5;1.4;361.22;292;84;73;44;86648;0.87;5.82;0.36;0.38
2018;4;2;92;10.7;2.6;-6.1;-0.4;-4.5;-8.2;-0.2;0.8;0.47;3.5;1.4;361.31;391;126;97;70;86887;1;0;0.36;0.38
2018;4;3;93;9.6;4.5;0.4;1.7;-0.5;-3.5;-0.3;1.7;0.45;3.5;1.4;354.66;417;123;88;46;86720;0.92;0.13;0.36;0.38
2018;4;4;94;10.4;5.3;0.3;1.9;0.4;-1.9;-0.2;1.5;0.44;3.5;1.4;341.57;401;129;97;55;86645;0.87;0.79;0.37;0.38
2018;4;5;95;6.1;2.2;-2;1.3;-0.8;-3.6;1.4;0.2;0.43;3.5;1.4;331.23;353;108;78;46;87232;0.71;3.97;0.38;0.38
2018;4;6;96;8.9;3.7;-2.1;1.6;0.1;-4.1;-0.9;0;0.43;3.5;1.4;321.06;432;143;104;71;87623;0.82;0.03;0.39;0.39
2018;4;7;97;15.7;5.7;-4.3;3.9;-1.5;-6.6;-0.1;0.7;0.42;3.6;1.4;308.99;478;154;119;81;87258;1.03;0;0.39;0.39
2018;4;8;98;15.3;5.8;-3.2;3.9;-0.6;-5.3;-0.2;1.4;0.41;3.6;1.4;295.54;479;153;104;70;86878;0.9;0;0.4;0.39
2018;4;9;99;12.1;4.7;-1.9;4.2;0.5;-3.7;-0.2;1.5;0.41;3.6;1.4;282.92;308;93;66;44;86535;0.44;0.01;0.4;0.39
2018;4;10;100;13.1;5.7;-1.6;3.3;0.3;-3.3;0.2;0.5;0.4;3.6;1.4;270.81;427;131;88;53;86349;0.83;2.43;0.41;0.39
2018;4;11;101;9.8;4.9;-2.6;2.2;-0.5;-4;-0.8;0.7;0.4;3.6;1.4;257.3;466;154;106;65;86424;1.21;0.12;0.41;0.4
2018;4;12;102;10.1;4.5;-1.6;2.5;-0.6;-3.6;-0.3;1.6;0.39;3.6;1.4;244.25;375;119;77;49;86133;1.03;0.09;0.42;0.4
2018;4;13;103;9.7;4.8;0.7;2.3;0.6;-1.5;0.5;0.7;0.39;3.6;1.4;231.27;470;139;88;52;86816;0.99;3.33;0.42;0.4
2018;4;14;104;11.4;5.3;-3.8;2.1;-0.3;-5.5;-0.5;0.1;0.38;3.7;1.5;217.17;508;167;97;72;87651;1.37;0;0.42;0.4
2018;4;15;105;13.1;7;-1.6;6;1.9;-3.9;0.2;0.2;0.38;3.7;1.5;202.53;489;131;89;43;87170;0.87;1.65;0.42;0.4
2018;4;16;106;8.8;5.6;2.7;7;4.6;2.5;0.5;0.6;0.36;3.7;1.5;187.73;212;60;40;6;87391;0.01;7.35;0.43;0.41
2018;4;17;107;11.2;7;0.6;5.7;3;0.3;-0.4;0.1;0.34;3.7;1.5;172.99;417;138;80;43;88280;1.13;0.37;0.43;0.41
2018;4;18;108;13.9;7.7;-1.8;4.1;1.8;-2.8;-1;0.3;0.33;3.7;1.5;158.71;569;189;101;75;88735;1.72;0;0.42;0.42
2018;4;19;109;17.8;9.9;-1.3;6.9;2.8;-2.6;-0.4;0.3;0.32;3.7;1.5;143.98;585;196;107;74;88571;1.84;0;0.42;0.42
2018;4;20;110;19.2;11.3;-0.2;8.9;3.8;-1.3;0.2;0.3;0.31;3.8;1.5;128.56;591;199;112;72;88283;1.91;0;0.42;0.42
2018;4;21;111;18.3;11.8;1;7.7;4.2;-0.5;0.4;0.4;0.31;3.8;1.5;112.79;582;190;97;60;87993;1.85;0.02;0.41;0.42
2018;4;22;112;17.9;11.7;1.8;10.5;4.4;0.6;0.4;0.6;0.3;3.8;1.5;97.19;527;181;90;60;87702;1.83;0.42;0.41;0.43
2018;4;23;113;16.3;10.1;3;8.4;4.6;0.7;0.9;0.3;0.3;3.8;1.5;82.33;554;165;87;45;87701;1.71;4.95;0.41;0.43
2018;4;24;114;13.5;10.3;5.8;7.5;5.3;3.7;0.7;0.1;0.28;3.8;1.5;68.3;464;167;80;48;87750;1.83;0.35;0.41;0.43
2018;4;25;115;15.8;10.2;1.4;6.9;4.5;0.2;1.2;0.2;0.27;3.8;1.5;56.11;568;190;88;52;87423;2.18;2.13;0.4;0.43
2018;4;26;116;8.7;6;4.7;7.2;3.9;1.9;0.8;-0.6;0.25;3.9;1.5;46.54;205;53;29;6;87580;1.11;8.06;0.4;0.43
2018;4;27;117;17.8;9.9;3.5;10.8;5.2;1.5;-0.4;0.3;0.24;3.9;1.5;39.54;644;201;91;58;87185;2.08;1.15;0.4;0.43
2018;4;28;118;18.1;10.8;2.6;10;5.6;1.8;-0.3;0.2;0.23;3.9;1.5;29.94;631;206;95;64;87160;2.46;0.85;0.39;0.43
2018;4;29;119;19.3;11.4;2.7;8.9;4.5;1.1;-0.5;1.2;0.23;3.9;1.6;20.89;659;216;105;71;86733;2.88;0.71;0.39;0.43
2018;4;30;120;11.3;7.6;5;5.6;4.1;2.9;0.4;-0.2;0.21;3.9;1.6;13.56;504;165;86;45;86576;2.25;7.13;0.39;0.43
2018;5;1;121;8.4;5.9;4.3;3.7;3.1;2.1;-0.2;-1.1;0.18;3.9;1.6;8.91;367;109;40;18;87043;1.8;4.45;0.38;0.43
2018;5;2;122;12.7;8.2;4.3;6.7;5;2.3;-0.4;-0.8;0.16;4;1.6;5.58;441;132;46;27;86925;2.05;2.42;0.38;0.43
2018;5;3;123;10.3;8.4;6.5;7.9;6.5;5.3;-0.1;-1;0.14;4;1.6;3.29;216;57;14;5;87155;0.98;5.27;0.38;0.43
2018;5;4;124;14.1;10.1;7.4;9.8;8.7;7.2;-1.1;-1;0.13;4;1.6;1.79;481;110;52;11;87453;2.03;4.55;0.38;0.43
2018;5;5;125;16.8;12.1;8.6;10.5;9.2;8.4;-1.4;-0.5;0.12;4;1.6;0.76;602;162;62;35;87758;2.7;1.19;0.37;0.43
2018;5;6;126;17.8;12.3;6;10;7.2;3.8;-1.2;-0.6;0.12;4;1.6;0.3;750;245;111;78;87844;3.45;0.2;0.37;0.42
2018;5;7;127;17.4;11.7;3.8;8.8;6.1;2.2;-0.8;-0.1;0.11;4;1.6;0.12;715;233;109;76;87548;3.33;0.85;0.36;0.42
2018;5;8;128;17.1;11.3;3.3;7.3;4.4;2.3;-0.6;-0.4;0.11;4.1;1.6;0.05;641;241;116;82;87014;3.72;0.31;0.35;0.42
2018;5;9;129;14.4;9.9;3.5;7.9;4.5;1.3;0;0.2;0.11;4.1;1.6;0.01;600;210;105;73;86728;3.04;1.62;0.35;0.42
2018;5;10;130;14.7;9.2;3.6;7.5;5.2;2.2;1.1;0.1;0.11;4.1;1.6;0;660;217;103;52;87157;3.48;6.08;0.34;0.42
2018;5;11;131;17.1;11;6.7;9;6.6;5.8;-0.7;-0.4;0.11;4.1;1.6;0;649;195;88;43;87648;3.4;0.75;0.34;0.42
2018;5;12;132;17.3;11.5;3.7;10.8;7.4;3.5;-0.5;0.2;0.11;4.1;1.6;0;705;233;99;69;87379;3.47;3.19;0.34;0.42
2018;5;13;133;17.8;11.3;4.3;11;7.5;3;0.2;0.1;0.11;4.1;1.7;0;656;228;103;63;86865;3.57;8.31;0.34;0.42
2018;5;14;134;13.3;9.6;7.4;9.7;8.2;7.1;0.5;-0.6;0.12;4.2;1.7;0;489;141;58;25;86750;2.61;23.66;0.34;0.42
2018;5;15;135;9.7;7.4;5;7.5;6;3.5;0.7;-0.3;0.12;4.2;1.7;0;373;115;56;27;86961;2.75;19.82;0.36;0.42
2018;5;16;136;7.8;6.2;4.2;6.2;5;3.1;1.4;0.3;0.12;4.2;1.7;0;281;108;52;24;87223;3.04;11.49;0.37;0.41
2018;5;17;137;9.8;7.1;4.1;7.9;5.8;3.6;1.1;0.2;0.12;4.2;1.7;0;386;128;41;25;87533;2.78;13.12;0.38;0.41
2018;5;18;138;13.6;8.9;4.5;8.6;6.6;4;0;0;0.12;4.2;1.7;0;658;210;85;55;87712;3.15;4.5;0.38;0.41
2018;5;19;139;13.8;8.3;2.8;8.8;6.6;2.5;-0.2;0;0.12;4.2;1.7;0;643;169;96;44;87674;2.55;16.19;0.38;0.41
2018;5;20;140;14.1;9;4.8;9.9;7.4;4.7;-0.6;0.1;0.12;4.2;1.7;0;552;150;57;40;87631;2.42;8.02;0.39;0.41
2018;5;21;141;17;10.2;1.9;10.8;6.5;1.6;0;0.4;0.12;4.2;1.7;0;672;240;100;72;87356;3.76;2.01;0.39;0.41
2018;5;22;142;15.7;11;4.5;10.9;7.6;3.1;-0.1;0.2;0.12;4.2;1.7;0;501;175;86;58;87281;2.79;3;0.39;0.41
2018;5;23;143;16;11.1;6.7;12.1;9.1;5.4;0.1;0.1;0.12;4.3;1.7;0;559;186;74;50;87623;2.72;8.75;0.39;0.41
2018;5;24;144;14.8;11;5.5;12.4;9.6;5.4;0.2;0.4;0.12;4.3;1.7;0;582;185;73;48;87750;3.37;11.31;0.39;0.41
2018;5;25;145;17;12.1;4.6;11.5;7.7;4.4;0;0.1;0.12;4.3;1.7;0;639;241;98;67;87826;3.8;1.84;0.39;0.41
2018;5;26;146;20.4;14.4;5.2;12.4;8.3;4.2;-0.1;0;0.12;4.3;1.7;0;709;252;104;74;87998;4.38;0.1;0.39;0.41
2018;5;27;147;19.8;14.1;7.7;13.5;10.7;6.4;-0.1;0.5;0.12;4.3;1.7;0;580;182;86;62;87918;2.85;2.01;0.38;0.41
2018;5;28;148;21.2;14.4;6.9;14.7;10.3;6.1;-0.2;0.6;0.12;4.3;1.7;0;742;234;102;72;87724;3.87;1.44;0.38;0.41
2018;5;29;149;19.5;13.7;8.4;14.1;11;7;0.4;0.6;0.12;4.3;1.7;0;608;198;92;56;87548;3.33;9.19;0.38;0.41
2018;5;30;150;19.9;14.5;7.6;14.5;11.4;7.3;-0.5;0.2;0.12;4.3;1.7;0;698;240;94;60;87590;3.85;3.09;0.38;0.41
2018;5;31;151;20.2;14.2;8.3;14.3;11.4;7.2;0.2;0.4;0.12;4.3;1.7;0;717;225;103;62;87559;3.59;6.54;0.38;0.41
2018;6;1;152;16.3;13.4;9.9;11.1;9.9;9.3;0.8;0.2;0.12;4.3;1.7;0;475;177;67;43;87875;3.38;8.48;0.38;0.41
2018;6;2;153;16.8;13.8;9.8;11.9;10.7;8.4;0.1;0;0.12;4.3;1.7;0;539;194;83;57;87912;2.96;2.7;0.38;0.41
2018;6;3;154;19.7;14.6;6.7;11.9;9.2;6.4;-0.7;0;0.12;4.4;1.8;0;687;255;101;74;87721;4.35;0.07;0.37;0.41
2018;6;4;155;20.3;14.9;8.5;14.1;11.5;7.4;-0.4;0.2;0.12;4.4;1.8;0;714;239;95;68;87195;3.74;3.72;0.37;0.41
2018;6;5;156;19.3;15.3;9.5;11.3;9.9;8.4;-0.4;-0.1;0.12;4.4;1.8;0;695;243;97;71;87177;4.21;0.54;0.37;0.41
2018;6;6;157;19.8;14.2;7.8;14.1;10.9;6.9;0;0.4;0.12;4.4;1.8;0;650;200;87;64;87330;3.36;3.59;0.36;0.41
2018;6;7;158;15.8;13.1;9.1;14.4;12.2;8.7;0.1;0.3;0.12;4.4;1.8;0;381;137;57;40;87563;2.39;11.3;0.37;0.41
2018;6;8;159;19.2;13.6;8.3;14.5;11.6;8;0.1;0.1;0.12;4.4;1.8;0;598;197;74;49;87341;3.33;14.71;0.37;0.41
2018;6;9;160;19.3;14.3;8.6;14.7;12.4;8.2;0.5;0.2;0.12;4.4;1.8;0;576;185;67;44;87398;3.13;6.21;0.38;0.41
2018;6;10;161;19.9;16;8.6;14.6;11.2;8.5;0.6;0.2;0.12;4.4;1.8;0;639;235;89;63;87420;4.15;0.55;0.38;0.41
2018;6;11;162;22.6;16.1;9.6;15.8;12.2;8.4;-0.1;0.2;0.12;4.4;1.8;0;657;210;120;61;87216;3.53;2.38;0.37;0.41
2018;6;12;163;17;13.6;9.8;13.8;12.3;9.5;0.2;-0.2;0.12;4.4;1.8;0;495;156;70;39;86967;2.97;24.58;0.38;0.41
2018;6;13;164;11.5;9.4;7.5;11.4;9.3;7.3;0.6;-0.9;0.12;4.4;1.8;0;103;27;7;4;87121;1.3;45.65;0.41;0.41
2018;6;14;165;13.2;9.8;6.9;7;6.1;5.5;-0.4;-0.9;0.12;4.4;1.8;0;388;138;52;25;87513;2.95;1.47;0.42;0.41
2018;6;15;166;15.5;12.3;8.9;6.9;5.7;4.8;-0.5;-0.6;0.12;4.5;1.8;0;662;246;97;73;87618;3.81;0;0.41;0.41
2018;6;16;167;18;13;5.2;7.9;6.3;3.9;-0.2;-0.1;0.12;4.5;1.8;0;760;278;114;84;87607;4.48;0;0.4;0.41
2018;6;17;168;16.8;12.7;7.5;12.8;9.6;5.8;0.5;-0.2;0.12;4.5;1.8;0;565;204;76;49;87824;3.43;16.12;0.4;0.41
2018;6;18;169;15.7;12.8;10.2;12;10.8;10;0.3;-0.5;0.12;4.5;1.8;0;548;174;66;33;88176;3.16;8.81;0.41;0.41
2018;6;19;170;17.6;14;8.5;11.4;10;8.4;0.1;-0.2;0.12;4.5;1.8;0;484;176;66;45;88390;3.11;0.4;0.41;0.41
2018;6;20;171;22.2;16.8;9.1;14.6;11.6;8.2;-0.4;-0.1;0.12;4.5;1.8;0;808;282;113;79;88162;4.69;0.04;0.4;0.41
2018;6;21;172;20.6;14.9;9.9;14.5;12.2;8.9;0.9;0.1;0.12;4.5;1.8;0;623;215;82;53;87807;4.14;23.84;0.4;0.41
2018;6;22;173;12.1;8.8;6.7;8.4;4;1.5;1.4;-1.3;0.12;4.5;1.8;0;674;202;77;43;88084;4.06;3.93;0.41;0.41
2018;6;23;174;12.2;9;5.8;5;3.1;2;0.6;-0.9;0.12;4.5;1.8;0;602;196;83;50;88176;3.26;0.12;0.41;0.41
2018;6;24;175;14.1;10.4;6.6;8.1;6.1;4.4;0.1;-0.8;0.12;4.5;1.8;0;634;222;94;54;87907;3.34;3.96;0.4;0.41
2018;6;25;176;12.2;9.6;7.5;7.8;7.1;6.4;0.3;-0.7;0.12;4.5;1.8;0;570;142;70;35;88009;2.93;6.48;0.4;0.41
2018;6;26;177;15;11.6;7.4;8.9;6.9;5.1;0.1;-0.5;0.12;4.5;1.8;0;664;200;93;51;88122;3.26;0.84;0.4;0.41
2018;6;27;178;14.6;11.5;8.5;9.6;8.5;7.2;-0.1;-0.6;0.12;4.5;1.8;0;582;214;89;54;87994;3.54;4.54;0.4;0.41
2018;6;28;179;11.5;9.4;7;10.6;8.6;6.3;0.2;-0.2;0.12;4.5;1.8;0;161;66;65;21;87730;1.74;12.71;0.4;0.41
2018;6;29;180;16.8;12.9;9.9;13.1;11.1;9.5;-0.3;-0.3;0.12;4.5;1.8;0;375;107;80;25;87594;1.94;0.67;0.4;0.41
2018;6;30;181;19.4;14.7;7.9;12.8;10.9;7.8;-0.4;-0.3;0.12;4.5;1.9;0;608;238;94;61;87518;3.9;0.98;0.4;0.41
2018;7;1;182;18.7;14.4;9.4;11.8;10;8.1;-0.8;-0.7;0.12;4.6;1.9;0;692;274;105;82;87528;4.2;0.12;0.39;0.41
2018;7;2;183;20.9;15.6;9.9;13.6;10.9;7.9;-0.4;-0.4;0.12;4.6;1.9;0;753;274;107;78;87513;4.4;0.19;0.39;0.41
2018;7;3;184;19.1;14.4;9.3;15.3;12.6;9.2;0.4;0.5;0.12;4.6;1.9;0;556;187;76;48;87743;3.3;7.44;0.38;0.41
2018;7;4;185;19.7;15;10.1;14.8;12;8.9;0.3;0.7;0.12;4.6;1.9;0;683;231;89;65;87783;3.97;4.47;0.38;0.41
2018;7;5;186;17.5;13;8.3;14.6;11.3;7.4;0.4;0.4;0.12;4.6;1.9;0;397;134;77;45;87578;2.55;15.17;0.38;0.41
2018;7;6;187;13.8;11.7;10.1;12.5;11.1;9.6;1;0.3;0.12;4.6;1.9;0;197;66;31;20;87872;1.9;19.53;0.4;0.41
2018;7;7;188;16.2;13.1;9.1;12.2;9.7;8.3;0.6;0;0.12;4.6;1.9;0;552;192;84;49;88182;3.47;2.14;0.41;0.41
2018;7;8;189;17.3;13.7;8.6;12.7;9.9;6.9;0.5;0.1;0.11;4.6;1.9;0;585;207;78;56;88126;3.39;1.03;0.4;0.41
2018;7;9;190;17.9;14.4;8.6;11.9;9;7.8;0.1;-0.1;0.11;4.6;1.9;0;557;218;79;58;87972;3.96;0.03;0.4;0.41
2018;7;10;191;15.1;12.7;9.7;11.2;10;8.4;0.7;-0.1;0.11;4.6;1.9;0;344;144;60;42;87604;2.72;6.29;0.39;0.41
2018;7;11;192;13.9;11;8.5;9.9;8.5;6.4;0.7;-0.2;0.11;4.6;1.9;0;418;134;75;38;87572;2.84;5.73;0.4;0.41
2018;7;12;193;16.9;12.7;5.5;10;7.7;5.3;0.3;-0.2;0.11;4.6;1.9;0;604;226;95;60;87750;3.83;0;0.39;0.41
2018;7;13;194;18.3;14.3;9;12.9;9.4;7.9;0.1;0.1;0.11;4.6;1.9;0;594;228;91;68;87989;3.93;0.47;0.39;0.41
2018;7;14;195;19.2;15.1;9;14;10.4;7.8;0.1;0.2;0.11;4.6;1.9;0;655;218;88;65;87931;3.76;0.54;0.38;0.41
2018;7;15;196;19.5;15.3;9.6;13.1;11;8.4;0;0.2;0.11;4.6;1.9;0;673;230;88;65;87719;3.82;0.83;0.38;0.41
2018;7;16;197;17.8;14.2;10.3;13.3;10.6;8.5;0.3;0.1;0.11;4.6;1.9;0;590;224;88;65;87495;3.87;4.8;0.37;0.41
2018;7;17;198;17.8;13.5;9.1;12.8;10.5;8.8;0.9;0.6;0.11;4.6;1.9;0;607;210;86;56;87708;4.11;9.61;0.38;0.41
2018;7;18;199;18.9;14.9;8.8;13.1;10.2;7.5;0.3;0.2;0.11;4.6;1.9;0;638;239;94;68;87855;4.35;0.77;0.38;0.41
2018;7;19;200;20.2;15.9;9.6;14.1;10.6;8.3;-0.2;0;0.11;4.6;1.9;0;706;257;101;78;87786;4.41;0.29;0.37;0.41
2018;7;20;201;21.4;16.5;9.8;14.5;11.6;8.9;0;0.4;0.11;4.6;1.9;0;661;227;96;65;87573;4.12;0.55;0.37;0.4
2018;7;21;202;15.5;13.8;11.4;13.4;12.5;11.1;0.6;0.1;0.11;4.6;1.9;0;414;90;36;23;87383;2.51;20.33;0.37;0.4
2018;7;22;203;15.7;12.7;11;13.2;11.8;10.8;0.7;0;0.11;4.6;1.9;0;417;105;44;22;87526;2.73;18.56;0.38;0.4
2018;7;23;204;17.8;14.2;10.9;14.2;12.4;10.7;0;-0.2;0.11;4.6;1.9;0;581;167;71;35;87794;3.33;6.91;0.39;0.4
2018;7;24;205;21.3;16.1;8.6;13.3;11.1;8.5;-0.7;0;0.11;4.6;1.9;0;772;267;108;76;87679;4.81;0;0.39;0.4
2018;7;25;206;20.7;16.2;9.1;15.3;11.5;8.3;0;0.3;0.11;4.6;1.9;0;651;225;104;70;87728;3.99;0.28;0.38;0.4
2018;7;26;207;20.2;16.4;10.5;12.7;11.3;9.3;-0.5;0;0.11;4.6;1.9;0;634;239;96;71;87705;4.28;0.82;0.38;0.4
2018;7;27;208;21.3;16.5;9.5;15.6;11.9;8.4;-0.5;0.3;0.11;4.6;1.9;0;671;242;106;74;87529;4.24;0.25;0.37;0.4
2018;7;28;209;20.7;16.1;10.1;15.2;12.6;9.2;0.5;0.6;0.11;4.6;1.9;0;591;194;86;61;87481;3.43;4.77;0.37;0.4
2018;7;29;210;21.9;17;11;15.5;13.1;10.9;-0.4;0.2;0.11;4.6;1.9;0;606;233;88;60;87762;4.1;0.16;0.37;0.4
2018;7;30;211;23.8;18.4;11.5;17.4;13;10.6;-0.1;0.4;0.11;4.6;1.9;0;716;246;100;71;87911;4.67;0.01;0.36;0.4
2018;7;31;212;24.7;19.1;11.9;17.9;13.4;10.7;0;0.4;0.11;4.5;1.9;0;703;240;98;74;87971;4.65;0;0.36;0.4
2018;8;1;213;25.2;18.9;12.1;17.7;13.9;10.7;-0.1;0.4;0.11;4.5;1.9;0;738;240;99;67;88065;4.49;1.64;0.35;0.4
2018;8;2;214;22;18;13.6;17.5;15.1;12.1;0.1;0.1;0.11;4.5;1.9;0;603;196;78;56;88229;3.54;3.73;0.35;0.4
2018;8;3;215;24;19.1;13;16.9;14.8;12.5;-0.7;0;0.11;4.5;1.9;0;692;247;96;68;88149;4.44;0.32;0.35;0.4
2018;8;4;216;23.8;18.8;12;17.8;14.1;11.1;0.2;0.3;0.11;4.5;1.8;0;618;213;93;64;88019;3.88;2.62;0.34;0.4
2018;8;5;217;23.4;18.8;13.3;16.9;14.4;11.1;0;0;0.11;4.5;1.8;0;644;213;84;60;88049;3.95;2.15;0.34;0.4
2018;8;6;218;24;19.2;13.5;16.8;14.8;12.6;-0.3;0.5;0.11;4.5;1.8;0;640;202;86;62;87901;3.67;0.07;0.34;0.4
2018;8;7;219;24.3;18.9;14;16.5;13.4;11.1;0;0.8;0.11;4.5;1.8;0;606;195;79;61;87707;3.89;1.05;0.33;0.4
2018;8;8;220;23.5;17.9;13;16.3;13.9;11.1;0;0.8;0.11;4.5;1.8;0;709;204;92;62;87742;3.8;3.73;0.33;0.4
2018;8;9;221;26.2;18.7;12.3;17.2;12.8;10.2;0.2;0.4;0.11;4.5;1.8;0;710;238;105;70;87716;4.65;1.8;0.33;0.4
2018;8;10;222;14.7;13;12.3;13.7;11.8;10.4;0.2;-0.4;0.11;4.5;1.8;0;166;39;34;16;88313;1.64;14.69;0.34;0.4
2018;8;11;223;15.6;13.2;11;11.3;10.1;9.3;0.3;0.2;0.11;4.5;1.8;0;383;128;81;46;88293;2.34;1.5;0.34;0.4
2018;8;12;224;21.5;15.8;7.9;16.3;12.1;7.5;-0.1;0.5;0.11;4.5;1.8;0;666;218;98;67;87805;3.55;0.4;0.34;0.4
2018;8;13;225;21.3;15.5;11.8;13.8;12.4;10.2;0.4;0.6;0.11;4.5;1.8;0;568;178;95;50;87394;3.44;10.36;0.33;0.4
2018;8;14;226;15.8;13.1;10.7;12.8;11.6;10.1;0.8;0.1;0.11;4.5;1.8;0;373;117;69;35;87663;2.89;13.39;0.34;0.4
2018;8;15;227;17.2;13.8;9.4;12.9;10.7;8.8;0.1;0.2;0.11;4.5;1.8;0;485;158;68;46;88048;2.94;0.75;0.35;0.4
2018;8;16;228;20.9;15.5;8.6;12.9;10.2;7.8;-0.4;0.3;0.11;4.5;1.8;0;716;236;111;76;87820;4.09;0;0.34;0.4
2018;8;17;229;20.1;15.9;9.8;13.5;11.1;8.7;0.6;0.3;0.11;4.4;1.8;0;564;200;92;68;87766;3.66;0.52;0.34;0.4
2018;8;18;230;19;15.1;11.8;14.8;13;10.4;0.3;0.3;0.11;4.4;1.8;0;526;149;67;48;88128;2.38;2.78;0.34;0.4
2018;8;19;231;21.7;16;9.6;15.8;12.5;9.4;0;0.4;0.11;4.4;1.8;0;691;221;100;64;88174;3.85;0.37;0.34;0.39
2018;8;20;232;20.8;16.5;12;15.7;13.2;10.8;0.2;0.3;0.11;4.4;1.8;0;545;188;82;54;88087;3.15;0.47;0.33;0.39
2018;8;21;233;21.7;16.6;10.9;16.5;13.1;10.8;-0.4;0.3;0.11;4.4;1.8;0;619;205;97;65;88043;3.5;0.34;0.33;0.39
2018;8;22;234;22.9;16.7;10.7;15.7;13.1;10;0.1;0.7;0.11;4.4;1.8;0;657;194;89;64;87929;3.41;1.17;0.33;0.39
2018;8;23;235;19.3;15.5;11.2;15.2;13.3;10;0.2;0.9;0.11;4.4;1.8;0;432;139;69;51;87684;2.49;3.21;0.32;0.39
2018;8;24;236;16.7;13.5;10.7;12.5;11.4;10.3;0.7;0.1;0.11;4.4;1.8;0;365;120;53;36;87443;2.76;12.16;0.32;0.39
2018;8;25;237;10.7;9.2;6.6;10.4;8.6;6.2;0.6;-0.2;0.11;4.4;1.8;0;176;46;27;15;87363;2.15;18.22;0.34;0.39
2018;8;26;238;11.1;7.9;5;6.3;3.6;0.7;0.1;-0.3;0.11;4.4;1.8;0;494;165;104;58;87593;3.08;3.47;0.35;0.39
2018;8;27;239;18.9;12.6;4.2;10.4;5.9;2.2;0.5;0.3;0.11;4.4;1.8;0;702;228;108;67;87716;3.99;0.16;0.35;0.39
2018;8;28;240;20.1;15.5;11.6;13;11;9.1;-0.4;-0.1;0.11;4.4;1.8;0;647;210;102;66;87953;3.36;0.04;0.34;0.39
2018;8;29;241;21.4;15.5;8.7;15.5;12;7.7;0.4;0.6;0.11;4.3;1.8;0;614;184;88;59;87688;3.19;16.02;0.34;0.39
2018;8;30;242;12.8;11.8;10.9;12.5;11;9.7;0.5;0;0.1;4.3;1.8;0;148;42;30;18;87935;1.44;12.69;0.36;0.39
2018;8;31;243;11.5;10.3;9.1;11.4;10.1;9;-0.4;-0.7;0.1;4.3;1.8;0;131;34;39;13;87770;1.22;20.14;0.37;0.39
2018;9;1;244;9.1;8.2;7.5;9;8.1;7.3;0.1;-1.1;0.1;4.3;1.8;0;77;20;5;2;87951;1.13;17.4;0.39;0.39
2018;9;2;245;12.6;9.9;7.8;9.6;8.5;7.3;-0.3;-0.8;0.1;4.3;1.7;0;244;71;46;14;87862;1.63;1.49;0.39;0.39
2018;9;3;246;14.8;11.6;8.3;9.5;8.7;8.2;0.1;-0.3;0.1;4.3;1.7;0;393;130;62;37;87589;2.15;1.15;0.39;0.39
2018;9;4;247;14.7;11.8;9.1;11.3;9.5;8;0.4;0;0.1;4.3;1.7;0;336;106;77;36;87653;1.85;1.15;0.39;0.39
2018;9;5;248;18.2;13.4;6.6;12.8;10;6.5;-0.4;0.1;0.1;4.3;1.7;0;617;185;104;65;87698;2.81;0.24;0.38;0.39
2018;9;6;249;18.3;13.3;7.8;13.8;10.9;6.9;0.3;0.5;0.1;4.3;1.7;0;549;166;88;55;87380;2.47;6.91;0.38;0.39
2018;9;7;250;14.5;11.5;9.3;11.9;10.4;8.8;0.7;0.3;0.1;4.3;1.7;0;338;75;58;26;87571;1.74;8.13;0.39;0.39
2018;9;8;251;16.9;12.2;7.9;11.1;9.3;7.7;-0.2;0.1;0.1;4.3;1.7;0;492;159;94;55;88026;2.69;0.54;0.39;0.39
2018;9;9;252;19.3;13.1;6.1;11.1;9;5;0.1;0.3;0.1;4.3;1.7;0;671;202;117;81;88190;3.04;0.01;0.39;0.39
2018;9;10;253;18.9;13.2;7;11;8.1;5.9;0.5;0.4;0.1;4.2;1.7;0;614;195;111;80;88382;3.16;0.02;0.38;0.39
2018;9;11;254;20.7;13.7;6.1;13.1;9;5.2;0.3;0.7;0.1;4.2;1.7;0;633;201;111;82;88538;3.31;0;0.38;0.39
2018;9;12;255;22;14.9;6.8;14.8;10.7;6;0.2;0.6;0.1;4.2;1.7;0;644;196;110;74;88292;3.24;0.07;0.37;0.39
2018;9;13;256;19.1;14.1;9.7;14.3;11.7;8.8;0.1;0.3;0.1;4.2;1.7;0;560;152;89;50;87887;2.38;6.93;0.37;0.39
2018;9;14;257;15.4;12.5;10.4;13.4;11.6;9.7;0.1;-0.2;0.1;4.2;1.7;0;371;100;62;30;87905;2.09;12.31;0.38;0.39
2018;9;15;258;14.5;11.9;9.6;12;10.3;9.2;0;-0.4;0.1;4.2;1.7;0;355;80;36;23;88245;1.47;1.95;0.38;0.39
2018;9;16;259;19.5;14.7;9.7;14.2;11.6;8.9;-0.4;-0.1;0.1;4.2;1.7;0;627;172;105;64;88201;2.49;0.61;0.38;0.39
2018;9;17;260;19.3;14;10;14.3;11.9;9.1;-0.1;0.6;0.1;4.2;1.7;0;553;159;103;59;88100;2.51;5.53;0.38;0.39
2018;9;18;261;19.5;13.6;8.3;14.4;11.1;7.2;0.2;0.9;0.1;4.1;1.7;0;506;139;89;59;87958;2.31;3.94;0.38;0.39
2018;9;19;262;19;13.2;7.3;13.3;9.5;7.1;0.2;0.7;0.1;4.1;1.7;0;607;168;105;72;88164;2.95;0.08;0.38;0.39
2018;9;20;263;20.7;14;6.7;14;9.5;5.9;-0.1;0.6;0.1;4.1;1.7;0;616;185;114;81;88062;2.95;0;0.38;0.39
2018;9;21;264;21;13.6;7.8;13;10;6.2;0.7;0.4;0.1;4.1;1.6;0;546;148;92;52;87654;3.02;10.78;0.38;0.39
2018;9;22;265;12.5;9.8;7;7;5.4;3.5;0.3;-0.5;0.1;4.1;1.6;0;422;123;99;41;88053;2.57;1.56;0.38;0.39
2018;9;23;266;20.8;14.7;7.7;13.5;10.5;6.5;1.3;0.2;0.1;4;1.6;0;561;152;94;43;87597;3.32;14.59;0.38;0.39
2018;9;24;267;7.1;4.9;3;6.3;1;-2.7;0.9;-0.9;0.1;4;1.6;0.04;414;108;84;47;88598;2.56;5.9;0.39;0.39
2018;9;25;268;8.7;4.7;1.8;-0.3;-1;-2.7;-1;-0.6;0.1;4;1.6;0.04;600;168;125;86;89056;2;0;0.39;0.39
2018;9;26;269;15.4;7.8;-0.2;6.9;2.4;-1.9;0;0.5;0.1;4;1.6;0.01;608;177;133;95;89022;2.38;0;0.39;0.39
2018;9;27;270;18;10;2;8.6;4.6;0.3;0;0.6;0.09;4;1.6;0;591;174;120;85;88681;2.59;0;0.38;0.39
2018;9;28;271;16.3;10.5;3.8;9;6.3;2.3;0.2;-0.2;0.09;4;1.6;0;575;158;108;62;88082;2.24;0.83;0.38;0.39
2018;9;29;272;12.8;8.7;6.7;6.6;5.8;4.9;-1.3;-0.5;0.09;3.9;1.6;0;443;115;113;49;88064;1.73;0.28;0.38;0.39
2018;9;30;273;16.2;10.5;3.7;8.1;6.1;2.7;0.5;0.2;0.09;3.9;1.6;0;573;165;118;75;87597;2.19;0.37;0.37;0.39
2018;10;1;274;8.5;4.7;1.8;7;4.3;1.6;1.3;0;0.1;3.9;1.6;0.47;146;27;28;15;87341;1.48;27.66;0.38;0.39
2018;10;2;275;8.3;4.5;0.6;1.8;0.1;-1.6;1.4;-0.3;0.14;3.9;1.6;1.75;446;111;91;29;87883;2.15;3.97;0.4;0.39
2018;10;3;276;10.5;8.1;6.3;6.4;4.2;0.6;1.3;-0.1;0.12;3.9;1.6;0.92;229;64;48;21;88264;1;0.24;0.4;0.39
2018;10;4;277;14.7;9.7;5.2;8;6.6;4.1;-0.7;-0.2;0.1;3.8;1.5;0.3;549;152;117;69;88354;1.81;0;0.39;0.39
2018;10;5;278;17.3;9.6;1.9;10.1;5.9;1.3;-0.1;0.6;0.09;3.8;1.5;0.09;550;156;116;82;87969;1.99;0;0.39;0.39
2018;10;6;279;16.8;10.4;4.2;8.4;5.7;2.3;0;0.8;0.09;3.8;1.5;0.03;482;131;104;60;87443;1.94;0.79;0.39;0.39
2018;10;7;280;14.2;10.1;6.2;10.1;7.7;5.4;-0.1;0.5;0.09;3.8;1.5;0;426;114;76;54;87473;1.69;1.99;0.39;0.39
2018;10;8;281;15.3;9.8;3.5;9.8;7.5;3.4;-0.4;0.2;0.09;3.8;1.5;0;478;127;95;56;87868;1.59;0;0.38;0.39
2018;10;9;282;16.4;10.8;5.4;10.9;8.4;4.5;-0.4;0.1;0.09;3.7;1.5;0;501;134;99;71;88030;1.51;0;0.38;0.39
2018;10;10;283;18.1;10.3;4.1;9.1;6;3.2;-0.5;1.2;0.09;3.7;1.5;0;531;143;121;79;87761;2.02;0;0.38;0.39
2018;10;11;284;17.9;11;5.5;10.8;6.6;3.5;-0.2;1.3;0.09;3.7;1.5;0;519;136;110;64;87649;1.9;0.11;0.38;0.39
2018;10;12;285;17.3;11.4;6.5;9.2;6.8;4.9;-0.2;0.7;0.09;3.7;1.5;0;506;138;109;71;88300;1.93;0;0.37;0.39
2018;10;13;286;18;10.4;3.6;10.7;7;3.2;-0.2;0.7;0.09;3.7;1.5;0;505;138;112;77;88083;1.76;0;0.37;0.39
2018;10;14;287;17.4;9.8;3.8;9;4.8;2.2;-0.3;1.5;0.09;3.6;1.5;0;511;140;121;85;87528;1.92;0;0.37;0.39
2018;10;15;288;16.1;9;3.3;7.3;3.9;1.7;-0.2;1.3;0.09;3.6;1.5;0;503;134;115;81;87491;1.83;0;0.37;0.39
2018;10;16;289;15.3;8.8;3.2;6.8;4.1;1.6;0;0.7;0.09;3.6;1.5;0;495;129;114;70;87807;1.66;0;0.36;0.39
2018;10;17;290;14.8;8.5;2.1;7;4.5;1.4;-0.2;0.4;0.09;3.6;1.4;0;489;128;111;76;87781;1.49;0;0.36;0.39
2018;10;18;291;13.6;8.3;3.3;7.8;5.4;2;-0.4;0.2;0.08;3.6;1.4;0;452;113;103;65;87781;1.15;0;0.36;0.39
2018;10;19;292;13.9;8.8;3.7;8;6.6;3.6;-0.4;0;0.08;3.6;1.4;0;459;117;108;59;87965;1.15;0;0.36;0.39
2018;10;20;293;12.7;8.4;4.6;7.1;5.8;4.5;0.1;-0.1;0.08;3.6;1.4;0;444;103;102;49;88413;1.11;0.04;0.36;0.39
2018;10;21;294;9.3;6.1;3.1;5.6;3.5;1;-0.7;-0.5;0.08;3.6;1.4;0;390;86;107;64;88285;0.89;0.26;0.35;0.39
2018;10;22;295;8.9;5.2;2.1;3;1.7;-0.2;-0.3;-0.1;0.08;3.6;1.4;0;474;125;117;83;88280;1.05;0;0.35;0.39
2018;10;23;296;10.6;6.5;1.1;2.7;0.2;-3.1;1.4;0.4;0.08;3.5;1.4;0;409;93;91;48;88299;1.26;0.15;0.35;0.39
2018;10;24;297;7.6;6.6;5.8;6.8;3.9;-2.2;2.1;0.4;0.08;3.5;1.4;0;43;9;24;6;88049;1.02;8.44;0.35;0.39
2018;10;25;298;12.5;8.3;4.8;7.1;6.2;4.4;0.9;0.1;0.08;3.5;1.4;0;407;100;95;57;87764;1.34;0.17;0.36;0.39
2018;10;26;299;13.8;7.6;1.5;6.2;3.9;0.8;0.3;0.4;0.08;3.5;1.4;0;451;114;121;71;86978;1.24;0.13;0.35;0.39
2018;10;27;300;6.4;2.1;-0.6;4.6;1.7;-0.8;-0.4;-0.7;0.19;3.5;1.4;3.87;50;11;19;8;86459;0.81;29.38;0.36;0.39
2018;10;28;301;1.9;0.6;-0.8;1.5;0.2;-1;-0.8;-0.8;0.51;3.5;1.4;21.19;99;20;39;10;86050;0.1;11.87;0.37;0.39
2018;10;29;302;9.1;4.2;0.2;8.3;3.5;-0.3;-1;0.5;0.47;3.5;1.4;18.73;150;30;58;22;85516;-0.19;10.04;0.37;0.39
2018;10;30;303;4.4;2.8;1.3;1.8;0.6;-1.2;-0.2;0.3;0.4;3.5;1.4;14.41;159;36;80;45;85910;0.35;1.31;0.38;0.39
2018;10;31;304;10.4;3.8;-1.1;3.3;-0.1;-3.6;-0.4;1.3;0.36;3.5;1.4;11.76;252;63;91;54;87258;0.55;0;0.39;0.39
2018;11;1;305;10.7;5;0.3;5.9;2.6;-1.8;0;0.8;0.3;3.5;1.4;8.7;287;58;87;44;87220;0.5;1.23;0.39;0.39
2018;11;2;306;7.4;4.9;3;4.7;3.6;1.2;-0.3;-0.3;0.23;3.5;1.4;5.92;256;49;68;22;87847;0.47;1.96;0.39;0.39
2018;11;3;307;10.2;5.9;3;6.8;5.1;2.9;-0.6;-0.2;0.16;3.4;1.4;3.17;277;60;76;28;88049;0.66;0.01;0.39;0.39
2018;11;4;308;13.3;7.1;2.7;8.4;4.4;1.2;-0.3;1.1;0.12;3.4;1.4;1.85;295;74;84;49;87434;0.7;0.01;0.39;0.39
2018;11;5;309;13.8;7.2;3;6.8;3.6;1.6;-0.4;1.7;0.11;3.4;1.4;1.09;358;82;107;61;87002;0.91;0.07;0.39;0.39
2018;11;6;310;14;7.7;3.5;8;4.2;1.5;-0.2;1.5;0.09;3.4;1.4;0.64;363;86;101;62;86943;0.89;0;0.39;0.39
2018;11;7;311;13.2;7.3;3.2;6;3.6;1.7;-0.2;1;0.09;3.4;1.4;0.39;368;91;108;66;87173;0.97;0.05;0.39;0.39
2018;11;8;312;7.8;4.5;0.8;5.8;3.5;0.5;-0.4;0.3;0.08;3.4;1.4;0.23;164;41;78;34;87702;0.79;2.49;0.39;0.39
2018;11;9;313;10.1;4.8;0.5;5.6;2.7;-0.2;-0.1;0.9;0.08;3.4;1.4;0.14;260;61;72;50;87369;0.56;0;0.39;0.39
2018;11;10;314;12.7;5.4;0.6;6.4;2.2;-1.1;-0.1;1.4;0.08;3.4;1.4;0.09;377;90;112;67;86991;0.86;0;0.39;0.39
2018;11;11;315;11.5;5.9;2.3;5.6;2.8;0.4;-0.1;0.9;0.08;3.4;1.4;0.06;334;79;100;60;87351;0.74;0;0.38;0.39
2018;11;12;316;14.2;6.6;2.2;8.3;3.6;0.3;-0.1;1.3;0.08;3.4;1.4;0.03;353;84;104;64;87800;0.79;0;0.38;0.39
2018;11;13;317;10.7;5.2;1.1;5.5;3.1;-0.3;0.4;0.6;0.08;3.3;1.4;0;276;55;75;42;88389;0.54;0.41;0.38;0.39
2018;11;14;318;10;4.9;1;5.9;3.7;0.9;-0.4;0.4;0.08;3.3;1.3;0;336;73;104;58;88489;0.6;0;0.38;0.39
2018;11;15;319;8.9;3.9;0.2;3.7;1.6;-1.2;-0.2;0.2;0.08;3.3;1.3;0;320;75;101;69;88173;0.56;0;0.38;0.39
2018;11;16;320;6.4;2.3;-0.2;1.5;0;-1.3;-0.7;-0.1;0.08;3.3;1.3;0;365;81;128;83;88109;0.52;0;0.38;0.39
2018;11;17;321;4.9;0;-2.9;-1.1;-2.4;-3.8;-1;-0.3;0.08;3.3;1.3;0;355;83;116;87;87906;0.4;0;0.38;0.39
2018;11;18;322;2.7;-1.5;-3.6;-2.4;-3.6;-5.1;-0.7;-0.5;0.08;3.3;1.3;0.06;353;80;114;75;87498;0.21;0.56;0.37;0.39
2018;11;19;323;-1.2;-3.2;-4.9;-3.5;-5.3;-6.3;-1.1;-0.6;0.11;3.3;1.3;1.46;196;42;77;43;86495;0.14;1.28;0.37;0.39
2018;11;20;324;4.5;-1.1;-5;-2;-4.4;-6.6;-0.3;0.4;0.12;3.3;1.3;1.88;331;73;111;71;86200;0.1;0.28;0.37;0.39
2018;11;21;325;4.6;-1.3;-5.4;-1;-3.6;-6.7;-0.1;0.4;0.11;3.3;1.3;1.73;299;65;97;64;86874;0.08;0.01;0.37;0.39
2018;11;22;326;4.9;-0.2;-3;0.3;-2.3;-4.3;0;0.6;0.11;3.3;1.3;1.56;313;67;99;58;87450;0.31;0.62;0.37;0.39
2018;11;23;327;6.3;0.4;-3.9;0.7;-2.3;-4.8;-0.3;1;0.1;3.3;1.3;1.31;309;60;102;52;87344;0.14;0.04;0.37;0.39
2018;11;24;328;3.4;0.9;-1.1;3;-0.4;-2.9;0;1;0.1;3.3;1.3;1.26;118;27;47;23;87033;0.2;3.02;0.37;0.39
2018;11;25;329;4.9;0.1;-4.2;2.1;-0.8;-4.9;-0.3;0.2;0.1;3.3;1.3;1.15;264;55;79;50;86495;0.44;0.21;0.37;0.39
2018;11;26;330;0.6;-0.6;-1.4;-0.9;-1.4;-2;0.1;-0.8;0.14;3.3;1.3;2.88;104;22;34;16;86235;0.31;6.4;0.37;0.39
2018;11;27;331;-1.3;-2.1;-3.1;-1.9;-3.1;-3.9;0.5;-0.7;0.39;3.3;1.3;11.69;86;17;28;14;87185;0.2;7.2;0.37;0.39
2018;11;28;332;0.5;-1.9;-3.7;-3.4;-5.2;-7.5;-0.3;0.6;0.45;3.3;1.3;13.92;171;38;100;55;87799;0.16;0;0.37;0.39
2018;11;29;333;6.9;0;-5.1;0.9;-4.9;-11.2;0;1.2;0.42;3.3;1.3;12.85;186;40;83;38;87595;0.09;0;0.37;0.39
2018;11;30;334;4.6;0.7;-1.6;1.5;-1.2;-3.5;0.4;0.6;0.38;3.3;1.3;11.82;85;16;27;13;87245;0.05;2.92;0.37;0.39
2018;12;1;335;3.3;0.7;-2.3;0.7;-0.8;-4.6;0.2;0.4;0.39;3.3;1.3;12.04;143;32;88;39;87371;0.19;1.11;0.37;0.39
2018;12;2;336;2.6;-0.3;-4.3;1.9;-2.1;-7.1;0.3;1.6;0.36;3.3;1.3;11.2;76;13;56;14;86887;0.1;7.23;0.37;0.39
2018;12;3;337;8.3;3.8;1.1;4.9;2.2;0.3;1.1;1.1;0.3;3.3;1.3;8.73;208;36;65;22;86844;0.3;12.41;0.39;0.39
2018;12;4;338;3.2;1.8;0.3;2.9;1.3;-0.2;1.3;0.1;0.26;3.3;1.3;7.27;88;20;46;20;87579;0.35;12.25;0.4;0.39
2018;12;5;339;4.2;1.2;-1.8;3.1;0.5;-2.2;-0.3;0.7;0.3;3.3;1.3;8.05;110;23;48;23;87978;0.19;2.09;0.4;0.39
2018;12;6;340;5;2.5;0.8;3.7;1.4;-0.5;0.6;0.9;0.27;3.3;1.3;7.39;84;19;46;17;87771;0.22;3.09;0.4;0.39
2018;12;7;341;7.1;3;0.5;5.7;1.6;-1;0.5;0.9;0.24;3.3;1.4;6.38;108;22;61;22;87259;0.1;3.58;0.4;0.39
2018;12;8;342;1.5;-0.3;-1.8;0.6;-4.4;-6.7;2.2;1.1;0.27;3.3;1.4;7.35;211;41;85;45;87021;1.17;2.35;0.41;0.39
2018;12;9;343;0.8;-0.6;-1.3;-0.9;-2.1;-5.8;2.1;0.9;0.36;3.3;1.4;13.22;92;15;42;18;86513;0.75;23.79;0.41;0.39
2018;12;10;344;-1.5;-2.5;-3.7;-2.1;-3.9;-5.2;2.4;-0.4;0.51;3.3;1.4;30.49;68;13;53;28;87444;0.29;17.56;0.41;0.39
2018;12;11;345;-3.6;-5.8;-10;-5.5;-8;-12;1.4;0.3;0.53;3.3;1.4;42.17;91;20;67;43;87596;0.16;4.05;0.41;0.39
2018;12;12;346;-3.6;-8.4;-13.2;-8.6;-11.4;-15.4;0;0.8;0.52;3.3;1.4;43.66;130;28;80;44;87448;0.14;0.08;0.4;0.39
2018;12;13;347;-6.1;-10;-15.1;-10.4;-12.7;-16.8;-0.4;0.7;0.52;3.3;1.4;43.7;145;28;79;41;86833;0.09;0.07;0.4;0.39
2018;12;14;348;-6.4;-10.4;-15.3;-9.8;-12.9;-17.2;-0.2;0.6;0.52;3.3;1.4;43.73;137;27;77;42;87054;0.07;0.05;0.4;0.39
2018;12;15;349;-5.4;-10.3;-16.9;-11.3;-13.9;-18.9;-0.3;0.8;0.51;3.3;1.4;43.77;139;29;80;45;87439;0.1;0.02;0.4;0.39
2018;12;16;350;-1.6;-7.8;-18.4;-4.3;-10.8;-21.3;0.2;1.2;0.51;3.3;1.3;44.76;42;9;59;8;86947;0.06;1.54;0.39;0.39
2018;12;17;351;-0.9;-5.6;-11.7;-4.6;-8.3;-13.6;0.5;1.1;0.51;3.3;1.3;45.46;114;22;67;25;87663;0.09;0.84;0.39;0.39
2018;12;18;352;-1.9;-8.5;-13.4;-7.2;-12.6;-18;-0.1;1.6;0.51;3.3;1.3;46.07;156;32;90;60;87880;0.17;0;0.39;0.39
2018;12;19;353;-0.1;-6;-14;-2.6;-9.3;-18.2;0.1;1.3;0.5;3.3;1.3;46.21;70;14;43;14;87299;0.12;1.15;0.39;0.39
2018;12;20;354;1.1;-4.3;-9.5;-1.9;-6.8;-11.4;0.3;1.3;0.5;3.3;1.3;46.95;140;28;86;43;87451;0.06;0.29;0.39;0.39
2018;12;21;355;1.3;-4.2;-10.5;-0.4;-6.8;-12.6;0.4;1.8;0.5;3.2;1.3;47.56;54;11;41;8;87355;0.23;4.89;0.39;0.39
2018;12;22;356;4.3;2.5;1.2;1.3;0.5;-0.3;2.2;0.8;0.48;3.2;1.3;45.61;92;19;47;23;87585;-0.03;7.16;0.39;0.39
2018;12;23;357;3;1.9;1;1.8;0.7;-0.1;1.4;0.9;0.45;3.2;1.3;41.28;78;13;24;11;87862;0.05;16.11;0.41;0.39
2018;12;24;358;3.5;-0.5;-4.6;2.6;-1.3;-4.9;1.4;0.1;0.46;3.2;1.3;42.7;75;13;61;21;87972;0.18;25.71;0.42;0.4
2018;12;25;359;-1.3;-3.9;-6.5;-4.2;-5.6;-10.3;0.4;0.2;0.5;3.2;1.3;47.66;106;23;66;41;88634;0.09;0.46;0.42;0.4
2018;12;26;360;1.8;-4.7;-10.4;-2;-8.8;-15.9;0.1;1;0.49;3.2;1.3;47.47;154;33;94;54;88486;0.03;0;0.41;0.4
2018;12;27;361;3.6;-4;-9.5;-1.3;-9.1;-16.1;0.2;1.2;0.49;3.2;1.3;47.03;156;33;80;43;88146;0.09;0;0.41;0.4
2018;12;28;362;3.4;-2.2;-6.6;-1.6;-6.5;-11.2;0.3;0.8;0.47;3.2;1.3;46.56;162;33;86;46;88202;0.08;0.07;0.4;0.4
2018;12;29;363;0.4;-3;-6;-3.7;-6.8;-9.7;0.5;0.6;0.46;3.2;1.3;46.26;146;30;79;43;88419;0.1;0.13;0.4;0.4
2018;12;30;364;-1.2;-2.5;-4.4;-3.1;-4.8;-8.5;1.7;0.4;0.48;3.2;1.3;49.26;34;6;43;8;88509;0.13;5.24;0.4;0.4
2018;12;31;365;-0.5;-1.6;-3.3;-1.3;-2.7;-5;0.8;0.5;0.51;3.2;1.3;59.16;23;5;26;5;88638;0;13.04;0.4;0.4
2019;1;1;1;1.2;-2.1;-6;-1.6;-4.1;-7.5;1.1;0.5;0.51;3.1;1.3;63.97;106;23;71;40;88284;0.03;1.55;0.4;0.4
2019;1;2;2;-1.6;-5.7;-8.7;-3.2;-7.4;-10.7;2.2;-1.5;0.52;3.1;1.3;74.4;63;11;50;25;88143;0.24;16.24;0.39;0.4
2019;1;3;3;-7.3;-9.4;-11.1;-10.9;-12.2;-13.5;1.4;-0.2;0.53;3.1;1.3;82.89;127;24;61;34;88557;0.15;4.03;0.39;0.4
2019;1;4;4;-5.2;-7.6;-10.3;-7.8;-9.8;-12.1;1.2;0.4;0.53;3.1;1.3;88.06;103;19;32;13;88515;0.07;5.82;0.39;0.4
2019;1;5;5;-2.8;-4.3;-6.3;-4.4;-6.4;-8.6;1.9;0.8;0.53;3.1;1.3;98.57;18;4;15;6;88138;0.12;21.7;0.39;0.4
2019;1;6;6;-2.1;-2.5;-2.9;-3.4;-3.8;-4.4;1.6;0.2;0.54;3.1;1.3;123.92;32;6;10;6;88231;0.06;18.99;0.39;0.4
2019;1;7;7;-1.6;-3;-5.5;-3.6;-4.2;-6.9;0.9;0.1;0.53;3.1;1.3;134.52;53;10;44;17;88348;0.07;4.25;0.38;0.4
2019;1;8;8;-1.4;-2.9;-6.3;-3.3;-5.2;-8.3;2.4;0.6;0.53;3.1;1.3;140.15;63;12;54;18;87241;0.2;12.02;0.38;0.4
2019;1;9;9;-3.9;-5.5;-7;-5.8;-7.1;-8.2;2;-0.5;0.54;3.1;1.3;158.66;60;11;23;12;86641;0.29;21.83;0.38;0.4
2019;1;10;10;-5.2;-6.6;-7.8;-7.2;-7.9;-8.6;1;-0.4;0.54;3.1;1.2;179.25;60;12;26;10;87239;0.07;19;0.38;0.4
2019;1;11;11;-6.4;-7.9;-10.1;-8.7;-10.4;-12.6;0.9;0.3;0.54;3.1;1.2;188.98;141;29;71;33;87619;0.18;3.79;0.38;0.4
2019;1;12;12;-1.7;-3.7;-6.1;-5;-6.4;-8.8;1.5;0.7;0.54;3;1.2;192.83;70;16;40;12;87542;0.11;4.34;0.38;0.4
2019;1;13;13;0.5;-1.2;-2.8;-1.4;-3.2;-4.7;2.3;0.9;0.54;3;1.2;208.63;35;7;19;8;86645;0.15;27.81;0.37;0.4
2019;1;14;14;0;-2.5;-5.5;-1.3;-3.8;-7.1;2.3;-1;0.53;3;1.2;235.82;49;9;51;16;86611;0.52;24.86;0.37;0.4
2019;1;15;15;-2.5;-5.3;-10.5;-6.8;-8.7;-13.4;1.2;0.4;0.53;3;1.2;248.6;156;32;83;50;87504;0.41;1.63;0.37;0.4
2019;1;16;16;1.1;-8.4;-14.6;-3.7;-11.7;-16.9;0.2;1.6;0.53;3;1.2;248.74;172;38;83;56;86995;0.13;0;0.37;0.4
2019;1;17;17;1.2;-5.3;-10;-4.5;-8.4;-13.4;0.9;1.1;0.53;3;1.2;249.03;155;32;61;29;86569;0;1.08;0.37;0.4
2019;1;18;18;-4.5;-7.2;-13;-6.8;-10.1;-15.4;0.3;-0.1;0.53;3;1.2;251.3;142;30;88;54;87082;0.13;1.75;0.37;0.4
2019;1;19;19;-3.8;-11.5;-16.7;-9.6;-15.4;-19.3;0;1.1;0.53;3;1.2;251.57;160;36;71;55;86791;0.12;0;0.37;0.4
2019;1;20;20;-3.8;-11.1;-18.7;-9.2;-15;-21.1;0.2;1.2;0.52;3;1.2;251.56;130;29;54;31;86788;0.09;0.09;0.36;0.4
2019;1;21;21;-3;-8.4;-15.5;-7.2;-11.6;-18.3;0.1;0.6;0.52;3;1.2;251.67;152;33;65;28;87127;0.01;0.01;0.36;0.4
2019;1;22;22;-3.7;-9;-14.7;-9.1;-12.2;-16.7;0;0.8;0.52;3;1.2;251.71;192;42;90;57;86356;0.07;0;0.36;0.4
2019;1;23;23;-5.6;-10.6;-15.9;-10.4;-14.1;-18.1;0;0.5;0.51;3;1.2;251.74;136;31;55;34;85278;0.1;0.01;0.36;0.4
2019;1;24;24;-7;-10.1;-14.4;-9.6;-12.9;-17.4;0.4;0.2;0.51;3;1.2;251.97;164;33;58;30;86046;0.04;1.14;0.36;0.4
2019;1;25;25;-7.9;-11;-15.5;-11.5;-14;-18.6;0.8;0.5;0.51;3;1.2;253.81;146;35;72;49;86810;0.09;1.12;0.36;0.4
2019;1;26;26;-0.3;-5.3;-14.1;-4.6;-8.6;-17.3;0.9;1.1;0.52;3;1.2;256.12;147;26;55;10;86726;-0.02;2.77;0.36;0.4
2019;1;27;27;2.1;-4.8;-11.6;-4.1;-8.1;-13.4;0.2;1;0.52;3;1.2;257.11;158;37;61;34;85406;0.07;1.92;0.35;0.4
2019;1;28;28;-3.3;-5;-6.3;-5.9;-8.9;-10.4;2.1;0.6;0.52;3;1.2;259.99;152;35;71;30;85619;0.47;3.23;0.35;0.4
2019;1;29;29;-3.2;-7.4;-13.9;-8.2;-10.8;-16.4;0.3;0.4;0.52;3;1.2;262.95;163;40;94;62;86057;0.21;1.44;0.35;0.4
2019;1;30;30;-4.2;-8.7;-14.6;-8.4;-11.9;-17.1;0.3;1.1;0.52;3;1.2;263.61;102;23;70;31;85394;0.12;1.13;0.35;0.4
2019;1;31;31;-1.8;-8.1;-14.3;-8.9;-12.1;-16.4;-0.2;1;0.52;3;1.2;264.31;200;48;87;55;85393;0.1;0.06;0.35;0.4
2019;2;1;32;1;-3.7;-8.6;-3.4;-7;-11.5;0;1.3;0.52;3;1.2;264.64;97;23;39;16;84996;0;0.99;0.35;0.4
2019;2;2;33;1.7;-1;-3.2;-1.2;-2.6;-5.5;-0.1;-0.1;0.52;3;1.2;271.06;163;33;57;16;85398;-0.01;11.02;0.35;0.4
2019;2;3;34;-1.8;-3.6;-5.6;-2;-4.3;-6.7;0.9;-0.9;0.54;3;1.2;292.99;50;11;18;8;86718;0.18;28.21;0.35;0.4
2019;2;4;35;-2.8;-5.7;-11.4;-6.4;-8.6;-13.9;-0.3;0.2;0.54;3;1.2;304.98;210;48;98;62;87995;0.26;0.55;0.35;0.4
2019;2;5;36;1;-7.6;-14.3;-5.8;-11.9;-16.7;0.1;1;0.54;3;1.2;304.99;218;52;95;70;88075;0.2;0;0.34;0.4
2019;2;6;37;2.2;-8.2;-15.7;-4.4;-12.2;-18.1;0;1.2;0.53;3;1.2;305.01;217;53;88;65;87897;0.12;0;0.34;0.4
2019;2;7;38;-0.1;-7;-14.9;-5.2;-10.5;-17;0.4;1.3;0.53;3;1.2;305.38;142;34;59;26;87281;0.02;3.2;0.34;0.4
2019;2;8;39;2.6;-3.6;-8.8;-4.7;-7.3;-10.2;0;1.2;0.53;3;1.2;308.39;224;54;90;48;87403;0.14;0.09;0.34;0.4
2019;2;9;40;2.8;-2.9;-7.7;-3.3;-6.5;-10.2;0.4;1.1;0.53;3;1.2;308.48;153;36;71;36;87157;0.08;0.06;0.34;0.4
2019;2;10;41;2.8;-1.9;-6.8;-2.4;-5;-7.6;0.7;1.3;0.52;3;1.2;309.2;215;46;84;35;86444;0.24;3.6;0.34;0.4
2019;2;11;42;-2.1;-3.4;-4.7;-4.6;-5.7;-6.6;2.4;-0.1;0.53;3;1.2;317.6;92;21;73;30;87213;0.43;11.19;0.34;0.4
2019;2;12;43;-2.2;-4;-5;-5.6;-6;-7;1.2;-0.4;0.53;3;1.2;325.93;136;35;62;32;88506;0.26;4.69;0.34;0.4
2019;2;13;44;3.3;-3.8;-10;-3.4;-7.6;-11.6;0;0.9;0.53;3;1.2;327.49;234;59;86;64;88885;0.18;0;0.34;0.4
2019;2;14;45;6.3;-2.9;-10.3;-0.1;-6.6;-11.7;0.1;1.1;0.53;3;1.2;327.51;233;59;90;63;88963;0.1;0;0.34;0.4
2019;2;15;46;7.7;-3.1;-10.2;0.5;-6.6;-11.8;-0.2;1.3;0.52;3;1.2;327.59;249;63;97;71;88723;0.16;0;0.33;0.4
2019;2;16;47;8.1;-3.5;-10.6;0.6;-6.8;-12.1;0.2;1.5;0.52;3;1.2;327.61;259;67;106;79;88465;0.19;0;0.33;0.39
2019;2;17;48;7.8;-4;-11.5;1.2;-7.1;-13;0.1;1.5;0.52;3;1.2;327.6;267;69;116;87;88182;0.13;0;0.33;0.39
2019;2;18;49;7.6;-3.3;-12;0.1;-7.2;-13.6;0.2;1.2;0.51;3;1.2;327.58;269;70;107;77;87755;0.2;0;0.33;0.39
2019;2;19;50;4.9;-2.1;-9.7;-2.1;-6.4;-11.4;0.5;1;0.51;3;1.2;327.63;252;67;88;62;87712;0.24;0;0.33;0.39
2019;2;20;51;4.5;-1.3;-7.4;-0.4;-4.2;-8.7;0.3;0.6;0.5;3;1.2;327.7;243;61;76;49;87984;0.11;0;0.33;0.39
2019;2;21;52;4.7;-1.1;-7.6;-1.4;-4.5;-8.7;0.6;0.9;0.5;3;1.2;327.69;257;65;81;52;88351;0.29;0.04;0.33;0.39
2019;2;22;53;1.9;0.6;-0.6;0.8;-0.5;-3.5;0.6;-0.2;0.49;3;1.2;331.81;120;23;25;1;88707;-0.01;9.73;0.33;0.39
2019;2;23;54;2.6;-1;-4.7;-0.4;-4.1;-7.6;-1.1;-0.2;0.47;3;1.2;333.89;301;78;109;70;88899;0.65;0.01;0.33;0.39
2019;2;24;55;4.8;-1.5;-7.5;-1.3;-5.7;-9.1;-0.5;0.7;0.46;3.1;1.2;333.45;302;80;97;73;88921;0.63;0;0.33;0.39
2019;2;25;56;5.6;-0.1;-5.4;1;-3.4;-7.8;-0.6;0.8;0.46;3.1;1.3;333.37;310;83;97;72;88996;0.21;0;0.33;0.39
2019;2;26;57;8.9;0.3;-7.1;1.3;-4.1;-8.8;0;1;0.45;3.1;1.3;333.28;322;86;107;74;88831;0.43;0;0.33;0.39
2019;2;27;58;9.6;0.9;-5.1;2.1;-3.4;-6.9;0.1;1.2;0.44;3.1;1.3;332.78;323;87;96;66;88341;0.55;0;0.33;0.39
2019;2;28;59;8;1.7;-4.7;0.3;-3;-6.1;1.5;0.8;0.44;3.1;1.3;331.21;335;91;100;70;87688;0.83;0.52;0.33;0.39
2019;3;1;60;2;0.3;-0.8;-0.6;-1.4;-2.8;1.3;0.5;0.44;3.1;1.3;331.98;142;35;46;17;87276;0.26;10.03;0.33;0.39
2019;3;2;61;2.6;-0.1;-3.3;-1.4;-2.6;-5.3;1;0.3;0.44;3.1;1.3;333.41;215;54;75;34;87431;0.54;0.88;0.34;0.39
2019;3;3;62;6.4;0.1;-5;0.1;-3.3;-6.7;0.4;1.2;0.43;3.1;1.3;332.05;313;87;92;66;87253;0.69;0.01;0.34;0.39
2019;3;4;63;6;-0.2;-5.4;-0.1;-3.9;-7;1.5;1.1;0.43;3.1;1.3;331.66;352;75;96;62;86372;0.87;1.91;0.34;0.39
2019;3;5;64;3;-0.4;-4;-4.7;-5.7;-7;1.6;0.6;0.43;3.1;1.3;332.11;308;81;80;60;86880;1.18;0.3;0.34;0.39
2019;3;6;65;7.1;0.3;-5.9;1;-3.7;-7.8;-0.3;1.5;0.42;3.1;1.3;331.37;350;95;106;72;86669;0.72;0;0.33;0.39
2019;3;7;66;3.6;0.6;-2.1;1;-1.3;-3.7;0.4;1.1;0.42;3.2;1.3;331.25;197;48;61;42;86367;0.17;4.77;0.34;0.39
2019;3;8;67;3.4;-0.5;-4.7;-0.4;-3.3;-5.9;1.1;0.7;0.42;3.2;1.3;332.07;276;73;83;58;87278;0.67;0.96;0.34;0.39
2019;3;9;68;5.6;1.1;-4.9;0.8;-2.2;-6.2;1.5;1.1;0.42;3.2;1.3;331.54;208;49;65;35;87551;0.49;2.05;0.34;0.39
2019;3;10;69;7;2.6;-0.7;2.7;-0.2;-2.3;2.3;0.8;0.41;3.2;1.3;327.33;209;46;57;32;87193;0.3;5.38;0.34;0.39
2019;3;11;70;-1.2;-2.9;-5;-2.7;-5.9;-7.7;2.4;0.1;0.46;3.2;1.3;328.17;204;52;84;45;87515;1.21;10.34;0.35;0.39
2019;3;12;71;3.6;-2;-4.8;-6;-7.7;-10.4;1;0.7;0.49;3.2;1.3;334.38;337;91;104;59;87582;1.19;1.82;0.35;0.39
2019;3;13;72;1;-1.8;-4.1;-4;-6.7;-8.8;2;0.6;0.5;3.2;1.3;335.66;300;81;95;53;86903;1.03;3.52;0.35;0.39
2019;3;14;73;1.2;-1.2;-3.7;-2.5;-4.9;-7.1;2.2;1.1;0.51;3.2;1.3;341.8;237;52;63;25;86744;0.81;13.37;0.35;0.39
2019;3;15;74;3.4;1.1;-1.5;1.6;-0.4;-2.8;2.2;1;0.52;3.2;1.3;357.1;32;11;33;10;86942;-0.15;18.56;0.35;0.39
2019;3;16;75;7.8;3.6;-3.8;1.6;-0.8;-6.4;1.9;0.9;0.5;3.2;1.3;353.57;291;81;92;48;87199;0.64;0.83;0.36;0.39
2019;3;17;76;12.2;1.8;-5.1;1.7;-3.1;-7.7;0.9;0.5;0.48;3.3;1.3;348.51;347;99;104;60;86734;0.86;6.5;0.36;0.39
2019;3;18;77;0.8;-1.7;-4.1;-3;-5.3;-7.3;1.3;0.1;0.48;3.3;1.3;349.76;297;82;89;58;87407;1.04;2.19;0.37;0.39
2019;3;19;78;0.9;-2.4;-5;-4.2;-6.1;-7.2;0.1;-0.1;0.47;3.3;1.3;350.4;301;84;75;59;88023;0.92;1.07;0.37;0.39
2019;3;20;79;2.1;-2.4;-7.3;-3.7;-6.9;-8.7;-0.6;0.1;0.46;3.3;1.3;350.56;376;110;107;80;88569;0.89;0.01;0.36;0.39
2019;3;21;80;6.6;1.1;-4.9;-0.4;-4;-8.4;-0.7;0.2;0.46;3.3;1.3;350.34;396;118;119;86;88561;0.65;0;0.36;0.39
2019;3;22;81;11;2.8;-6;3.4;-2.7;-7.4;0.1;0.6;0.45;3.3;1.3;349.53;398;118;114;80;88494;0.61;0;0.36;0.39
2019;3;23;82;11.3;4.1;-4.8;1.2;-2.6;-6.8;0.1;0.5;0.44;3.3;1.3;346.76;412;124;115;79;88384;0.83;0;0.36;0.39
2019;3;24;83;10.4;3.7;-4.9;1.9;-0.8;-6;0.6;0.2;0.43;3.4;1.4;342.24;417;125;102;69;87981;0.76;0.2;0.36;0.39
2019;3;25;84;2.4;-0.1;-4.1;1.3;-1.5;-5.2;1.3;-0.4;0.44;3.4;1.4;339.89;261;69;63;36;87607;0.44;11.5;0.37;0.39
2019;3;26;85;0.9;-2;-4.7;-5.1;-6.4;-7.4;0.5;-0.7;0.48;3.4;1.4;344.74;325;92;76;50;88114;1.3;2.76;0.37;0.39
2019;3;27;86;1.9;-1;-4;-2.6;-4.5;-6.6;-0.5;-0.3;0.47;3.4;1.4;345.01;240;71;64;40;88399;0.72;0.5;0.37;0.39
2019;3;28;87;4.9;1;-2.5;-2.3;-3.6;-4.3;-1.4;-0.2;0.45;3.4;1.4;344.83;351;109;84;61;88582;1.02;0;0.37;0.39
2019;3;29;88;7.9;3.2;-2.9;0.9;-1.8;-4.9;-0.5;0.2;0.44;3.4;1.4;343.44;432;133;108;82;88415;0.91;0;0.37;0.39
2019;3;30;89;9.6;3.5;-5.1;0.2;-2.2;-6.2;0;0.3;0.43;3.4;1.4;340.19;427;135;107;79;88078;1.01;0;0.37;0.39
2019;3;31;90;8.7;3.7;-4.3;0.9;-1.9;-6;-0.5;0.3;0.42;3.5;1.4;334.7;449;140;106;77;87710;1.12;0;0.37;0.39
2019;4;1;91;8.9;4.4;-1.2;3.2;0.4;-3.9;-0.6;0.1;0.42;3.5;1.4;326.47;452;139;100;72;87436;0.69;0;0.37;0.39
2019;4;2;92;12.8;4.8;-3.4;3;-2.1;-5.6;0;0.9;0.41;3.5;1.4;316.07;457;136;100;61;86963;1.09;0.2;0.38;0.39
2019;4;3;93;9.4;3.6;-2.1;1.1;-1.1;-3.7;-0.4;0.8;0.4;3.5;1.4;304.67;458;140;100;62;86176;1.23;0.05;0.39;0.39
2019;4;4;94;8.2;1.8;-1.2;2.4;-0.1;-2.2;0.4;-0.4;0.41;3.5;1.4;296.11;417;107;86;38;85690;0.45;11.9;0.39;0.39
2019;4;5;95;4.9;1.5;-1.6;0.7;-0.9;-3;-0.4;-0.3;0.48;3.5;1.4;299.09;304;93;72;43;86152;0.66;1.57;0.4;0.39
2019;4;6;96;8.4;3.6;-1.5;2.2;0.1;-3;-0.7;0;0.46;3.5;1.4;293.21;383;120;78;59;86193;0.74;0;0.4;0.39
2019;4;7;97;6.6;2.5;-2.8;3.9;-0.2;-4.5;0.4;0.3;0.45;3.6;1.4;284.87;344;90;61;35;86307;0.44;7.17;0.4;0.39
2019;4;8;98;4.7;2.8;0.7;3;1.8;0.1;0.3;0.2;0.44;3.6;1.4;277.69;174;41;22;6;86785;0.01;6.86;0.41;0.4
2019;4;9;99;6.4;4.1;1.4;4.4;2.1;0.6;-0.3;0.1;0.43;3.6;1.4;267.91;264;80;51;20;86700;0.32;6.2;0.42;0.4
2019;4;10;100;4.8;2.8;0.7;3.4;2.2;0;-0.1;-0.4;0.43;3.6;1.4;257.83;154;48;13;3;86682;-0.13;9.32;0.42;0.4
2019;4;11;101;2.4;1.4;0.1;2.2;1;-0.5;-0.6;-1;0.43;3.6;1.4;249.78;115;31;28;7;87124;-0.02;5.34;0.43;0.41
2019;4;12;102;3;0.6;-1.2;-0.4;-1.9;-3;-0.8;-1;0.43;3.6;1.4;246.2;236;71;33;19;87314;0.86;1.11;0.42;0.41
2019;4;13;103;3.6;0.4;-2.2;-2.2;-3.1;-3.8;-0.7;-0.7;0.43;3.6;1.4;244.06;312;92;53;29;87248;1.19;3.78;0.42;0.41
2019;4;14;104;2.2;-0.2;-2.1;-1.4;-2.5;-3.4;-0.9;-1.2;0.48;3.7;1.5;250.06;222;63;30;17;87280;0.93;7.5;0.41;0.41
2019;4;15;105;7.2;2.9;-1.2;0.4;-0.6;-3.2;-1.3;-0.2;0.47;3.7;1.5;247.75;386;121;95;50;87626;1.04;0.18;0.41;0.41
2019;4;16;106;8.7;3.5;-4.6;0.6;-1.9;-6;0.3;0.3;0.44;3.7;1.5;240.11;458;147;109;68;87525;1.34;0.38;0.41;0.41
2019;4;17;107;8.7;4.7;-0.7;3;-0.4;-3.1;-0.6;0.1;0.42;3.7;1.5;230.36;409;141;88;60;87855;0.96;0.19;0.41;0.41
2019;4;18;108;10.4;5.3;-3.2;2;-0.6;-4.7;-0.6;0.3;0.41;3.7;1.5;218.16;446;155;95;68;87987;1.33;0.09;0.42;0.41
2019;4;19;109;12.9;6.2;-3.1;2.3;-0.7;-4.8;-0.4;0.5;0.4;3.7;1.5;204.76;519;173;104;77;88378;1.51;0;0.42;0.41
2019;4;20;110;12.5;6.5;-3.3;3.1;-0.2;-4.6;-0.5;0.4;0.38;3.8;1.5;190.9;535;180;107;79;88314;1.63;0;0.42;0.41
2019;4;21;111;13.9;7;-3.2;3.6;0.1;-4.3;-0.6;0.4;0.36;3.8;1.5;177.31;566;191;114;84;87707;1.82;0;0.42;0.42
2019;4;22;112;14.4;7.4;-2.1;3.3;0.3;-4.4;-0.7;0.8;0.34;3.8;1.5;164.48;560;184;106;75;86767;1.88;0;0.42;0.42
2019;4;23;113;12.1;6.5;1.1;3.7;1.5;-1.4;-0.4;1.7;0.33;3.8;1.5;153;374;129;76;48;86127;1.35;0.04;0.42;0.42
2019;4;24;114;14.5;8.4;1.6;4.1;2;-1.3;-0.3;1.5;0.32;3.8;1.5;140.78;586;182;93;64;86602;1.95;0.25;0.42;0.42
2019;4;25;115;14.4;8.2;1.4;3.9;2.2;-0.3;-0.7;1.5;0.31;3.8;1.5;127.71;576;187;97;64;87020;2.01;0;0.42;0.42
2019;4;26;116;5.7;3.1;0.4;3.1;1.7;-0.8;0.7;0.3;0.32;3.9;1.5;119.74;163;54;49;23;87216;0.49;12.06;0.42;0.43
2019;4;27;117;7.9;3.2;-1;1.4;-0.2;-2.3;1.4;0.3;0.34;3.9;1.5;116.32;510;147;74;42;87480;1.78;7.63;0.41;0.43
2019;4;28;118;3.9;0.9;-1.5;0.9;-0.8;-2.8;0.8;-0.2;0.35;3.9;1.5;113.62;391;132;61;40;87546;1.35;7.28;0.41;0.43
2019;4;29;119;3.9;1.1;-1.6;2.9;0.4;-1.8;0.8;-0.3;0.39;3.9;1.6;115.67;285;83;37;18;87614;0.93;11.79;0.41;0.43
2019;4;30;120;5.2;2.8;0.4;3.2;1.7;0;1.1;0.2;0.39;3.9;1.6;115.32;224;65;39;13;87515;0.75;9.73;0.42;0.43
2019;5;1;121;9.2;5.4;0.1;2.1;0.3;-1;0;0;0.37;3.9;1.6;109.38;547;187;102;67;87357;1.84;0;0.42;0.43
2019;5;2;122;11;5.5;-2.1;4;1;-3.7;0.9;0.4;0.35;4;1.6;101.95;551;177;99;54;86959;1.86;10.71;0.41;0.43
2019;5;3;123;6.7;4.2;2.5;4.1;2.9;1.8;0.8;-0.1;0.34;4;1.6;94.27;381;107;53;22;86837;0.93;6.5;0.42;0.43
2019;5;4;124;7.5;2.6;-2.4;3.5;1;-3.4;0.8;-0.5;0.34;4;1.6;87.82;483;137;73;32;86502;1.37;12.44;0.42;0.43
2019;5;5;125;0;-2;-3.7;-2.3;-3.2;-4.4;0.3;-0.9;0.49;4;1.6;98.18;266;80;43;25;87027;0.77;12.99;0.41;0.43
2019;5;6;126;2.1;-1.2;-5.1;-1.9;-4.3;-6;0.7;-0.2;0.5;4;1.6;103.46;357;118;69;44;87469;1.21;2.2;0.4;0.43
2019;5;7;127;6;0.5;-8.8;-0.2;-3.8;-9.6;-0.2;0.3;0.47;4;1.6;101.53;425;150;98;67;87396;1.41;0;0.4;0.43
2019;5;8;128;10.5;4.7;-3.1;6.6;0.8;-4.6;-0.1;0.8;0.41;4.1;1.6;97.14;297;89;42;23;86633;0.94;3.57;0.39;0.43
2019;5;9;129;9.5;5.6;1.6;3.4;1.8;0.2;0.9;0.5;0.37;4.1;1.6;89.72;484;149;81;50;86419;1.56;3.81;0.4;0.43
2019;5;10;130;9.2;6;2.8;5.3;3.1;0.7;0.6;0.2;0.33;4.1;1.6;81.96;442;136;79;43;87065;1.18;3.44;0.4;0.43
2019;5;11;131;8.5;4.1;1.4;6.3;2.9;-0.3;0.7;0.8;0.31;4.1;1.6;75.69;263;62;35;21;87150;0.87;14.52;0.4;0.43
2019;5;12;132;1.7;0.6;-0.1;1.6;0.2;-0.7;0.8;-0.6;0.41;4.1;1.6;81.65;150;38;15;6;88180;0.55;27.83;0.42;0.43
2019;5;13;133;5.2;2.5;-0.5;0.6;-0.4;-1.3;-1;-0.8;0.43;4.1;1.7;85.02;298;97;45;26;88584;1.36;3.51;0.42;0.43
2019;5;14;134;3.9;1.2;-1.9;-0.8;-2.3;-4.2;-0.6;-1.2;0.39;4.2;1.7;82.69;403;150;77;49;88133;1.81;6.51;0.42;0.43
2019;5;15;135;2.9;0.7;-2.3;-0.3;-1.4;-2.9;-0.7;-1;0.42;4.2;1.7;85.97;197;68;40;18;87636;1.03;3.65;0.41;0.43
2019;5;16;136;7.7;4.1;-0.1;3.6;1.9;-0.6;-0.7;-0.8;0.38;4.2;1.7;82.49;377;125;67;34;87080;0.93;0.59;0.41;0.43
2019;5;17;137;12.3;6.9;-1.9;7.9;3.3;-2.2;-0.3;0.1;0.33;4.2;1.7;74.34;518;183;88;61;86594;1.71;2.46;0.41;0.42
2019;5;18;138;11.6;7.7;0.5;5.5;2.8;-1.4;-0.2;0.1;0.3;4.2;1.7;66.16;438;163;85;50;86481;1.83;0.62;0.41;0.42
2019;5;19;139;12.5;7.7;3.4;8.6;5.7;1.3;0.5;0.2;0.28;4.2;1.7;58.67;539;148;71;34;86382;1.43;14.48;0.41;0.43
2019;5;20;140;7.9;6;4.9;7.8;5.7;4.4;1.5;1;0.26;4.2;1.7;52.2;138;38;11;0;86408;1.01;47.43;0.43;0.43
2019;5;21;141;6.5;5.6;4.9;5.9;5.1;4.4;2.1;0.7;0.25;4.2;1.7;47.18;143;40;7;0;86986;1.44;33.92;0.43;0.43
2019;5;22;142;9.9;6.8;4.6;8.3;6.1;4.2;0.8;0;0.24;4.2;1.7;41.82;374;92;52;11;87627;1.33;8.78;0.43;0.44
2019;5;23;143;12.8;8.8;4.6;5.1;4.1;3.2;-0.3;-0.5;0.24;4.3;1.7;34.81;687;228;105;62;87686;2.77;0.18;0.42;0.44
2019;5;24;144;14.2;10.1;1.8;5.9;3.8;0.2;0;-0.2;0.23;4.3;1.7;27.08;655;233;100;66;87445;2.85;0.05;0.41;0.43
2019;5;25;145;14.5;9.7;3.6;8.6;5.6;1.8;0.1;0.1;0.23;4.3;1.7;19.8;516;167;78;40;87460;2.24;10.14;0.4;0.43
2019;5;26;146;13.7;10.4;7.5;8.8;6.6;6;0.2;-0.2;0.22;4.3;1.7;12.69;481;147;54;28;87506;2.04;2.7;0.41;0.43
2019;5;27;147;12.2;9.2;5.4;10.4;7.5;4.7;0.2;0.2;0.19;4.3;1.7;7.3;322;95;38;19;87056;1.39;13.95;0.4;0.43
2019;5;28;148;7.8;6.4;4.2;7.4;6.1;4;1;0.3;0.16;4.3;1.7;4.25;165;45;17;7;86829;1.39;28.36;0.41;0.43
2019;5;29;149;7.4;5.3;3.5;6.3;4.8;3.2;0.6;-0.1;0.15;4.3;1.7;2.81;317;83;33;13;87654;1.8;14.56;0.42;0.43
2019;5;30;150;10.2;7;1.4;4.5;2.7;1.1;0.2;-0.1;0.13;4.3;1.7;1.68;471;162;73;45;88310;2.49;0.47;0.42;0.43
2019;5;31;151;13.6;8.9;1.7;7.9;4.4;0.2;-0.2;0.3;0.13;4.3;1.7;0.9;435;149;82;45;88414;2.13;0;0.41;0.43
2019;6;1;152;18.7;12.1;2.7;10.3;6.7;1.7;-0.6;0;0.12;4.3;1.7;0.38;793;270;115;77;88200;3.98;0.01;0.4;0.43
2019;6;2;153;20.5;13.7;3.2;11.3;7.5;2.5;-0.4;0.3;0.12;4.3;1.7;0.11;799;279;123;86;87898;4.52;0.03;0.39;0.43
2019;6;3;154;21.5;15;4.8;11.3;7.2;3.8;0.3;0.2;0.12;4.4;1.8;0.03;791;286;125;83;87754;5.01;0.02;0.38;0.43
2019;6;4;155;22.5;15.5;6.9;14.5;9.4;5.3;-0.4;0.5;0.12;4.4;1.8;0;754;272;113;79;87419;4.64;0.9;0.37;0.43
2019;6;5;156;22.7;16;6.8;12.6;8.7;5.3;-0.4;0.5;0.12;4.4;1.8;0;762;282;132;89;86979;4.97;0.01;0.36;0.43
2019;6;6;157;13.6;10.6;8.3;11.3;9;7.2;0.4;-0.6;0.12;4.4;1.8;0;279;93;63;23;87273;2.01;6.87;0.35;0.42
2019;6;7;158;22.8;14.8;6;11.7;8.9;5.9;-0.3;0.3;0.12;4.4;1.8;0;805;288;120;72;87353;5.12;1.2;0.35;0.42
2019;6;8;159;14.6;11.2;8.6;8.4;5.2;3.8;-0.1;-0.2;0.12;4.4;1.8;0;417;146;93;46;88220;3.01;1.58;0.35;0.42
2019;6;9;160;18.6;13.2;6.3;12.8;8.9;4.3;-0.4;0;0.12;4.4;1.8;0;604;200;93;64;88030;2.99;0.46;0.34;0.42
2019;6;10;161;21;14.2;8.7;14.2;11.5;7.7;-0.2;-0.2;0.12;4.4;1.8;0;646;184;81;49;87372;2.68;5.13;0.34;0.42
2019;6;11;162;20.2;14.9;10.8;14.1;11.7;9.5;-0.7;-0.9;0.12;4.4;1.8;0;565;194;96;44;87039;3.5;1.85;0.34;0.42
2019;6;12;163;15;12.4;10.4;12.2;10.4;8.8;0.4;-0.5;0.12;4.4;1.8;0;477;142;52;33;87095;2.47;3.17;0.33;0.42
2019;6;13;164;16.7;13.1;10.1;10.9;9.2;7.4;0;-0.5;0.12;4.4;1.8;0;696;186;89;39;87557;3.29;1.51;0.33;0.42
2019;6;14;165;25.1;17;6.5;15.9;10.5;5.7;-0.3;0.4;0.12;4.4;1.8;0;778;272;114;80;87643;4.73;0;0.33;0.42
2019;6;15;166;18.9;14.6;10.8;13.5;11.2;8.6;0.6;0.3;0.12;4.5;1.8;0;598;170;91;41;87566;2.99;9.66;0.32;0.42
2019;6;16;167;14.1;11.8;10.3;11.3;10.1;9.3;0.5;-0.2;0.12;4.5;1.8;0;305;99;43;22;88002;2.33;9.11;0.33;0.42
2019;6;17;168;18.7;14.7;9.9;13;10.4;9;-0.9;-0.3;0.12;4.5;1.8;0;602;218;80;62;87907;3.52;0.24;0.33;0.41
2019;6;18;169;21.6;15.8;7.7;15.9;11.3;6.9;0.2;0.2;0.12;4.5;1.8;0;706;255;98;70;87678;4.09;0.41;0.33;0.41
2019;6;19;170;21.3;16.6;10.9;14.1;10.6;8.6;0.3;0.4;0.12;4.5;1.8;0;706;238;107;70;87451;4.32;0.6;0.32;0.41
2019;6;20;171;19.2;13.8;9.6;13;10.4;7.8;0.3;0.4;0.12;4.5;1.8;0;600;194;89;59;87525;3.26;7.5;0.32;0.41
2019;6;21;172;17.5;12.6;7.3;13.5;11.1;7.2;-0.3;0.1;0.12;4.5;1.8;0;540;150;70;38;87777;2.6;11.36;0.32;0.41
2019;6;22;173;17.4;12.9;8.5;13.6;11.2;8.4;-0.1;0;0.12;4.5;1.8;0;507;162;66;42;87622;2.97;9.63;0.33;0.41
2019;6;23;174;18.1;13.9;9.2;13.6;11.8;9.1;-0.3;-0.2;0.12;4.5;1.8;0;611;176;79;43;87818;2.82;1.34;0.33;0.41
2019;6;24;175;23.5;17.2;8.7;15.7;12.5;8.2;-0.8;0;0.12;4.5;1.8;0;802;298;112;84;88086;4.93;0;0.33;0.41
2019;6;25;176;26.8;19.7;9.7;19.7;14.5;9;0;0.3;0.12;4.5;1.8;0;806;301;121;91;88281;5.27;0;0.32;0.41
2019;6;26;177;28.5;21.6;11.3;19;14.1;10.3;-0.1;0.2;0.12;4.5;1.8;0;805;302;120;92;88562;5.72;0;0.32;0.41
2019;6;27;178;26.6;20.7;13.2;18;15.1;11.4;0.6;-0.1;0.12;4.5;1.8;0;723;261;121;71;88479;4.63;0.87;0.31;0.41
2019;6;28;179;23.1;19.1;15.1;15.3;11.4;8.5;-0.1;-0.7;0.12;4.5;1.8;0;811;296;127;86;88280;5.3;0.02;0.31;0.41
2019;6;29;180;25.9;19.2;10.7;13.7;11;8.8;-0.7;0;0.12;4.5;1.8;0;822;309;137;105;88066;5.23;0;0.3;0.4
2019;6;30;181;28.3;21;10.6;15.9;11.5;9.1;0.7;0.5;0.12;4.5;1.9;0;800;286;120;88;88042;5.14;0;0.3;0.4
2019;7;1;182;26;19.7;12.5;15.8;13.1;10.9;0.5;0.5;0.12;4.6;1.9;0;625;223;106;65;87995;4.2;2.8;0.29;0.4
2019;7;2;183;19.7;16.5;13.7;14.2;13.4;12.9;0.2;-0.4;0.12;4.6;1.9;0;612;194;79;49;88007;3.65;8.92;0.3;0.4
2019;7;3;184;18.4;15.4;12.6;12.9;11.2;9.7;-0.6;-0.8;0.12;4.6;1.9;0;468;152;75;48;88017;2.46;0.29;0.3;0.4
2019;7;4;185;21.1;16.6;11.1;10.5;9.2;7.6;-0.2;-0.6;0.12;4.6;1.9;0;810;284;124;82;88050;4.51;0.04;0.29;0.4
2019;7;5;186;21.7;17;9.7;10.6;9;7.7;1.1;0.1;0.12;4.6;1.9;0;751;269;110;83;87902;4.44;0.62;0.29;0.4
2019;7;6;187;24.6;17.6;8.9;12.2;9.3;7;0.9;0.4;0.12;4.6;1.9;0;744;249;124;78;87532;4.29;1.18;0.28;0.4
2019;7;7;188;17.1;13.6;9.9;13.3;11.5;9.5;0.9;0.6;0.11;4.6;1.9;0;501;133;68;46;87412;3.2;18.2;0.29;0.4
2019;7;8;189;13.6;11.3;8.3;12.3;10.6;8.2;0.3;-0.3;0.11;4.6;1.9;0;336;100;62;33;87628;2.38;12.68;0.3;0.4
2019;7;9;190;14.3;11.5;9.1;9.4;7.5;4.4;-0.2;-1.1;0.11;4.6;1.9;0;415;149;61;34;87671;2.96;0.8;0.31;0.4
2019;7;10;191;15.5;11.8;7.8;7.1;4.3;3.1;-0.1;-0.9;0.11;4.6;1.9;0;766;278;122;80;87738;4.4;0.11;0.3;0.4
2019;7;11;192;15;11.4;6.9;11.4;8.2;5.1;0.2;0.1;0.11;4.6;1.9;0;509;154;72;48;87582;2.98;6.7;0.3;0.4
2019;7;12;193;16.8;12.1;6.6;11;9.5;6.2;0.9;0.6;0.11;4.6;1.9;0;514;180;78;50;87468;3.61;15.03;0.31;0.4
2019;7;13;194;13.9;10.6;7.6;11;9.1;7;1.2;0.1;0.11;4.6;1.9;0;532;173;56;38;87622;3.91;21.56;0.32;0.4
2019;7;14;195;15.2;11.3;7.5;11;9.1;6.3;-0.3;-0.4;0.11;4.6;1.9;0;631;211;85;52;87536;3.64;7.92;0.33;0.39
2019;7;15;196;16;12.1;8.4;10.7;8.7;7.4;-0.7;-0.7;0.11;4.6;1.9;0;581;208;82;50;87497;3.73;1.89;0.33;0.39
2019;7;16;197;17.7;13.6;7.9;10.2;8.6;7.5;0.5;-0.2;0.11;4.6;1.9;0;674;243;99;64;87704;4.08;0.35;0.33;0.39
2019;7;17;198;19;14.6;7.3;11.3;8.8;6.3;0.5;0;0.11;4.6;1.9;0;715;247;107;77;87521;4.1;0.51;0.32;0.39
2019;7;18;199;18.3;14.1;8.5;10.8;8.7;7.2;0.6;0.3;0.11;4.6;1.9;0;624;216;92;66;87506;3.82;1.59;0.32;0.39
2019;7;19;200;19.5;15.3;8.5;13.2;9.6;6.5;0.2;0.2;0.11;4.6;1.9;0;603;220;100;67;87739;3.83;0.44;0.32;0.39
2019;7;20;201;23.6;17;9;15;11.9;7.8;0.2;0.7;0.11;4.6;1.9;0;732;247;107;68;87821;4.5;2.35;0.31;0.39
2019;7;21;202;20.2;16.1;12.5;14;12.4;10.7;0.6;0.2;0.11;4.6;1.9;0;694;189;80;50;88262;3.61;3.75;0.31;0.39
2019;7;22;203;22.3;17.5;10.5;13.8;11.8;9.2;0.2;-0.1;0.11;4.6;1.9;0;610;230;88;65;88496;4.14;0.05;0.31;0.39
2019;7;23;204;25.2;19.4;11.5;14.4;12.3;10.1;-0.6;0;0.11;4.6;1.9;0;775;283;110;83;88263;5.11;0;0.31;0.39
2019;7;24;205;27.3;21;12;17.6;12.3;10.3;0.3;0.1;0.11;4.6;1.9;0;778;281;122;84;88029;5.19;0;0.3;0.39
2019;7;25;206;27.3;21;13;15.8;13.3;11.3;-0.4;0.5;0.11;4.6;1.9;0;607;222;102;68;87922;4.27;0.53;0.3;0.39
2019;7;26;207;25;19.4;13.6;17.4;14.4;12.5;0.4;0.8;0.11;4.6;1.9;0;589;197;86;59;87434;3.56;1.69;0.29;0.39
2019;7;27;208;20.9;16.8;13.8;15.2;13.6;11.9;0.3;0.2;0.11;4.6;1.9;0;605;175;81;47;86698;3.32;15.94;0.29;0.39
2019;7;28;209;15.9;14;12.1;15.3;13.7;11.9;0.9;-0.2;0.11;4.6;1.9;0;209;61;28;14;86507;1.87;40.46;0.32;0.39
2019;7;29;210;16.5;14;11.8;13.7;12.4;11.4;0.5;-0.3;0.11;4.6;1.9;0;258;71;33;15;87281;1.83;3.6;0.34;0.39
2019;7;30;211;20.3;16.8;13.3;14.7;13.4;12.5;0.4;-0.1;0.11;4.6;1.9;0;543;164;61;37;87570;2.99;1.53;0.34;0.39
2019;7;31;212;14.3;13.3;12.4;12.3;12;11.1;0.3;-0.2;0.11;4.5;1.9;0;108;41;48;18;87816;1.2;5.37;0.34;0.39
2019;8;1;213;18.8;15.1;11.1;12.4;11.3;10.3;-0.3;-0.4;0.11;4.5;1.9;0;544;180;69;47;87803;3.31;0.88;0.34;0.39
2019;8;2;214;17;13.7;10.2;12.6;11.3;9.3;0.4;0.1;0.11;4.5;1.9;0;482;158;83;43;87600;3.26;16.08;0.34;0.39
2019;8;3;215;17;12.8;8.4;10.4;9;7.4;1;0.3;0.11;4.5;1.9;0;657;211;90;61;87681;3.83;1.92;0.35;0.39
2019;8;4;216;18.4;14.5;9.1;10.3;8.8;7.7;-0.1;-0.1;0.11;4.5;1.8;0;584;221;96;71;87751;3.81;0.08;0.35;0.39
2019;8;5;217;21.7;15.9;8.9;14;10.8;7.5;0.3;0.7;0.11;4.5;1.8;0;640;229;101;66;87660;4.23;1.44;0.34;0.39
2019;8;6;218;22.3;16.2;11.9;15.6;12.6;10;0.3;0.8;0.11;4.5;1.8;0;661;172;95;50;87553;3.45;4.94;0.34;0.39
2019;8;7;219;20.2;15;12.2;15;13.1;11.1;0.4;0.3;0.11;4.5;1.8;0;487;121;73;35;87314;2.71;22.35;0.35;0.39
2019;8;8;220;18.9;15;9.9;12.8;11.3;9.6;0.1;0;0.11;4.5;1.8;0;571;199;83;63;87574;3.68;0.89;0.36;0.38
2019;8;9;221;24.8;18;8.8;18.4;12.7;7.8;-0.1;0.7;0.11;4.5;1.8;0;698;232;97;72;87577;4.32;0;0.35;0.38
2019;8;10;222;17.4;16;14.6;16.3;14.6;13.3;0.2;0.1;0.11;4.5;1.8;0;189;58;35;18;87892;1.54;8.16;0.35;0.38
2019;8;11;223;22;17.4;13.5;16.3;14.4;13.3;-0.4;-0.3;0.11;4.5;1.8;0;565;188;76;41;87744;3.59;17.48;0.36;0.38
2019;8;12;224;14.5;12.9;11.5;14.4;12.5;11.2;0;-0.5;0.11;4.5;1.8;0;164;46;28;7;87728;1.85;22.83;0.37;0.38
2019;8;13;225;13.5;11;8.9;10.9;9.3;8.3;0.3;-0.4;0.11;4.5;1.8;0;416;111;58;31;87838;2.44;9.27;0.38;0.38
2019;8;14;226;14.3;11;8.1;8.5;6.5;4.8;0.2;-0.4;0.11;4.5;1.8;0;504;175;97;55;87854;3.35;1.44;0.39;0.38
2019;8;15;227;15.8;11.5;5.6;11.1;8;4.1;0.6;0.4;0.11;4.5;1.8;0;492;162;84;60;87682;2.83;7.93;0.39;0.38
2019;8;16;228;16.2;12;7.6;9.9;8.5;7.3;0.4;-0.1;0.11;4.5;1.8;0;595;192;92;63;87855;3.19;3.76;0.39;0.38
2019;8;17;229;21.5;14.8;7.2;13.1;9.6;5.8;0.1;0.4;0.11;4.4;1.8;0;731;204;111;59;87635;3.66;0;0.39;0.38
2019;8;18;230;25;18.3;10.9;17.6;12.4;9;-0.1;0.7;0.11;4.4;1.8;0;739;228;110;70;87482;4.33;1.18;0.38;0.38
2019;8;19;231;18.4;15.1;12.4;14.4;13;11.5;-0.3;0.2;0.11;4.4;1.8;0;456;105;67;32;87849;2.27;6.13;0.38;0.38
2019;8;20;232;15.3;12.9;9.4;15.1;12.6;9.3;0.2;-0.7;0.11;4.4;1.8;0;186;51;25;13;88154;1.72;29.57;0.39;0.38
2019;8;21;233;13.5;11;9;9.2;8.8;8.3;-1.3;-0.5;0.11;4.4;1.8;0;267;80;43;21;88505;2.02;3.25;0.41;0.38
2019;8;22;234;18.3;14;8.8;13.3;11.5;8.7;-0.7;-0.5;0.11;4.4;1.8;0;525;156;67;43;88367;2.36;0.03;0.4;0.38
2019;8;23;235;19.3;15.5;12.2;14.2;12.9;11.5;-0.9;-0.6;0.11;4.4;1.8;0;542;155;70;37;88346;2.49;0.22;0.4;0.39
2019;8;24;236;20.5;15.5;11.1;15.6;13.5;10.8;0;0.4;0.11;4.4;1.8;0;604;175;85;52;88106;2.84;5.17;0.4;0.39
2019;8;25;237;20.8;14.6;9.8;15.6;12.7;9.2;0.3;0.5;0.11;4.4;1.8;0;632;172;84;55;88061;2.97;8.8;0.4;0.39
2019;8;26;238;20.8;14.7;8.2;15.5;12.5;7.8;0.1;0.5;0.11;4.4;1.8;0;665;185;97;60;88009;3.18;4.03;0.4;0.39
2019;8;27;239;22.9;16.4;9.1;15.9;11.8;8.3;0.2;0.4;0.11;4.4;1.8;0;682;228;111;77;87963;4.12;0;0.4;0.39
2019;8;28;240;21.4;16.4;11.1;16.3;12.9;9.9;0;0.6;0.11;4.4;1.8;0;546;159;78;52;87945;2.84;0.6;0.39;0.39
2019;8;29;241;17.8;15.4;12.5;16.2;13.8;11.4;0.3;0.6;0.11;4.3;1.8;0;405;101;62;39;88140;2.2;12.34;0.4;0.39
2019;8;30;242;20.7;15.6;9.1;14.9;11.8;9;-0.3;0.2;0.1;4.3;1.8;0;657;208;110;68;88264;3.35;0.17;0.4;0.39
2019;8;31;243;22.6;16.1;8.9;16.4;12.4;8.2;0.1;0.7;0.1;4.3;1.8;0;635;201;104;70;87803;3.49;0.79;0.39;0.39
2019;9;1;244;19.8;14.9;10.8;14.3;12.2;9.2;0.5;0.3;0.1;4.3;1.8;0;563;174;96;50;87610;3.24;16.3;0.39;0.39
2019;9;2;245;12.6;10.9;9.4;12.4;10.5;7.7;0;-0.8;0.1;4.3;1.7;0;78;20;25;9;88007;1.27;16.96;0.41;0.39
2019;9;3;246;15.8;12.1;8.9;9.2;7;5.8;-0.1;-0.3;0.1;4.3;1.7;0;669;211;119;78;88309;3.44;0;0.41;0.39
2019;9;4;247;19.9;13.9;6.2;12.8;9.4;5;0.1;0.2;0.1;4.3;1.7;0;692;223;121;90;87847;3.3;0;0.4;0.39
2019;9;5;248;12.3;9;5.8;10.7;8.2;5.5;0.4;0.2;0.1;4.3;1.7;0;218;48;60;26;87833;1.64;21.2;0.4;0.39
2019;9;6;249;8.9;7.6;5.5;8.5;6.7;4.4;-0.3;-0.4;0.1;4.3;1.7;0;161;46;43;16;87943;1.51;9.67;0.42;0.39
2019;9;7;250;9;7.8;6.2;7.8;7;5.2;0.5;0.1;0.1;4.3;1.7;0;223;52;50;21;87752;1.58;9.47;0.42;0.39
2019;9;8;251;7;5.8;4.4;6.3;5.2;4.2;0.4;0.3;0.1;4.3;1.7;0.09;98;30;49;17;87438;1.19;18.7;0.42;0.39
2019;9;9;252;9.6;6.4;3.9;5.6;4.4;3.6;0.9;0.3;0.11;4.3;1.7;0.2;382;95;96;38;87404;2.3;8.46;0.43;0.4
2019;9;10;253;15.2;8.9;1.2;8.4;5.4;0.9;-0.4;-0.1;0.11;4.2;1.7;0.11;654;194;112;70;87602;2.5;0;0.42;0.4
2019;9;11;254;15.3;10.4;5.9;10.3;8.2;5.9;0.3;0;0.1;4.2;1.7;0.03;566;157;93;52;88244;2.04;3.45;0.41;0.4
2019;9;12;255;17;12;7.2;10.3;8.6;6.4;0.2;0.2;0.1;4.2;1.7;0;527;156;103;56;88913;2.45;0;0.41;0.41
2019;9;13;256;19.4;13.5;6;12.5;9.8;5.6;0.1;0.1;0.1;4.2;1.7;0;653;196;112;72;89019;2.84;0;0.4;0.41
2019;9;14;257;19.8;13.9;7.6;13.7;11.5;7.6;-0.5;-0.1;0.1;4.2;1.7;0;556;156;88;51;88818;2.2;0.03;0.4;0.41
2019;9;15;258;20.9;14.6;8.3;15;11.9;8.1;0.5;0.5;0.1;4.2;1.7;0;624;182;108;64;88449;2.63;0.07;0.39;0.41
2019;9;16;259;19.7;14.4;7.8;13.2;10.9;7.5;0.7;0.4;0.1;4.2;1.7;0;531;165;89;60;88064;2.56;0.46;0.39;0.41
2019;9;17;260;16;12.6;9.2;10.8;9.9;8.3;0.8;-0.5;0.1;4.2;1.7;0;459;143;84;52;87859;2.29;2.46;0.38;0.41
2019;9;18;261;11.1;8.9;6.9;7.7;6.1;3.8;-0.8;-1;0.1;4.1;1.7;0;341;88;46;30;88049;1.7;0.66;0.38;0.41
2019;9;19;262;11.5;7.6;4.7;3.6;2.8;1.8;-0.9;-0.9;0.1;4.1;1.7;0;567;153;120;70;88265;2.11;0.03;0.38;0.41
2019;9;20;263;13.8;8.4;4.2;5.5;3.9;1.7;-0.9;-0.3;0.1;4.1;1.7;0;628;187;119;90;88269;2.28;0;0.38;0.41
2019;9;21;264;17.7;10.6;3.5;10.6;6.6;2.1;-0.3;0.3;0.1;4.1;1.6;0;622;188;120;85;87855;2.42;0;0.37;0.41
2019;9;22;265;17.4;11.6;6.4;12.9;8.3;4.5;-0.1;0.9;0.1;4.1;1.6;0;400;111;71;50;87331;1.62;0.05;0.37;0.41
2019;9;23;266;8.9;8.1;6.8;8.7;7.5;6.1;1.1;0.6;0.1;4;1.6;0;115;34;48;21;87578;1.37;14.91;0.38;0.41
2019;9;24;267;14.9;9.7;3.5;9;6.9;3.2;-0.1;0.3;0.09;4;1.6;0;496;136;85;53;87366;2.01;0.93;0.37;0.41
2019;9;25;268;11.5;9.1;6.5;8.5;6.7;5;0.8;0.6;0.09;4;1.6;0;303;86;64;39;87153;1.79;3.28;0.37;0.41
2019;9;26;269;11.1;8.6;5.8;9.4;7.1;4.5;0.3;1;0.09;4;1.6;0;180;42;43;23;87501;0.85;1.27;0.37;0.41
2019;9;27;270;16.6;10.3;4.4;11.5;8.4;4.1;0.2;0.5;0.09;4;1.6;0;504;126;89;44;87545;1.79;4.69;0.37;0.4
2019;9;28;271;11.7;9.5;7.3;9.2;7.1;5.6;0.8;0.3;0.09;4;1.6;0;299;63;60;24;87721;1.56;5.64;0.38;0.4
2019;9;29;272;19.6;12.6;4.9;12.9;8;3.9;0.1;0.6;0.09;3.9;1.6;0;572;165;113;71;87229;2.36;0.22;0.37;0.4
2019;9;30;273;13;10.5;6.2;8.5;6.6;4.8;1.7;0.2;0.09;3.9;1.6;0;402;96;84;46;87329;1.6;0.15;0.37;0.4
2019;10;1;274;18.3;11.1;3.7;11.1;6.9;2.5;0.2;0.5;0.09;3.9;1.6;0;562;158;108;68;86986;2.26;5.91;0.37;0.4
2019;10;2;275;10.4;7.7;2.2;9;6.7;1.8;1.3;0.1;0.09;3.9;1.6;0.06;322;71;68;23;86893;2.43;29.58;0.38;0.4
2019;10;3;276;6.8;3.6;0.5;1.5;-0.1;-1.5;0.8;-0.2;0.11;3.9;1.6;0.5;322;97;75;52;87530;1.84;1.18;0.39;0.4
2019;10;4;277;9.3;5.1;0.6;5.2;1.9;-1.2;0.5;0.7;0.1;3.8;1.5;0.38;311;73;56;37;87037;1.37;5.11;0.39;0.4
2019;10;5;278;6.3;5.1;3.8;5.9;4.7;3.6;1;0.1;0.1;3.8;1.5;0.24;98;23;32;13;87184;1.11;13.83;0.4;0.4
2019;10;6;279;8.5;5.6;2.5;7;4.7;2.3;-0.1;0.2;0.09;3.8;1.5;0.11;245;56;53;26;87279;0.97;8.27;0.4;0.4
2019;10;7;280;8;5.7;3.4;5.7;3;1.7;1.1;0.1;0.09;3.8;1.5;0.06;249;74;64;32;87493;1.78;9.39;0.41;0.4
2019;10;8;281;15.6;7.9;0.6;8.4;3.8;-1;0.3;1;0.09;3.8;1.5;0.03;345;87;67;43;87392;1.25;0.21;0.41;0.4
2019;10;9;282;11.6;7;3.2;9.4;5.9;2;0.7;0.5;0.09;3.7;1.5;0;320;51;62;24;87262;1.42;17.48;0.41;0.4
2019;10;10;283;9.3;5.3;1.2;4.5;2.4;0.8;1.4;0.7;0.09;3.7;1.5;0;411;109;79;54;87670;1.93;1.69;0.42;0.41
2019;10;11;284;15.7;7;-0.9;7.7;2.4;-1.7;-0.1;0.9;0.09;3.7;1.5;0;529;147;121;85;87867;1.92;0;0.41;0.41
2019;10;12;285;18.1;8.9;1;12.3;5.2;-0.4;0;1.2;0.09;3.7;1.5;0;505;136;115;77;87778;1.7;0;0.41;0.41
2019;10;13;286;19.3;10.6;3.7;13.4;6.9;1.8;-0.1;1.2;0.09;3.7;1.5;0;491;132;105;72;87785;1.72;0;0.4;0.41
2019;10;14;287;19.3;10.9;4.2;12.6;7.5;3.2;0;0.9;0.09;3.6;1.5;0;496;135;111;75;87564;1.71;0;0.4;0.41
2019;10;15;288;18;10.3;5.1;11;7;3.9;0.4;0.9;0.09;3.6;1.5;0;497;117;100;54;87014;2.03;9;0.4;0.41
2019;10;16;289;12.4;7.2;1.8;4.9;3.1;1.6;0.3;0.5;0.09;3.6;1.5;0;507;135;119;76;87496;2.04;0.83;0.4;0.41
2019;10;17;290;14.8;8.4;2.3;7;4.2;1.2;0;0.4;0.09;3.6;1.4;0;482;129;111;68;87508;1.58;0.01;0.4;0.41
2019;10;18;291;15;9.3;5.3;8.5;6.1;4;0;0.5;0.08;3.6;1.4;0;428;96;86;49;87374;1.28;0.4;0.39;0.41
2019;10;19;292;12.4;8.3;5;8.4;6.3;4.1;-0.3;0.6;0.08;3.6;1.4;0;349;81;83;51;87086;0.89;0.28;0.39;0.41
2019;10;20;293;17.3;10.8;5.8;9.7;6.8;4;-0.5;1.6;0.08;3.6;1.4;0;428;89;91;53;87113;1.25;0.25;0.39;0.41
2019;10;21;294;14.2;10.4;8.3;10.1;8.4;6.4;-0.3;0.4;0.08;3.6;1.4;0;250;59;79;47;87752;0.74;0.31;0.38;0.41
2019;10;22;295;15;10;5.5;11;8.6;5.2;-0.4;0.1;0.08;3.6;1.4;0;374;98;83;55;88093;0.87;0.08;0.38;0.41
2019;10;23;296;18.8;10.1;4;11.2;6.5;3.2;-0.3;1.5;0.08;3.5;1.4;0;468;119;124;76;87562;1.57;0;0.38;0.41
2019;10;24;297;15.8;9.9;5.2;9.7;7;3.3;0.1;0.5;0.08;3.5;1.4;0;378;86;88;51;87294;0.99;1.53;0.38;0.41
2019;10;25;298;11.7;9.4;5.6;9.4;7.9;4.9;-0.1;0.1;0.08;3.5;1.4;0;229;46;65;29;88073;0.77;1.55;0.38;0.41
2019;10;26;299;17.1;9.3;3.6;11;6.4;2.8;0.1;0.9;0.08;3.5;1.4;0;444;114;111;73;88054;1.31;0;0.37;0.41
2019;10;27;300;16.2;9.6;2.6;10;6.4;2;0.3;0.6;0.08;3.5;1.4;0;432;111;107;64;87963;1.28;0.33;0.37;0.41
2019;10;28;301;9.3;7.3;5.5;7.7;7;5.5;-0.3;-0.5;0.08;3.5;1.4;0;80;17;18;5;87716;0.57;7.87;0.37;0.41
2019;10;29;302;5.8;4.7;3.1;5.8;4.6;3;-0.7;-0.7;0.08;3.5;1.4;0;41;9;8;2;87630;0.73;9.76;0.38;0.41
2019;10;30;303;4.4;3.3;2;3.3;2.9;1.9;-0.9;-0.4;0.09;3.5;1.4;0.21;130;24;11;6;87856;0.86;10.77;0.38;0.41
2019;10;31;304;7.7;4.5;2.6;4.8;3.7;2.5;-0.6;-0.1;0.09;3.5;1.4;0.26;275;55;59;26;87652;0.9;2.71;0.39;0.41
2019;11;1;305;11.4;5.8;0.7;6.2;3.3;0.4;-0.1;0.6;0.09;3.5;1.4;0.16;404;83;92;43;87078;0.86;1.89;0.39;0.4
2019;11;2;306;11.4;7.1;4.1;8.2;4.7;2.3;-0.2;1.4;0.08;3.5;1.4;0.08;282;56;62;37;86137;0.97;0.67;0.39;0.4
2019;11;3;307;9.3;6.1;3.6;7.9;4.5;1.8;0.2;0.4;0.08;3.4;1.4;0.06;243;46;61;30;85258;0.77;10.17;0.39;0.4
2019;11;4;308;10.6;5.5;1.5;4.7;2.7;0;0.2;0.5;0.08;3.4;1.4;0.03;377;91;101;61;85661;1.27;1.82;0.39;0.4
2019;11;5;309;3.1;2.3;0;2.8;1.9;-0.9;-0.1;0.9;0.14;3.4;1.4;2.22;104;20;49;21;85896;0.59;16.75;0.4;0.4
2019;11;6;310;4.3;0.7;-2.8;0.9;-1.1;-3.6;0.6;0.7;0.17;3.4;1.4;3.07;239;51;67;47;86260;0.75;0.91;0.4;0.4
2019;11;7;311;7.7;2;-2.8;1.2;-1.4;-4.8;0;0.4;0.16;3.4;1.4;2.73;341;79;103;58;86287;0.81;0.75;0.4;0.4
2019;11;8;312;3.4;1.3;-0.1;1.8;0.5;-0.4;0.4;-0.6;0.18;3.4;1.4;3.34;230;35;53;22;86149;0.66;5.59;0.4;0.4
2019;11;9;313;2.5;0;-2;0.4;-1.2;-4;0.2;-0.1;0.22;3.4;1.4;4.89;212;46;83;41;86656;0.67;2;0.4;0.4
2019;11;10;314;3.7;0;-3.3;-1.1;-3.3;-7.3;-0.1;0.2;0.22;3.4;1.4;4.84;328;78;113;80;86772;0.52;0;0.4;0.4
2019;11;11;315;6.1;1.4;-2.2;0.4;-2.2;-5.5;-0.2;0.3;0.2;3.4;1.4;4.36;332;68;109;51;86695;0.26;0.79;0.4;0.4
2019;11;12;316;1.2;-0.3;-1.7;-0.7;-1.2;-2.3;-0.2;-0.1;0.32;3.4;1.4;8.7;103;20;36;16;86418;0.29;11.99;0.4;0.4
2019;11;13;317;-0.6;-3.2;-10.2;-2;-4;-10.6;0.4;0.2;0.49;3.3;1.4;20.82;99;22;75;33;86148;0.13;8.33;0.4;0.4
2019;11;14;318;2;-5.5;-12.6;-2.6;-8.7;-14.1;-0.4;1.7;0.49;3.3;1.3;22.15;201;45;98;54;85971;0.27;0.01;0.39;0.4
2019;11;15;319;2.8;-1;-4.7;1.5;-2.3;-8.7;0.2;0.5;0.49;3.3;1.3;25.11;82;19;35;17;85796;0;18.19;0.4;0.4
2019;11;16;320;4.2;0.6;-1.7;-0.2;-1.2;-3.4;-0.3;0.1;0.51;3.3;1.3;33.18;181;39;85;50;86533;0.09;0.25;0.4;0.4
2019;11;17;321;0.6;-0.1;-1;0;-0.9;-1.7;0;-0.2;0.51;3.3;1.3;42.81;47;11;45;18;86207;0.04;17.97;0.4;0.4
2019;11;18;322;2.5;-0.4;-3.9;-1.9;-3;-5.7;0.2;0.1;0.51;3.3;1.3;47.29;184;42;85;51;86666;0.18;0.17;0.4;0.4
2019;11;19;323;1.8;0;-0.9;-0.5;-1.8;-3.4;-0.1;-0.2;0.5;3.3;1.3;47.14;94;21;50;28;87193;0.03;0.56;0.4;0.4
2019;11;20;324;3.2;0.2;-2.2;0.6;-1;-2.9;-0.4;0;0.49;3.3;1.3;46.71;146;34;63;39;87008;0.05;0;0.4;0.4
2019;11;21;325;6.1;0.3;-4.2;1.1;-1.9;-5.8;-0.1;0.7;0.49;3.3;1.3;45.49;179;36;87;46;86639;0.07;0;0.4;0.4
2019;11;22;326;5.8;-0.8;-5.4;0.5;-4.3;-8.1;-0.3;1.4;0.47;3.3;1.3;44.04;185;41;91;54;86517;0.16;0;0.39;0.4
2019;11;23;327;7.4;0.4;-5;2.1;-2.5;-7;-0.5;1.8;0.45;3.3;1.3;42.32;183;40;83;43;85982;0.01;0.01;0.39;0.4
2019;11;24;328;9.9;4.1;-0.5;6;1.7;-2.2;0.1;1;0.43;3.3;1.3;40.08;170;36;71;38;86488;0.01;0;0.4;0.4
2019;11;25;329;9;3;-0.6;4.7;1;-1.9;0.2;0.7;0.4;3.3;1.3;37.75;191;41;77;42;86789;0.09;0;0.4;0.4
2019;11;26;330;7.5;2.5;-2.3;5.5;1.4;-3.3;-0.1;1;0.37;3.3;1.3;35.59;156;30;69;31;86698;0.04;1.13;0.4;0.4
2019;11;27;331;3.6;0.3;-3.4;3.2;-0.9;-4.6;0.1;1.6;0.36;3.3;1.3;34.42;58;11;57;26;85985;0.02;2.98;0.4;0.4
2019;11;28;332;4.2;-0.4;-4.3;2.4;-1.5;-5.4;0.7;1;0.35;3.3;1.3;34.19;145;26;74;36;86110;0.17;3.68;0.4;0.4
2019;11;29;333;1.6;-0.7;-2.6;0.9;-1.4;-4.3;1;0.4;0.35;3.3;1.3;35.57;79;16;62;18;86736;0.19;11.7;0.4;0.4
2019;11;30;334;0.1;-2;-3;-2.4;-3.8;-5.8;-0.3;-0.3;0.41;3.3;1.3;40.71;137;32;100;52;87587;0.32;0.74;0.4;0.4
2019;12;1;335;1.5;-0.8;-3.8;-0.9;-3.8;-8.5;-0.1;0.9;0.41;3.3;1.3;41.13;75;16;46;20;87140;0.06;3.32;0.4;0.4
2019;12;2;336;0;-2;-3.7;-1.2;-3.1;-5.4;0.2;-0.8;0.45;3.3;1.3;46.15;63;12;43;16;87647;0.18;4.1;0.4;0.4
2019;12;3;337;-0.1;-2.7;-4.5;-5.4;-6.1;-7.6;-0.7;0;0.46;3.3;1.3;46.9;181;39;103;58;88003;0.2;0;0.4;0.4
2019;12;4;338;4.1;-0.8;-3.3;-1.8;-6.6;-9.6;-0.2;0.8;0.44;3.3;1.3;46.53;181;39;90;55;87569;0.12;0;0.39;0.41
2019;12;5;339;6.3;-1.6;-5.7;0.8;-5.9;-10.4;0.2;1.2;0.43;3.3;1.3;45.85;187;40;101;62;87713;0.06;0;0.39;0.41
2019;12;6;340;5.8;-2.5;-6.7;-1.2;-7.5;-12.5;0.2;1.4;0.42;3.3;1.3;45.1;190;41;101;61;87494;0.08;0;0.39;0.41
2019;12;7;341;1.9;-0.3;-3.9;0.3;-4.1;-12.3;0.8;0.8;0.41;3.3;1.4;45.07;68;13;35;8;87444;0.08;1.76;0.39;0.41
2019;12;8;342;6.3;-0.4;-5;2.9;-3.4;-7.2;0.3;1.3;0.4;3.3;1.4;44.65;181;38;89;53;87049;0.06;0;0.39;0.4
2019;12;9;343;3.2;-0.2;-2.3;-1.6;-3.7;-5.9;1;0.6;0.39;3.3;1.4;44.57;184;34;90;33;86525;0.26;6.86;0.39;0.4
2019;12;10;344;-1.4;-4.4;-11.5;-1.9;-6.1;-14.1;0.8;0;0.5;3.3;1.4;56.84;148;27;93;46;87776;0.21;8.86;0.39;0.4
2019;12;11;345;2.3;-5.7;-14;-1.1;-9.6;-16.7;0.3;1.2;0.51;3.3;1.4;58.24;139;29;72;41;86895;0.01;0.29;0.39;0.4
2019;12;12;346;-1.9;-5.2;-13.1;-4.5;-7.2;-14.3;0.2;0.8;0.51;3.3;1.4;61.5;73;14;83;30;86060;0.09;4.42;0.38;0.4
2019;12;13;347;-3;-6.7;-14.2;-6.2;-9.9;-16.4;0.9;1.6;0.51;3.3;1.4;64.35;51;11;59;24;84680;0.16;3.64;0.38;0.4
2019;12;14;348;1.1;-3.2;-8.9;-1.7;-6.6;-11.8;1.4;1.3;0.52;3.3;1.4;67.1;110;20;85;43;85850;0.14;2.28;0.38;0.4
2019;12;15;349;3;-3;-8;-0.2;-5.8;-10.2;0;1.6;0.51;3.3;1.4;66.85;146;29;70;39;86693;0.05;0;0.38;0.4
2019;12;16;350;3.4;-1.4;-4.9;0;-4.4;-8.2;-0.1;2;0.5;3.3;1.3;65.89;127;26;78;41;86901;0.07;0;0.38;0.4
2019;12;17;351;4.8;1.8;0;1.7;-0.8;-2.4;-0.2;2.1;0.48;3.3;1.3;64.22;120;22;58;35;86870;-0.03;0;0.38;0.4
2019;12;18;352;8.6;2.4;-1.7;5.9;0.8;-2.7;-0.2;1.2;0.46;3.3;1.3;62.06;156;30;77;39;87579;-0.06;0.14;0.38;0.4
2019;12;19;353;7;0.9;-2.1;3.2;-1.4;-3.5;-0.2;1.9;0.43;3.3;1.3;60.51;148;31;76;44;87203;-0.1;0;0.38;0.4
2019;12;20;354;5.6;0.6;-3.1;1.4;-1.5;-4.3;0;1.6;0.42;3.3;1.3;59.48;161;22;62;32;85781;-0.05;4;0.38;0.4
2019;12;21;355;0.7;-1.4;-5.6;0.7;-1.9;-6.6;0;0.9;0.42;3.2;1.3;63.98;23;5;77;26;85429;0.03;10.65;0.38;0.4
2019;12;22;356;2.1;-1;-5.7;1.1;-2.1;-7.1;1.1;0.9;0.43;3.2;1.3;67.17;69;13;68;22;85190;0.12;4.93;0.39;0.4
2019;12;23;357;0.3;-1.2;-1.8;-1.6;-2.3;-2.9;2;0.4;0.45;3.2;1.3;72.76;71;13;36;21;86664;0.41;10.28;0.39;0.4
2019;12;24;358;1.2;-1.4;-5.3;-0.1;-3;-7.2;1.1;1;0.48;3.2;1.3;78.2;72;13;59;33;87303;0.08;6.71;0.39;0.4
2019;12;25;359;0.2;-1.1;-3.1;-0.8;-2.2;-4.1;1.6;0.5;0.48;3.2;1.3;85.16;51;10;49;24;87537;0.3;16.51;0.39;0.4
2019;12;26;360;0.4;-2.4;-6.2;-2.6;-4.3;-6.8;0.1;0.6;0.49;3.2;1.3;90.78;126;25;64;34;87888;0.1;0.51;0.39;0.4
2019;12;27;361;-0.1;-1.3;-2.6;-0.6;-2.1;-5.6;0.5;0.1;0.5;3.2;1.3;96.13;29;6;18;3;88050;0;10.99;0.39;0.4
2019;12;28;362;-1.6;-3.5;-5.8;-2.5;-4.8;-7.6;-0.4;-0.4;0.5;3.2;1.3;100.67;128;26;100;51;88883;0.14;0.32;0.39;0.4
2019;12;29;363;0.2;-4.8;-8.1;-5.4;-9.7;-13.1;-0.2;0.9;0.5;3.2;1.3;100.63;154;32;91;56;88865;0.08;0;0.38;0.4
2019;12;30;364;3.1;-4.2;-8.5;-2.1;-9.2;-15;0;1.4;0.49;3.2;1.3;100.31;149;31;71;42;88674;0.03;0;0.38;0.4
2019;12;31;365;4.8;-1.6;-7.1;0.6;-5.3;-10.5;0.3;0.9;0.49;3.2;1.3;99.61;154;32;82;45;88641;-0.01;0;0.38;0.4
